trucks_count 3
drones_count 2
customers 20
depot 0.0 0.0
Coordinate X         Coordinate Y         Dronable Demand
-3115.665949340409   -3654.253088344712   1         0.615358240212995
-1256.722428837973   1664.4599740196973   1         0.11412284845520897
-1168.407157133941   6505.143065099928    1         1.0784242491625562
6586.001633508653    -6189.058827102483   1         0.13321064237871227
-7150.093375709338   3247.331198334111    1         0.8764071315006136
604.669135838526     5796.990825756424    1         0.31559731782720024
-3687.4245794048343  4833.148878844132    1         0.47013311873364616
-6044.884826454736   4823.589620301364    1         46.4998013949747
-5372.10562893312    -1770.8968428394182  1         0.4973507916351053
6457.114872495968    -768.2652568698695   1         0.29886665331538187
-2403.388411553787   -5283.139864067223   1         20.34438483506067
-4329.064192279465   -4418.729105845395   1         0.9425639451690632
-2871.937278938436   2330.97657681921     1         0.9447122835999666
3683.570659014592    7446.745347536205    1         24.186308137862206
-1445.9207933078544  -3894.1575564727063  1         0.8831325077119204
-2899.651556441612   -5234.989115072228   1         0.9726820621165074
5006.582025651548    -883.4700966959716   1         1.061517726625424
1460.8363717602215   687.7115547611822    1         1.20055949423243
-6212.850741596872   -2989.8889222122298  1         0.8414485255494534
594.9897851132243    1887.0479592427484   1         25.801675634964145
