trucks_count 3
drones_count 2
customers 20
depot 0.0 0.0
Coordinate X         Coordinate Y         Dronable Demand
4175.363769303618    -562.2644765896221   1         12.855153659906355
-7017.054048470958   7328.669741649288    1         0.7424551069927977
-2555.7898927628194  840.1027589743171    1         39.343493048510965
486.6420348179409    -3905.805639057098   1         1.1422110151352416
5385.45200632618     -5648.087185205786   1         0.14310231725465933
236.62605353839172   -4422.24729919318    1         0.21271670185981445
-1116.9214209379354  6007.370653929577    1         14.584690358975882
-729.9479021280175   -2655.33444453361    1         0.4308873290340738
6702.266809074077    -5693.613490802527   1         42.46267576055609
-5418.75461653058    -7019.130116599095   1         1.158370232347847
-2017.0628724922517  -6596.112913222593   1         0.46146756911063724
-3615.9867680006723  6411.283059667297    1         45.08203992548006
2837.2590338093682   5550.1652677570655   1         1.0400789029005484
5934.160086484274    3579.038398048291    1         0.2694614044648136
4443.072690817953    -6807.551436561473   1         0.22766658745836704
-2726.9448707513266  -5088.171359213014   1         0.7192993090325436
-4527.467704912649   -7083.288451461948   1         0.7518838473613844
811.8664531013454    2284.6483114604794   1         1.2394358318849068
7424.030531633636    2880.4821996914056   1         1.2361290540442127
6518.218489516472    -3318.860628042283   1         0.9460548487978111
