trucks_count 3
drones_count 2
customers 20
depot 0.0 0.0
Coordinate X         Coordinate Y         Dronable Demand
2820.4846655431456   2079.19099780332     1         23.135560324331742
6758.5199493960945   1505.1845863154545   1         0.8146273276239855
-1175.4754173082883  -4295.729359075279   1         0.4498346579284902
3167.997991466389    2392.6450717831776   1         0.9172749515344288
3446.535257240339    1454.8378097678299   1         0.8604096699462201
1683.996321343899    1560.1483479243705   1         1.1616303646287696
4152.389704044845    -2253.5165807887165  1         0.7668445042492664
4670.211802773897    -3496.5857746643846  1         1.1179716328304614
6263.473084988261    4458.605331510785    1         1.2254763506001494
1853.1448747677805   6451.061796979555    1         0.9898922558327531
-5299.575062330263   4932.883208968308    1         48.44094280546956
7299.825593199878    2733.959862525679    1         0.9119907912594557
-6763.8680437972835  4838.793917034933    1         1.1265139163531592
-4483.428770598055   6188.6705970708335   1         0.3438167237415851
4042.2418454497247   -3952.699390033178   1         0.1506594492135617
2692.870791577917    527.7209503098167    1         29.50036039642085
-6844.480776091541   -5811.629892934922   1         1.0299804508478003
-3727.963888955193   -6485.054806852574   1         0.9361723605612211
-2836.6078264030666  -5493.9309086755875  1         0.26986822684391387
1594.9932580886432   -5537.187065741414   1         0.7263404207656313
