trucks_count 3
drones_count 2
customers 20
depot 0.0 0.0
Coordinate X         Coordinate Y         Dronable Demand
-1271.5702952552028  -4153.11535353131    1         1.1538917253819219
1585.552935699538    1505.03270975992     1         1.172394299715739
-1067.5151735495538  -4661.126688441572   1         0.47525394133166243
7201.348923290816    1608.5948855438746   1         0.8445459985243956
-5809.3655964598975  6038.359855632556    1         0.9523688328941462
7007.3152474414865   -7338.389000011952   1         1.1278966931548524
6905.388408600855    5130.906308247623    1         0.7560227778228726
-6812.735570381207   -6870.921033536924   1         0.608633956573516
4467.388755868647    -1264.6631073922963  1         0.9250079011987331
-7434.321053024953   -5405.592937793061   1         0.4982615935885564
-3649.896029800148   -1556.8336233864188  1         0.6616590893122656
-3699.6413889023015  322.6922742788065    1         1.045794554306192
-6425.786711248827   -2434.0617087594874  1         0.6600085176381039
4492.393067520338    7406.772833433237    1         0.7848406841633281
-6250.361841958871   -5117.047951712717   1         7.643503919567373
6325.860479461228    1806.9634186658466   1         9.294555099465871
-2809.0113445870847  -5029.95417335639    1         0.17494201958765387
2581.9431104521627   4651.401783618303    1         0.28585445889842975
3481.535510880087    -5571.859862312072   1         1.136709900190422
-3614.111037455097   -648.8853476685417   1         0.9271219518548002
