trucks_count 3
drones_count 2
customers 20
depot 0.0 0.0
Coordinate X         Coordinate Y         Dronable Demand
5414.689530085062    5871.68386397011     1         1.0029000934065928
-638.813546281303    -5348.1779472138005  1         0.1567386370417303
-5025.765180108586   4125.061248230378    1         0.9397627650156354
3459.5159982212026   1843.8127342343014   1         0.18447159080512632
3781.0800339602633   4935.99034678037     1         43.076849042254544
-425.3594518539813   -5247.776913962057   1         0.5295931748295458
-7286.510212087166   3479.791596112192    1         0.26816927755882447
551.7922786267454    -5132.760069368528   1         1.0191277099312248
-7012.851436275884   -794.5598351557163   1         0.8114784211102758
-1825.2085277657632  -69.99512341929203   1         1.1174288894305422
-4610.99067633749    -7230.742602233479   1         0.686743035720342
5934.617379349973    7290.085604717178    1         0.712781201573167
4374.007788615072    -7188.540086341394   1         1.045736449035164
-3847.4690522641304  -870.5817649634337   1         0.936073851194998
5251.361273939274    6003.823870348237    1         0.26439002646134774
6267.226590936972    5639.0071002023315   1         0.5441763564936523
-1868.940059907214   -6033.862223040581   1         16.96639857423778
-936.5934216406474   864.6666138657191    1         0.18795791136788711
-1163.3314590623518  -7386.28545356053    1         0.35812070557275677
-2498.53494559077    -3443.6374653110806  1         1.0701762725929593
