trucks_count 3
drones_count 2
customers 20
depot 0.0 0.0
Coordinate X         Coordinate Y         Dronable Demand
-1941.0463406352656  -3938.3798533084437  1         0.24312945280917117
7089.464540270845    -4664.540287332693   1         45.52474946522924
6631.3697528340535   2729.592298064548    1         0.9981241103655464
-5923.616751533265   -5208.5193189746715  1         0.850789929100742
2754.089118530186    -5018.81242728481    1         1.1269268172039093
4820.693937750453    2352.693472971686    1         0.13158941779069527
6557.477660335219    -2054.967860824906   1         0.132162845409357
2411.544924787476    -6641.583742534344   1         0.326457770618489
2993.738790080058    -2084.972643435684   1         0.4219840126983758
224.224448873224     1663.2477692340672   1         1.1241740751138718
5832.495730686909    -5723.908111042187   1         0.9445486083334297
-4853.687335366931   6056.5333993760905   1         1.2243586474712924
-1098.9797218202345  -3953.196889659902   1         0.7736979677386282
4584.238322855866    -3976.258637870887   1         0.714043727275659
-1839.9869662954216  1918.0640492314105   1         0.3754912245588724
-1396.4094778999422  -1060.135537568949   1         1.0532365527674798
-1923.3372744844255  2374.9326927561506   1         1.0798905700670065
2707.9216807767834   2928.944531519114    1         1.052019877163788
-1445.080804596658   6724.7894062614105   1         0.5984548372462939
2405.124529320717    -687.1907962843328   1         0.3616130751878036
