trucks_count 3
drones_count 2
customers 20
depot 0.0 0.0
Coordinate X         Coordinate Y         Dronable Demand
7486.537351650771    3474.81284775616     1         1.072506015895568
-3962.6861385376387  1723.812863069913    1         0.9347901286741963
6035.166589321634    -2070.5805138253277  1         0.2842334396954431
-2551.814368088327   6195.29962817065     1         0.2556810550397352
7016.802912781185    -2591.7503175885927  1         1.1127046364591346
7082.308231581426    6221.654555522544    1         0.6089313246036606
2335.314535669335    -5511.488952079128   1         0.537781110966269
-3790.346687331615   -5973.116965824578   1         0.7785413801929428
1095.287038734309    4863.558428136336    1         32.9747387517416
-5985.531985077021   -2241.175456632661   1         0.7553529464467927
6302.28144916353     -2259.7153759314706  1         0.5337994870360184
2906.218430605865    4778.53575703471     1         1.1753590805703482
-169.50915499685834  2814.8121383936104   1         0.10496092083228939
-1515.0200006265813  3493.947629417369    1         0.9128523004147294
5098.71562948878     4410.945524433937    1         0.4941144104005164
-7455.058852153443   1094.63203821339     1         13.341796103793921
5472.198140872125    -4877.705529457599   1         1.0043034262146668
3419.0974454101743   -6394.664764250477   1         0.3139422517075582
-347.8681038403129   -7008.312153126645   1         0.8247050709407642
-3217.7141955227357  -2643.09673618247    1         0.9687283807977471
