trucks_count 3
drones_count 2
customers 20
depot 0.0 0.0
Coordinate X         Coordinate Y         Dronable Demand
-7457.052737911058   -7457.127420704709   1         1.1970610627097609
-4030.270445333522   -403.4558702965726   1         48.27333894418353
3862.592325324362    -1885.1477309439733  1         0.4794036906017556
369.31196445708287   -2013.2260044219668  1         0.4794452663194104
-6826.747138186972   6346.091415307601    1         1.100487780076669
-6349.675609082476   -6101.237753349872   1         0.304291542517627
-460.7548093621045   -5171.559727657626   1         0.6226719867511351
6190.361228862361    823.8235542535681    1         1.10305211752558
-220.89958409228797  -6636.042099629162   1         0.4257813806755698
7102.74488916497     -102.70096302178965  1         1.085190304735655
1556.0919229401745   -5787.866372530594   1         0.5674045023201688
4749.477692814207    -7431.611840969839   1         0.5839404541513558
3319.6837660329397   3690.487748361334    1         24.867577430110387
-593.4937956420184   -4082.421967841737   1         1.0318406361412005
4723.839538993174    3564.6792635652373   1         0.23222311836896065
467.37285782103964   -399.67233965399714  1         1.0231393559792765
5308.766686778528    -582.7836095654384   1         0.16509045733209118
974.8625418806741    398.38141366223635   1         0.2755655919602646
-6191.482223905197   6482.0675414147445   1         0.1107953197849876
-1321.9763010879149  3892.3048624029498   1         25.43010318075333
