trucks_count 3
drones_count 2
customers 20
depot 0.0 0.0
Coordinate X         Coordinate Y         Dronable Demand
7206.6004846652595   -5294.475629646962   1         35.674087000985914
6572.243954164642    2357.581480140896    1         0.7640728064165313
-5208.101571735677   -2882.3963631844344  1         12.277029072210107
7076.665910418366    -4112.619854973734   1         0.2966875779379702
596.248446636766     -4288.826984358925   1         1.0298893635853001
-6215.192053729753   -6053.067538065547   1         32.40837074346554
-3664.7996808649755  5861.5749063788735   1         4.453594958445565
-1682.4713742871627  7228.368844329407    1         1.2358528725563072
-6591.70609695977    2466.741766895365    1         1.2351113588655291
-61.03099485824623   -3856.6001988257663  1         45.76815773001823
7373.336461265153    -5226.335899320798   1         46.46405498297682
4936.080725780639    -4960.622426405949   1         0.7939071588058294
277.56886965977793   1344.361969337336    1         1.0609243691304766
-3461.1060808137036  -6593.059603795151   1         44.11271862866219
-1939.7185723273615  147.32318023805328   1         0.11413320275397312
-7389.351697111524   -4744.48633295842    1         0.8829398480470115
2162.128992618155    -2364.338947651463   1         11.020522011920912
-4152.896402336217   -841.5217319488488   1         0.8551907434431377
5186.146495635167    -4211.163966983518   1         0.31205645536658577
7267.767975568477    -3184.2062324343688  1         0.3938320572876065
