trucks_count 3
drones_count 2
customers 20
depot 0.0 0.0
Coordinate X         Coordinate Y         Dronable Demand
6275.5697286116865   5959.329381227133    1         0.38274893075519156
1437.7434835372437   -2157.10118977295    1         0.864899356608664
-2069.9765142861916  -1513.0662309634954  1         11.61054448872734
2971.8104285230293   7.5741709089562645   1         0.3780836908080526
6657.296626123639    -4594.479911377133   1         0.7533270535836303
-5657.162693613523   -2867.1164647914024  1         0.416683357077555
-690.7643123589563   -3485.0224045737837  1         0.26658270388786554
2867.362782064245    2383.009354288386    1         0.9312647157354786
4315.159975022641    -304.2621274612584   1         0.7800615199568843
-2164.3038760817044  -6209.927457122911   1         15.664511809660304
3414.295896163452    5565.785598448974    1         1.0234756112713184
-5485.817739614999   2495.269758126785    1         0.4909219765138695
-183.70222610179462  -5250.635726903497   1         0.9922608827414273
-5448.841538310497   -4105.903376507657   1         0.610661129917076
3613.57593227559     6178.803849383847    1         0.6356635051021674
-4163.678686205559   7077.241285068746    1         0.9481687777957685
2481.7348774455922   3542.2511884337155   1         31.484050128795197
1541.1522453117714   3602.4826821850934   1         0.6931564963666108
7023.964306706221    -2196.3774514677343  1         0.6783395782917632
1625.7607043324342   1187.783642231774    1         37.87959684205387
