trucks_count 3
drones_count 2
customers 20
depot 0.0 0.0
Coordinate X         Coordinate Y         Dronable Demand
-2505.762618450996   1364.877022959477    1         0.7145448077774371
-5062.321646807661   7324.360424963315    1         34.442351987933044
-335.3072958592395   -2601.03754384295    1         1.106494010631263
4520.143933235278    1968.01330350336     1         0.42565373234663706
-2533.041891272712   4103.904925427899    1         0.544137644741382
-4607.44474702539    -2831.672634993332   1         1.176721542717161
4761.293459428526    4956.22831766948     1         0.7027458094101375
5165.389348279557    1749.3775253858898   1         0.8434055658382529
2754.9476736607935   1838.920295519621    1         0.23575150656437183
2923.947747775973    -1488.1397017983395  1         2.101996824617899
1714.7786850282132   -3750.305860533746   1         0.9850326279052253
-2844.4601383237396  7348.933544930239    1         1.0020712935869598
4957.287662365881    -5459.606321242473   1         33.71943244893618
5031.6488074369      6854.940741985031    1         0.899186233805279
-1274.9313627715019  6989.231067544452    1         0.44885327387848983
1829.193599790338    -3304.7896933402667  1         0.30517247399158476
-6689.1489262050945  6093.720414238391    1         1.2473468956165676
4213.150354249195    2910.04978298433     1         0.7065221924045764
-5358.969240510043   6370.511595160962    1         0.5702906464232191
-6264.738573564813   -6324.056424857507   1         1.1997165778289813
