trucks_count 3
drones_count 2
customers 20
depot 0.0 0.0
Coordinate X         Coordinate Y         Dronable Demand
-2002.8909221956335  -2566.4645980451205  1         22.230990596558392
6788.923482794731    -724.6443427219682   1         0.6255761641701317
2301.578233821026    5094.359358348533    1         0.7116641311367926
546.0035339897228    2480.672217184301    1         0.27569647349812604
-1445.6805508617265  -3810.537386275116   1         0.9737568988302355
2600.2535373573523   -6061.800216357277   1         1.0019190291041085
3675.7180978501783   3466.9278833264852   1         0.7012606712003241
5061.596919727803    -5176.439750122704   1         0.8896563518311033
4598.831531674554    5182.337664432015    1         0.3852644335043406
4437.976617966759    2209.6272108502417   1         37.600456280348894
2426.9199560696843   1083.9563296193435   1         0.134699827022285
-6319.039335403706   934.8534208523688    1         0.691105494531528
4560.146258439383    -1541.34864583775    1         0.16366444492470705
532.4381765060223    -5559.357787564779   1         1.1555327420741845
-4704.427195420438   -2007.7075416223522  1         1.233042900381442
5291.398476592049    3733.706998599463    1         1.2117361821139814
6446.394677049227    -1729.5429155669076  1         0.52798606623674
2645.773597573436    -4024.4457495285906  1         0.5736936368413688
2910.855100446363    5783.734147282155    1         0.7289816232282884
5009.878120306732    7102.200948212963    1         0.7810213152157399
