trucks_count 2
drones_count 2
customers 20
depot 0.0 0.0
Coordinate X         Coordinate Y         Dronable Demand
-4291.4987129990595  4756.472211861847    1         0.10985104975941043
4630.95656259164     -452.6430568691567   1         0.10234920891447623
4764.607565238668    3515.3805396347307   1         0.4018773804507684
-4792.202505184444   4575.024679448091    1         40.17526296373041
-1887.1776879941297  -3300.3284679404755  1         33.38388386675366
-2428.307759874121   3123.979786724283    1         1.1538597451590689
-1493.744466388781   -3149.474216033512   1         0.6445875770723002
487.9286946334035    1241.7668801754      1         24.556395992218334
2240.7943352643556   3912.0599800067635   1         0.11911456171741149
4090.3645221350603   -2046.5759637850103  1         0.6830915053674225
-2939.2652806240662  3276.255352786421    1         0.8404416501427603
1262.3744124717816   -3505.9569092596926  1         0.10710793114181534
-2180.642726022425   4318.841428662936    1         0.5979243937627512
-2515.1492862522155  -2938.4363719536063  1         0.3645756278456458
-748.3525357745691   2374.742774599672    1         0.4376009791468287
4841.661592664974    -2915.5250209966794  1         47.557611809482786
72.45390112289078    142.45066095005313   1         32.62380744548802
-1242.5168373275155  2606.7333101221234   1         0.14745118510874233
-1019.9217229960287  4809.672199908147    1         1.0604257315242718
-346.5084130838782   -2721.4570821005777  1         0.7054098036711994
