trucks_count 3
drones_count 2
customers 20
depot 0.0 0.0
Coordinate X         Coordinate Y         Dronable Demand
-2847.0457708123067  3279.6100911137273   1         0.4346474256649223
-3477.055787280482   -7242.027723816922   1         0.5903369409009175
-3278.271302385542   -112.60010370186865  1         0.5477491928968051
686.8125036575211    -4041.1082180443736  1         0.7776637703922629
-1973.6019216374534  3162.75288066691     1         1.0163185281267275
2514.1232951069765   2591.357683661653    1         0.47576567959818783
-1393.872819734179   1648.702788410745    1         31.726530384914767
-998.2180873769673   -6590.436346783421   1         1.2000202093855101
-5197.587931138144   -4892.366541072775   1         0.2445560317204337
7074.25433073338     867.116895459464     1         1.078555452818563
-6169.421716576161   4933.287378720601    1         1.11364295422433
4872.827932945187    -1375.1066936657314  1         1.1473071666595256
-701.402188038579    916.6242981958476    1         1.071154334958933
3620.999284553178    -7014.119043728539   1         0.13296545079963026
6615.80955605565     -6648.689307089597   1         16.944595346916437
-4545.7984378205765  6137.317354512907    1         0.6446986139790282
5499.896002381403    -7075.578209443604   1         0.2681504693521396
6269.3888064636085   -2384.528709633491   1         0.9640801333600686
3076.644253554347    -6395.382946087056   1         1.2103841782840916
2432.197441924919    -273.92224465457383  1         36.338002613021
