trucks_count 2
drones_count 2
customers 20
depot 0.0 0.0
Coordinate X         Coordinate Y         Dronable Demand
17.00906118529068    -1336.2296279104942  1         1.1095841198245364
660.7757813940149    807.0512144340375    1         1.081884160923568
-2031.7774353181449  -4413.267455231276   1         0.892331394565989
1034.4455799638208   1632.8326779541508   1         1.6227525411069834
-1585.0445621708263  1872.26823258474     1         0.24811315664894795
2560.5267997372384   4646.770110538693    1         1.41517907709277
-3018.535325815263   -1269.949612725335   1         0.40592852920820044
-3249.9546426048078  3666.296217575297    1         1.0179733529639465
-1195.7359085406058  -1956.1309673544574  1         1.1504530158508515
774.6824813275008    -1106.6604468236337  1         13.734055809970076
-3452.8365554959555  4715.902007297234    1         1.099111189014831
4998.183797633779    -2978.3440235422436  1         0.2567011755912886
3254.1889045602      1495.8551024302865   1         0.9662621140077561
-3886.7171637999836  -431.1742968019027   1         0.7213972979263016
2770.9971647671264   1885.0768444717169   1         0.1961146925842026
-341.753295296974    986.8904007480679    1         12.763636487844312
-3785.359609169495   -4086.980744478727   1         0.8343307774420626
4395.949470321384    3599.791946810758    1         0.6110213280250809
3884.2380009429726   637.6438301465583    1         0.6582772996032085
-1952.791773344245   2227.156832027641    1         0.7365584251717006
