trucks_count 2
drones_count 2
customers 20
depot 0.0 0.0
Coordinate X         Coordinate Y         Dronable Demand
4200.715147880167    -4263.713914723036   1         0.5362682579255938
-760.7700812843195   -173.55329668490361  1         24.443669782214045
102.97107865333673   1601.6197910729215   1         45.16797154187166
-92.71802742238742   -790.7430966529191   1         20.986656134299928
-2084.588876781609   -2399.0112692348775  1         41.498779822624925
-3326.0484780211063  4398.7778794246815   1         1.19949639121605
-3522.5739063182295  3444.717219144144    1         21.367045960994844
-2912.1597334868825  910.0813362512018    1         0.9702573654900369
-2754.859544658082   1576.0037796582296   1         46.66056694857219
-2963.128924017922   -646.87512673636     1         0.2825067340344306
-7.280197443944992   4542.897296634309    1         0.11356938090566666
3523.6870676169256   1442.4197879192234   1         0.642853201227084
2522.2026056869963   -3926.9012978176715  1         0.38572651312174966
-4329.186692709652   -708.1062925582582   1         12.06953618871824
2494.027935535652    4720.605839740789    1         0.8426344523164215
3292.444300000078    -4130.587957972997   1         0.6754748763002276
4785.121721888665    4125.114539870804    1         27.51028455698236
2874.062434947816    -2027.363921147822   1         4.346097928378088
2358.0201523477213   2355.162069084645    1         0.771189405292075
-243.68252998845412  2838.680857942557    1         0.17283018944264156
