trucks_count 3
drones_count 2
customers 20
depot 0.0 0.0
Coordinate X         Coordinate Y         Dronable Demand
-3627.4883133549088  191.99580104599363   1         15.76143298896374
-1321.978937227768   5819.7004740820585   1         0.10036927885627377
6364.703679004771    -759.506829239489    1         0.7220561458768051
6534.409002026328    2120.368558000648    1         0.9968866956108461
2155.711149582026    -5879.690291962921   1         0.618180845044751
-5703.847451065214   7238.690283780594    1         0.8065725474504207
-4922.852274365903   3819.466494168595    1         9.902575579981931
6714.40872455158     -6419.05034642257    1         39.64368518409975
-527.5034564991206   4375.168569187446    1         0.36726566914898784
5462.670565809421    4120.988037651896    1         0.8482339192934926
63.79929364407326    -5938.46704610071    1         1.1676707721224608
-2798.8550369515187  -2036.231880039923   1         17.495057861741174
-6740.715775727584   -7070.939101735691   1         0.5578815449142088
-3787.3350560095696  -3457.4494879316408  1         0.36373507501977387
-460.64908594294     -2755.279334247121   1         0.16074605838562941
-2763.8674929004546  -6747.128717055192   1         23.963895831911536
-3679.9617410175906  -5538.522355421945   1         0.5594845700401851
4964.143525994967    -3139.3715437584788  1         0.9952193843558732
-6312.620971626282   3231.4306003780143   1         1.0960073836702964
-1879.0475634506554  -6462.85888807131    1         0.2512454730714304
