trucks_count 2
drones_count 2
customers 20
depot 0.0 0.0
Coordinate X         Coordinate Y         Dronable Demand
2662.7848165718488   3570.8035268202557   1         0.7648522818284801
-2454.251806762721   -4435.701513657198   1         0.2335463426339056
-1527.0666534597096  1916.1693712483461   1         0.46830860198894697
1789.9631286122028   -2192.3091788250704  1         0.8352081287807459
-2057.6949174903043  -168.58320275000668  1         0.7935214449798538
-2678.439366575514   893.2340445962632    1         0.7618130908339737
-4026.125661799696   -3835.1850481856204  1         0.2637994854112425
-2753.616702602525   2235.2913039449904   1         0.32507175658535536
-368.83055231573053  -4807.172981104397   1         0.7153365970086112
3895.5618555852843   2379.2936344324276   1         21.91724831929627
3998.5007018182564   -2818.515618868359   1         1.2482209878336203
1341.4480985523865   2259.0676993587904   1         0.8806291458151124
-1561.5648403124865  -4100.900564366256   1         0.9225904118003463
794.305378534202     1937.1243291965013   1         0.3188751681689387
-4996.544497048605   3617.0696184165527   1         1.1413728017575389
2857.77134066672     3405.40018870833     1         0.9572336644031909
1197.7190415004125   3710.20842568213     1         45.96326872651001
-3801.369560044923   -2723.7169463293653  1         1.0609940867343135
-4911.424243998401   3682.252139034128    1         0.3963659710101719
1814.2368983001277   -2080.1783084986682  1         41.70260732570498
