trucks_count 3
drones_count 2
customers 20
depot 0.0 0.0
Coordinate X         Coordinate Y         Dronable Demand
6832.874285841386    91.20135631587719    1         0.47161396397987776
4392.939299566406    -238.82346448798137  1         0.239114815804554
-3814.16640322343    -7051.346561009705   1         0.5146663646005831
6280.846284492296    -4338.377162340477   1         0.6925696225597643
357.93101463881095   490.54925823613314   1         0.8331212987983494
4105.67669766039     3720.8704828490995   1         3.112569891136571
1447.354856831379    -6754.005439922798   1         0.6992683919265257
-4363.0695073621555  -5501.101490100275   1         7.318150924792575
6567.168764979934    3698.8631721837287   1         32.95642350327437
728.1350949321305    -1635.2646626489357  1         1.207168781389422
-3410.2290307447556  -2873.096738766409   1         0.7602139879392863
5612.635059716937    -668.7622863833118   1         0.37969246850397176
7399.039174818151    1270.2291619379487   1         1.0898385820450094
-2819.6461036088726  -5291.841844323683   1         0.492906942243197
5662.783611792524    1062.0164132960365   1         0.31592767233997476
-5934.71223205475    6040.20659126968     1         1.0069750500676653
-7209.06050582585    -6474.079608922673   1         1.152110103073757
-366.27970008449734  103.90399049664346   1         0.8433304384026771
-4740.941479276876   -2248.8157062161026  1         1.1480723205734762
4407.62443066556     4878.79938527057     1         1.0155904207407422
