trucks_count 3
drones_count 2
customers 20
depot 0.0 0.0
Coordinate X         Coordinate Y         Dronable Demand
-6981.554511869876   3895.57029715546     1         0.6264377931214108
5941.41923292436     6938.573549648005    1         1.0395521534123608
6122.661191411157    6358.22633685238     1         0.5375809926534102
206.4986746872363    1132.4441038723785   1         0.45963723122301336
2939.5594346965936   923.9337398061125    1         0.9043026494694835
4149.697248956448    4918.947071541069    1         13.601065236042828
461.1827830190714    -5446.3240038048025  1         0.3413488589821321
2566.921629323968    280.3020738129758    1         0.41000101881249884
-2746.0348329137764  468.9800243359385    1         48.148197074511444
5460.1245054317105   2626.1203464120945   1         0.8594478297835568
-2645.5620677349334  -7181.816583017054   1         0.5818011051742564
2885.6366988671766   6110.778663777815    1         1.2480195224336286
-214.21512556615895  4367.283429544556    1         0.8254762468265169
1269.5251655506554   2833.407059535154    1         0.41424880990384316
4676.145382984454    -6907.469375785752   1         0.5698279467956266
6290.977311017656    -2069.276659202621   1         0.5502688138196767
6471.704021136663    -3112.958572123318   1         8.152096498211996
-2041.9794146435872  -2391.37978565719    1         0.9881505332493418
5803.601424559647    4189.7458159054695   1         0.4560100444007138
-5387.048940583745   1887.6890422643237   1         0.371471320034251
