trucks_count 3
drones_count 2
customers 20
depot 0.0 0.0
Coordinate X         Coordinate Y         Dronable Demand
-3164.489030185578   -3612.912493653994   1         0.7289651600557138
5562.358022539087    -6192.340640050551   1         0.5635980067581924
3664.4100979529107   -1556.9327774610638  1         0.7980455198223981
4282.409269312535    -7087.417753920117   1         0.9438115873500876
-69.43502507841094   6833.79023944097     1         0.12795170394989464
-6450.435570197159   -4491.404919818819   1         0.24516682406437287
6722.451851516518    -5036.188389827536   1         0.9322048755347035
3055.099870043104    -879.0164166495576   1         34.87041325451738
1796.646228371796    5700.37203359456     1         0.1753014357269954
-6066.244604660043   2926.466715366483    1         0.650390752084454
-7154.812101962141   4809.751083281015    1         0.4086527162304505
5528.10384517139     4535.316186620314    1         1.1764855651506385
4295.110907363319    -2498.073415456403   1         48.35847408000084
7266.287022556986    -2466.1660084355185  1         34.4295029270033
-6312.641450958424   2397.4176559120765   1         0.48982075559344906
4563.077561128055    1743.3864573662966   1         1.1446100838600979
2716.2893439933187   3736.6687279001985   1         0.2080199168546542
-1116.000978658269   3956.5889527440636   1         0.11130496741560811
-5777.453359919489   -1434.88858085857    1         0.6349663916917067
1288.6995424333613   1154.5547112042218   1         0.17605830061708264
