trucks_count 3
drones_count 2
customers 38
depot 0.0 0.0
Coordinate X         Coordinate Y         Dronable Demand
-2372.211938835201   5512.891380433317    1         0.8492028659206631
3943.9120040850503   -4887.660006838201   1         18.59797638740315
4139.4526816276075   -7426.957797332066   1         31.16655545866349
-1741.9664377168654  -6530.220677912773   1         0.4376072088492786
-7239.3632125154845  1431.9585571614764   1         22.412390136400738
2975.283696151848    -2803.0899567873375  1         0.2386524997432349
4220.2217620995625   8788.579772076397    1         1.2034263483227745
1523.4446319360745   -3407.800535580858   1         1.1100556463197786
6506.112799930674    1220.1163783835573   1         0.11306919860858959
-3365.685061343269   7438.606054171138    1         1.0632241420882478
8106.726471645974    4352.723744517518    1         7.539573635766311
-4729.625546642228   -4882.185243847518   1         0.1727346784372026
-161.8646014702962   947.9966262720278    1         1.1893583060632231
3027.5254203784157   -5632.765889829168   1         0.31152580120587486
-5690.897611883625   7875.950050408551    1         0.7555476041664492
-908.2815445656483   1436.993834494817    1         0.3969770439187714
-3408.556568504892   8262.726947126208    1         0.31787965311768007
2434.745339197575    4586.421193743926    1         44.68202100438197
-1958.0078490692197  6476.579535140924    1         1.2042849261090007
7919.779912970328    2109.9133639554357   1         0.7801858290376407
3923.3466545885376   494.397509799217     1         0.48180575499012024
-1675.3174808651793  7962.017595155714    1         1.1801150348381633
-2066.221433856796   3777.9538429969803   1         0.42130022907120224
-7438.8299773172     -3222.985962414565   1         0.8438955164248725
-1190.833791767246   5699.762963818228    1         0.6054463251525041
8674.292116139542    -2856.773940991774   1         0.6070784994750419
3232.253127410213    -2126.74934147643    1         19.00948483905244
2156.549091697112    3361.6798207490538   1         32.56632482299774
1565.188720359427    342.10699517522806   1         0.5917828945529959
4111.394530376946    -7054.048145591648   1         0.8535673002726579
5738.167921219911    -3952.0999612615906  1         38.28949133913675
-8842.210545759417   4957.2956304479185   1         0.531256057795597
5262.223009730922    -7573.103661222673   1         1.2345010469229867
-4101.910015563402   -213.17668349050797  1         0.25361976984933665
-5208.25227769153    4474.367069119903    1         0.8431029756595001
2631.2146712085546   -5082.425972217945   1         0.8412244024517348
-3221.7429256386067  -3267.9431712035534  1         0.6330375436474253
-1859.664152750445   6923.2165403749905   1         0.9402315050690317
