trucks_count 3
drones_count 5
customers 73
depot 0.0 0.0
Coordinate X         Coordinate Y         Dronable Demand
-5688.179484798602   -6296.620290094161   1         12.173690441120987
1788.2097642403048   -9170.231176385198   1         0.5645699845703549
-1546.00728113538    -4207.346951708189   1         48.14781748483927
-4075.757194668711   7417.8057410862375   1         1.0455654137328096
167.52417790374457   -8901.220698539419   1         0.4786133826976048
5270.335015863373    -6627.279837468879   1         0.7413576705024121
1203.3871811204103   5590.38179024012     1         0.29056360649222845
3521.2630310339964   -2696.491072992666   1         8.949376688366865
-699.1604387140528   2933.3619617363056   1         0.8950833212516974
1896.5816316866867   7045.51351696637     1         0.9263430090262124
-2234.1973522880653  507.16106137665196   1         0.9235438669765454
7640.928375308042    3203.6160020315165   1         1.171518278031352
-7394.617428486802   6758.053021115049    1         0.8913593500101739
-4789.689925847556   -9393.991833295735   1         0.3472240366663281
5501.371857079869    -2486.6145319331545  1         0.661337368455888
6460.421031072423    7773.094876283941    1         1.142110186008205
-6916.813242428399   -4964.344932748269   1         1.1208889917095195
-551.8604133991746   9935.739411576633    1         0.5095089209495067
2225.737641854546    -9028.785309160661   1         40.70671218981064
-7152.996292639215   2391.5552182985125   1         0.6688744785836048
-1174.6794261634525  -10227.982131934761  1         0.9411142489782914
719.4829633118059    -1951.5318626197409  1         1.1056100370883277
-3575.706732158109   -3512.7020400458127  1         14.935882260948363
-634.6403276625429   -4428.384850329561   1         0.5615571650688042
6046.591322372594    5354.111714070002    1         0.344529187937201
-10550.292335617323  -6181.123053380847   1         9.113737170400416
-1794.812065844686   -1149.7664272529357  1         17.36368422160965
-4546.529133379928   -7712.381934283403   1         34.20291955019247
4950.32553557948     -5234.911667600964   1         1.1933050136077277
9298.784044661788    3273.134057139754    1         0.1744294890115979
-7182.374934771685   -408.09851818386676  1         14.698444041960752
-6426.449410115259   -6026.280198855527   1         0.42045169319343245
5317.429536048125    884.7803999991664    1         1.2348122422660692
3296.770705883286    -5728.713400098065   1         35.482413485601015
2308.454510766469    8322.861367912963    1         0.7962964084475492
4453.039462543542    3701.040081704763    1         0.9569341500936811
-7312.759003068349   -3545.3990690964774  1         0.6417126658480491
323.8572169223464    9015.175517970261    1         0.4814377963040092
-1744.3806248887875  -9334.887944152642   1         1.2275174823750283
-4210.874182464439   -3059.7690202743834  1         0.6136460604501249
-8564.968679486177   -3384.500305985064   1         0.5495870565850192
2212.0164895706516   642.8852740976672    1         0.3752266445982365
842.506658577568     -6930.384209290528   1         0.9181212631181661
-2215.967793518129   9280.050583548456    1         0.9386995055061805
-5072.094877086693   8517.917790122712    1         0.5430567627427269
1838.5315473280334   10385.014691000359   1         29.83195957372233
2882.7591921377684   10229.618839357838   1         0.6365120624260946
-10744.633518357852  -8635.243821892407   1         1.1693659827307734
7067.446517690452    -6737.489616099908   1         0.6614558582123528
-4452.776215602113   -207.51800623432342  1         0.8725770721940367
-8452.759223434106   2964.549311616031    1         47.186201384491035
6503.7272636846055   1782.910148009493    1         0.9463246353644136
-9368.748478388216   -1347.1770363914914  1         2.1593670315389675
5860.746646699721    -5625.401723706926   1         0.8261435753484528
-3026.4027763236227  11641.102827786843   1         26.317324816943724
-4776.334042852541   7331.478266182221    1         1.0208546490411852
-3129.866504027478   -10114.403973343477  1         1.0591024763630053
-1493.86995084121    2214.5903856038713   1         0.3885586921434362
-4122.198656897762   8639.473770919727    1         18.74937066199691
-8482.365776601286   5628.326099614964    1         0.17673982485474415
8524.271609645693    -1206.02267540514    1         0.9806354801449458
-186.03166859678723  -167.60353922026707  1         0.8136349172294413
6848.147571224843    -5945.840854965014   1         1.2167831256010813
5920.342463278297    -1916.7651507016465  1         1.1838461459308007
234.12112000838897   -1559.4979931662056  1         0.5533271054905328
-4563.7266928177805  9283.5292527581      1         0.7425102675499511
-6995.383491416295   1299.5942167364383   1         0.5030869415591879
-8475.473226553728   -253.20832654483638  1         31.921257012014074
-6920.555117119984   -3523.310171461986   1         0.5951055998869619
1006.9003123018264   -4893.0052632664265  1         19.056629382454748
585.7430749586874    9265.304048013655    1         1.0276727546838098
8617.366028546538    -5338.512940925134   1         41.938197410976535
-4692.631577471442   -6181.457408081835   1         1.0064490149267082
