trucks_count 3
drones_count 5
customers 63
depot 0.0 0.0
Coordinate X         Coordinate Y         Dronable Demand
5941.36972752691     -8958.852317733268   1         27.360407811371708
10892.382584816245   163.04907636537274   1         47.21101413774834
-1390.6088742055513  -8401.178478778598   1         1.1013815554207134
1844.3509277820901   1367.898599598256    1         0.2725080857175852
4478.950285001047    12230.442139736191   1         48.29350995473047
-8695.776539641689   -3966.5102299032183  1         0.6838176017356632
-12048.000815637362  -19711.26421666341   1         3.6988556003630095
1147.4673873335753   -6028.107329058561   1         0.7087113401861656
135.93439652017983   6733.396043121627    1         0.6186608349333192
-406.36906438296137  14535.139432151649   1         0.35681120976357794
16217.771536872126   2263.1557147955245   1         26.49029461581382
-3509.631508679558   -10037.690903693236  1         1.2357801276239226
-16014.520536675878  19755.137011305378   1         0.8028981553322176
6598.369977448185    7017.749957018627    1         0.35349811776354867
2737.0449445109152   -6433.578224557557   1         0.8273311203149056
-2472.7312207016853  -6041.202273461365   1         0.11791620404166632
-3796.6351073558326  4705.631484278643    1         3.860880602634726
-5978.355861830443   -7291.096173684122   1         1.1091454970245547
-5582.030946565034   -2638.7053253912977  1         11.689655676625387
-1066.6644123183055  -953.5861010525431   1         0.9415634165408455
3347.136657655274    5340.214155658477    1         0.6714370872055718
-3345.1311385894014  9210.438075128372    1         0.4959663332301977
9018.904352282261    -13512.370730586079  1         0.622821554844911
2068.086704831919    10335.947405356923   1         0.16493085267012514
9853.368013543462    -2285.413728201462   1         34.880105563380276
4191.949834702127    -9347.457317789407   1         0.7595075080912809
-5931.7138831495795  -6951.115744733132   1         0.7329285462678707
-10429.738354589725  384.9562618327682    1         7.667064776648984
-2537.6038160521434  436.4070332817208    1         0.9935952568200682
-7682.555343770433   -4781.367470362977   1         0.24234060511162292
18803.04725671812    -856.9924278584404   1         0.9178941962164459
7312.844890770486    1762.656674032058    1         42.257188951258954
-6043.065426686991   -5170.104311026961   1         0.879329492021833
2948.987295100218    4123.19933923991     1         0.5577269342549916
4706.988767607056    -5813.733968215926   1         44.78563245004414
-1016.5081093787267  4049.5220605823743   1         0.12539431302062384
9430.446201884646    -1782.1822629792584  1         46.37684685252714
-5381.056192742397   -2146.370798273792   1         0.9191821089094279
4946.169520302729    4853.3009070480675   1         0.3120962179236077
-4082.7049684632575  622.6859631532836    1         31.400883900055106
-8650.211386155634   2406.6832182754224   1         0.9202436161622608
-2895.408089149115   -7408.019118917759   1         0.744624530634263
1342.5877129190715   -6928.658312397793   1         0.5227535370328831
16410.921321298854   11505.217538076555   1         0.24968186155253172
1004.193942856735    174.82258387726418   1         29.791035756029224
10119.747152032403   -2907.113386703045   1         0.9574874149645637
4777.484225687186    -458.52098819220254  1         0.9472447453976385
-1996.4090658177697  -2646.3557677229114  1         22.908250585873805
5864.235823523669    -3740.2960780819444  1         0.4131372684605076
7067.146298038186    -4591.1452575352605  1         0.3427031168266467
5473.581847217417    576.6788399830125    1         0.5653354960397124
1020.5284560122018   11.47217428575459    1         0.21186632457236812
-1106.4556004739497  7365.603603476873    1         0.33832922789873865
-3172.6228105906894  4531.913228703055    1         1.0496457987686483
7791.067610507398    -103.79908450301826  1         1.1581634330223547
311.1232606752201    7136.955540135725    1         0.8619554595663597
6041.410563558387    1768.9314956140072   1         0.4455730460018994
16052.098496828032   19000.980096724372   1         0.32048057210306835
12110.027184678675   9212.956030763045    1         15.99582056091271
-3055.880181512108   7752.661123168144    1         1.1535930267037156
-1190.3621403172467  3028.0363003243233   1         0.6600268338528117
-1126.6087586600697  18622.306131874393   1         1.9379411114036502
1474.5356661601254   6929.347034916774    1         0.9578856943218487
