trucks_count 3
drones_count 2
customers 25
depot 0.0 0.0
Coordinate X         Coordinate Y         Dronable Demand
9687.307045001802    2607.765585247962    1         0.6630176585299257
-2060.7407514982165  7406.532337050863    1         30.060339236826515
-5712.676006171082   -2456.623727830872   1         0.24322513021808462
-4082.2696350739006  -2216.8393676922487  1         1.1791036740729046
9876.095918187588    5519.421952586275    1         9.955213147759615
-10106.351475725956  493.10026551161354   1         0.1409999637344054
-3346.696211192792   -769.1959038343722   1         0.9059916640222951
6087.447448729163    6512.316825965856    1         0.3804522873502397
11.74640436457048    1462.5493490479876   1         0.9413374223621485
7716.337286127103    -1523.9801616754921  1         0.6862810133050389
-5436.104130769796   554.7250904614115    1         0.5632086883837455
-7221.688310084031   -2472.266527345475   1         0.2497609858949729
-3379.6012024677148  613.7828222642911    1         0.7371793638432619
5431.877528218188    -5475.232166392542   1         8.058249897890983
-9537.427774572776   -2597.123932035325   1         48.94396245016012
-2294.1533899462693  -1586.0981891122765  1         0.2906360202685064
5267.1292052781255   -159.59634321935116  1         17.80355658557273
-1727.7369517426143  7181.42134929522     1         0.4891120173367409
-5318.1467916369     -7883.440436399311   1         0.6039116599561624
-7585.079620991512   4167.408381664451    1         0.44598230876478206
-4830.644256076847   -6699.441927675756   1         48.576294406433774
-2823.058609777575   -6285.663258641557   1         1.227794357148228
3615.3607332279166   -4624.053524719174   1         28.960551507633507
-4755.0055524488225  8686.603657190735    1         0.12726218940454714
-13.16833996826365   -5200.264099194471   1         1.0339508508806383
