trucks_count 6
drones_count 5
customers 100
depot 0.0 0.0
Coordinate X         Coordinate Y         Dronable Demand
-345.96309736241506  4649.055814987148    1         25.940863155808838
-338.0042545921109   -5308.657054794228   1         0.8929017266129559
532.3994012680929    3427.6517271801363   1         0.19126753053974924
690.2897576068842    -1566.8160397981087  1         0.7212786189192922
974.0347345656196    -2344.634657837874   1         1.061887470572076
2632.236929785009    4634.2112760191385   1         0.4905512440485085
4422.195422595647    -2271.1368037022307  1         0.4342646546436538
4515.717097609139    2133.0089078083006   1         1.1140519922223795
-2394.497427929795   1865.6112354159643   1         0.6661459277271311
-5107.462647297837   -5264.680402826868   1         1.1242888765959367
4135.527659906637    -1042.8843695332155  1         0.11139031165235842
-2968.8069494535134  4901.425637678725    1         1.0203111845964945
-1609.4999020395842  -3108.4646695056886  1         23.18658641803525
4731.415499623052    4627.9133331321245   1         33.208506091633296
-5280.726035475955   3208.8572980638705   1         0.9307589882464335
-5503.590303008711   -2407.312159134175   1         1.1380167170625353
5084.08464840738     -852.8412090848738   1         0.19538096652963255
-902.8316719666171   -2905.7502133679754  1         0.668369407034086
5434.84079007449     741.1768560745636    1         0.39634301355869905
4594.6516207123805   1943.16211129557     1         0.12519493220856967
3479.77613768592     2228.4594707627784   1         38.078568101709365
-4847.865003532273   -317.00862540554306  1         0.10759084584741979
-236.59910795802583  2123.78369587973     1         0.7843361996306871
188.9924767979001    2326.7883122407034   1         0.39613617421343106
2590.963236268577    -2551.626512648868   1         0.5120046866861651
1771.3679900568477   5386.847164472879    1         0.7053678871817072
4680.59779559517     -1914.2118816046905  1         1.2130947976549062
941.2377410548152    3430.6880183418743   1         25.51589285056952
-3687.475638350904   2446.087497466352    1         0.5791388475464009
-2995.6869084482096  -4996.864231266343   1         1.2275073741733895
-1046.4732675006826  -4381.740792471631   1         0.497525796506873
-5306.327067599809   1420.996729783272    1         0.48362449394673945
2347.261203449626    2167.4056475182215   1         0.6061174492639909
3510.2558376948336   4237.122346502875    1         0.18439916927406502
5374.107014926394    -742.9142884262255   1         0.9786304005995397
674.029631227339     -1364.0690418320137  1         0.5800829099665867
1115.4666400425128   4974.867742687021    1         0.8413540650410994
4241.455811022417    -994.0388862192958   1         0.42082034005525737
4302.276154692645    1832.26599411641     1         46.70453522749989
3922.040365003748    -2016.46461716342    1         0.5846090835508702
-388.8467212795366   -1275.5551328312283  1         1.022347625612407
-566.6509363634613   5084.115468121179    1         42.686441728755824
-1425.2630909164816  2581.171559823027    1         0.5680035769446098
2616.1289690583762   -1731.5456622223242  1         0.7035570236629122
-4005.8053522852174  -2372.680129233804   1         0.528044393415215
-21.7473774968812    1363.7157405034595   1         0.8079044712920654
1854.8903082333636   5555.853425755081    1         0.7618110964368082
-2225.611268264805   -276.5696874208847   1         45.37558224355187
-4965.691653574963   -4277.991247028734   1         0.7004579350948124
-2614.2977542568933  -5280.425253660877   1         0.870986772418551
-5392.700435310911   4402.135137663428    1         0.7552057876987835
-4842.704025896081   3231.5028191898805   1         1.1843396381866549
-5427.100004379882   3531.9870995196616   1         0.511155036957456
-390.56202065378267  3159.64438921381     1         0.9718729376421502
-823.3912862353534   -2270.907220342709   1         0.9677261938615985
4200.111902674087    4008.669839999333    1         0.2279345663799815
4513.778435359034    4809.785813524013    1         17.285688912112995
-1298.7244526011818  430.9491405841118    1         1.1682659632835852
-1712.7042811494432  -5438.888220765335   1         31.03385253587175
-2860.40250372399    -678.9052949263496   1         0.870544811778571
3495.0200251728124   1612.550231267646    1         1.111711736236262
-1178.9925258387093  856.1338635211938    1         9.533801417114931
-2497.8386717827775  683.4990975771789    1         0.10923148113959064
-5384.5145590243965  -2969.5204713302046  1         0.445984977372501
-3543.4744421377527  -4328.934306803653   1         1.1267809004693816
-4133.530710220458   977.2736366175766    1         1.2044413971663024
1200.8821626292684   -885.7794769451684   1         48.85383849290765
3767.59727298222     -4097.29270593724    1         0.47857604873172965
-5228.039465517894   3643.530659044537    1         0.8511792729263651
-2604.656270298356   5709.183375785619    1         0.26902020472682336
3680.8271816174743   2320.7108003174108   1         1.0201777391133113
2246.5086992733904   3469.9870879902937   1         1.2219823371944598
4926.6904827607805   4264.769700418271    1         1.228815259780114
5032.024208535551    -4620.01990768523    1         0.29325212508622855
-2768.7071082369366  -1283.7900465793111  1         0.14948309529925172
-2469.659319199646   -2853.2463749198478  1         0.23565226325107286
-4786.580189180325   -2488.639555076506   1         0.5035997220131361
-734.585224882569    3544.570113991216    1         0.46475078067051534
-2364.758681084416   1882.9540293141513   1         0.5583125459637168
2770.8054233185253   3654.853085449191    1         0.1432542773465773
1278.1008699953381   1062.814395793036    1         0.6247623709214751
-3589.1039450282656  -4391.630063020932   1         0.31305552625380284
-2140.877189522877   -5592.707529786687   1         0.7324197231247275
-2241.2673251937345  2154.5456689122607   1         0.8187792165462807
-1724.8604705386329  493.7861953156247    1         0.5647826375092584
2225.9484442512285   -3759.5593728675344  1         1.2433369857185395
-561.3336142898015   4258.793292837585    1         0.27702478227023186
573.9095525293043    2346.337072783223    1         0.7306385020657944
-3037.0453240611637  1647.026205154578    1         0.45742042879604206
-4869.445658127138   3950.913918852395    1         0.6819870141054216
55.219863095505445   -506.23598960437096  1         1.0891100244432619
3256.4072086991027   -117.18910453560498  1         0.8159397533372623
-2646.2883637438676  -3823.3690633167     1         1.1057975154019988
-1051.082320629398   283.8388321962966    1         1.164254481324277
4384.125137962896    3576.2339528080083   1         18.504131578103912
2463.255640192993    3739.081297588352    1         1.211386086865407
-977.5511094316053   2907.592607321949    1         9.493822223930694
3823.3800454000134   -4154.858951040673   1         0.8088553982463815
-484.9416069219741   -2170.020043200325   1         0.35802649754334437
2793.7555914216127   -1922.4410921092165  1         0.7485039610490443
