trucks_count 5
drones_count 6
customers 100
depot 0.0 0.0
Coordinate X         Coordinate Y         Dronable Demand
688.7828457990743    -5581.507836154931   1         19.435841391541338
-4689.150172166581   -1215.405077023746   1         0.1307934470834839
-3145.8787281325303  -1671.6885078401656  1         0.5821947245510352
406.0639728557422    914.5828371719922    1         0.6852764434628771
-7118.202464577366   4817.739721180305    1         0.6509943205195332
-2054.3896820938744  6896.638567231788    1         0.13283920403540628
-1446.660660643014   -417.5862544846749   1         0.10999037353081247
-6949.260250664348   -6633.146029156142   1         0.4401785984661778
-2764.8061748381842  -3766.0236196003225  1         0.470933221407276
-3022.2209442512835  4027.5695427473843   1         2.441867014289469
-5060.613843503039   3944.9566330259568   1         1.120336680562662
-3645.8779809779217  -5671.091024829665   1         0.2443156917050937
-3096.7757633689976  -4804.764669935543   1         19.64868425050308
-2892.672675601847   -5128.890603601208   1         1.087481999788305
-1199.9358526829942  7101.961462364442    1         1.0944833830696017
4805.081989084921    3593.268409175073    1         0.4920327965466461
6548.193075072968    907.4390835519644    1         0.5096886946159955
5966.720776272711    6845.2849475611865   1         0.9118833883585067
-2122.1582912710505  -3437.8135259054893  1         36.559945028135616
-6469.746253300522   1463.535156039863    1         0.6104842608643554
-5092.762575467381   -3071.0958478515377  1         0.6401405141402361
-1108.222937812848   -4106.139438979158   1         4.876376149131284
3958.995276264228    657.0710524910693    1         44.21056993592809
7149.6257318863545   -1492.7404007400437  1         0.23143925247722436
4920.98442697358     -3559.0807166099376  1         0.22577544636632432
2699.572124318904    -4993.849978238189   1         0.6628045810577509
2252.971471318611    -1503.2611629721473  1         30.181675821087175
-5920.872152422821   1391.9195356010905   1         0.8231235429096995
-4154.431459781351   -665.9736749514853   1         0.8690963518413761
-2654.624529494015   -5064.6325626762255  1         14.99637364103749
2769.018573866775    -1060.4154742220271  1         0.6858480572013521
-4658.9066597212595  5636.742443468334    1         0.7109907331935064
-887.3180527462919   -7098.0268012749475  1         0.40371013801097366
-2223.477378717787   2685.337521330134    1         0.19872639237434375
-3841.8609649582436  4926.691057371354    1         31.554110080729817
-2166.699069094207   3102.2035414824068   1         0.39319174831308046
3404.5523349031337   1215.6700596465253   1         0.4899996326315218
-318.7448911498978   6121.417011341217    1         0.30312629470188795
-3412.607592074824   2850.758380458942    1         0.31889381410944145
270.1587119761915    2741.7691423874894   1         16.745175070524212
-83.04699339541897   3168.5608712751073   1         1.0804735154513552
5088.9112115484895   -6967.0532075356705  1         0.28337874687984105
-3561.302649823141   -6403.236371661659   1         1.24399921117599
3788.3228377972346   156.91873276614845   1         0.5552872092445506
-4285.7397052607885  6505.06748516302     1         7.172894383532824
1627.5275501444758   -3911.950834344435   1         0.5054892045630226
2500.679902057316    3711.9351083287656   1         0.9619468451744192
5213.505470247249    6808.942976738087    1         0.6343924006118704
4126.780648418846    2296.2583816727943   1         0.5540562820536679
-6693.497530086615   -3542.3970747312273  1         0.5121738601435789
5053.35997206276     -72.75585309387321   1         2.852579872379468
-2043.0342742985438  -4471.427126237644   1         0.25823394706346914
-5796.531412245654   -2160.427457318521   1         0.6951505807282228
-2160.659117517375   -3319.4521669483597  1         35.23999585529636
6756.324790061672    -2028.3556369742846  1         1.0314790381760977
-6020.773437969953   -1815.8390762123533  1         12.1208184805964
5427.393055219785    4133.805754351846    1         0.8005057778785086
6154.498752829299    -4486.014611843613   1         0.6222401978219009
4913.635772248483    6439.746876875456    1         37.759191048114154
-1184.428032304026   -6522.207325521975   1         0.12206487473930583
896.8560724381136    1176.114144291036    1         40.14835534353135
4969.799771278011    1873.3276965940722   1         0.7468782323201958
3855.5882422385675   2724.7906208390004   1         1.1543643618240453
4404.982417115394    2251.3043193587364   1         0.6991110690216005
-1539.5718228943065  -4453.022492511364   1         1.224461600648537
-5834.739009458957   -2335.9641012225907  1         0.7677061322292402
-2613.500928432198   -6044.023229872788   1         0.9746092339329867
3819.097547962607    1352.3412103042624   1         0.6951743914011069
-3072.572793521396   -4011.3980546509665  1         47.020384658649945
4822.909075880871    2160.363380268045    1         0.4002988478926989
4500.346772697897    -6133.660335932244   1         0.5549905748729611
2226.5742071723653   -4092.5924808550035  1         0.20500315082707488
4556.088239037731    6113.937643823004    1         0.4005697156806469
-297.52242581285554  -4652.1540807832     1         1.098830021955021
-4589.837803168767   1188.2476707902888   1         0.6057778659450362
2204.195955589302    -4940.372111262819   1         8.060950320216904
5650.735987403609    4653.8661609147      1         0.33862603200464836
-4736.145909114076   -6005.554381140642   1         0.42861286772029994
2736.517741401107    -1767.243264596888   1         1.120735439351552
-6047.117350312871   -2928.988379814794   1         0.33517989545936966
1923.673867978412    -4652.898582014408   1         0.5826821721883546
3979.142974188621    -194.80252861418955  1         0.2653166665694483
4217.358980490415    6903.55565815684     1         0.8880352950901449
-5912.148152459386   -1216.0238874966556  1         36.60734184146134
-5291.614109097909   534.0895925286109    1         38.751404223939815
-1596.9323116086664  260.44224579130145   1         0.18842406860529992
-3338.3948034713153  -2872.566982037372   1         0.9157886432026149
5036.88940320889     6711.678794153935    1         0.5084868388648284
-836.1738309784482   -3657.5122479711063  1         0.7056584577838593
-812.3086666255623   2288.5995167755405   1         0.40085027513643534
4021.6098863785805   5099.874097093461    1         0.24193333943207027
3493.2805380106224   2900.4002088341613   1         0.626889702145805
711.0638990832043    2518.750818927664    1         0.10752997637819377
-2577.5390865148197  -2251.7545451628857  1         0.5266892917109021
-4458.03314791306    -4573.2220486295255  1         1.0964299917341735
-1571.5467977619167  -3753.28603459227    1         0.400998460160093
-650.4603703811018   1889.6105593735917   1         0.10671209993570994
-6850.762293888578   6838.145234177224    1         2.5370984039745506
-397.2786727959119   1750.3310577415778   1         0.9109745944257666
1804.0072414766728   2226.9275199728836   1         7.5635013114146
