trucks_count 4
drones_count 5
customers 100
depot 0.0 0.0
Coordinate X         Coordinate Y         Dronable Demand
4551.664515070094    1609.7026460731295   1         0.7107923396475883
-5453.350212776094   3555.9297080755814   1         0.6564513898983891
4334.505300795649    1387.7142070024236   1         0.44239460883424164
3980.1708618045527   -5422.768284469133   1         1.0413620591632455
1450.781831243934    -3832.9212975801806  1         0.1920789831964139
2146.3622107115693   -4421.51245649912    1         0.5086660857781644
1373.0357475124856   5738.88768053231     1         0.11120708618335848
-1462.4275415056495  531.3750835217579    1         10.263297468244286
330.259896429141     -3337.0675306384956  1         0.8334132932258447
-3592.5127107387398  -803.3705733503807   1         19.608987817360735
5777.985562456872    -1868.1788285474202  1         17.762362865333756
3370.272961195516    -1106.3974462418644  1         0.47980293328698387
-5914.640882665147   -3430.703237321053   1         43.686315247594905
2338.146071045336    4545.47046890412     1         0.9011444197117885
2988.596281103062    646.2909447040681    1         0.40037197886939957
-4822.946711765988   -17.64844981673094   1         1.0960233559526407
-3803.8323682031146  5208.080216274157    1         0.4398615286040133
-1639.6120638821155  -5779.663204975557   1         0.8329764645252751
-4081.7019558263005  -3667.0988975807977  1         14.424031494406806
2808.851978951631    -127.99241050267197  1         1.170121356820577
1274.0945264743787   -4445.761129101471   1         0.5946107216523986
-3326.4943347061844  3788.193657650521    1         12.99840136389222
-375.10325082803473  -5454.531571461184   1         20.46620038251586
-5067.858760736985   -5402.4517330419985  1         0.5028158988675727
-39.66743591979347   -3992.7508313913154  1         0.9761987558056799
2288.4598666828524   848.5141971472358    1         1.216482061984411
-4034.866118801673   215.74511900877496   1         0.3480291842917182
3833.872669484156    1262.9411080213165   1         0.3685445613015693
-1502.5229980692495  822.4997956882642    1         0.34629896692635814
633.3071066091542    -2778.737464691202   1         0.12905771074971278
887.3562258975289    896.5100392159802    1         1.0823362210170537
-4929.92570592188    -4161.949208192      1         0.20860877346730564
73.61006372218831    194.80276147909234   1         27.48240217424369
1772.9529457054646   3031.4955395999636   1         0.9686146640414386
-446.3392143983423   858.1202653408068    1         1.045744737494271
-223.4008510514926   5232.562423681816    1         0.4885220304287641
359.5278256723592    -3037.7883628974823  1         0.500343858233617
-36.32618872163807   2958.9935875039682   1         0.4104361946148207
-5081.746664527553   618.9743111092312    1         0.7495337125579544
2646.9033982691076   2102.7159003963648   1         0.2586227821336514
-5136.331560121707   5574.9802921790415   1         1.110564960252896
1101.2202438761258   1051.7889125847078   1         0.7607792168933559
-3921.7266565628     -439.8218553116169   1         0.4608383567315447
-219.07433121145286  2485.9987140083695   1         0.1862866399933867
-5655.086579993291   -3622.145959470853   1         0.7566585290345955
1416.7670657126428   -1640.721269183584   1         0.6670055579064591
3723.457018209685    -4512.3845113729785  1         1.0808352172580298
-2241.99225537368    824.3642140975189    1         0.12744355889349326
1544.5698828864188   -5662.667439133445   1         46.44463994629158
-2334.1245830399816  2973.0137900795207   1         37.23154966273736
689.0533964865127    -3512.2103146140535  1         0.40214646976874835
-3331.4276814317786  -4109.830747976205   1         0.4814455142102644
5435.6867601338445   2468.862301794588    1         40.864031125003095
-1453.2761594493477  -743.423064176492    1         0.9998695736368469
46.22700553724735    2366.190092475191    1         0.9830701689948225
1357.0643129263374   -3534.6258118381893  1         0.18511939865558305
4391.0536598669105   -4074.5533359082656  1         0.9415170561432491
-1290.3442648413275  4125.041101039934    1         0.6249167177391878
-1.9128364696903601  -2903.91139909071    1         32.748216497893935
-919.7954410124557   2868.536784935465    1         0.7234865755413953
-5902.857979272309   -1160.659263468654   1         0.19895978436131967
2744.108340280553    -4169.661942891058   1         0.5742918571196719
5930.369324591122    3443.50765124997     1         0.45784042995062446
1228.9361045338385   -5995.172245482746   1         0.13143946377144908
-2829.5282942541016  -4608.824253247592   1         3.264008870816146
5251.604840383384    4017.158223668861    1         34.130016306639284
-1765.2368241993572  2634.4575177351626   1         0.17773231122619781
1653.2123066943227   3232.246034402339    1         0.5729878334736176
4349.51949922783     1488.8376543535842   1         1.053458074592605
955.9303252033944    1719.1696829872972   1         33.044874404784565
-1192.5192879590797  4696.286552813848    1         0.31057746599614583
-2637.6962452959287  -5978.952695682333   1         0.364113058782217
1049.8487035443115   39.54614369811606    1         0.22365928763195386
891.4739366930289    5719.567735445599    1         1.085979851817787
3369.1613360132724   5455.149802139917    1         29.382126309743324
-2695.5931967211554  -910.4385585681794   1         0.7618289820367429
-1326.4497116174123  -1059.1497075610778  1         1.0902835627703045
726.2442134746993    2813.390273574046    1         0.4337062075194824
-2264.5642703822127  -1670.6297567971944  1         0.5087053552999691
-3740.1174572639957  -5856.283759834166   1         0.7311052477616924
-4105.8745938022685  170.03808996310295   1         1.015427118221424
1526.1717257992602   -3406.090851049843   1         33.83007346167171
-1162.3031555282632  -5735.775329559863   1         0.5163603586865125
4713.095069548016    1039.728699167821    1         0.91930791853095
-4324.586111864624   1430.9796368144673   1         0.6584984430784265
-1782.4714906969168  2322.4267286765084   1         0.4836450219231072
4630.018348719513    4062.762973587964    1         1.1415162260327756
-5451.354887638563   -2211.0816902302768  1         23.107543011247714
5297.583641833052    -1944.1864772323495  1         0.5206043947789498
3694.3576560498504   -4043.302447684217   1         1.221800425983802
-4515.767753510942   -4138.606925889786   1         0.4278856816832607
1965.2295939499784   -5005.251575206473   1         0.21891695063074057
2739.5760478030584   -2379.2603969925603  1         0.6827664315322604
4271.257011269588    -2279.2010399641376  1         0.9696933116481768
4776.987616443977    -3145.880796990462   1         7.944985792322245
2038.2644066497965   -5566.100581949869   1         0.9408086853016013
3008.4773729826065   -2150.919995000298   1         0.6170530636136665
-3143.4726535500654  -4721.884079049259   1         0.35176649976424945
366.48406880425154   2738.9894311054504   1         11.7519894769949
3481.878044829287    2951.6471857252964   1         0.8807988541652434
