trucks_count 6
drones_count 5
customers 97
depot 0.0 0.0
Coordinate X         Coordinate Y         Dronable Demand
-6787.730981046819   5355.381823232519    1         0.8990960629160991
-9276.167839413902   -690.7722318585032   1         47.57169125740508
-10953.836097833873  -7081.806454294359   1         17.34512967735219
326.2784646389642    7944.356570915863    1         0.6292782000071959
-9783.061231581938   -586.9249765625793   1         32.8137168881308
7924.5960487532975   -310.29404209543645  1         0.4630305133456506
18133.753103956573   15207.444248469      1         0.825388711369621
506.5985980426977    -796.243075545616    1         0.6061338893602455
-4613.248129363618   -5164.845180076045   1         1.1888938316970261
205.51105285675123   8110.457920127764    1         0.4847977070972558
9506.48117253989     -17135.405522657955  1         0.5569297289008228
8764.11073431506     -5557.689050545517   1         0.3593953313739331
-7028.645593217743   1215.7039611421374   1         0.6449814299377894
3423.100920237935    4245.620842162637    1         1.128910648767827
324.95270689311127   10663.46478968707    1         0.932175017016294
9723.23082873339     1600.7159368939915   1         0.8807127813927198
11298.855530056811   -171.64636721546412  1         44.27584872764867
-2114.0787729032336  3435.125071467082    1         0.9055004419904503
-5929.865086650527   1717.0072523940116   1         0.4508564549463151
-117.48765064056956  -4398.266588221903   1         1.0383995232280303
-7029.111524691627   -5892.845600339297   1         0.8610336377031348
5451.285417565589    8664.690663844514    1         0.5486118273008914
4137.2839460756395   3532.3852844424505   1         0.8849306063918546
6873.768583492318    6160.144616460982    1         27.229261958199295
8334.65442321125     5600.941449396959    1         0.7311788420102228
1803.1309916720054   818.6941271624738    1         0.5003753461647161
617.2582490109393    -5163.403825730894   1         0.5446770799599938
1962.9418953485947   1239.116631931658    1         1.08894357056033
1630.1416754279053   9376.4965796906      1         0.2883503558061352
-7923.262202594512   132.4621505284366    1         1.0025630319206857
1675.2424037560622   -510.50663785506475  1         0.3737582917148009
-841.7962920777811   10053.540100932845   1         48.37274511135856
-3888.5903402417152  15655.089114180402   1         0.1504537829684524
10.580664231348784   10309.20845473291    1         0.39611876411528313
-5323.767321594873   7987.453360587369    1         0.3556664453982611
-1309.7987240183993  4331.908202290678    1         0.9882387132134326
2926.7487418159094   9607.079534719333    1         0.3666805937937012
-7662.105418034933   551.3524792686076    1         44.26889393721838
-7669.671252821992   6324.899377070638    1         0.33491619797335304
-4356.790760923591   -6319.900345462766   1         0.3832618208311013
-10035.524831283192  -139.02232903498103  1         0.27365745355061877
623.0835656389788    9592.625885445346    1         0.8546724890786649
-684.7249225274393   5101.770351305026    1         0.9059318622575323
1849.1095427364205   107.32475168088351   1         0.4465718212028965
-3764.0168704649323  2097.8105983953974   1         1.1476065350190499
3764.607865538977    -1329.9042355220847  1         1.178549883003847
3895.2391047711544   8967.850794620621    1         0.6725952392950677
15249.804441496999   -9524.689841306368   1         44.95236797579941
2513.9403496706473   -796.3888929919888   1         1.2073179117801316
-1396.7927915489704  5376.175490989498    1         38.430603708845055
-3372.648156578852   1015.0145373352042   1         4.820306255544292
-3594.029836404668   -6468.123079407286   1         45.88953810193945
5696.538630145048    -1584.093322400824   1         0.4857786133738524
-6576.665444698927   2104.3832853860845   1         0.7598345842895796
4783.998493092642    3963.1242254141384   1         0.4930197867151067
2564.546931744893    2613.3548481827324   1         0.3619679858196009
-5966.768621672444   -3641.1819682143746  1         4.813482128390155
7513.133656917237    -5526.3023846765955  1         0.48827906420548206
-7356.214049627454   2008.482306263346    1         0.7042457243579529
-2292.7590614035907  -3959.4044214578803  1         0.27853230070731616
-5855.054710694062   8470.328563895378    1         0.1680326281025436
6785.624329878082    1742.7762512123763   1         0.9940354758986037
6262.052350467842    -3144.728850567949   1         0.5144991293902955
6886.470369357063    -10929.84813227615   1         0.6507638987189556
-3431.5940168645097  7170.85339147886     1         39.91738675617739
1851.3272200986978   10356.49793265716    1         0.49247844739216884
84.22250673196146    10744.048880086846   1         1.2170431835966766
3543.4455516591215   -2931.1724902447804  1         5.162580595539977
2614.7791807248527   4764.43350908658     1         0.5012791509589377
1229.4475139343494   -4076.7354027088945  1         48.16310758556396
8894.07039283306     4341.475634726569    1         0.51048606803945
3956.8977855314038   6831.085591984935    1         18.108067256451783
5973.765594165875    5188.302157447789    1         47.28150231292019
1512.496662226656    -10684.100072650781  1         0.8740020055018117
-4452.110418168194   -5466.498333069934   1         0.931532860715854
5885.002560688936    613.2995124776339    1         12.047012362341368
-8114.805629663002   -1556.7770933201207  1         0.3837744208931799
-6456.744331427488   -5422.250069243294   1         0.6370216846883658
-8691.355413075105   -4841.460334937491   1         0.11789362079123852
-7974.10883146607    -4305.172361793044   1         0.43018009392459355
-7205.765787455587   -3678.640101875077   1         1.230511326094167
2489.680712167496    -3180.2159547545116  1         0.4103651360753928
5975.521833858768    3090.544986970635    1         0.8616027467302899
-1834.7518462844262  9442.200069008251    1         0.12819678840843463
291.2586071981172    -2635.640737936941   1         1.2453779710052002
3993.015221333249    -4199.226621357115   1         0.39663481122636024
4932.869676459321    4082.9571636371466   1         1.177373349512654
-1410.8171482495636  16517.595323129193   1         0.7427539323786608
9656.496883183076    -1465.9215583814196  1         0.48892149493688064
-4143.187399158301   -7627.6103459076785  1         1.1092013402907441
-3185.2051481857256  -1349.4797580091533  1         0.4097579805116881
17445.63562821532    -13727.485396213455  1         0.8936682998473808
6225.773587317364    5804.498768471972    1         0.9563898958310963
10705.133433253139   637.7490540633748    1         10.169853184408124
9247.285369587227    2363.3315435141344   1         0.3589945184666262
-4866.998742081314   14318.575921589822   1         0.8296746995413585
9074.875056077648    1939.2982596294428   1         0.9660823434689086
