trucks_count 3
drones_count 4
customers 75
depot 0.0 0.0
Coordinate X         Coordinate Y         Dronable Demand
-2721.9065231977643  6396.4176763875785   1         0.7853321450022782
-5756.149123970849   4873.499546901751    1         0.7087863666647022
-3871.4560132128418  1763.720961563734    1         0.5609370398499852
-3826.27563165794    2281.3551449111974   1         0.1248410686990024
6044.683349150817    -2188.0688248804745  1         1.2437464199607706
1316.0674426269904   -753.041184171024    1         0.6882674256264075
-4741.916417223531   -3412.211948239958   1         0.36535013022978835
-4209.516753360681   -4206.753561112211   1         0.1028517970995277
2052.076475788015    3970.426325380785    1         0.3872128716851285
-5320.959236421519   1533.9851140355427   1         0.34879048908929133
-5156.908323085799   5278.249965495826    1         0.5922020570438803
-2804.513759015399   1759.1117249690412   1         0.9626268175179575
575.0245320662007    -2292.554727955906   1         1.0530455940268184
-5879.81163949316    -5533.440134206569   1         1.0639120699917477
-497.4856590665808   -6599.208374627048   1         0.641239166271879
-2644.62884014871    -3333.183846387234   1         1.1440743888752072
3321.459200271695    -2387.203797442084   1         42.056494323185845
-2121.431969846411   3517.9442132992526   1         0.641751287482967
-1235.8739256359218  4820.570607063642    1         1.2201681951480867
2301.9874876299195   -1641.2485907901798  1         0.9129950373763779
-4004.804467385502   -2281.238446617015   1         33.40696589480507
5509.520225011883    -3284.3984690117213  1         1.0321670560361238
-3923.286308193627   433.83388917593584   1         0.5811869997991105
-5965.94863123369    -22.948779413884278  1         0.32770851899264
2747.3187773010545   -4113.00621896744    1         0.7636999290078514
6721.542522723435    5352.695937332638    1         0.6611482907292839
-3258.9922611342627  -1764.4642362319537  1         0.2287567838371004
-2090.3363844579003  -4391.61257762461    1         0.16437017974821116
2942.3232010078336   5810.78797971377     1         20.10059127499206
5972.9775077028025   5433.097148353533    1         0.18068265733386124
4825.7028148273885   -984.1566676077638   1         0.7401229855028043
5237.552518030795    659.3919009586771    1         1.2310434962227645
-3990.4397264980475  -5177.987645606503   1         0.3423017541754937
-6950.785287557836   -6280.695727784773   1         1.2436877871328758
-6772.280014961055   -4825.513734991631   1         1.0604594725154612
2472.974493325893    -2015.626890993925   1         0.5570358758824698
-4465.263967558141   5474.3775584029845   1         39.46496580791648
3186.5390684127738   5274.5548685138465   1         0.7450845443345145
1936.427293397171    746.9943509836445    1         0.7277115383470173
5084.002565666312    2561.466751939978    1         35.251455408980064
-6499.300088230538   1875.073233899138    1         0.3253459136457128
-1614.9572645848837  6133.602394188324    1         0.7383671643657221
-6737.9768855581115  -3107.3848298590024  1         0.858998409826196
-5297.042900681555   -3003.2603720322118  1         12.377041301879652
236.57950354912768   -2533.222374470333   1         0.9538151904669597
101.33216976929178   213.22581573732674   1         0.6018983914038288
-1304.1800366380942  4322.788075580049    1         0.8450135077266822
6504.342928627969    1890.5101011515492   1         1.1716379155067227
4872.276595393134    2490.9119350663104   1         0.6813893096350014
4949.010673091755    -4132.011853795415   1         0.5270098389361316
-4855.494312952618   -6663.428837202812   1         15.536072278708806
-5075.039267281093   2665.3206673025697   1         0.5715664664050368
6108.290152167537    4771.505380250437    1         0.7155822536198695
4713.997771517699    -1128.440983564865   1         0.4513211159136501
-696.5870861801267   -60.330680508090914  1         0.9784983737797467
-1423.916624378704   -496.5247883526947   1         0.6706471578170655
-3453.5900661317046  -2385.214698075956   1         1.2494294534577732
-1599.2323479521378  356.1053065426741    1         0.2491298207568808
-5166.706047302018   903.3258437045669    1         0.6009411326611198
-2118.7408853731486  5923.081512276581    1         27.77350745699277
2340.340700706191    4407.434876589395    1         0.8519767645622447
-4577.558281391588   -3352.42531173291    1         6.0313181169151315
2599.0684715443363   -2118.0098268242764  1         0.4625274650512017
-4978.528025012246   -2358.8909381687345  1         0.22415208427426295
3124.80624442313     -5061.254185420525   1         0.9423677105457513
6115.516754642021    -6161.881515464662   1         41.13364478741114
-134.1302352057597   3778.7367952958525   1         23.387791765975784
-5571.148837976743   5581.819630664479    1         1.194262526674833
-2884.401811439858   -2655.2432670414137  1         0.33875464931969496
4040.7993784633404   -571.4950906108877   1         0.9661581186863168
-6017.010886459988   2029.3223121388767   1         0.2528633533371264
622.9407329464563    4398.221756394622    1         0.2766038600049718
1410.2431715748362   3924.742365362991    1         17.97775723582089
-2319.8376785265814  -2037.2588519994888  1         0.942862780805313
-2002.5101316231085  5152.125334189008    1         1.0287686026130471
