trucks_count 5
drones_count 4
customers 100
depot 0.0 0.0
Coordinate X         Coordinate Y         Dronable Demand
4057.596275561988    6746.579518619083    1         42.479676474048155
13300.666740882836   -4243.944636248341   1         0.32650495229399357
348.641807749416     499.78297899447944   1         0.5891109506585434
5734.597275303178    10473.827326511237   1         19.633643853785898
-699.9452960616302   -4449.139926951994   1         1.045123811096791
-9508.521734333472   -5305.338199597578   1         0.656466366179236
1092.070200189446    2739.6392265736076   1         0.28446996896148513
7645.286601947235    5192.460428944595    1         1.2431168783989266
-1717.6521399199846  16804.507746786552   1         0.647451669374106
15182.145506694662   -7007.670735054144   1         0.2624990081672794
-576.1213697512285   13154.829996624747   1         0.7901726634899188
-17990.01591018963   -11602.08124724355   1         0.6316877031230193
49.03025639781481    5351.511987426173    1         5.120727105629168
-2457.2442263313596  -568.2522905966732   1         0.4978503950962778
-9715.16378659312    -18554.046402793276  1         44.58111801615658
5375.390559189503    -8145.6642811071115  1         1.1218556279028429
2670.6282862048542   2447.853134563656    1         0.6492970731728471
-6108.271632171163   7157.983734882248    1         23.183940100326307
-5635.257938414832   -4451.705699197547   1         0.8697082176514987
-12834.688271221581  9200.215360102076    1         38.90737947787594
10161.864206262724   2114.3708520702407   1         0.3760079543052972
2156.9399292783137   10482.619973680028   1         0.4389893124194181
9591.894528538356    -14813.342265750558  1         11.539910051167164
-3532.4520725626335  6475.609230774717    1         1.1349342492271215
12843.082151144114   10025.11705391655    1         36.257791152089986
-644.531981081885    -8877.103265813465   1         43.35540257297832
-539.9734474856123   3346.5046661103843   1         34.659874657799186
2990.257338383691    -1979.7229169891236  1         0.24505349045551317
-6324.6414291152905  -7899.858957882762   1         1.1201838048577313
1660.0931198992803   4999.729710546999    1         0.5006245131579269
9519.063974009528    508.4700425493538    1         0.7173075183594175
-10089.47982236875   -9958.22891900852    1         48.78367364084642
-6701.088631155043   6798.416435319501    1         3.7180011702610822
-2564.6025811183767  5931.283505069663    1         31.5101284021904
4828.312551113079    3389.564249676218    1         0.7770587175589886
6407.216282275735    1623.4465877333569   1         0.17608669952341827
-10620.795703351214  -1271.4538993326867  1         1.157333223014298
-6535.333820859356   609.6015579023677    1         1.070897773631326
3718.6324743024015   -14835.462684682     1         15.934530021727147
-6702.590196472773   18648.59847279447    1         7.356524441025403
-929.3311626580871   3746.460515980776    1         31.76117146127274
-1377.2279705893793  5299.680154301171    1         1.045348115954327
-4901.7129364521015  -5087.136343721239   1         0.5153334597215645
10073.775558594592   -11715.992832739004  1         32.971653530043795
-7914.162499050549   -7456.4409876129575  1         0.3020835632033469
9986.152207109282    -1432.2099142812926  1         0.9168068982460317
-4835.637778309645   -9844.414916431024   1         19.72566963765309
-9236.885495136676   890.1452447248677    1         0.175376343463713
550.0186111527586    -3480.378717599932   1         0.7069842676595612
-8375.70058512966    1391.1065635796401   1         0.8483425978044842
-153.60642416811598  -8778.477285025021   1         0.8290381518401487
-4582.181280911473   5445.0280422316755   1         0.9694900617663803
-2746.188746285523   7008.569803341026    1         0.677651496169323
-356.7726376605771   -9770.236960785778   1         0.7718503940861134
5749.000269863455    8071.182283081046    1         0.9817404331870404
-4869.958691548797   7889.578696588885    1         0.6895036706438649
-2799.132284060477   -5476.979175679833   1         43.91933277469583
3383.360862715078    1587.6057622298792   1         1.2176101434087652
102.92223082231794   -4890.663591488308   1         33.422523916112766
2163.8479712149688   -2847.630290283185   1         0.8994858018813374
-2818.956848744878   9249.077090015471    1         0.46916297740373036
-8772.685549258284   -2745.02233599501    1         1.144077095966819
-2456.992941929617   14102.802071285663   1         4.636722472868154
-10711.649945808966  2027.8562399341833   1         0.90626087539584
-988.1833336238776   9897.101719084858    1         0.3087702866797369
-7465.130345041976   -149.2683001487788   1         0.43739328456008875
3490.5794990079376   -784.3331703402656   1         0.2926662662719896
8085.099144423624    -3374.335675671835   1         13.168122526771793
8201.349444993111    2589.790625844399    1         47.94338141381642
15589.03096092914    -15761.450249020738  1         1.0859953075369564
8609.299122715041    -5768.608042538732   1         0.35723155159873266
7169.093243147465    -2420.0915134760944  1         0.32472000633427833
-159.2123615272415   -35.691796267691366  1         1.1489473062491704
7162.217744898139    4795.236448019631    1         0.2130011045250575
3889.292548244277    -8699.196530131934   1         40.84440458893656
1739.0251595383884   3138.750743528287    1         34.801432017463235
-5955.100786791601   -7226.688008388152   1         0.6254318157957801
-4783.072956284654   7182.145648367704    1         0.38179395120616155
-5236.352674039283   -8851.816218981508   1         31.22361238689306
8602.858606301113    1903.0649165686123   1         22.268295385200222
1498.0285460276896   517.2446600307094    1         0.31125456730230705
15967.60402020271    -4028.639354472618   1         0.8439737190473575
-8629.502236450338   -6409.239263263407   1         0.5161982446933668
-10111.946871667868  873.957705690684     1         29.136934966243768
695.3125604042053    711.0362452784556    1         0.7535023765382788
-6246.955542142428   -8529.004376760191   1         0.6008754329106714
-10334.438996667865  14546.993438983405   1         23.833938703032477
155.97187298358077   -6173.312777748043   1         0.5168022100002194
-5970.756654129929   5505.947499348057    1         0.24660697823908645
91.47373830024445    5221.812576024314    1         0.2411538469685306
-1596.0358931946066  -4986.127873792254   1         0.8936482855652647
-2294.2288664528432  265.0409668782774    1         0.30988980094926866
-1602.5747262760008  6295.498565827427    1         0.5163419252998196
2408.5481630786167   3776.4949083313936   1         0.3402965904972644
-13451.72795170812   13212.448437669638   1         0.7593161252375658
-7233.189114932218   -6063.83407902356    1         0.47171287551685925
5106.040725971747    5839.935268982107    1         0.3129526458972311
-1959.9986317518856  -10155.840207187115  1         37.07366731180187
1966.311186304485    -10058.596162443066  1         44.57752885758587
-8214.663907545284   192.99674610520754   1         1.178509911749383
