trucks_count 5
drones_count 4
customers 54
depot 0.0 0.0
Coordinate X         Coordinate Y         Dronable Demand
4020.1154171297753   7232.024614493239    1         0.6995812755302837
5349.630470832416    8691.04697831013     1         0.18622679904989886
16178.584425398698   3453.467735771974    1         0.7198614032971027
4838.311940833255    -1056.3398091365016  1         1.086370172399996
2162.160127102572    8610.226962558492    1         1.1470015001183966
4908.0259551865865   -3125.3417890482147  1         36.58827161013761
-8251.84264638592    -1916.8543173969342  1         0.18197818277492306
-7723.785167395165   -4001.1763994631115  1         0.6916127546514318
-1977.616480901331   9530.30727314765     1         0.539469238838004
6870.331881865917    -6058.974139557853   1         31.87306775665687
1064.4381941288032   -4043.9400158754615  1         1.1860021116109956
213.8824719206823    14573.008535704776   1         0.10486341550083592
-8449.146113809224   913.6988115593251    1         1.165863434794623
-1218.002642419918   -10093.215162771357  1         0.17676798336989136
-4533.98174791298    8609.027334047998    1         0.13151728533343898
4738.575059690081    -4826.417974812815   1         1.1255263266716569
-3470.349299135227   8497.930761478932    1         14.082562147487222
4008.0635614396      4489.345912852428    1         0.40865237065696347
-2014.9094318415978  7762.782386907834    1         1.2214329059710085
1923.8497604019983   2306.9600863151272   1         0.9079815006896316
6609.131702070995    2960.607967318623    1         21.461988606977155
-4689.929227529328   -1262.4040915084952  1         1.1292825022265927
-2205.647902649197   -7125.667387447816   1         0.19430984680209284
-1730.648041582439   2054.991782847605    1         0.9219240715763044
-6129.396142792232   2919.5565406927517   1         2.8068465724038725
5963.408426556997    -2632.067476047302   1         0.7197133416978231
8108.848932060812    -5513.424696996483   1         0.1885729264023347
-1985.542139684833   2145.3031056423424   1         13.323507545635746
4954.303681379376    -7412.86763471515    1         10.217051538036888
-21.95066721533476   13849.16134888832    1         27.122771977583003
1930.5895913403895   -5541.362314353954   1         27.84381811051948
-3577.300751913135   -3056.1388102131777  1         13.837958662705478
9854.383778483365    4579.22170778672     1         1.0052006455156015
-12995.524998802597  -11128.910064571155  1         22.577011822677807
-9713.866907637774   -4252.221244462607   1         0.6076548531609324
-2181.1397632687276  6894.588246192477    1         0.3146192597213201
-618.2993712600833   -7281.60448178704    1         0.5090184290973521
330.26243725112704   8470.463741001382    1         1.2034033536487618
-479.74185781979855  -9267.253494369997   1         16.971528332720347
-7658.863138831306   -14776.634497849203  1         0.7032413201869444
-6484.865938863479   -2398.3717447130402  1         0.7663839129569077
-7934.4756809304     6494.423594927459    1         0.9678958601053168
-6614.691144128111   -3136.281120999704   1         0.13896004062351208
-2079.087178674866   -674.5389888246874   1         0.1736347402043775
3119.127220910719    1715.2819978745722   1         0.3618821482227912
-11972.313567202644  -14979.555994846702  1         39.20586690630849
2923.378004713523    10003.416281186037   1         10.61830473019377
-4084.5019594056926  5804.928149759759    1         0.2771233792396868
-6637.682656815817   2553.33341626971     1         1.1371747449471228
-5832.143285824805   955.8215460607953    1         0.762724851326162
-945.2704062983198   -4452.284283072787   1         0.1261789301026782
-7333.014350231206   5963.305312718254    1         27.188847493694723
-5579.270211041783   -8039.0385747211485  1         1.0767541642562801
-4962.594343094337   450.6911997787938    1         16.552811525561488
