trucks_count 5
drones_count 4
customers 49
depot 0.0 0.0
Coordinate X         Coordinate Y         Dronable Demand
-7529.254520860417   6532.85076535304     1         0.13168546315627733
-3462.891694102411   3069.6692349687555   1         0.24195488273939902
-7678.3326627208435  6023.654402050311    1         0.8241361270184563
-8098.614252429381   -3050.561049086634   1         0.2774199616864489
4984.901055418075    -13412.57523538856   1         47.60600814691256
-8852.07619259311    -5756.176111877121   1         0.44910496990322435
-1887.5474827554317  1240.1944191048606   1         7.663012384424489
-4720.049244755623   -9399.243114069293   1         0.8527306046584926
7839.042041253521    122.87579269469107   1         0.9570431057176695
-1935.453430178107   8868.154723812024    1         1.1441117900396216
1916.0587753295633   -10442.158775258067  1         12.874944058635236
-3048.805254700779   16411.24588590066    1         0.8055308203390724
4267.352133294978    -9034.074880682649   1         45.0353505512783
2620.85965171814     -5563.682615183823   1         1.0802306123686194
-7936.765339180662   2548.133379613171    1         0.871319557074991
-3581.20197078522    2040.2815850701238   1         0.45263478558679526
4072.472216429721    8858.34677815957     1         0.16807000349244922
7024.258479764666    3371.9153012999705   1         0.5230983988320553
-3020.6275151606624  -3640.2140515217025  1         1.2015871774519828
9367.194895808312    3914.317374851213    1         0.1855063042863873
-6527.54075274639    -4341.5691072940635  1         0.2568827226050179
-3338.562029045036   -6830.961015768188   1         30.480859466549813
9476.636927681113    2047.4907206280889   1         16.541059420784347
-9599.098853554566   -2956.106046608049   1         0.6909003674268672
2012.880671794527    8662.531801972218    1         0.9153288158892972
-3854.082494472718   -4338.982616495839   1         0.8592673726661929
1091.9195121054984   -1313.230945426401   1         0.7301839422068702
-2603.1224171072304  -1435.1207233013556  1         1.156925530584024
5510.247522794488    5271.299645936719    1         2.010769040166126
-8591.46288016854    6238.350152723884    1         0.6536502519598316
-6707.168499788726   -6334.469788037486   1         0.6575876205420508
-719.0375482931988   -53.25968187153824   1         1.034237564627384
10504.644570423428   825.2247199030013    1         0.5364662177846564
2197.611837958963    4708.920642973962    1         0.40135405010556324
4757.593347485637    -8710.0042651397     1         0.35943942466989764
730.7470382948777    13981.538275384017   1         26.977451964333383
-5078.956656380369   7305.398380613785    1         0.4624491848770619
12288.416660856641   5169.53689170795     1         2.955353750910027
-4628.1143404574195  8492.915370202998    1         0.6487201961684731
-7156.196218892093   -4599.743147214482   1         0.10958085505362306
-6238.838113062456   4693.687321941695    1         1.1575580384292912
-5507.87193794654    7889.46091422391     1         3.2322637945042203
1921.1700774566355   -6768.572447465669   1         1.022658508034622
-2631.9137821308695  -1792.488833108322   1         0.13326379354436163
-2364.379167705072   1333.9509734614671   1         0.8400885683873078
-7580.619408750911   6208.588450165606    1         1.0950988330522105
7571.6317459153015   -3222.436174967336   1         1.2116869687749023
-4842.5024459167835  6243.983462150056    1         0.5958052450400807
2324.1247163792004   5067.368453659554    1         0.571884646630663
