trucks_count 4
drones_count 4
customers 46
depot 0.0 0.0
Coordinate X         Coordinate Y         Dronable Demand
7775.976780258407    6980.601393670879    1         0.4940563011288086
-4597.226023693206   -7123.258907367848   1         1.1415114337507428
-7028.03178337173    5496.306566135068    1         0.2114775047975388
6140.811738673002    -7351.019710465142   1         0.2827923970122991
-6749.09320841976    4181.0224469511495   1         0.3442115157832851
-3602.476380002332   -2483.038489121809   1         0.7157621809026514
15132.966051737858   -2963.184692996876   1         27.860240260245096
1031.2862146517396   2865.0621483189907   1         0.27922464616290055
9141.961909265583    -4313.1350197084985  1         0.8683237862685038
-5963.231898968692   -8264.614782835297   1         0.6301513955077973
368.30502890011047   8759.600719890534    1         34.63394820825947
4302.295268667517    420.0568457132705    1         0.37975597689096563
-6694.179289930051   7989.30929248571     1         0.15376283693283746
-157.17329468221988  10145.04555249431    1         1.0134438546529216
4875.307866263362    -6600.748594565076   1         0.22371487987822622
2010.67936244338     1566.4712291799774   1         1.2037904206034706
-32.226873313246855  -1439.2316998696633  1         0.3617780180377621
-3492.525518270256   -5904.804758539546   1         0.828030774201397
-674.5060344292963   -4443.587851967646   1         0.5332975842907334
-6705.270997841347   6165.685714877995    1         1.0356201554915512
4348.536224360213    -1763.8095441924231  1         0.12567331203164955
15868.621110705957   1091.9517005897942   1         0.38352671518365145
4796.283121740804    3392.930317039319    1         47.81832664202803
1600.2943718391955   8764.405656391646    1         1.8990031301832
-2188.5854347807053  4314.699801828902    1         0.459570294827774
-9794.255359211835   3935.9703402085556   1         0.9913231896236024
-227.16267078798535  8980.492714173699    1         0.1910978714752737
-7092.956575480301   10334.073506319608   1         12.667768417764513
-1579.6885893768879  -10489.115108017679  1         14.5474100894453
-6772.561881761594   -3147.4041144189446  1         0.8204094373317317
7616.339401966764    6336.984576305813    1         0.8594707702972748
-1066.182929182954   -4082.394533561572   1         0.19427659272769338
-374.73521001532123  -5709.19341766616    1         46.91423512953889
-14101.989860361518  -5774.9761278964725  1         0.39246582242334227
-5192.72614053995    -9475.613396553272   1         0.1710159538961869
9297.280076968775    -4325.168294853705   1         1.031209576588228
-1968.1480802144367  -3365.9432920969866  1         38.55276930062437
359.79695774677407   -9555.333287600675   1         38.65063250570275
-5829.1899450479605  -6534.688965536307   1         0.22100056739034557
-4420.934340244357   -6503.1593030514105  1         1.1434670920236303
16016.298711426643   -6731.24349321394    1         1.0491135831394747
-4122.37658344702    -8485.464131503833   1         0.5990680379796213
-2291.0854369754707  -3061.1092052701597  1         1.0868828270887305
6093.445872575919    -3174.9821000344064  1         0.8129242104619384
409.1771641026863    3368.4379411409172   1         3.9926951477079227
3140.843356433925    1435.298487007277    1         0.23604617272114575
