trucks_count 4
drones_count 6
customers 82
depot 0.0 0.0
Coordinate X         Coordinate Y         Dronable Demand
4752.81060370339     -7335.100457592497   1         0.15497672408773097
7261.121232225718    -657.3308727285769   1         0.4274840972579801
6668.432194992754    -7460.64644171506    1         0.9035615389645628
15049.847650727264   -9045.539742807323   1         0.445674435760122
3108.444364032053    1175.0286859108048   1         1.2095178717149004
8315.97429033012     -4084.614910369633   1         0.9974911100364214
-3264.9095329540423  4008.310395857022    1         0.29827535534351224
342.0602539162206    -3162.654909762836   1         1.059039864371097
7366.856285976584    3552.831525026948    1         38.4335464519808
-3152.075472311115   -145.9957964170717   1         22.31431400176461
1130.37310344997     9107.204206612596    1         0.3051033735736436
3291.4247389933576   5309.263311510734    1         15.539175317153973
5197.735926424694    -9143.668430153895   1         1.0165603587171879
-3924.5468568954084  5749.823201034427    1         1.1467010363667767
-4991.956522911376   -4513.586763811669   1         1.1407053512552097
-5248.075123988696   -14746.979019101316  1         16.863093396407905
947.6501903801328    -7740.936110936618   1         0.9857847170799015
-9841.521460911266   -1549.1419824622837  1         0.7220696597644845
-12638.868931363802  11964.259530140778   1         20.088413157399323
-6165.353305363898   -8952.137955276      1         1.0798928874463933
1039.9350143951822   -9638.604913448768   1         0.4528990791395938
-2073.0258999711123  -2209.857104358014   1         18.533607001971713
-7123.88425093677    -1838.937596126855   1         1.146061915340215
-4445.44382255691    -2081.2577899576595  1         0.34496769168018804
-67.40382089630775   5156.49059884186     1         0.270559068720325
-831.7162351353219   -4937.25013915944    1         1.1347926680294855
5974.002022106697    -8696.548646482206   1         1.1911975623939663
2963.6382458873654   -1358.4987856089074  1         35.694158792651336
9392.713787419416    2445.6179111477177   1         0.21338420980038653
-6094.262009927356   -657.2394720347762   1         0.6667897843222327
-576.8267130441436   7156.380461599452    1         0.7212737952125299
1620.1131889289945   8789.963368208832    1         0.6238966885259464
5937.479200859027    4459.733662180693    1         1.1122755649974254
12190.580583387582   1944.1466981191516   1         0.23343151070967105
2107.0767453573076   -2076.0012148669903  1         0.19858686981985668
9509.547503944776    1968.2984504654942   1         0.972684157849269
-4430.51851088259    -8541.81535663071    1         0.17743829129990638
1247.3694287104627   -2420.486471893397   1         1.2195080920164254
3305.738175927993    -7356.828073322954   1         0.833356322309475
4321.467449908277    4646.377235467673    1         0.46544661217543415
-1860.2167457221556  9293.190569892766    1         28.710970142242978
1587.10294830963     -9687.833109628391   1         0.6338064914845627
1945.6672324145645   -5500.155508551528   1         21.603548635987078
-815.6083464681178   5198.260084806749    1         1.1147455782149926
-1679.8588515411357  -10301.325822897194  1         0.7915700377952154
-2874.791533371544   5902.080151564856    1         0.5546418963687685
-10723.427801530877  4854.980654189276    1         0.3527214020922398
1954.8775764704042   6547.113506037924    1         42.56911503951959
6425.043131439627    -7033.9391429720135  1         0.687019283149267
-4797.01030116592    -7179.869085480902   1         0.8210018452656377
-1115.8335853868432  8425.52315428837     1         0.7035717692865006
-13027.946441162712  13576.53894599431    1         3.135574005061086
6586.2034514052075   7817.88703041937     1         0.9329737116488425
630.9771865892588    -1189.4683243806862  1         1.2213160627859083
-7543.071238031929   -13034.9056168257    1         0.5809860722617664
-9496.163104497524   2179.99789910017     1         1.0655504201833181
1252.9278887143614   -3695.7182548130377  1         0.4988842887593494
4131.820641502717    7347.150645937261    1         0.5469017929891179
8013.735934488031    -5027.265687270885   1         28.80062807715319
-1613.3399382126825  5211.328212236576    1         0.8214824577990697
-8912.882048834612   -924.4214171213081   1         1.1317638081749033
3234.6220838603404   -9333.05453811541    1         0.27030632123108783
-3302.6820743116823  15043.649779177864   1         1.2446949813749812
-1254.4320976998818  10062.560695275977   1         1.162619018927448
5502.5917294382725   6106.501431237255    1         1.1022092950066398
2292.5977935992464   7607.151978906882    1         9.100533086525065
4771.2323790922      -6074.917327408577   1         0.12668442255408188
-5316.995898632968   -5752.839755853389   1         44.948862187405226
2510.850946083731    -4774.788513281964   1         26.350321028523613
-6270.045270364282   8772.567641343265    1         0.27713818630568
-6122.667300039944   -2589.9270336437457  1         0.48926143329285454
-9472.111115089703   5387.481431217836    1         0.29536844581649685
44.976178999678694   -6273.738966081265   1         42.8109227311079
2869.2668394135726   11071.05247191717    1         0.5190199593379956
-3541.1142408535893  -8983.148146342037   1         0.2157675118992895
2184.1583716461973   -9561.146803632411   1         4.7489006281934305
6706.303800057732    -6563.428603031142   1         10.086980199330387
-9746.639764860536   2343.6492206728103   1         0.590689226288374
-6313.247717896222   5763.947461637312    1         11.82501406641038
-3302.7752344507703  10114.283155302606   1         1.1534773672046368
1416.2035544107675   9447.382811916872    1         8.138518634570694
10137.578968192804   -2588.020489767356   1         1.0381806885553144
