trucks_count 3
drones_count 3
customers 57
depot 0.0 0.0
Coordinate X         Coordinate Y         Dronable Demand
1450.2593188452984   3969.627811237653    1         1.0310643268507165
-2171.939054100692   -2752.402954127392   1         0.9829007128623949
-2831.4595132671166  4401.2469644324065   1         44.916352122010345
2842.1010812593836   2725.4808925483735   1         0.6001367004350595
-5583.288286585813   -1047.9202782102157  1         1.1723713106506743
-1982.410651385199   -3459.9064869034496  1         23.191842548205184
-5115.9635257743685  47.39547508161264    1         0.37878756931566415
-1007.7430135283225  2491.650270501058    1         0.2662643609436389
-5771.286401728434   -3674.952418803876   1         0.9831950795319502
1351.8140897069252   -3677.168538769763   1         0.6279177807337791
2458.005269540059    -1542.2056622550424  1         38.171878068412596
2162.9503426958145   -28.839382566489803  1         0.279755547371071
5169.074145581239    -5655.355922619866   1         0.5203330690869514
6044.510563423528    5476.3412962429875   1         17.79640902571347
1949.5759210975148   -3626.864700682445   1         41.04134900702901
-2473.344735742171   3416.643419007121    1         0.4123552976044431
-1413.1354199749048  -2595.1458279694234  1         0.7639613480469256
-2381.5753904968597  6201.18721001966     1         1.1383535528533941
1145.8792413297867   -2447.5050305481727  1         1.1553510085804832
-3144.8297111484903  -6032.072786696256   1         0.9493372854150025
2824.709842129318    1229.0881257660565   1         5.133030392005911
3657.950546330584    -5636.239260609583   1         0.4503998670292715
3829.698461914584    1768.149961386137    1         0.3797699693809008
3379.0954989104466   2937.338990102031    1         27.52288862219916
3645.633003400242    -4293.100782242921   1         0.671681174139746
-1529.8794547746581  1868.9758001419325   1         0.8120722843246789
-4580.992265490275   5819.506015026273    1         0.7419216640781122
4288.083687933435    -2405.4834928383734  1         0.6507920989507762
5944.558847827593    -2880.4937225568638  1         0.1476646450799445
2414.393057914572    -4849.345981791817   1         0.17340303196674034
-5707.712189716547   -3328.262180055248   1         0.7472415581259948
1000.7349161488963   -1953.1460420414883  1         24.221800023454723
4564.2416089646495   -1613.1343728199959  1         17.382914950112557
-130.655905116224    -2813.8178106804558  1         1.107313608374157
-3169.571644001008   6014.3267979584125   1         0.6880875188346545
4034.3898057516963   2.3990019894469494   1         0.5845261223897639
2712.303660194501    1508.0328988832032   1         0.5869582196457955
5604.99913457456     3550.787179807896    1         0.58120590843646
-1715.970016285558   2454.162374445301    1         0.8790003749132507
-507.8570057250229   -310.4044643779904   1         27.5711084603236
3848.082477296879    -531.888700684905    1         9.861065073533988
3748.4817225325182   5250.796564039765    1         1.2466065970156799
1366.3248462862186   53.34234597268042    1         0.759435395335798
-2552.068088527179   -5833.086237133447   1         0.5906021533579916
-4774.5209932510015  3348.8038390228758   1         0.6210924261076621
-770.5789471235803   2148.695130327278    1         0.9859761767684256
47.99971140835769    -3720.6083973167865  1         0.8537346020289743
4040.091788366401    1968.0082562094578   1         1.2095796188421313
975.5796186289199    -408.98831934781265  1         1.0600151732542398
3393.0709936040676   5962.773689620937    1         12.926966460205556
-1397.128851181884   4179.2713197089215   1         1.002665273284754
-2008.1557752974684  5661.207600243048    1         0.33486801166375774
5183.279260763119    -2075.3046478969463  1         1.177516420905781
3158.836711958002    5726.1765919571435   1         0.7079215027768276
3710.4739692970597   3310.9514767059554   1         0.3972131152990688
1635.1110142050773   622.4597998929486    1         0.5370569459475254
214.59432437322198   -6025.70251290068    1         0.5073878098181415
