trucks_count 3
drones_count 4
customers 53
depot 0.0 0.0
Coordinate X         Coordinate Y         Dronable Demand
6893.552150133069    5890.904007639812    1         1.0864852723769984
7373.344818285081    6030.647919044743    1         19.15630836616453
-4840.776761038391   -2698.0517297197703  1         0.22166283492219874
-6898.812520265001   2960.633926662397    1         0.8564231199820933
10480.038027390905   -2807.043650008127   1         0.2842968847548002
3971.745397129573    6203.3731968063075   1         0.994318439984333
-5880.679302253661   -996.3661326824578   1         0.44216614130685206
6142.511614909345    -4969.2062876789     1         0.7220826766535111
-2122.9898438697555  -10157.446191249488  1         0.2749491350680484
-8247.982386531048   4811.26424977711     1         6.313492051199198
357.7378989794488    1570.9211221944315   1         29.853798738827933
-8454.554746210715   10324.879665089098   1         41.700563612106215
-1533.6517557788284  10240.522645317205   1         0.5440730052612606
7601.537476895008    5565.553604633186    1         0.6176589948078299
-6582.066566286028   -7598.610459804468   1         0.42178879280349113
-651.8750275401482   6132.7877481245905   1         13.053905142559518
-5576.036664720696   -6981.371604682327   1         0.7188133271750983
2108.714009469737    -10890.499753196516  1         2.493547874705002
2863.0666497532393   3353.1798346977653   1         0.44712937285369847
5021.673051746004    -1909.0348705883368  1         0.9297473323139904
-9040.201743029318   -3379.14209080872    1         6.094994500862711
9579.679483572103    -4764.423868557615   1         15.732439023094734
2784.7594071418957   4621.816053477827    1         0.1664654861498625
-8019.264805836469   -3989.617146654351   1         0.15797718849010825
-3772.3150670068753  -614.7036255625917   1         18.349280954633965
-7879.376766674463   1634.854677498916    1         0.594426108670805
4461.372994204056    -6942.771455895147   1         0.8261026024561862
-8605.394493569938   -5575.296529817633   1         0.7649996464436598
8558.255939007406    -5322.412573584311   1         0.815663807073252
141.7340565488994    -3001.9462804961695  1         1.0885424680252322
-7055.293245447402   1342.1656315035434   1         0.5370620271164639
-13083.02475168124   -8155.145053752374   1         34.121617056258735
-1171.0403235368378  7956.976682787606    1         40.440317677671075
2555.2365290047524   9577.63194414251     1         0.7760268311359921
966.0654629922176    461.44301439547354   1         0.6955799913321853
1154.9988251096138   -4465.542604481686   1         5.565740080711
-9983.443747464215   3580.6723990964024   1         31.449223023850195
455.8143017999078    9694.040605886217    1         1.0035015861761976
-10883.329912957923  305.283150159808     1         0.5566622333107856
10067.89293285423    -4110.034386345077   1         0.11493584796608536
6495.476445248608    4325.5776909694405   1         0.9761367080497695
6133.571136043687    -4069.7166214864146  1         43.80448235118566
9075.439209241162    8836.249373113187    1         0.8096334651744443
-3818.502254118469   5220.6077479383175   1         1.0740556723559533
3353.428375108324    10034.279551522472   1         0.3513090544061154
-3349.6061059607573  -4382.3110841766775  1         0.8002432068118944
1451.6961027042564   5065.6032625445305   1         29.612193556656123
-6757.132098984182   -11016.511849968505  1         1.228057543728872
-5713.908728711189   4602.300971475776    1         0.6800863246155544
3202.165115409208    -5121.716100028911   1         0.5649345055223333
10075.271111165941   3933.768517168541    1         42.62432009990911
-2344.218721979388   -9182.316628041031   1         0.35596449160360943
-10272.001314029076  2049.5803149077383   1         0.814600656624553
