trucks_count 5
drones_count 6
customers 81
depot 0.0 0.0
Coordinate X         Coordinate Y         Dronable Demand
-1848.5494275952278  -2008.003014618087   1         0.27575601821070594
-7393.468744334374   -3333.203825557308   1         1.0805952500723441
-9294.4983280235     9576.873076173842    1         11.696965896478064
-2057.1375919730017  2838.7554043998907   1         0.6188417388107964
930.2064881636561    -8153.412237684093   1         0.32937271265983603
-2702.964954685612   -6888.914161789838   1         0.13629121274321676
8385.820615988425    -4878.728682027405   1         0.6672075650056657
-1576.534906334585   -3152.6116279526977  1         0.6308811492435671
7290.384593216626    -1143.1135056722173  1         0.5156059844643144
6155.256753204383    -8749.656698620385   1         0.41050716489817773
-5827.136055430015   5229.583597970028    1         0.2528890610366833
7021.114019662853    3608.703770737486    1         1.0942172952000302
-2225.2996245312956  8234.830913657888    1         46.50431868374537
328.90189811567234   1139.3933135079083   1         35.662850158064984
-6398.826627270493   -7500.974165716452   1         0.4232070700669579
-3614.453905786458   -4236.557739026663   1         0.3637028939375526
-1651.135816875846   -4938.192749519465   1         0.5987016047895455
-1604.5348940914935  6677.684422089156    1         0.7642320934618918
-4754.299548914789   5967.399069103864    1         5.896112875242531
3680.901309183498    -3101.1619390646038  1         0.19627198189607364
-544.9745702498359   5982.18475532435     1         1.1332963044351438
4743.155966251045    -2258.181949325889   1         1.234560554664096
2841.1238660464373   -9932.841853284386   1         0.2289096987938463
7723.915161341569    2848.8266271002512   1         0.8020895882578002
7798.535544001829    5784.806094535745    1         0.5588568158971802
-3804.8369235902     8947.848445339694    1         0.11408505195646704
-3078.871583851153   -5963.350378859586   1         0.6981605165380018
-3811.6926890790023  1221.6940835894397   1         1.026914266818701
5523.0993295705175   6714.53915746275     1         9.262481388029629
-8280.906805733222   -6462.366608329346   1         42.17651679744896
5499.957926903865    3549.8429610811086   1         1.1523596510279404
6027.154653152348    -7119.587651106987   1         0.5340222900446026
8036.747985562534    5281.101697026228    1         0.6843932984440088
-8124.973212454685   -2429.067995072468   1         0.34694895737203457
-7591.722737773727   2897.7065099883      1         0.6312939219419483
-5042.641708713316   9075.7972612991      1         1.0706126022743472
-2647.50026784747    -6524.421743465996   1         1.2464516039317324
1749.4823121344284   -3099.045429802931   1         1.1310688027517353
-2991.7847829224243  7107.816505984825    1         0.6318221750071098
8632.599252411326    -4593.618644218843   1         0.9016223183910421
2660.5673332693405   4772.7360449906055   1         17.68853340498931
7693.505818986767    3901.385718508967    1         20.889568868971846
2099.8181382078133   -5577.295210749091   1         40.316098489310995
-7454.489157515831   1260.4799810425993   1         0.6849113625175262
8266.926807496719    3088.1629491682315   1         0.6024002071292304
-636.7113104424967   -4091.930283194886   1         16.40354808457603
5024.937595883909    4899.898203640804    1         0.11673034964903731
-9764.339852115816   -1028.3900162624443  1         0.8024983241756773
1796.6780898959973   -7611.704401121713   1         0.40579614702953337
-3175.351977872295   7783.657229468456    1         0.607627639595538
-4775.191053164436   -8720.131238877166   1         24.107298130453728
6475.515925051119    -9085.814430280494   1         13.15634775176231
4263.69460722923     3698.322642855268    1         1.017115673199692
-2009.5824745232196  8319.331786150857    1         0.981156326226159
4354.725048531338    4786.1392628701215   1         15.9013596328568
923.8896512711678    -9363.15409169032    1         0.7110599461418128
-9344.127161921291   -7482.685426481763   1         0.5499198637496395
-6876.101152956654   -2003.653058692535   1         28.240454349809955
-3653.9890726334825  -6290.0101701720005  1         0.8983018721972663
941.1464059703476    -8230.361943920087   1         0.9503782594670159
1485.3530817612736   3854.707036417174    1         1.0033118485125878
-3739.74160427257    -4113.369643762764   1         0.33607218348057755
32.158131340704415   -6210.906997899888   1         0.2703048107537105
-8598.539806799809   -2440.5798161975717  1         30.743307736809655
1632.4805172599372   -1899.7655689367273  1         16.268015971079116
-3017.200963904167   -8482.647224707876   1         0.15665043359070793
2780.38562708459     -10080.29757128185   1         0.9143764067758984
8319.452808961634    6092.499966821802    1         0.4513200658708273
7883.583687120741    -1460.4618267842634  1         0.8815922733970868
1905.10014050213     4692.004061037236    1         0.8869146298802795
-6570.181787642532   3112.948381911825    1         23.33117484597896
-2905.692500731224   -3359.508977914404   1         1.132227519929263
-2948.5758799910727  -1148.7711947549828  1         26.058174065875377
4183.202097768676    8061.091651012574    1         0.5813141175877752
-3432.90125707395    -3807.4542032597246  1         0.11075466802295018
2196.4705924495415   -5395.156024968539   1         1.0231022643825756
2453.93623258773     -7685.298377494755   1         0.8907322764193631
7411.1369290927      -6825.3032686292245  1         1.0219413018581398
-10841.528436362993  -5756.688969221983   1         0.7315496281794647
4606.2714451123875   100.97133013558641   1         0.6305066942537173
-6793.65329371669    6691.7573096523      1         0.8596727848948628
