trucks_count 5
drones_count 5
customers 60
depot 0.0 0.0
Coordinate X         Coordinate Y         Dronable Demand
-8510.152945152022   1429.1786690999495   1         19.952952732627434
9805.302549646736    3285.367748300706    1         43.369221125869274
5687.013880697431    -6813.264463572066   1         0.20694294528431473
-8284.964773286163   -1036.8105298577757  1         0.34562743084593556
9392.777574165822    -1175.024593655684   1         1.6028961390046321
-5458.909337199122   -2915.980123158091   1         0.86140612476484
-3320.566667928024   749.5399705306227    1         0.502863099370628
5302.242924030052    -5497.247731606236   1         1.2440141550931245
1731.8139565389924   2151.902992426619    1         0.6913668447937751
-9551.297341715945   -3514.941432387861   1         1.0484566389888963
-4883.011828553513   -4957.506691300932   1         0.52729014088934
-7069.9132793453155  -6224.59460872712    1         0.5830994680268607
-1623.4671340729146  -9590.532034465785   1         0.6306939124864713
-6124.557016958936   -6965.745573744907   1         1.0783137604288933
5114.3241924006725   3913.4433838388086   1         44.28572574539167
-5277.642410195504   9024.10777373662     1         0.6382974543563809
9569.19613594906     -6648.16820760373    1         0.8051804475975806
-4390.229062516243   8256.274557327222    1         0.5146500633220468
2724.7837066681163   1436.0928719632798   1         0.3185132692744046
-5067.678592431884   2861.559542652809    1         0.6047503252818129
1782.421198098416    -7332.720372624958   1         1.0129144136321264
-6248.351203216289   2422.2176807550527   1         0.8418219496240118
3373.317014020223    218.00314958945464   1         0.3665561630275507
-2749.6608990309446  -3907.022016533277   1         1.0109692231337803
961.298058911271     5102.948202223339    1         1.1780565178057112
3961.3039299989287   -1110.2327211949032  1         0.5731920638136768
6921.091395338655    -10998.50783600385   1         1.205123511188538
6418.325663758035    7428.031256739064    1         0.807925702069083
2986.5808405575794   6265.262130189662    1         0.808049091445732
7108.818699481452    7559.974673120682    1         1.188302968572287
-478.9930803497777   -1065.8593213315976  1         36.87821005881604
-5194.378947098267   6440.037944342213    1         0.564650163622355
-8918.84204071243    4123.0470291619085   1         10.165814912724676
-1506.6740089603522  4944.309549391373    1         0.13340037285337308
3956.6101754896936   3399.7852612031984   1         28.50890173522153
-10006.501890287615  252.1925560197235    1         0.45624422640437423
2561.1765981665503   -8985.283622331755   1         0.6520031662194173
-4467.3118597174425  1420.0068817926247   1         1.1983354616550157
3930.0401244340187   -5411.791522818666   1         0.7054368356167141
1234.5306865491145   -1311.3676607215439  1         0.9901879101705303
-9968.066657743018   -843.1356474491708   1         1.0547084458029603
4853.133107517624    -8028.457136096784   1         40.404308427976844
-3978.992770834221   -3255.3176075924116  1         0.4122872663830063
3103.2775914236895   -6496.0265557432795  1         0.807744343802458
-2000.7440866437291  -10528.898555276177  1         0.49662615235269647
-1357.881442271784   4904.1948564974045   1         0.32790559576115474
-1583.425548545443   -3861.118778439618   1         0.3579809099682262
4564.881478785622    7620.249336524044    1         0.7574357450968887
-3821.7175874986387  5825.244161173829    1         1.1849874206804272
6411.399430013982    7161.863969395959    1         0.8672695593550406
-1280.6274701789691  -9210.535471925321   1         46.51545757284531
8340.84891734931     -5405.139728368055   1         0.4388051715795165
-5388.325022914335   8842.738645576446    1         0.5300907218924829
2223.104746171257    8854.330097117088    1         0.41944772149341836
-7548.46796387004    -7479.628323182931   1         1.2177948155522063
3385.258834049396    -5132.1447356663075  1         1.1444257760186654
-3453.0277446859     314.88569815246456   1         31.879578668135167
-11455.913581723771  -9548.247918491019   1         8.646981006995741
-106.04653986556264  -10700.208357726584  1         16.527148116031135
3829.40580122636     -3618.456914495159   1         20.940040237049576
