trucks_count 3
drones_count 2
customers 29
depot 0.0 0.0
Coordinate X         Coordinate Y         Dronable Demand
-1766.6371341967524  -9730.705873951427   1         1.0860892463934257
8607.984159723772    5123.452985927655    1         38.191497115765074
4227.346051376092    -9368.21440998003    1         1.0042435846645004
4267.490118716806    2487.384291291977    1         0.43284250866074514
-10518.298886002478  -10593.35722284911   1         0.7980777994255868
1689.6372396785584   1416.7428248605574   1         0.9946559404057936
7506.056961515522    806.8996387255053    1         0.9827785844186852
5222.82673194468     5052.418648848932    1         0.18466548392328327
-2941.2269183284584  -6516.1696815261075  1         0.14796770633367054
254.25234148554358   -3094.084291393253   1         0.6004912775415174
7362.653064915486    2362.55689499134     1         1.2324453727457731
8312.881168046262    -2084.205382420438   1         29.48395042014744
-1674.646772167474   -6405.266555853175   1         1.0929051986933156
-1624.8483454557438  10644.318950025921   1         1.0572101850226168
5465.847886438622    -2847.936550105444   1         0.19612259333267423
7299.244453950158    -8018.446955661287   1         44.802117281302245
5567.2116953729965   -3169.7759152356675  1         0.8259743259730971
2794.0492659144256   10440.986964222888   1         42.95232040122784
3315.9673920974024   -5530.648208512478   1         0.24852997652811523
813.6002654207957    8859.371438318136    1         0.8273070614368201
-5361.844936102749   -5973.396174208624   1         0.6008950690614213
10082.63577507711    2888.09617941512     1         0.1957128764059533
1439.1172007205882   -6101.52961968521    1         0.9366595908504923
6802.1933736859255   687.5649230124563    1         0.9337095722770737
-4593.316842069298   -5965.140895217497   1         0.28175836134517707
-2062.755234313766   -7600.092659569933   1         25.34856281352291
-3404.9234599112374  3542.8720087202814   1         0.6359985619789452
-4056.6880638430225  -5825.124034441998   1         0.7798523830159826
4971.264289844905    7604.398486126862    1         0.8704604160039863
