trucks_count 6
drones_count 4
customers 100
depot 0.0 0.0
Coordinate X         Coordinate Y         Dronable Demand
10472.363133575753   10925.597179003486   1         28.238247506071676
9180.407559009875    4124.175981578827    1         0.5116324198203851
-7548.978221953077   -1767.7790343425909  1         0.3023838111909049
-9312.157161035506   10569.966746842721   1         0.9293248415181581
4611.688066212371    -5336.655534837784   1         0.9134338700253988
-9923.31952411256    -4468.857834507791   1         24.673509042526984
3511.6242671728123   -8164.428019450117   1         0.5696063851162527
10209.377523444891   1828.9826428178767   1         5.441342487334593
-641.5922369629868   3058.875611845299    1         0.9876739792648244
-16744.276613588765  -15839.017661762313  1         29.755286720256127
-8008.782737873291   -7312.85446980972    1         0.5288065602969131
-4079.223826439051   8766.23253132541     1         0.41871963179480065
-3680.2159225719356  9987.39630648632     1         0.2137609419905712
-2112.9669900671074  -4417.170133766834   1         44.69229296890398
-13963.945387534062  10965.383407487272   1         0.6646946417379799
7381.601143364686    1777.2957332641129   1         0.549088675958855
1049.1534396910008   2157.3357653832018   1         0.43250716099251363
1472.0169757832987   1202.1993155200098   1         1.1555812553492972
-2386.475196526978   -10596.229270031485  1         0.744604324150681
2189.1658244726177   -9508.318906779788   1         0.6604281700560576
-3571.294718473053   3719.346031945788    1         1.0664425947125311
8861.546385416996    -5316.324466562635   1         0.7830009972839403
-13479.498842038658  -11189.289923161603  1         34.9075308040209
9657.738421974642    673.2618855114753    1         0.7699776820188653
5289.277525797291    4494.5961751674395   1         0.5941477334702572
5324.00656032978     7304.101944656015    1         0.9760229227152252
4141.307987397391    11124.033921251965   1         0.3525329843616952
6965.896673732713    -7874.072185304829   1         39.32435425481119
4460.28481527501     -4953.437645684467   1         1.0104091240921096
-6107.085776392565   -3028.2573711487594  1         0.8077076003576771
-7295.599148285753   4798.070814942401    1         0.2308158103847762
16289.656622716011   -2276.7751526261472  1         14.091013050081077
-7668.494638431907   7455.912758451005    1         29.105025729829254
-9712.826755522025   -2995.0046704859033  1         0.32130762011766156
-3787.4067371906262  4444.300571547211    1         1.1338960439170473
-6926.836013365895   -4515.156162548024   1         43.66104480437647
8268.811153151344    1027.157034505279    1         0.9622667085209463
4667.344812666715    2566.0476428000657   1         1.1514773477435536
7966.321781005354    2326.617594827956    1         0.5973214697249619
3650.8926267801726   7129.624949124813    1         0.8725721058342045
3301.4153065540945   4485.307612427054    1         42.38529605054718
3770.582649500743    -858.0088563326459   1         37.78894524473097
-2060.3767507746106  -9476.66837678794    1         0.9147348888561748
-6686.099341828951   -1970.5043210877066  1         1.1319330564926617
3644.0563454084286   4766.265059817049    1         11.028106430138786
-4193.776496632246   -9317.761799828164   1         0.11223684271567627
2539.715483645788    10638.801953429942   1         1.0753943035387459
4922.555462683222    8050.176156362514    1         0.8026736066297804
-1755.3613842135571  -5127.667927331584   1         27.876979880551882
8442.885310648348    -11419.456731194528  1         42.553029327680186
14443.774323103127   -11362.914399925801  1         1.0901105226593375
-7410.565193243441   4973.901074926511    1         0.7924324203256792
892.9478782986309    -6334.094389079975   1         1.141026069444121
-6629.235897245254   7462.04871169765     1         1.1191334953440335
7866.896151536947    4895.787976199035    1         46.78240616559225
6993.947819253415    6786.684609563574    1         0.7839220373995764
-11971.04285320766   -14371.205289681398  1         1.215006749210608
8355.768434807987    6318.642119568247    1         0.9617767233986475
-7110.464474335367   -6037.822046391914   1         0.7063165404521723
-4515.781527390358   -1825.2210462637224  1         1.1538901275526352
6998.4950381454855   3232.312864121128    1         41.45649317501811
-5823.840339144767   -8496.238410802442   1         5.141056929731857
14923.344976196542   16384.8048832429     1         1.0865658656686676
5255.403650158608    4403.0040624142675   1         39.10110722668554
8319.618851065909    2975.679459475356    1         0.12319645686458208
-10394.675360484978  -770.3946809632258   1         0.3880932114386748
1213.9831829166417   -8028.087913490937   1         0.9480378648043439
-1195.4181307412418  -1886.433086635689   1         2.3028044317445393
5865.793693931202    7403.319682569927    1         0.22233691141557888
17955.623617608067   -9490.278258773058   1         19.527006487534706
-14417.424072561316  15431.881877009018   1         0.6129819960303848
-1506.877162089532   -4840.128154994703   1         0.202250555717987
-3232.904204129882   6660.150866673353    1         0.9291402178335773
7132.447023010031    6955.543496737089    1         0.2134207007662507
2660.104129918446    377.39045084988635   1         0.1636136309053764
1325.859365054702    1917.1894896961055   1         0.46001187111921926
2831.580480688279    -5293.274977846228   1         0.3441098483081336
10140.437291735037   4089.9518759698476   1         46.72534854809142
1636.838746911711    -9252.295081653116   1         1.096950360092092
8031.612847511328    7351.5728455750605   1         0.24371542856596048
-12909.820773861353  -1466.6330351254     1         24.14915961363453
1438.5153484724306   4072.653566102962    1         30.682410753421948
-8915.80942453218    -3837.5528748364745  1         1.6898788016550506
4555.107360693821    6173.566885278274    1         0.20006240978894413
193.40050104161713   4370.091626714125    1         0.7657952814346372
5910.66060895292     -2642.0948772554425  1         0.9694458460898939
-3681.383933100687   6978.359904803778    1         0.7614104007909422
-1965.377572765464   -9929.846673377646   1         26.448620955132878
-7978.092700281165   332.3131307777757    1         1.1858618477917733
1357.3533891613474   -7675.556138192192   1         0.7171117354881292
9267.631934568188    5342.222168203803    1         0.14583882364543188
4111.914698036491    -8817.292670670002   1         2.6717731898282935
4047.919061272998    5651.015506954646    1         0.20827864097946636
-3436.105983859996   -13522.945882101738  1         8.112132078605793
5071.70408006313     -252.17454789916363  1         0.45375208003643586
-3626.4376800596497  -1881.5897816941317  1         0.8798837594312016
929.3252833432042    8854.318091816409    1         1.189354701272063
-574.6500435513739   -9102.044739632245   1         0.5771196278750954
9703.319887554497    -3170.7631660205793  1         0.49320380543189335
324.33334804388187   -5595.858347319363   1         12.562714852946327
