trucks_count 3
drones_count 5
customers 74
depot 0.0 0.0
Coordinate X         Coordinate Y         Dronable Demand
13233.740419729715   -6329.126781474754   1         0.20086667607333997
2836.3391575234127   9026.33330886918     1         0.3359245951311412
-2623.2937535607693  413.3654081578584    1         1.0386662443580337
10689.39150521703    -1936.820416964165   1         1.1748582131630891
-8577.344854402614   4429.73795440617     1         1.0954079957393494
-4687.4299783233955  -3.2700033500586967  1         45.71481871797504
10625.199792811469   389.56614089618785   1         0.173359987972536
-2464.1348450484375  -688.5394885977745   1         0.20980558486070916
4196.676338351687    -3173.5995745696628  1         0.9148853690856027
-9266.663553711718   8714.226214621296    1         0.9461416590484036
4809.05200578588     1150.7463184534845   1         0.541395773361746
-2513.947702738124   -3845.91498698557    1         0.7861166990921866
-12856.315863677111  7755.479736451223    1         0.8718264480046166
-956.7747908680263   -7857.5378240061655  1         27.596263066776025
-6096.865088151305   6589.409901603452    1         34.78057408970739
-5135.32768549633    -2511.6586541997185  1         0.8801534900693496
-981.554207962919    2986.736641304981    1         0.3765609156413664
-3799.4382370789563  -2734.1668948054175  1         1.233400882993478
3631.106275343848    7010.289955033683    1         0.747823960914749
4350.15691126172     5328.457880495281    1         0.5975277765917131
-2812.1395287821815  3714.0740787382324   1         1.243218548547859
1343.1707486930936   13156.327933687397   1         0.4897468427433732
-2329.1875665879     -7996.504636867209   1         0.6183231596952277
-542.0592500497032   -7044.304788757017   1         0.3907945824491109
10325.552204678614   -9405.574615413538   1         0.9079681207887085
6160.9252108972205   3248.7610143846173   1         15.03310685849142
5745.038138515895    -1448.2559262208733  1         0.34548864424449843
6624.073292081906    9227.998054472242    1         15.310293668824507
-6838.738262399841   -3006.6852362461927  1         0.823391275712771
-4316.220420302489   -7597.146859517876   1         11.469818575726697
6852.867449701113    -2282.7935877255513  1         0.2830334743637907
2308.4939616830466   9030.226327363975    1         1.1363703765467474
-10605.415550490574  849.3684598697765    1         34.41300503811302
1710.378341474474    7155.12277331611     1         0.2060461223837044
5154.465094337498    -236.99680549297227  1         1.1955416274508828
-2782.190809343423   -5163.165375392215   1         0.5376712907421553
6169.91073938207     -2146.4196170554833  1         0.5783732469046837
-330.1248146177292   -10188.722974929953  1         0.42947286478183266
5084.325472196922    -4403.33100679831    1         0.30550157839922387
7069.07988198349     2351.0069642839767   1         0.6601555628842711
-12764.66155525487   -399.45657896507146  1         46.03437985089698
5264.568502958555    -12981.733704955786  1         43.11440515424441
-10134.164274730194  2965.6999534413812   1         3.2865481315070046
-1073.7168466212277  7675.867225334983    1         0.42965070546316375
-3768.8981278557867  -8762.412971555837   1         0.6953299917375211
320.73630784011243   6324.595215086186    1         1.1679302937116718
7431.208400012394    4611.594350164095    1         0.7037554383754984
-8175.824892300317   5139.961052697829    1         0.9336585788862631
5161.046212173308    5644.484485539207    1         0.693396444695765
3904.034960854151    -5631.9087544392805  1         0.6704422635466819
1907.313157288234    -8792.004453307338   1         0.9980853790685068
-11673.819064129275  -3019.5434643765275  1         0.23636426347794823
-6725.698869955481   12704.349958322055   1         0.8449446010896579
-3243.5005999979226  6063.026499137722    1         45.282546230688645
496.6929027659884    3501.5187378671194   1         42.842275231672495
-4835.622995591333   5363.079071001268    1         27.747976391908498
1103.477755617776    12240.205691595998   1         24.607328441586382
-6744.052264984031   -7288.252506182184   1         0.11264028571856784
3453.1524232896463   4841.178690752093    1         18.787173909758145
-6181.931164203175   1778.109895215347    1         0.366718578339027
1169.2907978851563   9267.749412003936    1         0.7898731847916814
6060.150442335908    -3297.4123159200058  1         41.49122158203717
-7907.262337688986   -12166.551388300242  1         0.5999430242514283
4293.31751773976     -8195.095859566984   1         0.18761391058590113
-5391.958690896386   -7665.330871642976   1         6.029363077598636
-7885.360379607194   2885.0518908082136   1         1.1471388699059888
5143.668622740075    291.36329772534765   1         0.8979313177509713
-8349.226935490267   2338.875571343385    1         0.4240356532867463
-6936.405548027257   -6921.890598618896   1         0.4475083076575096
4172.328488290681    -4801.8085898961845  1         0.35042934389839364
-5806.379906158418   -4276.909660954874   1         1.127247891184772
-1943.432789645967   -6627.346435983056   1         0.6774114345470517
-811.0342067456664   10374.920397573696   1         0.8643125260836863
-1505.456778667434   -3798.493699043101   1         0.19404071674945023
