trucks_count 4
drones_count 4
customers 100
depot 0.0 0.0
Coordinate X         Coordinate Y         Dronable Demand
2170.308489052226    -1480.51769242741    1         0.12558507991223547
-4423.7531426954065  9682.435772753084    1         0.28627116443665035
977.1381996464145    7523.691297187653    1         0.9888575782825018
3439.6805940875533   5487.185342094908    1         0.5591013651129912
8620.56689809269     -4978.613523038198   1         0.6520788082567738
8675.49032830361     -327.5520315477679   1         0.7672638179661542
-6020.009634029916   3987.6624647256936   1         1.0972126867337932
-5541.142944161785   34.13181131093552    1         1.1067616841118182
-2734.069606139543   656.5748096233092    1         0.822341577979153
-467.0340192113306   -1303.279031162412   1         0.488801666190416
1116.0367607893456   -7324.602895045992   1         0.7406466345762733
-8463.160507659408   2574.66830244618     1         0.9185746601653427
6843.03386290159     -2355.128625783852   1         0.8473675128006101
7444.506051292735    -564.5069917114457   1         38.55297498759883
6010.5784410973565   -4128.779709178537   1         1.1913912920550385
-2347.3753041477944  -6900.020422471953   1         7.050423968931846
9273.149957639242    3240.507755237321    1         0.3850437640145352
-2713.3182953635605  4765.716180513922    1         0.8421713383007211
6034.345409330615    9357.708773577944    1         43.45758514063925
5321.819669432161    5675.5004240045155   1         0.7026835790281569
4680.864897175292    232.21965461332388   1         0.761095099246016
7739.541300242419    -2757.555483945586   1         0.7404583817664697
3936.780653913472    2567.3265272842937   1         26.42220755743063
2339.7003622141456   3276.5124665913286   1         25.653664222247137
6204.399179359187    4393.01879617868     1         1.0011758148035799
-4898.468316032562   3598.717625001604    1         0.8608115104603045
7886.936175493404    1499.2588553189364   1         1.01461234093694
-2804.8322470537305  2362.3662956167927   1         0.8132398396396293
3596.9387048244457   -8399.942156882551   1         0.5014047378456489
7000.427825685047    -8858.366207499159   1         0.5801053039119126
-6838.372242404405   6032.611416030284    1         0.40092947964315373
482.2105885368397    2125.1721806386695   1         0.8406784576236244
5959.105573889246    -8535.348860385408   1         0.461343157164225
2225.199893631942    -2004.075936085308   1         0.3628203747476504
5333.5419149960235   -4973.521317144163   1         3.3405216867231404
6755.8527971101885   -4182.524787725008   1         1.1995999436226041
-7489.142119547464   -87.91704425422176   1         0.48248752301010656
4367.3415753329455   2157.120064809231    1         47.61991810227874
9091.776320834177    -1447.5143332122643  1         1.1818619615947323
-5626.8847638943     -7038.204336859067   1         15.303176346097311
5642.533134757514    5475.348624724886    1         0.23601463401431358
-4518.388942556283   -812.3680879809964   1         0.45418040190174136
3185.1593889121414   -3003.464694681927   1         0.8301345417821183
7371.625436002027    -4862.793160050208   1         0.26052325414937205
6546.211427347751    30.498499199561074   1         1.105360965959794
1868.9460328695757   -9175.743568532389   1         0.30845730901117807
-1735.7219967860447  -5614.624073297858   1         0.17220836815211502
-1484.543263329981   -9506.202392978079   1         0.5718501443557412
7487.085019381171    -6215.179009574662   1         38.77199235051187
-4380.634042233544   8819.776764364711    1         0.9313137713165948
7647.450435891871    2863.9305007469675   1         12.620603592832436
2174.929458247816    -5104.858723141499   1         0.7452763548016388
2087.8951322860116   -9576.22982151194    1         0.43378362749920585
10485.457341863153   -8881.708458625437   1         44.90963386314274
3203.7062121300187   -278.54239300545305  1         17.806837188756866
-2189.6068276364676  -1929.6139454824097  1         32.299045879629816
-4683.616390645799   8301.359636933299    1         1.1959060545773579
-2006.0791912309085  8779.861540791238    1         0.585221701199799
5102.513501901244    -8208.212919590802   1         0.8532069443154051
1789.5578724960903   5830.646556276543    1         0.3117140604555414
-2474.0644946133543  -9490.874110062547   1         0.23421839394092622
-2363.746708460945   6663.863164439716    1         0.946843333731173
-508.37063441375375  1373.9186448514697   1         0.5735581405759665
-7804.62357530491    -7151.945858165471   1         0.4155274070960252
6468.398221436999    3544.69963176688     1         0.5001978523793548
6931.88976814876     -5267.205461673329   1         0.8530849371610792
-9640.06707189577    1867.8520764480002   1         1.1821466016694144
-3392.376892506963   457.30756605508014   1         0.42614947236018896
6202.414778203052    2124.2825321089786   1         0.5946086118260153
-206.52916698328906  -5857.906587398877   1         42.13311738479811
-431.0970603426131   -2723.5261307681253  1         43.768786121494095
-5914.229559176872   -7586.247192791958   1         1.0619618890100682
-2855.866831219847   -9593.553952313818   1         0.7941985053770633
5823.310745944789    7428.0251227665885   1         38.038105794179614
-9916.68774785431    4068.946893021918    1         0.4719633824201308
3314.238898801484    4662.139943212155    1         17.28548937018394
-5496.044775012657   6218.750999269519    1         1.0857538216433253
1148.6384963209853   2811.1786490412373   1         0.78451561698365
-3032.1637773577118  8724.972683978045    1         0.22658391451546925
4244.6691424967385   -7601.823152484661   1         0.862901335071147
-7372.958978096984   3454.1567404779544   1         0.6062634011092028
5523.4134621465      -9767.266136894406   1         0.3603806448938086
6527.339912759049    4904.467952122841    1         36.5506970769626
1551.4936610384243   -6424.120095543034   1         0.19189918292674682
-4962.553125451256   -7943.516159092271   1         0.20921413158428115
8319.711641229498    -25.663094189967524  1         0.6965095150977231
5158.765575538833    1517.7728792272992   1         0.25137836550288234
358.49684605633206   10750.30870298676    1         0.9928993647500632
-7987.24464642054    5698.234208503108    1         0.7873992784358916
-6556.922499504833   672.5494101262666    1         1.0422515312493186
-2340.9989841231068  8983.011211810124    1         1.1712104507974648
3806.149102646638    204.66550667282823   1         0.3239260317794669
-1121.7871329643028  -10468.973406988707  1         0.10616579389849695
-4217.965604181655   5470.385515308632    1         28.76475119078827
-4240.8380234887     9471.328320666025    1         4.27756047881029
-6070.629922044195   -4121.272736679413   1         1.2493746786703714
7043.755184063688    -622.8974944260987   1         0.23359159176526012
6873.56238414447     -1907.888769194886   1         1.0378361648597312
1714.2659212666015   5017.752893443928    1         1.001451795332039
-3397.126673935103   -227.07659098404474  1         0.37077687477613597
