trucks_count 5
drones_count 6
customers 84
depot 0.0 0.0
Coordinate X         Coordinate Y         Dronable Demand
1187.831789416211    -1890.6318896603318  1         0.9403931878369366
-1709.1605440636283  5451.1913812563635   1         0.7529524566445247
-8635.26036444166    -2016.466444154481   1         1.1173543556553431
8064.946491747911    -426.334749985741    1         1.1563082129222202
825.5448838961132    5202.130742392325    1         42.866410890223335
-7470.766241512666   5498.711105174668    1         1.9836106012402688
-2598.9479785698827  -30.29627708898085   1         19.017170637941195
-8331.390159857001   -2919.079767751631   1         0.14615422591242583
-807.5990022505517   -4469.904766655638   1         0.7603145995976986
-3931.388731541896   -3442.671884241141   1         0.7668683096124879
3754.5488443683375   -7682.721453394629   1         1.0480277259345476
4318.347067613467    4187.953821277081    1         26.731213901863324
2038.7847982458077   7700.55938877287     1         0.7303384165220772
-7487.574843285456   -6814.344711488597   1         0.39650208309443924
3485.458254681904    -868.6567979712213   1         0.3372041494302174
-7264.223159391149   3556.30103325265     1         0.7861595984144698
-4692.896861929287   6241.98242011547     1         1.246699739191993
6850.879428783286    -3711.200358801484   1         0.3323922754498113
1954.8211934800718   -4795.351616008987   1         0.21063342703050086
4683.938295909566    -7777.391335429869   1         37.65354450859946
5478.857307863656    -373.74897666948164  1         41.13057726337875
-3853.0668779674425  -5449.654681672412   1         1.0230386976977486
-6298.125132027142   -6082.120368488016   1         0.7631040559460046
-4283.8420522738015  -3303.975792546804   1         34.77762859746233
27.280908930983912   -4381.4379922283515  1         0.48671247194765
-7117.234105674261   -679.0450532468121   1         0.48651567890709424
8226.849315082345    3841.694275036247    1         0.45467652028954897
5245.694681912252    3392.56195248111     1         24.85934496822712
-7271.834874794943   -6517.993052579987   1         0.9390472841919992
2275.334893276184    -4673.432768685065   1         0.7645350966077483
5209.026632783945    -8369.319664498145   1         1.0727639849327486
4241.0003028530155   4492.396117518583    1         44.66902172706893
2781.122389789338    -5347.514071760859   1         1.1468669858687732
-1704.488279502863   765.4185862212447    1         0.5954284175950223
5424.415802664271    4984.421920053772    1         0.13153296663157735
-6946.533555600093   -5834.376036596945   1         1.2252698778304334
3789.732060003853    -2563.024409313666   1         0.8463184218099703
5012.32255363209     5819.1672037104145   1         0.29769153574173485
-5907.1070406826075  -550.88506552238     1         0.29171138316017997
-3816.767229728019   229.4059317540992    1         0.25052502741915794
-5373.940031026096   6278.696133061525    1         0.30747316159641147
-688.2833226588469   7973.51123681092     1         0.5667263591041812
2171.3355325315806   8054.940172222325    1         0.772787726456285
-4203.36362194374    -6623.287923395493   1         1.0679817909355125
-3494.7368354710284  4697.541874293824    1         1.1362271640964237
905.9421818560368    7421.789714507502    1         43.888032232866045
4942.291443811821    -3841.4645675559314  1         29.099977680397476
-1194.4365474497254  -5971.738580150097   1         1.2367154177983593
-2500.21582780317    858.2051696289831    1         0.8287798886141119
-3502.6426878076577  2087.0724238290263   1         0.22371998614147412
2005.7061948546543   -2191.6860756117867  1         0.6641471848608274
-1473.3570865062968  -651.9153527046633   1         24.869589903857293
-6029.120898643289   -926.2132048226576   1         0.44503488347824094
-7107.74392833972    1727.1349896511126   1         0.1509863597644575
4740.66534136686     -2373.439227632508   1         0.10543284914561998
-4551.680765903981   3878.044859882757    1         0.5840322734253645
3564.676100227082    4391.652684953926    1         19.601611796706095
-4646.043185337482   1975.4549495718823   1         0.6273531323513201
435.90494315318114   1691.7745254427616   1         0.5070400965791962
5904.694681440154    960.5959297668323    1         0.8974727797145737
-4348.139952116332   -6468.394034898011   1         8.283173270278361
-4785.38021443523    6498.413033331448    1         10.18213656681562
5752.751030349863    2470.798746335342    1         0.28079576740016876
5874.779816795095    -218.56209110491122  1         1.1494308627562784
1350.6629317341794   6862.9345849381425   1         0.1099621091710705
-8578.042915092863   -2644.2065578596457  1         45.67979766334187
-171.76302883130268  3786.6342496948423   1         0.5618656029526751
6861.30525808093     7176.67265772136     1         1.11518603472995
-1453.1270159978142  -8169.893324484417   1         1.1117766732495777
-8552.1810645391     -3052.5404042408277  1         0.35243317303980115
-2995.718047533694   -7051.231203270179   1         0.7306643064035123
5889.9028492388725   -1654.2239911444967  1         24.18481155287593
5040.21061017714     -2324.1333718939245  1         0.47980014123673465
-4827.852699174352   448.498749381639     1         0.47252320688531224
-4594.840764176366   4113.352650593984    1         0.4186343822126525
-8426.54499873215    6360.859731085929    1         0.651243624743732
660.0514714882374    6160.155754221692    1         0.6602373434376414
-2413.183430944445   227.1476471456781    1         1.077656847338795
5121.508785365487    1790.5385903495517   1         14.05341390929154
6072.918447896566    -6988.4477591100895  1         0.1719963729388886
7498.857502847603    -7815.085076182524   1         0.7555763230646749
-7235.273248643273   1480.8103767392745   1         0.9697653522835002
-1710.4130579135335  6619.3153312319255   1         1.114061483386336
-6724.899216629032   3968.9835958889257   1         10.105694974175943
