trucks_count 3
drones_count 3
customers 53
depot 0.0 0.0
Coordinate X         Coordinate Y         Dronable Demand
1379.0802111017624   2818.911884313494    1         1.1935998816804918
-4012.6600362790414  6605.673938935433    1         10.867628357745618
-3740.942062772942   4494.396398800289    1         40.03585732236178
290.9904981676338    6081.205441439707    1         0.17565514540403476
5715.944098942225    -5332.879779688775   1         14.496100153027415
3713.3898523840503   3839.0573262250145   1         1.051638902568896
-6649.222945093901   -1899.2936774500038  1         35.00167032549886
-6620.435435277492   5969.0096266063765   1         1.0431534758084233
-674.5343873444604   -2699.693031837117   1         0.6304859188731774
-6497.19006785124    4630.57832664919     1         24.411642732499025
-6324.879249576263   7408.024013792416    1         0.20281887227469836
-5551.028002918125   282.4652719751726    1         0.6522671814799809
-1550.1051799638258  -270.0184835588746   1         0.1778967937560768
-4080.2999959568137  2957.662703445211    1         0.3742809186601832
6260.680703103846    2236.121992545358    1         1.010180761838023
-4496.238115043388   -6789.853541976933   1         0.7326353569379596
3289.8880321697534   -6516.809869466363   1         15.361892513190831
-4261.826974703358   -7347.062336988743   1         1.1525612184793752
6565.140286671147    1663.8930040705034   1         0.8215803259551392
4361.556265645394    1470.4084840674423   1         0.43759536206427163
-2627.9398263345192  7509.287314637175    1         48.13388645645343
-1857.1585556739751  -2782.468531296639   1         0.19909374457568826
2341.345892333399    -1986.8408565117052  1         1.2135997368292104
6750.578673363816    5789.984370014949    1         0.2683866504833955
3540.4626252837265   -3637.7919624129954  1         0.8195505343413135
92.84732121974548    -6803.414717592463   1         0.8722527126278989
3385.704955125402    -6179.520263891268   1         1.0760718593077017
5838.170205983441    7028.725863181304    1         0.7189572263214251
-2453.1223427558657  702.1421010830421    1         0.43537607943958523
3441.1134990054243   114.75051678412346   1         11.370842063878563
451.11621634169944   4348.070424229054    1         1.1606696290333578
665.2971835603323    -6267.978139068572   1         0.6873316945048152
1672.5064418511438   2174.6431274032457   1         0.4128309366589489
-5196.645033215275   6392.764905320616    1         7.952200762072755
-5718.20152194527    -3807.982718954102   1         0.366250193932105
606.1122943090376    -5922.100507961745   1         0.5874913103533131
-5282.575156022966   7199.11758889532     1         9.014066819007944
-5002.5372885115985  2780.5924661399513   1         0.8694600742032865
-6900.033929956924   -6550.953110776464   1         0.6819688675042151
-4722.766161271935   4623.278690793918    1         0.8728346390187273
971.0142434551381    7516.924448450693    1         0.9573352080649651
2728.8902826085105   5565.193050683539    1         0.9532753526672102
4331.295776682409    -903.1260928167088   1         0.586148412458891
5082.1100974277215   -6523.411983607685   1         0.2250180178933559
1885.4967111546111   -1753.2275884295957  1         0.11508148736753884
-5881.806072282995   -5926.044806528979   1         0.46463615041907735
935.6405179622254    -2715.3402243668065  1         5.1856395508840585
-7569.0477809242     -5912.400972111216   1         1.1001974908962966
7454.658787524145    -2675.294517101211   1         1.0523941405984982
-7032.01323397243    -2564.447975550783   1         0.48142195329495385
-6541.548290239358   -487.26033389391796  1         0.5262637903706104
-4613.008198220133   -1467.249428181439   1         1.197206507635752
-3923.122698458398   748.1929322064454    1         0.5117156004402014
