trucks_count 4
drones_count 6
customers 95
depot 0.0 0.0
Coordinate X         Coordinate Y         Dronable Demand
9728.271205030576    -6414.215358995407   1         0.9574215138772698
1028.6754397764098   5617.933420082161    1         5.967104765068473
287.34138760172283   -8736.162921714502   1         0.8342652764683888
-7166.603296006567   8268.060961363592    1         0.8157450444765388
6313.570069375355    3722.028373652687    1         0.9981285969687733
3093.4922545872373   -257.47353508288586  1         0.7383843294340582
195.3608614582057    6039.219884505418    1         0.39268284834945244
-5127.121357945194   1823.1391290694296   1         0.84757735026509
-3082.343537106768   -2610.3798246152683  1         5.127461967393224
3661.886114835548    7107.0063634778835   1         0.6479770014357004
-6371.131091503982   -5263.181489939042   1         42.70707447467597
5088.1944121539855   7753.301927709071    1         0.22628185656698446
-8860.328633071073   -120.68323117343472  1         0.20586969972985808
-6018.122219729739   7709.443804722707    1         0.29529124395770545
-1037.9900252932734  8790.425822934734    1         7.3787993329198445
-8483.951020920864   9637.131139246192    1         2.3053581409437314
5077.67035569289     -7526.975150389073   1         4.230134672675594
7602.341872309442    -7327.616505838056   1         0.17112277013026309
1587.5335755826582   822.9712290246126    1         0.5040509056339464
5113.171267995982    1663.6151106281357   1         0.7645094115393798
-8081.800938798174   3190.2978854849603   1         40.860318125366675
7622.987044315543    -2235.087736073812   1         0.19704848279040965
5226.89687598977     -4984.270890033513   1         0.7309968402442534
-993.0039631649585   207.93510863331153   1         0.4898243223159253
4169.554504967378    -2220.9573196935607  1         0.29123968358011976
5251.621212697273    1040.8494629478141   1         33.935707070930015
6322.764226459642    -1478.7912293166155  1         40.11070897753395
-6620.765120027488   -7746.540062884421   1         1.1243556446947047
-1565.6866198607763  1008.3770511488838   1         0.5209603493523441
3000.920628537209    -7672.798345480417   1         1.2222655835170222
-1982.6274413459337  -4519.218455013938   1         1.0454482627234312
3678.4438206788273   7649.895690760282    1         16.29932297114263
6084.938786108862    -4019.1841479000836  1         0.8803119551816548
-4515.687690459604   1823.0089467526082   1         0.4916978032401239
2964.911744663428    -4561.426752001305   1         0.46715296599475764
8272.27997629229     -2397.6507756475944  1         0.9058693008600789
237.28445237932863   1384.337730505039    1         1.1962296798667018
-8360.02052833016    -2977.886350681313   1         25.822894435668616
5539.408312012973    -1019.5535762719446  1         0.290310299316068
-5449.649208036769   -4131.175172977779   1         0.29610826705235727
-6080.251583376775   -8050.7062089381     1         46.14167295161913
-351.7415596475821   6629.724630345479    1         0.4159822739514615
-2118.1457399846527  2780.880876987951    1         1.1296613771227455
5562.572051172519    8387.006392158557    1         0.16642038146832291
1171.0603994658195   4574.929215177084    1         0.22284990928679885
5563.5797762493075   -8817.905919912173   1         0.49032957291935
734.0126112202634    5820.986068904958    1         0.7721910935136823
-6606.026552015312   1311.3813892499145   1         0.11844769645469097
8726.052976023995    -4693.760466418771   1         0.4549168195153386
-6906.560414047604   -7921.903289543719   1         0.9511139665990291
142.86683961135878   -8281.953991797945   1         17.964285530581368
1884.4788213379143   4880.527669894354    1         34.58916442143485
4054.8947543889412   -6772.6182633179005  1         0.7482864545236566
4516.7432685278145   9235.505269812806    1         0.5930819540427612
1145.0395229234323   3561.6707121068916   1         0.4276904881717928
-5481.39039104199    8570.316261687241    1         0.5718728256990944
-67.97730069723026   5068.371159474298    1         1.0148402522814592
-6339.594140992434   6967.2512986041265   1         47.19727660440256
353.48052403550736   4701.580780960373    1         0.3187488301680833
4525.461410883434    -3255.7411631059435  1         1.2082844797018992
-9746.404375773245   2060.312501112405    1         0.5270473671996166
-4746.862377419388   -212.2162400581706   1         0.8179153294901267
-3512.809708077176   6894.257846423176    1         1.0221009900521267
-8333.511719756607   5094.2856872793045   1         12.292267465455653
1013.477094996797    -418.11028712214403  1         0.630717301490636
-1144.7522906244326  -7666.5018843219605  1         0.8897624543059266
2533.658775475533    6780.479021965489    1         1.1775291446987415
-3676.1183353439255  -8404.82221327178    1         0.3478594899262716
-574.5975374747959   -9610.050249805028   1         0.7476784402303797
6091.961708805068    -4185.255086548387   1         0.9816692501381221
3032.42045740902     -5402.038228849143   1         42.079986889161916
-154.3240532537479   4949.163397274147    1         0.13013026702395647
-4977.141163298278   635.4993504049298    1         0.7150599049458861
-2403.1699450555716  5390.705849134336    1         1.1016920858314054
1764.312966760593    8293.9344226282      1         0.9872318848369444
-2769.9800718633996  3273.736384475258    1         0.8561541138991778
3727.1012807578336   -7358.392629423165   1         1.1742075713203912
403.3064108603649    -2690.7839957470856  1         0.6242086569703257
-2570.743084904661   -9185.890140022166   1         0.9848317834593183
1052.9467135528685   3195.597149182886    1         0.5676453134236208
8851.807184388454    32.78225808174148    1         0.7160178511620262
10.72692141092557    5482.063571655179    1         0.15051393640955332
-275.4143678138963   -775.2787176457723   1         48.33967178101353
5582.512446619737    3736.2929818172693   1         48.75385326710887
4938.828148912183    7357.836680408113    1         15.957595239796392
4613.68832768683     4116.937593083187    1         2.487499490616236
8927.195205455353    -1330.604582161575   1         0.2709729872026081
6792.867513490152    1122.8999718857392   1         31.625412797828307
9526.803506473649    -8462.07982666362    1         6.323832586996063
5058.310593512607    -16.220023634730413  1         0.6921248166497627
7367.433689266591    4162.521721383353    1         36.533820363185896
-4494.500783332171   8070.884895961041    1         0.299608449297586
-4705.969026821637   172.9320046462034    1         0.8323453290270348
-6813.516835205631   6214.141355994903    1         0.21244258514735326
-2618.2284404163265  -5358.915808741825   1         1.1262014400715763
