trucks_count 5
drones_count 6
customers 86
depot 0.0 0.0
Coordinate X         Coordinate Y         Dronable Demand
9412.464613143933    -3279.595312669048   1         0.6960127950057211
3383.7860966814187   -14964.282967242994  1         0.5880943237342585
13900.958533942987   10331.630036573126   1         31.408516894802677
-623.2261541270813   -3455.253541727636   1         0.8340033915018357
-8762.03549648941    13297.93010432741    1         1.0277414323722527
-2402.884469924331   10558.799213664119   1         0.846643451018105
-6479.071916999888   -5873.439437649568   1         22.36835261649808
3203.1088703577793   -3617.1075913786285  1         0.4103789663909001
-1421.7639276313198  -7272.407211873854   1         0.730159016542848
4640.6119169596905   2913.4694379388516   1         0.19770815715128942
-2543.295321477125   5786.131630332733    1         0.6347122326561029
-9858.328333447425   -2513.823007533521   1         0.6906867205082762
-3807.6515587804342  -2160.9773911705483  1         1.243867890389452
-5119.543665811873   3979.55451340222     1         0.779002158309521
-7123.606435796866   -4512.408579601479   1         0.8294348153627199
-13303.826001495134  75.41657973624751    1         0.8251137465689627
477.55402881928603   14198.934968442496   1         0.37313625714192555
-5056.03729109077    837.7952906955913    1         0.1689042455411327
831.9152986985374    -6410.750004939406   1         0.8289213163888004
8109.611305666208    -7066.797161005556   1         0.7338374355246566
10068.378250137495   -2237.244584568851   1         3.27874875185593
-8734.112568545312   -791.3267196297621   1         8.444677540774764
-7475.090989333416   4239.866869283602    1         1.2059335658911698
5859.453323252532    7481.710905934648    1         1.1262029280692407
-7480.688135739025   1425.7264387345688   1         0.8985557384174281
-16579.0594199506    -4082.075572282185   1         0.9949361188542433
10587.08603676687    -473.107201096037    1         0.7696015086256419
3138.3736827102935   3441.939225877132    1         1.1843867808605157
9345.738227521737    3655.941896821631    1         0.40727897822629366
7875.852071620191    -6594.550442515545   1         0.8287191833837402
-3192.650624784281   -1978.9722104094005  1         0.6703020962865702
-6716.251826058472   -1061.022672523826   1         0.2816982372724074
-2686.5948242017757  10291.911182848651   1         0.6034621098567181
5449.055331293708    7712.116910494021    1         0.14471443619255206
-5688.819533538478   6995.757746216082    1         0.16512448077822
6011.205626441393    4565.040660706862    1         27.450548530449097
-70.58640927268296   10186.047056071715   1         5.782244928891185
-5400.12003897095    6244.950862538026    1         12.99202480908151
-304.0655724313342   -5846.916886330653   1         0.4773991328762154
4274.7375703298685   -1505.3395641385905  1         0.22504122892661613
-17318.970336277427  -1007.3948139083186  1         0.4185269993695059
-6673.045247887173   -1350.7130510576822  1         0.5524612936132147
-6479.025360055439   -6067.81863126177    1         0.16668340941425158
5676.20970391862     -7862.016570928368   1         0.1640249989564082
7394.917864929125    3135.149268989059    1         0.6143742038833434
2447.2509919042413   -6934.9746587131485  1         0.616442776194732
3181.9197192733045   -1861.0534867206638  1         0.589762268989474
3214.8425029679006   9063.255657324036    1         0.3392321379767379
-2917.259597866587   -8544.743000998289   1         1.2141663329049774
-5163.117567428387   4710.111860134323    1         0.4729316732739156
7836.243970572519    4706.431524734911    1         0.24426634384189136
-15102.975600551483  -6927.397748422787   1         2.7955946399028315
5514.323509723439    -10851.098210033435  1         42.10138232456164
11569.565529497133   16778.865761512487   1         1.2054423645259882
-1680.9976508845655  -1480.409740903098   1         0.5245550898757103
407.5819043287731    1103.417521779266    1         11.503087932372583
-4234.2128140443565  5298.484268851589    1         0.49477327619423406
-3619.6382116459386  -8266.016423269637   1         0.2980206559373342
-1263.4697542104661  -4860.4416022217665  1         0.9703405155277705
-5084.570598773804   13989.385614647206   1         8.751326060484292
5525.463713651872    1573.294461487887    1         0.12606450673403627
4540.821013775343    -4338.797054988525   1         8.186558000771162
641.7758349773934    -6630.86998279695    1         1.04530087635207
9308.096220232834    5266.592396999171    1         48.827807124789544
811.1801150976992    1196.4451901753275   1         1.1038789640807987
-12357.597794367088  -1988.0188672101267  1         0.6758591385458039
-4619.382154036376   2390.8457893677396   1         20.039343744251685
8574.305587964029    992.7386389910881    1         34.23192750056357
-8278.405672637797   1728.45836211923     1         1.013050328657963
-7342.6927983835685  2127.1637217407224   1         0.7804096632077957
8612.161483535036    4591.606791205101    1         0.7831406287161556
4744.573980535274    -6146.668117007242   1         0.2901163956844626
453.36964047022735   921.6312897873711    1         0.9144914261573205
2130.3877908472487   -7740.324474859339   1         0.9233858397815811
412.29208800578635   -16865.492376848262  1         1.2017382984225766
-8641.492727649695   -4893.304852780484   1         9.78249270519774
2295.711620953627    -1566.7900278327975  1         0.9853089835993174
4605.842965161817    8274.5163364599      1         0.7926762986529315
2103.5350637106158   -7577.16369602142    1         43.6115825665155
13693.904202981088   16757.17939506459    1         0.2843240027527715
-8716.18524010935    -971.2057692392914   1         0.2550002390099587
4466.307184254036    3215.474447800486    1         0.9277058125912915
2654.347860423556    6864.316854478971    1         0.3018620565481098
4921.5330534253435   4255.20872244516     1         0.30180004907285973
1895.2358093837538   -18114.668072628985  1         0.10695788735234038
-8329.109890254007   -6780.703801197055   1         0.9256505594591411
