trucks_count 5
drones_count 5
customers 89
depot 0.0 0.0
Coordinate X         Coordinate Y         Dronable Demand
-2.392754079672951   10401.103439881064   1         1.066348721217842
-4445.466765457529   7193.478758514688    1         0.526437009379336
7486.060015493391    1161.1727758989848   1         0.5195742638519338
2060.04408175038     10466.102237143874   1         0.4400998327973372
-6837.775062501233   8192.188189517326    1         0.3382319614792286
1016.2014509927777   5829.4145712257305   1         0.9314868776814783
-9724.75172187423    -4628.8620888384185  1         35.51897537442158
6866.082749329491    5952.148346780331    1         0.6201035052026249
-9038.438499479775   -1332.2188001894563  1         30.68822331053312
-7024.36505687521    -6773.507485688585   1         0.4231428753654065
-4908.030870764311   2820.364836175624    1         0.6448121851967521
9578.972960038884    -2747.6018835271693  1         5.173529453119665
-2330.0453698238744  -10458.912750079278  1         0.6717103835477948
-1546.5641210711867  -5313.056052768943   1         0.6481981804418189
-11021.868028698216  9620.881496459388    1         0.27642350112581493
9078.64397891036     1257.2459955056245   1         1.7853007033937565
7274.067902667309    6726.88394400882     1         0.7113870293522899
6730.961993119112    7510.78273591936     1         3.0524495564472813
-6723.634767882214   -6806.232736222638   1         1.0826323847832382
-1627.3525932378034  4891.079864605472    1         0.6550050918333711
758.9410979065411    -4775.972685287238   1         0.638858477611058
-1456.4292581066932  1625.657670801779    1         4.100631121960601
4780.627988797217    -9763.397876290783   1         0.10736476910039655
-7800.312988289943   6693.512403974465    1         0.3209670744111016
-3534.167756241834   -8059.446155674097   1         0.447921268673514
7705.533372233955    7300.4677282747625   1         0.24454741534163152
5602.9697323069895   -3899.4352134422106  1         0.48103412176399507
-5428.614758922739   4687.044930711682    1         34.26165283300077
9383.890789110823    -2341.5104227993115  1         0.40814495233838455
1207.6563759306205   10235.536905487741   1         0.557867847572346
-56.14716868403775   9108.02811606372     1         0.11146011086466442
-8470.937099972729   -4677.187292414953   1         0.279556279292652
-5336.974639475272   9099.524654336463    1         1.036021501026609
1956.7857270541083   -10201.111127894012  1         0.24819186778650526
-4827.117489298926   -3600.4906617315487  1         0.17618937186460495
5148.687929927088    7143.00993091259     1         13.306716436837922
4612.487854193327    -8340.922555062161   1         0.2990037472328525
601.342770634047     -10475.38817755983   1         0.9088682079374231
-12760.257114622716  11439.919108074573   1         0.48223111755007886
-968.7944573631258   -3892.355869484684   1         1.191120447376399
-11069.296831691929  -1825.531955755947   1         43.01727347514631
1378.3943108098401   2478.746169687722    1         0.23338989243286035
-8327.747770952636   -1134.0392466219498  1         0.4568940862689551
-10147.870165937522  -3779.759661235135   1         0.9600332228481601
16446.350715937537   -1253.8252146872874  1         40.72911146226015
5867.464028923783    -5497.98690355629    1         0.2517878394675165
-674.3777834881737   4289.951036242859    1         1.0156585205362518
4339.0950290360925   7468.788051533752    1         0.20794920508250891
-122.33138189281827  -10561.640285315776  1         1.1498112359181913
6938.658896937946    6133.130012736815    1         0.18246115991757605
5647.414278375985    -6883.521192762617   1         1.082960500140421
15326.999552082147   13834.84084866906    1         0.2861501508383954
-3353.821474984954   -2510.6311532183863  1         14.49449900461776
-1155.9047011553246  3870.4149039203      1         0.7885286781606428
-8854.950632023523   2146.4719861448593   1         0.11793044447214517
1839.0513127136328   -3384.732511615779   1         8.667062423379665
-1364.8562414690844  -5812.529553064111   1         0.9506645990134639
1451.4804579114116   2490.2804719203646   1         0.7050184001550938
-4916.011129959778   -2394.695144687303   1         0.33754034982110503
488.6361158335635    5415.888070425856    1         0.5539922706516334
-1154.5622974353837  2116.108745538589    1         0.9698506273215184
4641.73085818088     4108.727201494364    1         17.584275555652148
-8141.241666579078   459.8962653634287    1         0.2385561189697226
5440.1567343625775   -6882.035993145854   1         0.13898355704114632
-2109.0928794253764  -10089.498840094064  1         0.5751528726145072
-4323.26660217274    -3489.8009872574244  1         0.8077847409074479
3103.804279220749    9724.998799711535    1         0.38848103391114064
863.9127954519266    7791.621526442271    1         1.0171693736768248
625.742070946998     -1094.6429874482872  1         1.214857670858144
-901.7262935873824   9507.199119360212    1         1.1914805877884067
12557.979245782502   10466.435799820094   1         0.9499940112497003
5161.746891491388    -6878.012928893162   1         1.147343229139513
-2402.9194389039367  3790.127457343861    1         0.7511134112488582
-5822.462189038224   -2578.916345608708   1         33.91085048299555
-2891.03656176176    3922.5225116150723   1         0.928428976586197
2380.334025742075    -9915.672342064063   1         16.451020253659113
2134.382864151583    -3552.2313727662313  1         1.157709919996031
14278.148069579904   11872.38642308706    1         0.13622867938687558
2044.5119714620446   9329.567263468974    1         0.9620297421340016
-7912.7877660418235  -5127.469899082754   1         1.0935115711409273
-140.46762407929145  -8124.642585138855   1         0.46685785590690065
-1354.9104511645137  -831.5779441769704   1         1.005492505567623
-1011.8556776481053  6632.875068306074    1         0.3909236034027189
-10225.891697240002  -3912.111531160506   1         1.209498659285865
2648.3354581974854   11419.027046459985   1         25.32461483078835
347.5888699555234    5012.978063666022    1         34.45165493166917
-8121.57279298628    1494.073347112023    1         40.58263841684809
8515.319630601567    706.4598634795775    1         11.483671073311207
217.85312625998586   -937.9513513864458   1         36.44450397903353
