trucks_count 5
drones_count 4
customers 54
depot 0.0 0.0
Coordinate X         Coordinate Y         Dronable Demand
-4744.645947065373   -4834.14583717106    1         1.2186090104486849
-4864.618343669409   -486.18489851445713  1         1.1311624477744784
2147.423438198507    -3363.1428305548616  1         1.122161185150883
1590.2610408385676   880.9606932121532    1         0.9953095586125347
-1821.3260085433221  6684.1350068021175   1         0.748382709841426
-6856.746911713908   -5683.506175051903   1         0.41184997251069233
1131.5848767600398   -1301.9835613677333  1         0.17804331198873322
107.0264466056013    897.8315536744828    1         0.6902401457983605
3808.423742291853    -5147.890708443427   1         0.5056039141557048
-1088.4240904101052  2017.740850844392    1         0.36260899512834266
-5512.906607438241   2701.88857573884     1         0.5604985838528229
-5927.36158135229    -3556.0685995721724  1         0.9245687745483774
-3268.777114364043   4515.008123698249    1         1.2471244737458933
670.3850257306807    -1152.929017208563   1         0.5204384091058635
-2503.600104641929   966.4126285912891    1         0.8865383210409613
4974.939994925966    2577.9381286151183   1         0.4198331636416551
3650.2676715727457   -5194.753525293747   1         0.8835452683081474
-1163.8933900272982  4119.759338163675    1         0.3241409599050331
3281.2194317169888   -6899.492539712239   1         0.47044634697121246
4935.552094123484    391.36949695017984   1         0.7457858906598235
-4508.826211383019   4726.432318190092    1         1.1138417873227688
3320.6610393690717   5440.534183070185    1         0.25206554881441023
-5719.940724228319   -5098.419914335573   1         0.8017823142141518
3389.2209660987787   3252.127302905365    1         0.39881549374202463
5638.47589755171     4667.396618663558    1         0.9220732582846435
-5733.318124772335   4766.088577432286    1         0.1388662024120329
-714.1367500631468   -1451.025551062085   1         0.6363614694817474
5094.987025056188    -3260.493355302466   1         0.1701472536322859
-3051.1134608309135  -1667.6529548810909  1         2.6653592238418784
1842.9881319577084   -5488.036247195201   1         0.5336905474408491
-971.4454837722452   4406.282609901047    1         0.6114704622693811
-4397.979725789787   -5056.6674383663985  1         0.5084240957570079
4384.792368482772    3191.5218789976416   1         0.5659483734040175
-2477.5326512921506  3519.387674913574    1         0.6683172496928691
-1840.2696078450208  6583.412830662925    1         17.779951209385455
6623.048417318115    5397.347119105784    1         0.5355313261816025
6795.904702451697    -5551.5503972168035  1         0.49124682026642696
-2388.143435573374   -2159.0719269167084  1         0.4393326821564293
-6.46328545744822    -6894.572756610059   1         0.5176458100918019
-2072.7872852943783  -4375.634828913001   1         0.5190797041103352
548.369887645341     -69.45115799175768   1         1.1662984145640793
-6652.577690174427   5049.297590277211    1         27.507309789317688
-1471.364305041575   -6648.055503465897   1         0.17592949509414718
3428.0619889082573   5228.957928428247    1         0.7125959298178008
-701.8529990268602   -283.2980016647414   1         1.077465656833275
-2599.4410331015256  -3982.7799428686003  1         0.8127079024112921
-1174.9651331775262  -1014.9130355927156  1         0.4284785620404238
2348.8663371161856   -5715.066673410504   1         1.1089084274056187
5287.127217240227    5497.905859414398    1         0.1596173153690402
2925.4478826447926   -4623.6333936169685  1         0.20552174086415384
6235.880850208565    2456.706254122121    1         0.806947196334094
-3879.451422222933   -16.760973585003253  1         1.1428647611223286
5054.810970902175    6817.718497446444    1         0.2506537965482557
1444.4267957424083   423.15625308774025   1         0.8463562458368983
