trucks_count 4
drones_count 4
customers 74
depot 0.0 0.0
Coordinate X         Coordinate Y         Dronable Demand
3008.975794678351    -7222.805663530707   1         3.3968923994125158
-4820.729926516084   -5418.973660794124   1         0.13494020981579918
6439.033089578265    6746.5099560396475   1         38.78257615725237
6761.552280342086    -13467.529723151558  1         11.777423344300804
7540.958844259498    -7064.926240907456   1         1.1354253145525068
-112.85025745744355  4413.752306779183    1         0.7926049056135787
2080.0040232900433   3346.7272579044507   1         0.8962084723627153
-10817.354072173113  -1287.5480920964717  1         0.9334646605702304
3066.0948547718067   -6485.58231581109    1         0.781209008671218
3793.2382066520977   -10179.945157561502  1         8.305101210919771
5982.680862735342    4294.186245132141    1         0.4806644326192482
-608.8079964538688   4650.037269258898    1         1.2137471677065306
-2789.090915944745   4034.799285631617    1         1.1034352328631531
-9649.841812625264   -12.940852623154727  1         18.85232737259418
2200.1826372424644   -8721.048424933146   1         0.647627319907726
-3553.256140376642   1280.2256385049031   1         0.798445182118187
8877.351171918728    4608.846518512261    1         0.966327526285173
6827.633663922153    6325.038357353529    1         0.9552835454943676
2788.9090589143543   -10387.50368635646   1         48.842949749453815
8635.8090183549      5132.225663668406    1         0.6299511468198441
3205.891284010101    2223.026009596911    1         30.938255417778795
2252.9068326758297   5496.847665155261    1         0.28259147383311756
-14636.406449373633  -2352.950982259841   1         1.1093309579816877
8176.924970374126    3447.2909336362877   1         0.9112997737113628
6062.49266503191     7204.605285770609    1         0.49398475215988036
9298.113188565565    -5160.487918530835   1         0.33270179229961006
5990.671465333173    7003.652119499806    1         1.1275969912482053
2574.4644224209815   -2985.528629118934   1         2.4782996323757156
9747.082907809116    2766.6793334712083   1         0.917712548962237
8025.028381321336    -1380.98536310198    1         0.11540277470742027
-3777.99082395875    -10105.973408162836  1         0.7739859457780685
-3211.6960575694297  -6600.009027069441   1         2.4970768469162317
1191.2669647352832   -4038.0539523951643  1         0.19720842688324558
112.30241351910324   -3492.277731765595   1         0.1589650004685777
7133.31821522906     -5580.95679422894    1         1.0248292676737634
-8809.718754946847   -5725.606609917814   1         0.9241421845085642
55.56167743135813    -9106.849350280268   1         18.170573824030473
7493.774589774323    1163.7299013778086   1         13.387257187980506
3634.7931971834623   -5844.010989946379   1         1.1544332875601528
4955.812467718897    -2452.4217266671935  1         0.8048354215984568
11844.621751273226   -15445.725983344959  1         0.8937266407793604
-17200.564367905845  12452.183909677897   1         21.90289808236595
6864.478629307574    1989.0926246377267   1         0.9011908433430412
6056.7474966103      -14462.56439962397   1         40.025019192721714
6995.651835653129    -1037.2581502701446  1         0.5136240166970595
-7718.148411622709   7653.086997839904    1         0.46568274434203893
-5944.509526751532   9174.959021441655    1         7.61209958991612
-4991.740903234733   -5156.806949110735   1         0.827512023410593
8045.166836898005    -2886.5018614092533  1         0.5125634569550026
8638.107850144312    -15583.093358972073  1         27.9725676676793
2329.31553624635     -6086.874183235974   1         0.2822296160552319
-963.0792833196653   4051.7932074290743   1         14.85669106575164
2443.614336464033    -8722.871976943748   1         9.648876602970635
2789.0820532230723   -10090.013248848305  1         0.3758101923302055
-10546.01996833131   -13139.993248770284  1         44.37602653805766
2602.413470694027    -5550.714625094255   1         24.81445688911596
10874.697971013662   874.6289732254038    1         0.7259552626897772
66.68049852190379    -7847.716771184394   1         0.94346574745335
9897.988953677186    3293.6704505213615   1         0.598355053071149
-7541.272687682985   -6703.552039166992   1         0.8718787669484191
-493.9628174297425   -8187.447622498825   1         19.14664424387837
16974.066899685095   -12037.15316368828   1         35.4533441028975
16657.889907194105   -1412.2996826569051  1         40.185845742227215
2335.531751371142    -7612.18910656212    1         1.2308055815401273
5677.165263539364    4894.687481432764    1         1.1820818289477502
2242.099735926185    -10479.08398942962   1         0.19252187430134754
-5665.189571102691   -7037.3110889742475  1         0.2135803285945556
-2095.200851158369   -4043.076823421689   1         0.17405601924262187
-15820.194360961823  -14453.280687389408  1         0.6062863076815839
-10439.610703334605  3190.4112244084904   1         1.1016784946040132
656.3887924070858    9584.683562146576    1         0.1913470118372646
10473.884921912611   -1541.0856859412409  1         0.9324182577596617
-5137.774240090937   3474.1375532902325   1         0.7738099857759672
1967.7661047959543   -7391.488374829361   1         1.1510021645022066
