trucks_count 3
drones_count 3
customers 37
depot 0.0 0.0
Coordinate X         Coordinate Y         Dronable Demand
506.14459311776784   -1580.7487252222359  1         0.5452562057908452
5035.950165811683    2522.109341126764    1         0.20507527433192702
261.81438303196074   5108.551795577243    1         15.135690018719128
1038.6083730672358   -4506.126746524648   1         0.8332979935809044
-655.2645197195552   5385.226634522659    1         0.359764794252296
-76.87201427313924   1745.1464716174498   1         1.1692043948752382
-862.924552210874    4836.933469146011    1         0.5618543675658787
2863.4817196318577   848.7698014436714    1         0.529981714892324
832.9649729995302    -1571.7691215296327  1         1.0222988222345601
-3183.2628858390203  -3287.699622500764   1         1.2121597761232812
-5401.529049452311   -3945.6538634656913  1         44.75712047183899
1563.9870227554584   -4995.472337688928   1         1.0998973176366005
-4405.708418799036   -133.12570443664532  1         17.028872321344455
5132.2581162721035   3007.056180661652    1         0.680633226317338
2956.098576045589    3018.87431213274     1         0.8694454481566185
1480.8096634379826   1215.302822041589    1         24.711957624730164
-1317.369925137208   -154.89082040508507  1         1.0626130145178603
-4956.586201529728   2468.0506487615553   1         0.8705073836086737
1683.6679887597566   -1278.6730249694583  1         22.96298800414986
1582.5943806093155   -4412.489583487944   1         2.984985442456332
-805.0672855059538   2349.4502251778576   1         1.0680835181539718
-2253.237701258475   3979.837993013555    1         0.5511808122848989
1993.5472099419271   -4975.035354123856   1         0.5237895659820414
190.9269978084178    -787.5135886909652   1         1.2373835491016638
3739.7318494000565   3124.6889079814646   1         0.4833823616825097
-3731.8780677966943  -1156.9883567858667  1         13.882535119838446
-2105.9724004250497  1929.2088501049884   1         1.187857994278746
1791.0797404080568   -3184.2376907132107  1         0.5177098650809465
1050.3798770045519   1237.9938634496373   1         5.323135879941935
-3118.9156799538628  -4924.3725622013135  1         0.4174348672289959
2989.153727951777    3481.198617066969    1         1.1131624133343043
1804.1870763247607   -1487.141220039628   1         4.381734573886854
-366.54090337052986  4024.0518589060866   1         0.1720934616078731
5212.5526594986395   -5496.589847503747   1         0.6039003661133987
5394.86327246148     -1143.4552528138474  1         1.0706014875610432
2295.218559088382    -49.67375255813036   1         0.2102870579633172
3003.3994038421106   4702.346289138283    1         0.6128968862425148
