trucks_count 4
drones_count 4
customers 78
depot 0.0 0.0
Coordinate X         Coordinate Y         Dronable Demand
-9339.067307598783   -4037.8990786927066  1         0.15336163275796494
13958.99563754017    -14577.233204476417  1         0.6372812958922859
-9560.216840447763   -6895.449314997131   1         16.569117558494924
-10933.599805959111  10446.803657964498   1         3.7134338237705253
13675.478745917826   9489.661210444072    1         24.12234819130109
-6564.101153296427   -4891.088534794523   1         0.5778395294326608
9066.648103768766    6496.343057768194    1         16.6154492456345
-7750.903695933587   -5748.168213041504   1         9.824155094001473
35.2407900988419     -4989.46049659611    1         21.319154736274903
172.58951145817636   -6927.668928745838   1         1.194212888708634
-11710.365962331663  -7370.812038547081   1         22.037387991962714
-1130.3369888440943  -763.857618437311    1         0.6004776261350551
4802.861951692306    2209.165543135254    1         0.858486946197526
-2681.3569700272456  4712.0036016356125   1         4.504810255325931
-6724.970664362756   7925.096880923097    1         0.4739964811260753
-13540.556265907157  -10563.59903768681   1         39.579143785370924
8639.13119034061     6133.795039945909    1         0.21333811687215137
6782.604894155745    618.4560836585263    1         0.5923985971758425
93.57577579794614    7573.188151413145    1         0.3059354206908028
57.126389244382054   -6344.597230831955   1         0.24638782449574606
2620.7800321796526   -1829.2291743939782  1         0.5324508421392263
-7294.845312123724   4435.939030716961    1         0.9940666925407298
-4653.782456247544   2033.7447932227565   1         0.526027420259461
4561.578959363145    4349.704603402169    1         0.1393107109407354
3895.9030558137765   6391.177038191452    1         5.654781656363594
-10161.693533516624  3112.4993085612696   1         0.36877585572863814
2406.9861817539695   8140.772354171912    1         0.9914765308468614
-353.37317939013604  9712.586656297157    1         22.999621700671963
1566.7909562580585   -2312.36755102448    1         0.8939779407682515
-6311.110030053718   -4252.887986606307   1         0.8267772642194272
-3524.6121085107698  15297.440189646608   1         40.28656169967623
2312.5503464531      4605.283221889828    1         0.8386744272749977
-8219.531270249845   -4589.555944563833   1         0.8300098553569799
10916.352094931823   -52.748046318178616  1         0.8787610663938495
-5726.263032997413   -3089.4890682283344  1         1.2103543069520675
-5460.085400273656   5099.068392234454    1         0.7018612892000373
3172.5820693218297   2036.2749382419427   1         23.216047009249547
-2818.696917158906   1775.9189769938384   1         0.5859228427953483
-3394.663092710713   5404.783566158276    1         14.056385486158549
5045.810693386712    111.92857841199505   1         34.58022913599977
-7248.981020857381   -6124.684168327907   1         0.6621574727356632
-2211.076537633964   7777.742719828626    1         46.97125300358324
-8818.600536763432   -2384.066339193649   1         0.21452918562323714
-1624.0065659382808  -9143.447192322406   1         21.10092092191519
-3210.499425339836   -2952.5821506573725  1         0.5630355578896279
8957.062606253709    5620.786467219809    1         0.11305786280790994
10585.968754754042   -2618.765847281422   1         0.5876283861011296
-1188.5500098171199  3120.111609118894    1         0.7393654164691436
3695.4241629418243   6158.8651583722285   1         0.9771977572794033
2367.0697448253864   1713.7568174824564   1         0.364781404493027
4683.8884536154255   -814.8993553136863   1         1.1322178683197746
862.0104323973       3801.0360389307125   1         43.19310908353008
7363.836439072707    2858.0375626239834   1         0.40179559986278335
-493.6722012855183   10716.535663401719   1         0.25773011605184526
5997.366252024051    5418.000845447316    1         0.513459301552876
5428.050119423289    14933.041991310536   1         0.6567610898414059
1003.7316938612514   4200.0280677147075   1         0.13744618605992942
8200.989482140814    -1067.3640984862375  1         0.6806295321102755
-979.0335310716802   10228.394721674133   1         0.6156315563129574
-5780.655358344351   3738.3989199787648   1         0.8475409395873811
5026.5458442109275   165.90764767921186   1         0.40851345735234434
10182.803258182947   -428.86451022885865  1         0.6484995279377529
4132.716422536907    5223.548943523066    1         0.7691804765473068
5467.590037053204    -6703.7972944492885  1         0.32269009328130654
7836.075937145698    6930.62293403394     1         0.18315411511573126
-4297.234475044173   -5549.423382862092   1         0.26920853677715556
11858.237530988      -2440.387516328279   1         33.66892500221817
-5831.684559270985   6437.251671933263    1         0.4590177491272941
2148.425582717698    7383.107553189634    1         0.7072547584389158
-7941.371461551616   3049.6713239050814   1         0.35212924546167323
-510.49010959242514  12456.341402311587   1         42.00809191142023
-1895.7782775087228  9699.035493473133    1         44.93542192098665
7624.9142321278705   -5154.49617626109    1         0.424580372430025
1255.7591398168986   -9920.890709782212   1         45.375059089829406
3477.5943710399665   -3935.968682397337   1         1.1132791619507023
-9727.645052659853   1051.3260421916057   1         0.6515581719235559
-3303.655287109065   -1866.9755644678687  1         0.5102210387302915
-4584.688443328948   -16.950811514742824  1         0.5627221366419038
