trucks_count 5
drones_count 5
customers 94
depot 0.0 0.0
Coordinate X         Coordinate Y         Dronable Demand
7032.507051107809    -3122.043580029558   1         0.8289631203485084
6569.246621594856    5685.081111518606    1         0.11494875555911908
-9431.163696412008   -1562.7521886708964  1         0.44902156499527723
8293.917181064968    3266.0242620876397   1         0.3573567779646134
1816.5571452925803   5975.819372404936    1         0.44492419635435954
1344.3851645638133   -5063.179734949727   1         0.3356677433133578
-6702.058638316924   8177.291579693005    1         9.140941335406499
6812.537782669915    5463.707707563048    1         0.4010582485178731
-3378.7475125200435  1711.7650253945503   1         1.129572573183242
-9276.480510992347   536.0509283246304    1         0.6936070365872132
-2150.7128029092023  -8452.089395571715   1         26.065837604015332
-2970.9436639909845  -328.12816828202244  1         0.5663288127292148
9272.737332993485    -3736.4494198158823  1         1.1337760655929618
-2205.761722176744   -9935.875444987407   1         0.4367741374160876
-1273.9491915085036  7248.609124315524    1         0.43756532834996953
243.6700010862587    -2229.014335697727   1         43.76042590705019
-2965.258198126387   3255.6188790456818   1         0.5767946804183854
-3790.8730377853794  5700.508974855493    1         34.54177567868269
1727.499412609954    9943.65253674016     1         17.222892543726424
-1214.9091800433598  3059.2444089412948   1         0.9534223286362888
-7649.824849346877   -1256.1724768139884  1         0.6165876582229025
9248.790559411487    1049.235739708214    1         1.1925535723497303
1682.7021664568779   2446.523870185198    1         1.2129931823894426
-1631.983400850356   8029.967678202525    1         42.99041048696826
2455.449097247816    -1705.4204329426107  1         1.034903905142918
1852.5247007500116   -8449.003189490264   1         0.8772854090903432
-8391.707437882269   -4411.589345328899   1         40.33100933766282
9354.315895417785    4703.6399337924395   1         0.13331441623799603
-1708.7717566954525  3209.563286392609    1         0.20811316851768497
1485.2578177031714   7282.485044090885    1         0.8197761172076311
4797.433717504131    3043.565960276917    1         0.48899167353477246
-7185.864767892729   -507.9697006862555   1         0.6233810147211294
3512.0764584941194   -7499.401536929751   1         0.6749588200358222
-242.11797727926458  -8434.617057913609   1         0.19679541579148774
6518.263105734355    205.28194123013893   1         1.2424888265067329
-8798.494012722615   -4386.990077687881   1         6.067170347189647
-4039.9919415900877  2324.2563095918126   1         0.3874456413503812
9726.296503417376    -3170.651850904098   1         0.8415170058721347
5156.484356921348    -3974.8945689210377  1         15.584886549772808
806.4627733571708    418.96246114615974   1         45.35902334999606
-5943.751726625746   -2438.936865921052   1         0.7275939654453942
-6699.428550288846   -1280.2559183873927  1         0.2759704848496819
9920.10967039667     1302.6727128888563   1         1.0719322181670352
8049.651047924734    1152.7545844531192   1         21.580351193960695
5143.380555064976    4573.211418138444    1         0.9427546813211986
2870.566058552829    9460.940272845928    1         0.5279524154569255
-1637.5260641374953  7630.458513221714    1         0.7842651726468413
4229.463190023918    -5738.668759364675   1         0.8635361701722468
2275.1759775596606   -3263.5223831484705  1         0.5495839585627418
4620.660243884286    1252.188044803898    1         3.130237282292426
-5830.006266666894   8681.958698352904    1         0.68871246125001
3190.3070922619945   -929.8598714609856   1         0.40569875812288136
-9299.240935615919   475.924639922775     1         0.6402741776840856
2357.2843247212295   -8124.437264377105   1         0.7807165685803812
5645.5622610209975   -9353.652989007607   1         1.1717665221564706
-6392.974045097449   7549.257134874485    1         0.700655976405682
8477.45887552279     2675.6659519515297   1         0.22752896995263636
7662.263875643462    5989.193105366823    1         1.0204748746314396
2488.053472880054    2857.07404000544     1         0.24193087637190394
8771.55249091363     -4166.893936784156   1         0.9267045925064373
4729.788741058557    7734.838307427723    1         0.872677229147553
404.234275326215     724.1073909049975    1         1.235158749773207
-4248.275299968243   921.1578747253187    1         1.0699544637795724
5385.407863710112    2015.554226667678    1         0.884935828360325
-1496.0793054506364  7040.370571430724    1         1.1157264804290057
-7891.741936123578   -7590.068456959711   1         1.14232828274663
5243.0013704825515   7679.347599518489    1         0.320942746184377
-5355.107275516329   2319.5964858600773   1         0.37479889954979106
-4851.178973114144   6716.539454669142    1         0.26419581894009975
2695.310262507762    -6740.022046315326   1         12.923526392457346
6989.972999625094    4980.108228074902    1         1.219842739193934
-8028.8661630882425  5309.673755862239    1         0.9873937131248622
-6606.514177261843   8140.558661777351    1         0.4141923868102175
8597.535456620228    -4076.5575198264073  1         0.7923654856979593
-3011.389432238878   8965.11084289706     1         0.7514944197305797
8633.712874079692    -1626.8749811651833  1         0.1565704750545706
-5342.264784833492   3575.1968330277114   1         9.865584846942824
5877.805084728499    1206.912445066059    1         0.6804492742447025
-6511.2467793729575  -2577.028693106849   1         0.20694442147596434
5695.275404040448    6385.208961741864    1         0.6965081674877173
-2159.9332616575207  2675.766387868928    1         0.7377553146589351
-4497.769109276019   -6399.991702822045   1         0.2333942136547261
676.1474858567362    329.4940153132193    1         31.454529850501135
-773.2495595799355   230.37320666380256   1         0.7445125461432285
637.6154234546357    -3482.4162737723864  1         0.481406635424539
4262.468219004266    8334.086928189541    1         4.251591381504841
-5689.256707298794   7971.48073641475     1         0.414870946667954
7816.235796502755    -5900.25794233734    1         0.2635854449234713
-1746.9225285227155  1235.4563030641755   1         1.0382823420140335
-3562.869108766813   -3938.8157387625934  1         0.9467017965239608
5941.709720094911    3834.3011453686427   1         0.5100056196114481
5306.487567033148    3502.5657623411385   1         0.13035757550507343
2451.673784661285    -8902.33152530796    1         1.1431606875284597
-7802.064891191151   1360.9130326191803   1         0.631461217772205
