trucks_count 5
drones_count 5
customers 67
depot 0.0 0.0
Coordinate X         Coordinate Y         Dronable Demand
-5541.507167821149   3.9685652137656304   1         1.226060715912184
3162.8698806734774   -8639.10248747873    1         0.6312356053792751
6834.541444907126    -0.12911250768847451 1         0.7816096447416484
-5188.87430491949    6131.558720363621    1         0.2122940045321587
-5255.172888180423   7005.856487465042    1         1.1869144769909288
-4572.4063016020655  -5394.544751359717   1         0.9142353163376307
-5810.725921879238   -6544.72028661717    1         1.0801824829733353
1161.1098921785826   8381.350544757353    1         0.8583792085316037
7235.714325499217    1471.1640147097671   1         0.2410967783161839
-5017.356667354845   7769.483292386878    1         0.9885910453942861
4235.606268113631    -3259.642910683599   1         8.602405723500771
-6153.857151480952   1819.9486345771872   1         40.88117891072154
251.09149390590716   -4664.116726162751   1         0.9918075527131776
7680.440732700066    5100.5113855962645   1         0.9861472223748143
-7404.018629253352   -5460.21085214123    1         0.9715580053979039
-3488.726195993021   7791.731524037068    1         1.1266851880756084
-2438.5805106824937  6743.708945736877    1         0.5734055840808381
-394.6880333595808   -6979.075092610409   1         0.4962936776662561
4840.126717871005    5135.002848394915    1         1.0198893846520711
3280.7811176373484   -3855.431136635845   1         0.8044929711365882
-2116.1247916438133  -6928.913065220374   1         48.97567502020449
6854.892774895876    2913.0372608592756   1         1.0325549927872524
-2181.741411295655   -4216.71035136872    1         0.837385254008021
-5367.348389298682   3058.057476825821    1         0.5341361541158474
3269.9110663796      -5900.037957523302   1         48.283696484751964
5214.549789986241    1902.226659669034    1         0.21409111118138513
-649.8784862732913   -4474.214353912139   1         0.7785288028196374
6594.191472209641    -7203.56813159319    1         0.4860759662405336
7146.464356630565    -5504.027023209949   1         0.3719524139375672
-7459.045207317453   1312.2749983395565   1         0.36754462461460236
-8100.096787932759   -4356.077059272544   1         0.13085246801639827
-6059.35722544312    2385.2232797221063   1         0.3492437534131489
6234.030148401161    161.26549576879174   1         0.3471632776221931
773.7785429319641    -1557.98047648619    1         1.0896222967415625
1687.8288026641374   -5377.60241891718    1         0.21760118037375464
-201.97554596640055  -5440.944257863233   1         1.2311545912006614
845.9641303939663    -5758.0999321517365  1         33.87457524328049
8401.621747424608    4570.9349962012675   1         0.40404475172497123
1852.3619193802601   -6725.819711543231   1         2.4009597407015155
2926.506417948527    6879.193854128996    1         0.6223393796679745
-3674.9092710541777  6365.392268848982    1         0.7775253459370094
5752.742217493782    -3057.939641407449   1         0.8823647576133505
5749.971405994893    962.3878518413698    1         39.3915737215794
-8144.843194733714   8472.864880812476    1         41.319674442111435
8442.333765389356    -316.0394862858102   1         0.7237350141305368
2562.7016846781116   938.2828057117058    1         41.724127163232254
-8587.61695571807    -4761.328755477486   1         0.7420713859609761
6929.341338890181    -1395.0664301611869  1         0.7024658086891288
-22.262343089811846  4243.4609423731845   1         11.633932817240881
3773.8922051853538   -2752.6419424365786  1         0.260497316821069
-2701.4862218682965  -1513.3133562137898  1         0.8928013778235702
7286.3733878400635   -7728.363406541249   1         0.4720433675050252
4676.064403607775    8202.021620024514    1         22.6258955720998
8061.418188653014    5856.622211390265    1         0.41580075183264054
4256.403171175765    2449.709959549489    1         37.73105422886728
-8379.12252528533    -2283.245657668995   1         1.1573925614470064
-5176.21252278072    6852.507557020139    1         0.5598655222043349
-6767.730107323742   -285.674524076578    1         0.11565115997451794
-2477.1680525348465  -6306.654728688587   1         0.4755189930588485
4483.8183811210365   1058.9959646717411   1         0.8471783007414984
5322.076566958076    1815.0800997061947   1         0.3288209118537385
4608.844060907561    1329.4102820095834   1         0.5107310049416907
3783.61843906762     -8582.455021343581   1         0.5503828606123771
-4909.302292672444   -1048.1154108343196  1         32.23632686498175
-1352.40460828864    -2601.0881607673473  1         0.7550780396331469
-1939.7628381370178  -8195.146429480714   1         0.6607366131050726
6639.403501718852    -5665.329402927506   1         0.8757198522924996
