trucks_count 2
drones_count 3
customers 33
depot 0.0 0.0
Coordinate X         Coordinate Y         Dronable Demand
-8.803967309708241   17245.077246365123   1         28.655464893046148
-588.5479406083542   -351.99728280369317  1         0.5450180190011944
1780.209360184297    -12006.286063716934  1         0.3811469274572623
911.1287370661066    -764.9266525776459   1         0.32905676745445184
3912.8795987143094   -967.3004918140462   1         19.842391142731007
-7556.082161632657   4588.559218971987    1         46.89966254568494
6011.89924571386     -2343.5419482325333  1         0.6975351668790707
-4213.009935333722   -2007.6322021412595  1         0.9153899771003674
-259.7665176307408   3343.751179283539    1         1.2061454777829623
-5544.3512920255     4888.752800386315    1         0.7934924652982172
-4911.149254551356   14964.98556696251    1         0.9648129762111639
-2633.1855315085004  -5712.985525915938   1         0.9959079108582002
-5224.228538502153   -1872.4236482479796  1         0.861925384704188
-54.40693410457075   -3511.201715814912   1         1.2092436193447738
-4934.2426532653135  -5351.217733295534   1         0.5827467102836402
2850.601264182549    -6478.974125302824   1         0.6177562311316986
-9467.87884290608    -2042.879200794361   1         0.955706138415584
14637.186839415692   -8074.419816430678   1         25.101444630744094
17404.129317728795   -14860.70704412972   1         0.8916832559435356
743.3446050847233    -18195.3585536633    1         13.645033108729939
-10502.241114027842  -2518.2138722228815  1         0.7553170120001493
-9323.881597532589   -15589.45640141045   1         38.81766304788951
-3662.337152891169   -4289.464649495621   1         29.100409782255284
1593.386851510006    -5849.236342565328   1         0.9115130267481143
-10418.165622695622  -413.1665615143323   1         0.22857501746240608
673.9803036758148    542.2531697036638    1         1.029146684980562
-2933.2561755911092  6198.976030869128    1         0.3285011895757687
2347.7270902963173   5982.276949205872    1         0.5120021097126949
-9022.716723313886   615.0181400962051    1         1.234586782006819
1672.626450847269    1734.1687733330086   1         0.44146805661081057
-2554.0609307096756  9647.751911746673    1         0.7014081817112049
-7335.596930890904   1979.0904603112606   1         0.29144651767005963
-4435.144895274011   4638.0834235257025   1         0.6614644758575875
