trucks_count 5
drones_count 4
customers 78
depot 0.0 0.0
Coordinate X         Coordinate Y         Dronable Demand
-9210.034250977884   -4082.433315284656   1         1.330703733354776
-3267.7304290289626  7204.682007517691    1         0.20416378287883652
3036.7055344856135   -10234.743409660266  1         0.5974066082111671
-8242.572277004121   3066.7163667279942   1         0.2501816199933848
3789.4910657017426   -3749.9216566476757  1         0.11956504565693074
17352.21011745764    12043.447066973531   1         0.8058530071710291
-3278.510507971069   2422.4385930274093   1         0.6390876028758028
4932.403019636745    -6228.100191439649   1         1.2463271884888598
4318.721022259633    -9137.112622853832   1         17.997274874860143
-670.7850298654048   329.68579673874046   1         0.33809610153079683
941.5484622783106    2120.772995565665    1         1.228754931265532
7141.441716503323    -2515.3840475100624  1         1.0758477545982021
-10802.69255017639   13727.127450000982   1         0.561197700591072
-6822.010854213278   -873.4791841865705   1         1.1811901645425074
-9346.810713430346   4575.479892982331    1         0.5569755103967526
-9179.814017543873   -5252.960623955931   1         0.6152193823572766
626.041500562369     1251.2162477293678   1         0.7477669483814438
-629.8884776734085   9643.784993766996    1         0.7909612641157285
-3304.2211048453883  8407.377016934352    1         0.6375056723189765
7176.380507432952    448.1225358863204    1         0.7143906867517258
16376.81342572302    -11230.157832445704  1         46.67567563672083
-3335.7847818709192  -3903.5427373379816  1         25.18725802039767
2533.008211665882    3437.62342588473     1         0.7536654975677084
-9776.21197093323    -16261.990870633781  1         24.11905265943521
16084.877620119922   -6352.971212089451   1         5.884644738564188
2357.8261238855307   -10306.538777895039  1         0.9240932578208383
-16992.775831102965  2189.4510648244213   1         24.0462260892141
6494.206423513141    -6916.449719665249   1         0.8260073209726678
-5814.666860473921   -4215.933918532401   1         0.930403250125543
-11718.229997914746  -7214.011636527266   1         1.2408122196227391
-8337.516379672119   8860.89840807578     1         0.16996042738329764
-159.37396546464123  -5827.8322963556875  1         6.925586016302694
-3027.9000292632904  10455.552641350665   1         1.218738212290366
-1064.6078596588482  1795.1795834558689   1         1.1513475951303935
-1286.7665274599608  3300.5236683556864   1         1.0536989250396955
8146.458590790143    -7076.567359032177   1         38.955657935286204
667.9664272066036    -8413.76897584781    1         0.41665624293631454
7188.435539536105    7859.1604776496715   1         0.52597178916217
2594.4775477314984   339.3873277009152    1         1.2178585825490214
-14940.745874743643  10129.650792209253   1         34.0300072982986
5564.501217672481    -3343.0147510814077  1         43.42716555865004
-12252.231743317174  -13142.828277037435  1         27.587558652426797
-3207.8715057106187  9331.964422884901    1         0.35354433658143225
2757.725267792908    -6138.575150589161   1         0.9292611650924512
-6080.250889340072   1097.1630768211783   1         0.6927772764819089
-2474.598770666069   -4047.7046021726933  1         1.1667884209772308
13866.608144483838   -6706.648889858472   1         0.9938228433536247
-619.3732332395814   -9213.845258558735   1         0.3202552223315077
-4675.257558227008   5808.284213890742    1         0.19378189348289268
2348.0009255752075   -2619.839500849118   1         0.4037866634226648
-3686.0278477037773  8363.536089054927    1         0.7301746665887121
5894.753106153949    -6605.223142640278   1         0.27438559255196193
-1881.898294244723   5239.016905428819    1         1.0053046547415554
-17342.83507434992   6313.095080823452    1         29.986647121512316
9330.038923811198    4995.95188693659     1         29.182883443609853
2488.0754199449384   -8439.144279171913   1         27.68776852610263
1909.6148351779755   5262.802171798757    1         44.2291325639305
9027.014783129365    -1526.8596318964119  1         0.6290566011332999
-1530.6550029483678  5719.606663686605    1         16.354690914717203
1591.429436376123    -1794.8048571426564  1         0.182780528833697
-1064.4961434421666  8676.053593216917    1         0.6549681200376447
-5143.327475849289   1277.2082996152085   1         0.9827063840912482
4367.527309737066    -1385.348609210497   1         0.7666863583148111
-3218.0298637310393  5134.297776464946    1         1.058716502267338
10829.156402061253   16038.733439716532   1         44.65428208619315
-337.02612156492756  7701.6911361863695   1         0.9304865046462447
-566.3072564326224   4091.224749899572    1         0.31738777255943673
9053.029661822398    -696.0473995158712   1         0.12965954034386123
11988.056531818147   13703.030217094863   1         0.8915291983280706
5661.15158888933     4196.501787408137    1         1.2096669098191026
-9415.626352649808   -2290.4899848126825  1         7.395225557066831
4155.938420680612    -2309.9400833759914  1         0.7279219893362632
-746.8355096532757   2677.4565178325565   1         1.2331303872659136
-13931.685223663579  14979.021502313037   1         0.23846218064491287
8992.673047953605    13514.904293582844   1         16.033534991551456
6327.038684482269    -2312.8704484270197  1         40.03394240936899
-14673.515872151607  4739.908007141923    1         0.49006051185440225
-10860.558676488738  -17553.684109729864  1         24.646564265559388
