trucks_count 4
drones_count 4
customers 57
depot 0.0 0.0
Coordinate X         Coordinate Y         Dronable Demand
1349.9826073714835   -4354.478290834883   1         0.7592037067199133
3609.319543484083    1684.817399289728    1         0.3962350296397156
4369.936409357655    -1118.767337748167   1         0.779695588580725
-1060.2393454061048  -2381.4014444016816  1         0.5928718982822996
430.5606723339303    -1320.56850434047    1         0.5340343431651913
4095.427548007124    -582.8069140207815   1         0.5284409743691871
-5357.564613613573   -826.8283656237079   1         24.694064860339672
-4217.505111454093   5438.1942981227185   1         32.324296448637924
3485.910870643647    735.2601902337077    1         0.7224560436674428
-3616.644836656459   478.41326171023684   1         25.999638806763613
-5413.460050895235   3048.404645712587    1         0.9790680356672937
-2460.506559071013   -189.75493940285014  1         18.649364098334605
5411.670350574303    -32.323724101022336  1         9.774562311250946
-3252.28543591967    -5173.023625592537   1         0.876145840127669
-953.5411083022693   629.1020194182943    1         14.69808523546362
-3383.402567953792   -1022.7325951109906  1         1.1419605455459012
-5353.075272301745   -4748.180235747511   1         22.285397014602516
-1030.084337549595   -538.4529552259252   1         0.5420188416733189
-4783.228436591197   2593.0431213646007   1         0.4442864987910895
-3775.409961632473   40.59082182944985    1         0.15215974587613024
4788.43580293088     -2221.861071629789   1         32.47640469934036
-2463.2431490407907  -4222.836543777687   1         0.9096638526193483
4229.908838623161    -3604.7860143487896  1         1.1385498845528057
1090.7128063139542   4515.327183671783    1         1.0815758864453395
5102.213407351572    99.10809278441502    1         42.94439736514231
-237.35466025739947  676.4183626549075    1         17.845092925750343
-3568.8663334157814  -709.5889453839462   1         0.2819339008664301
-4896.862021142183   5369.606957260435    1         1.0973911668017344
53.035297411388676   3151.2527636853474   1         1.190512847412946
-2921.7906275989844  -4035.540678454477   1         0.8295235118807319
-2054.4980660808146  -2915.16953214207    1         0.33726582799752525
-3755.5815025063407  -1193.6137241534718  1         0.37616713434092186
5014.565871048631    4855.800424841779    1         0.8505461204459287
-4982.812542268749   4257.819209325312    1         0.3851669631278972
-3423.398124332747   -2359.5331331597513  1         1.2015496597326587
1272.3269466438246   4942.62085689556     1         0.835651183994973
-3196.312423609811   -3677.1180252307854  1         9.598729284151876
-3335.913599760473   3478.045022007656    1         0.31250738646474396
-4407.778590531545   4318.754941504663    1         1.0143332511654306
4677.962397385144    -924.5019234586367   1         9.224540429249029
-4504.731763078714   -2430.824933931045   1         46.542836721215735
-720.8205291621947   1073.7569399655308   1         0.19036814782361527
-1381.9863276035735  4269.601424009599    1         0.5643195527940207
-600.3828345964548   -2898.2972477774188  1         0.8970548875356187
-1588.6933866225334  4625.495860446069    1         29.185242122681892
-3082.471983315168   -3545.793185504975   1         0.2715524165057222
5414.166478107985    3591.003201615782    1         37.248024747632506
-3193.307845442676   4263.334193244737    1         0.5303839177993143
-4451.372461823393   -4927.933193365882   1         0.45774244275707965
4948.2147723939825   -3875.154693101387   1         0.7018448639407469
-656.129725105772    76.99055174717515    1         0.8176231463190596
-2331.826676728894   622.6668595160407    1         0.1826447590536147
-2889.0153708145717  -660.201103463194    1         0.6816276528044968
3265.044011156915    637.3444415011554    1         0.24798809369167354
-1623.482905989252   4014.7632495546654   1         0.6928792935602014
5281.73388106932     4948.806774655233    1         1.005353763248389
-2416.0912240693674  237.65878522150797   1         1.110025044123483
