trucks_count 4
drones_count 4
customers 100
depot 0.0 0.0
Coordinate X         Coordinate Y         Dronable Demand
3369.7893159775626   -3376.787632957112   1         48.55115082840237
-1003.8607910056403  2991.001229769131    1         8.027675906987916
2730.347161265607    1480.692616302977    1         22.620175690786084
-571.4419914670408   -5265.033812834798   1         0.9349748240845395
553.0692390481654    3776.69067512371     1         0.8411505570712408
-4009.358461181565   5910.2281295447865   1         42.079951976844704
-3447.6590794384692  2908.672598128911    1         0.17845305446260704
5258.629685898409    4440.914339991982    1         4.251718640670575
3804.975284237033    4630.541741660168    1         46.335809193079804
4358.4062520291545   -631.0783226796996   1         0.7042610015814235
2771.0581429500317   3857.858658088663    1         0.9542536413340313
-3952.144411152336   -2960.2587514262414  1         1.1417169184029583
-3369.152599812056   -4085.216965583115   1         0.8327191570006887
-751.311790523162    -2822.212785127131   1         0.5202931082298713
437.42167718063587   -2492.7242977648416  1         36.6713054617387
3133.3131129488875   -2496.558721479793   1         0.27227751378115367
-4228.806472117997   2725.719473903526    1         0.4680679847551562
-5351.7579778206655  5183.876335270869    1         0.6177026499817639
-2809.0122920869658  -5458.022658563394   1         0.7758531014579942
819.8696493283737    -5795.495261206208   1         5.541762948033131
3941.326372871473    3843.806090089705    1         0.9844692876171425
3309.3772919282137   -4837.137465373299   1         0.7750845257666161
-4692.508498689667   1129.0192338734444   1         0.9976803115114873
-2013.7299907898462  3501.3729837257406   1         39.027239519260924
-3943.113345531057   -4897.926770232119   1         0.7276503444601304
979.9245706586963    5491.175392584808    1         1.1237069464814002
3094.588448587424    -22.79951388741798   1         1.1991672914256737
1560.1464655002223   4387.796390762551    1         36.34131323540994
-3124.667113496239   -3479.3260450800144  1         1.1128630825405583
-5885.728748167159   -2840.7788335542964  1         0.8513223640566534
4418.222632469238    3081.405098362961    1         24.153525164679934
-346.16386983337276  -3331.1506502627753  1         0.2964035642416551
-4346.8357192244     2345.2921789372963   1         10.992727773156245
3734.159809235264    238.13210374351002   1         0.6396970497856818
-5542.90227148464    -2705.2703691578004  1         12.864510168599109
805.5870499511369    -3131.821653603055   1         0.44504085827078177
-1446.1806654106     -1156.823010810642   1         0.2722224104657952
-473.9022911954482   -4239.961281164288   1         0.4315231981088744
-1235.2226543921704  4442.916402775785    1         0.6818274993953367
-1910.5740692508457  -5209.542372565839   1         0.6963675516294611
-5913.732434705352   5274.748775307821    1         1.0133999624302699
-4744.757214404728   -5126.873825247359   1         0.6062877590215763
-5839.482176244977   1083.5910286589237   1         0.7145785967446086
-5108.250501589366   -3146.085224022865   1         0.8687075565867074
232.92566234688763   -5208.179053063091   1         0.30198621421354943
-2595.7460284941412  2298.6387846382954   1         46.508676046369686
-2846.703988292878   4269.655843139992    1         0.38621866511845926
272.55322364561744   5019.328016918417    1         0.21616024027725708
-1625.9349419232967  5268.043986680873    1         0.32297922004556423
3363.7520194156095   1390.3832100487202   1         0.9756548807950391
4831.884470020036    1768.6475035279636   1         0.8356047569025129
92.19289162305901    -3022.581358881928   1         0.5899637255044285
-5931.076009456629   -4099.224908827994   1         0.11299364655347967
-1193.5032800824067  -3677.1150598413788  1         0.40905526240951506
4431.0743990096735   -2853.0989965987233  1         1.177817027140889
-745.0204037856358   2849.3280467128634   1         23.365872679713934
1541.6018883631805   -2605.387922709045   1         0.2097090319922753
-101.02479593497173  71.14732461181757    1         0.7733746891792561
267.8621891534333    1814.480442795425    1         27.39049742498183
2409.552961639135    -4445.377917679231   1         0.7628924449258399
-3942.392767568661   -5689.625582555897   1         0.911892613500281
-4737.812404785523   -2188.6877783697914  1         0.4881109647195542
-5920.91734163741    4842.027816272329    1         0.9534192035723617
4487.367927287805    -826.1852199573659   1         0.3152107419529635
-5884.908725046788   -1784.1556781546478  1         5.392235462234809
-2626.003700022032   -4692.6848712571355  1         18.296449265806075
3493.3315678003123   2997.271363953956    1         0.5081652428347655
-3215.566898394508   3168.6629464764296   1         0.33895508066425206
-1769.9121477288816  -3767.7647776344907  1         0.40920865827013164
-2788.129067970097   1390.3584493456488   1         1.2454617506747812
-5038.112844203377   -4540.458457627239   1         0.25624762655748373
-3073.6221678137463  -5081.619858166522   1         0.9305296117270843
1995.7362960515045   -4679.816883055716   1         1.1338310582453366
5794.742020081853    -4247.854293877859   1         0.9290241427608372
-4645.10160748374    -4289.409519564072   1         1.0124686419952549
-2766.262489399001   -3895.857197129954   1         32.50756408219587
1800.2583597773034   -4668.270353266425   1         0.8140802152909691
-1143.0215018658134  5571.262657814466    1         0.6588990355177509
1082.2050034288554   -3290.7184389733657  1         0.5730249840463687
-1629.7150387021265  -2310.26808875212    1         42.80571653454815
4167.323197563258    2598.9761774656495   1         1.0743479314826547
-1594.1275110049537  1093.6877144686878   1         0.6503393565627337
-5257.587200168244   -2001.2876550910803  1         0.5565924957545653
3382.18767824977     342.0053492364181    1         1.0226077857813625
-5523.14693322758    5364.324288384222    1         0.8758579763426628
4424.698775689731    5198.119729054328    1         0.9192913449493746
784.6146018883024    -3652.4268702558215  1         1.086076934423722
-4680.61597395363    752.1151347449224    1         1.0941667951165006
3885.340975756542    1389.2825628489265   1         0.89508581356615
2604.4149703469884   3446.6816888841113   1         0.4090986930009307
4093.4121483497097   2562.951992217612    1         43.357811126563234
4888.879275305123    5938.794502895845    1         0.6642609548812939
3235.3113652306756   192.2963039030244    1         33.85573127832044
1631.3693861211484   5523.620628517089    1         0.46835179049854603
3752.311003946027    3861.1634345715584   1         0.11828967315142949
4405.122744027439    -4631.590579458752   1         0.5208032858410023
-4120.521792716371   5022.176194119841    1         14.189597766500668
-1007.1474554526003  5158.792592916631    1         0.7998442007836605
-5047.117344446261   5642.672223905401    1         0.7924062572039714
-2673.7787310828976  -525.3576778866918   1         18.82634476874793
