trucks_count 2
drones_count 2
customers 20
depot 0.0 0.0
Coordinate X         Coordinate Y         Dronable Demand
-1269.9761317442117  -6866.442584671893   1         1.2193894511511814
-2835.0423865712264  -2556.087311036224   1         25.75942093016765
-1489.8444308362987  231.7022971709888    1         48.90704666019581
-6292.386641604504   -877.7683803533046   1         0.12867943196316056
-3341.313626841341   -3656.947962110788   1         0.1737288912899148
5437.499459224908    -1004.1000598163017  1         0.40867806713549015
-4804.883397579343   5440.630183218425    1         0.32998348140292066
4991.79677190296     1798.2998261305427   1         1.1194290705342074
3690.841998400674    3300.564056433908    1         0.49332724216135115
4914.355689239959    -3053.343011671868   1         41.164206120470226
6492.994439135753    725.0674612468094    1         0.45719430230559044
-1860.310726652096   -1193.4085734681553  1         1.220511817632568
584.4125622166488    -2649.416577755345   1         0.7123625350895123
5344.132809924064    -1814.8231069628848  1         1.1295223773839431
4385.961765846516    -634.9270575615063   1         3.582651363828916
-1746.4660720054737  -1780.4207240000162  1         0.5717262784957365
-4093.5289985539425  1294.2714260145635   1         0.7095150945283789
5254.167687257029    2557.3623808254633   1         0.2906088387628979
-973.5118097090646   -4416.477719759173   1         0.6292295671357006
4095.721310560268    5381.346598154945    1         1.0986174205600572
