trucks_count 4
drones_count 3
customers 49
depot 0.0 0.0
Coordinate X         Coordinate Y         Dronable Demand
-533.1239270365418   -5802.29866000161    1         0.25876348821330963
5671.610198492543    4915.379339395626    1         1.1861833116000096
2912.8730939855905   7580.522315075252    1         0.6520307394667406
-4809.64668835014    -4729.292429456762   1         1.233005349655538
-525.0152808181047   4734.837938003978    1         1.1467324021195324
-673.3499225493056   3635.8003341156923   1         0.6366286766828914
-4276.261573671146   -2146.9302507580014  1         16.059046583733245
-225.23726246433242  -3405.490879040065   1         0.40851104213167333
1365.5175595309993   -1537.6991093305871  1         45.7215514096971
-1921.5425983545833  -5178.420844139907   1         0.40930683929514633
-2801.0424087836846  -1457.2686168259957  1         0.783986010784234
-5340.153202543291   7303.85665401136     1         1.1615284909521975
-1522.4465528924788  -8049.470571160489   1         0.784136374249613
-7873.659943966727   -3360.92874191164    1         0.4412280902531732
-5134.277593966725   -3107.8777771782693  1         0.5092982022196637
5010.34091010662     -6190.198701928215   1         1.2082587475580011
-6800.823623166641   6185.94627380225     1         0.7024085122687795
-4238.415726160809   -5986.368679557374   1         0.441737508963454
6318.1373152507895   -1469.893254164398   1         0.793289398607632
906.0900251708298    7974.093769705083    1         0.9081024679466335
5163.012184535361    6936.51677123787     1         42.094809494325766
-5713.143164669235   3668.035155851023    1         0.5194684773532756
-5504.166346535659   -5999.496956461678   1         1.1145463129424027
-6894.560933607025   6772.997120000266    1         1.0258163861605007
-196.25048140608885  3849.8317084564      1         0.7003526825233509
-3868.5571555642246  3414.011938959852    1         0.8715922379641817
1113.821140134266    4588.220993346071    1         28.297640450036834
-6228.726487717983   3728.110463835628    1         0.7449145744823139
-1542.0159494757484  477.65254976803016   1         0.3433971768211612
2678.3707540953646   7417.007849798872    1         0.5641194077788747
286.7337886884213    3091.066168778332    1         0.7035835842156452
-3478.0730277283515  3819.108433977168    1         0.27007653337182347
-729.9882176247756   -4377.689770118939   1         0.23186906795881929
741.3987874951392    -2801.741769829469   1         0.48579398344939484
2415.942712781025    3150.967567824958    1         0.7726719805049896
708.3865719252051    -7876.228153230501   1         33.7904873992685
3064.372241442057    -4855.680712116977   1         0.822439702258308
5138.442982434829    -1999.3828466583884  1         0.7832115863386001
1671.736197423685    1555.4803545792804   1         0.3574534762870707
842.3461769935741    5869.470958863308    1         0.8735428937076035
756.9561777748838    -3170.6388191527653  1         0.250559615201837
3887.8481509140897   7845.75659289808     1         46.44355159803496
870.3105433418914    4441.587507210497    1         0.17133111793504302
1777.9773568867963   4956.127049488292    1         32.52090150899201
296.78348854844444   2924.2119218849475   1         0.839122698516288
-5918.245837163352   -6514.565051473562   1         1.0477689892900484
34.94877470289369    2560.287437699717    1         0.12011931468904569
-3599.7940681662967  -4629.963320849334   1         0.37831039347619067
-7283.608198631887   4194.488071533566    1         10.248866653119636
