trucks_count 4
drones_count 5
customers 99
depot 0.0 0.0
Coordinate X         Coordinate Y         Dronable Demand
-3676.018415497343   4931.759305194682    1         0.8692258192846167
5716.363655133384    -627.9306361820011   1         0.10820760903559878
6264.712664421575    1505.2798766046958   1         31.933471845654807
7004.542922705915    -7506.714096597069   1         14.278942608261778
31.766457538778923   14358.556818597091   1         0.31167907009467405
5959.377507568593    -5769.5421122565385  1         0.3701690843834947
-1926.041122735564   2572.1056967703034   1         0.6171659999964295
-2401.6130212852013  -4471.234690144028   1         39.202555975034805
-8424.811870226653   -2656.248618847593   1         1.2495097303212956
-4896.403578594403   -3684.4673448290555  1         1.0016149708044169
4878.489685314654    -8296.905071539462   1         34.65062432180619
-1784.299605990008   5601.2013433570155   1         1.0986670384150363
7277.265645492556    -2136.3700905197106  1         0.39171699633018364
6546.324505951652    246.84127775978754   1         0.7503130493466638
-1950.217656782655   -5711.461708217215   1         1.0363501562168698
8180.671100543233    5815.192170637104    1         0.9735309582829025
-2414.602834787565   2859.442787599902    1         24.480709853121898
6994.2499296163915   -15545.057490347406  1         0.1320710044346867
-12329.084246890165  7543.713012092019    1         24.321257776128693
-4129.820010865396   13615.108194671495   1         0.6174314876696014
238.1234940318248    -1427.8868159465744  1         39.54245659873087
2498.4834679862165   -1560.860662417265   1         0.8608991888596305
-3346.4619506043778  -8186.0259840760145  1         0.25760315504314985
1751.2252247296522   -3656.5319795216296  1         32.152958793845684
4890.617268810802    -1134.6221371437596  1         16.34562275862094
-887.551930633717    9198.824812764427    1         0.575998965417178
1281.670049220585    -4927.186829512726   1         0.7442732000286112
-14292.236308464204  9870.574977451011    1         1.1651045276123428
-847.8579085785668   4007.1743538719647   1         1.2199871290772506
-2228.3556662392166  864.6611252777622    1         1.0248601031939146
-2227.7261614056492  -4056.632155948714   1         42.44413700549578
5184.4478209147055   6051.131334219882    1         0.9966415082704707
5840.043797480313    24.841040321537292   1         0.26639933215249345
-3044.100267947719   1533.698765190649    1         0.40587269645768664
6447.421748412249    -826.1214054209198   1         0.43723533526865677
-6734.445040091254   -5711.804338280902   1         1.0141757711335933
-57.27887827850829   -3434.1354038419313  1         0.22667636403650537
-3534.9492519989944  1834.3747341405517   1         10.357910086633764
1443.554296835461    3644.4467759801464   1         0.3642794757048936
-166.79632894336726  7353.723808578998    1         0.4028649050393327
-1315.8581334779983  842.9144833596247    1         0.6790536049990676
-7576.6631367915315  -1153.6703161083237  1         43.11599702291028
14414.542139556255   -6113.609500193137   1         16.20427401777159
6726.8173701342      1521.0363892670046   1         0.6781128063895693
-3107.3138671738316  9832.86294566788     1         0.45102875832664313
-4523.321515923318   4055.6450318207676   1         0.6510774471061828
516.3389403968823    -2107.7215712909306  1         0.19691401698832411
1978.7262551474162   -3044.9101224123287  1         0.4039909718377497
3296.6738933312145   7411.110844852837    1         0.7499755248266488
3946.239310326735    -226.02021206578502  1         0.5663910095378861
11873.773130369798   -11965.68412081159   1         14.794237451424516
3475.5042374447385   5231.551153303817    1         0.6277919270603153
-1359.899609194964   8785.913177224382    1         33.205775401912184
-7837.7468226466635  12488.337120623677   1         32.20599384431513
-6023.096440808308   3060.405932553901    1         23.902476731547598
-822.0960258973477   1110.9858874921913   1         0.10485420410134494
-3219.31032109946    -2843.6185718067254  1         1.24620334018681
6925.686470384178    -2665.534326834626   1         1.2850488222486782
226.27867451276478   -1218.8957119647757  1         0.5757312802076333
8396.978683828864    -5278.403858830089   1         0.31809359229106315
-10023.628242414565  -7260.635733204699   1         0.9019169977290332
-4604.267482580326   7692.837581489699    1         1.2054335403566492
-8322.507004385057   2596.764543472233    1         25.240529513155337
-8250.95100734994    -5928.834823976218   1         0.4085571309066037
7267.321745609881    7715.379952143565    1         0.222871299005791
-5074.166310629199   -8046.65299138943    1         0.20823432524689062
2116.354549536968    -9861.355467301839   1         2.4330296442179087
4488.407475602602    -8925.122882692887   1         0.6960394549091533
4609.786094329212    -4735.199631244887   1         20.957769083193693
8751.312520174088    -4977.321614352028   1         1.060569713158656
11668.347592940914   5.562201698139688    1         45.350110240871935
-4780.8389023953605  6307.525914666635    1         0.7796817423699572
5034.128784669952    -9783.698968698867   1         1.1738464625893215
1495.9976508387895   6352.330290101272    1         0.101811102730442
533.3146101971748    -3015.9496714342527  1         0.6935154478168295
-6204.140498146004   -5312.022886593768   1         0.504373202915935
-3005.8161459286066  -6213.021062665948   1         0.19620442272849742
-3437.2840903152064  8904.153104748779    1         0.9565485731880944
-5764.513227784459   2811.33062130624     1         0.7118867232384061
7916.164100107861    -4088.107302228438   1         0.6745784606570396
-252.31469689923497  -1617.7461496365784  1         17.121100305764394
5837.633876868398    -8572.337362735325   1         1.0541504874861567
-2641.512546223135   4008.6474762890452   1         0.75336110261404
3844.2567789225213   9907.64553193115     1         5.324704382080309
-4428.491258166301   7433.508188460503    1         0.8648612704824838
2533.011416636793    -108.92734928160644  1         0.2672089580446848
-1407.6426598289963  4297.0166210800635   1         0.40190148167976736
5660.2212396208015   -8649.322289781268   1         20.880797884869093
5619.75890625379     -5976.796622653797   1         1.0684920394464106
-767.655848341044    -2209.7239886180096  1         0.7813114526216558
-404.037328013732    8089.8353436878515   1         0.6906637340172002
-3708.2676518358357  1441.3102729537309   1         25.97775135270532
-6249.393592163167   -1275.9395281913821  1         0.9108467279311533
-3573.004364669544   -8201.825404447474   1         37.21099623539492
-4919.24908165461    2863.2129684853467   1         0.4212956019460167
6979.57435806295     -4391.142721230707   1         1.1747598995649668
2633.5015124561055   2688.943391497666    1         0.8909907629777938
-2438.730293495908   8068.947154502571    1         0.4230536738989269
-1787.1472685838673  -1033.5710702384722  1         0.7233540143391669
