trucks_count 2
drones_count 3
customers 33
depot 0.0 0.0
Coordinate X         Coordinate Y         Dronable Demand
-1108.1058345724941  -4281.651013681662   1         1.2446355787548937
-3679.5825515336546  -5841.702909436894   1         0.903394256775326
-5386.673539395673   7746.849748579027    1         34.43547745524096
2078.5363961884736   -2225.2763253703583  1         1.086364881389542
4743.855670034089    5041.152927600852    1         0.9427725359883607
-6718.889088710977   -5340.5542636262835  1         0.9919218391950644
-2132.6666415316076  3807.078987727873    1         0.860422355257994
-870.9481141486955   -1452.7482573355776  1         1.0340832122733026
2698.694519007566    -898.1368195078737   1         0.4139475872372197
10013.332455478745   780.7246741388287    1         1.0159064472264618
8343.6288872648      -1905.0512714119482  1         0.2961187940162445
-5315.380805625458   8761.13440256314     1         0.5038205243791377
10204.545452270919   -1367.6875131968989  1         0.9336776008805235
-8633.814864032962   4710.399050038304    1         0.6271082697057638
-5825.782392705671   5585.855344527084    1         0.37835682079945254
-5468.54923608402    -11128.01375846024   1         0.5266226960285575
10242.974571029878   -1426.3248695903342  1         14.287993506121133
4360.033912189745    -7575.541655006521   1         0.9038735297009914
9114.937073922958    -4829.735497402555   1         0.6460675006634495
-2160.473980182196   1236.576938331443    1         0.6499227468177076
-10586.435403877396  2356.88164772902     1         20.32768309164609
-7253.1926315192895  -2267.806345434079   1         0.8138691058639974
-6440.0394136116065  -13504.703383842836  1         45.23287968906697
-4510.335794486148   1352.5515194965385   1         11.303985109948915
-4368.982942725227   -702.6629336182224   1         0.2877864626049414
2817.3052041396736   5782.118781286215    1         1.2003225169417766
13466.176267475881   -3899.5460886223627  1         0.8370251693119007
-5271.945620844809   -3008.2053050546274  1         0.6623055064982716
10250.087287244683   -8351.387516243823   1         47.2748764541039
9879.099908537775    -9141.080019604135   1         34.2619652231047
1746.0785591206713   -12173.186944444695  1         34.016363040173324
-9734.428998334442   3693.4150733744473   1         0.8590876660258525
-5863.338346360299   4190.171663518988    1         0.8575528829400885
