trucks_count 5
drones_count 3
customers 70
depot 0.0 0.0
Coordinate X         Coordinate Y         Dronable Demand
2073.305696044252    -7642.44702404682    1         0.858573242187037
15658.607857277264   16354.30071046924    1         0.38426720852761753
10867.682246562103   1329.0407439890282   1         0.6715854832063683
-8804.252358790689   461.8654344820415    1         0.10663840537635658
-16768.076688136138  10186.159373750528   1         12.935253911600713
6726.718473721157    -9388.11679551323    1         0.19238246687630195
7286.037458051382    8659.52869457957     1         0.5572254840159608
1793.2835257609586   13901.187333847236   1         36.54441137993725
-1582.6386375624627  8276.738080114626    1         0.21811014631093348
-6827.34086424896    -5758.373986853024   1         0.17482109282330055
3594.4650219130826   8923.113185078482    1         0.4199866845348934
1185.1380242660018   -10565.285771896266  1         0.45043890081232396
-2619.123976027853   9448.676842269158    1         0.31782364285138925
8144.190022854835    4727.017053274277    1         0.6685089963742473
5064.919646229301    -1948.2025250468455  1         0.988101371234693
-5857.366105598377   25.90803593347975    1         0.24842840727829457
8736.657564804897    505.78171134429635   1         1.0735407072916348
-8058.369563312482   -2866.576381883075   1         0.6934888819477968
-5933.582498849343   8254.518573291027    1         1.2197533212561031
3614.9959975881297   830.8975571828277    1         0.9434904918225997
-9462.194178613841   -4346.622596687569   1         0.4574387258814159
3779.5404839754306   -5543.421346201374   1         0.6323626601419439
10282.744013088866   -2612.5585197246414  1         0.8561222604247698
-6785.0799791660265  -5114.498894623302   1         7.5680209417363935
6750.19933464511     5607.422593989909    1         0.7050179309291841
-8370.708557943371   11613.942927939861   1         41.078318902732626
3161.806707882846    5251.8695573579735   1         40.571992684012244
2097.39209305074     -6336.687044239917   1         35.72628142779411
655.1862502843987    -5947.082410500336   1         0.46994723320070564
-9388.162020861626   -4588.476374533861   1         1.1461015978750042
-3478.4186210745424  -6161.826672611037   1         1.1465928554536489
-5326.389232426213   -4130.620990044978   1         1.1747736408068197
-2393.4324019612864  -9835.311043617603   1         32.21299793503866
10721.094132777356   -647.8032616920448   1         0.14795262539539406
4947.7215399526485   -3048.475777258485   1         0.8813645780381838
3240.6767009591827   -1821.1417881729103  1         0.8946368757347294
-7158.356638989803   -876.9323966649894   1         41.560295285513874
3458.2110502909377   6048.884289094006    1         13.350989615928134
-15236.261495365316  7322.56292620195     1         1.1079929660455592
401.2412259522562    -8172.258754217003   1         0.8421065083393529
6087.063280307609    5535.305319298972    1         0.5671471444463295
8197.002919698103    -1901.4994813760666  1         36.549812142305974
-6872.315030178392   -1324.5961563746655  1         0.7904425957483339
-404.96894342906324  -1047.5406303950087  1         15.494471470397412
-9206.388037661909   2238.1257378965574   1         0.8517886820825006
-4826.1805210586235  657.2003569229776    1         12.66209398730592
6493.754010745058    3741.6285776288537   1         0.5353167668125776
6560.994273214495    -2703.6146552775385  1         0.6737425141261959
-4874.601517184208   -8347.361950174936   1         0.46659301983613455
3246.1769492216063   8986.297489526587    1         0.6806011862818865
17199.724147427016   -2725.7009479460867  1         0.6116473129684846
5565.233445050092    5499.993305914106    1         0.6625828833548547
879.4121373897796    -7280.183152939903   1         0.10489061487706919
4309.653337544952    8087.027858802371    1         0.8717043068856203
-8994.170017246297   3422.499991186076    1         0.28171896196898005
-2575.39666423483    -9435.928231168908   1         0.7745464417162948
1481.9034850418343   -9902.244493036667   1         0.9885132338464213
-1521.7301716670347  -9830.100677973596   1         0.1331861874743878
-8003.22396146137    6751.43503125101     1         0.11556898602851733
-431.34788308214434  -3419.9316993369544  1         0.2588227698995181
3934.159779238343    5437.789225738664    1         24.138219585617506
-6119.091601669561   4686.218619025577    1         22.928758179429565
1955.5276026668334   -9891.899968082786   1         1.1963442082630737
-4840.369356707793   1704.94579917696     1         0.9525074960575575
6117.938933549907    2360.436339585878    1         0.62224747894721
119.68306725167035   -10605.302020268082  1         0.21560946846705345
10192.845801892794   3322.2510935282603   1         0.6798682983006543
-10937.540577088117  -11548.03492017799   1         3.061767480487766
208.1220823911135    8724.230836738963    1         0.6241615688761345
-4582.050368124551   9337.195921558794    1         0.8842943988528235
