trucks_count 5
drones_count 5
customers 42
depot 0.0 0.0
Coordinate X         Coordinate Y         Dronable Demand
7674.13844866757     4702.622504833579    1         1.2194575593627257
4917.377886996341    3071.4455606665515   1         0.26452998931294647
-7136.150073816598   -2723.7183808907293  1         0.6228750567875738
-7759.615165611613   1058.998719398868    1         0.44904870703175814
-2036.2467502256618  -4103.036574540958   1         0.8900901966320708
-3866.1473240030477  -581.7195244864982   1         30.550030562110376
859.5891568012885    -9149.852000615905   1         0.9172328441451534
-4620.82139281603    7752.630807870099    1         1.0676231581956244
4921.456288384361    351.0911431119064    1         21.77032220273874
-1528.020613901838   7768.746912795843    1         0.33104508286321765
1598.4331861870162   5554.487864607149    1         0.10449523310381197
-1541.6147581404327  -6494.779971692209   1         0.45947974609536535
7141.725293456528    9156.91570063084     1         33.200494615596625
2157.220467274318    -8049.93132036284    1         1.2027425625447672
5243.401443671854    3292.8408757638      1         1.168537994121482
1126.4055818914032   -1877.3677628666715  1         0.4494679541268436
-7164.307526480898   -5708.539623824728   1         0.22574983922773917
3719.278444014502    -2011.6695881574183  1         0.8015041899544171
5991.854381643135    3190.002069336296    1         28.514281187299915
-1514.2366608422005  1804.3010566240364   1         0.12913693971747103
5288.888914970449    5305.828620020581    1         0.9448139610417889
-5933.581335566886   -8890.734973011258   1         0.3996931301799118
4889.438787566586    -5704.186096049049   1         0.12181324296932111
-4445.962960229261   -9215.084619891873   1         23.43866461300494
-4378.82798356405    3083.5835339293003   1         0.9936167409877761
836.8353064364892    7743.315604598529    1         0.9216511435722184
8324.192600238666    3921.7033852788927   1         0.43929194324448784
993.6671528647977    -7853.591568393688   1         0.20620463541375378
-821.0402049862005   2941.9889259400366   1         1.1742707813658073
402.20042556711815   -6664.581085761778   1         13.186911705159496
-2125.4010341752014  -1375.7169603605773  1         0.9616510305758957
3348.2600985002905   4960.622828851551    1         0.8585714563298574
3504.691058542154    447.1349396984064    1         0.8618569798536132
706.0564980984542    -5177.098163056674   1         0.9813150477028311
4424.471103694156    7972.454459304257    1         0.5232520822962036
-2693.5958503656784  -6337.545984795322   1         1.1197978717688963
3858.1863985027467   1102.0039243379279   1         1.175582322494709
-1560.646585971986   6054.876806116226    1         0.6365241487476142
-6458.458624505639   7155.275976849608    1         0.6654434110088353
5976.730705091521    2184.202551456234    1         18.129271646014082
-4470.86355589301    5138.179063616111    1         1.4017431989924025
259.073119533584     1146.2458769985224   1         0.5747345098068468
