trucks_count 6
drones_count 5
customers 86
depot 0.0 0.0
Coordinate X         Coordinate Y         Dronable Demand
-2028.9378139063037  -4268.832646180143   1         0.13000051108493874
-5233.701002422607   -3175.3777033935203  1         34.485613416557555
5220.625070132272    6306.738768502772    1         0.4544185189685004
-633.9339025840209   4755.920578630465    1         0.7970225031065042
-6747.370527242201   -6375.151266493853   1         0.9570697997163046
-3557.902935896241   -2926.0861622054736  1         11.349377762962838
-5033.803675278828   6809.852934261525    1         48.47176454542712
4909.511211762199    5945.15501738211     1         0.7791772215237668
1503.1103588026538   -2015.3145377138262  1         31.537245006882795
-4455.738091339295   -6937.515051963789   1         9.87116017423736
4869.503456964398    -5258.791759719239   1         1.0470450163177194
-1509.6885449220144  -3578.7711800091465  1         0.8784793817951901
-5662.265452502334   6453.11281479091     1         1.0714196419898467
-7762.463286337193   4978.521476562521    1         30.108986879651138
202.60261856486926   -6019.703396587424   1         0.7972345815507553
1965.7281949498647   -7498.387982970381   1         0.7272517093736838
1732.7629771483      6797.429672749573    1         0.29957090354088006
5593.689100248918    -6209.014808777268   1         0.18628854757809005
1317.9985271618507   7023.39695375653     1         1.2478837821680304
342.6370929341903    -4940.5747212067145  1         0.8596481708059567
-7803.82357491314    2308.81678934076     1         0.17544842607055672
-7498.286106742395   7104.864291384051    1         1.0274481292935431
-1189.1296152429154  -2702.4485806377543  1         0.3297841264191876
-455.3306221527919   -930.3909496137921   1         0.6508358979669
4335.080608119813    1535.1733644625838   1         0.3251236926777499
7936.429688154905    2285.7001665000416   1         1.128766264289252
502.06681223313063   5914.817511874913    1         0.6995856857523173
-2006.868868849585   -6846.820280914826   1         1.0039967594719756
7800.299438220775    5096.811601538414    1         1.0536610679510952
1028.0596709477165   -4224.771302667224   1         1.1083486521877788
-6813.607117624356   6261.009064277922    1         0.9245259765117936
-6909.074740017032   5663.525029074972    1         0.32407441662742337
4277.267856496603    5994.040896820939    1         0.920662079100709
-1142.7889279090718  5726.52153197071     1         0.8717888060413261
1553.873028006471    -4457.259820245032   1         0.3042173359640348
3121.203239589029    6220.804760922798    1         33.43172929997819
-3994.2845333177115  4357.949870497039    1         0.2039961000013894
-1424.0618978886525  7202.539305082307    1         0.9209026799732086
3205.4112654489604   -4533.315467984525   1         0.38853318737295806
-661.9804498469729   594.4898028444217    1         0.4431099861909674
6240.59185433124     -7048.2661071833345  1         0.7755438849984293
7370.396169246811    -1096.6296637330552  1         0.9385812556458095
1150.2492981044368   5559.931274777296    1         19.02896581413887
7676.712759070287    -1668.7055943974315  1         1.1877915715644227
-1372.4378393711786  -5913.080153048104   1         0.3546580358177722
-4493.60432035856    3173.601194590119    1         0.364340987028938
4428.370600460628    5424.1781094227335   1         0.7333329213214503
7547.590438452387    4515.278808746428    1         0.5779012716628894
2755.735504398523    8037.645657368586    1         0.17380817823391895
-3298.9012904094034  -4118.858944774738   1         0.7175696578575629
-5649.271264878022   3763.1133198114067   1         1.102932148634506
6696.209453006837    -3026.110686071211   1         0.815138010304357
7785.291100804014    -2229.450601267002   1         0.9771809594070152
2792.3082673795334   4802.89244306928     1         37.03672264575547
7250.012240920481    -5306.673246010654   1         20.156496011620796
-3997.8475497466516  7668.360904003421    1         0.35455821499345586
-3368.485078259838   536.3287064437403    1         0.17561251218668933
832.286663167444     -83.46907346803626   1         1.1178264889598637
4765.958522211747    -4416.239236388951   1         0.29170975776604274
-5363.877394659798   5279.945515608198    1         0.9723800960389373
1078.0209047905191   -1174.9260427735576  1         1.1181827055575084
7197.402419355355    6778.944466579179    1         0.7303601383682529
-3645.441978884406   7161.34621283109     1         0.6279755877138894
4635.94343733918     6023.314657022226    1         1.140918661224957
1274.7391317663423   6006.435986008082    1         1.1360286985398624
5809.964719222498    2927.0392020287754   1         1.1704831980526185
-2963.4520925645884  -1396.6511674044368  1         0.7386265946598165
2412.7877585729134   6217.028649420471    1         0.35243019622735416
-2129.9990292345883  7177.222172476662    1         0.30900669667890707
543.2521014704307    -4748.881030208865   1         42.85196025970314
1680.5319335168701   7513.605578784064    1         0.5663516772045581
-4812.762999215362   4250.243902195049    1         0.26338809369207267
-728.1638694111161   -3178.008588304223   1         0.4887479198484598
5551.075770393005    -1021.1029351045745  1         0.6027813989601876
7108.6050415291265   2923.1561743808707   1         0.14549185677053902
-267.1124539215577   979.1396111139799    1         1.0911850389279487
-4232.118040418988   -2215.842870258153   1         0.20180532015714475
6227.532435816955    -1658.0486051618536  1         0.2756156214890335
4494.4577556088725   3850.673761505528    1         0.8130824190211511
-2778.604445770058   3724.652272256086    1         0.5536284021937062
-3129.979269162354   4475.926669303256    1         12.286667943704618
-5192.21445873756    -2911.03833193483    1         0.11800593164435033
-3525.3116001741664  761.4394267958821    1         7.778300198085035
-3548.068885201271   1212.9346203669356   1         1.051104812090102
-3779.9577912600494  1112.4174133572983   1         11.753878363896648
1402.8624773251945   7385.301280441334    1         0.715972074450444
