trucks_count 4
drones_count 3
customers 46
depot 0.0 0.0
Coordinate X         Coordinate Y         Dronable Demand
1848.0308389590314   880.8643042634119    1         0.16917400315815395
-2794.6110898504494  3603.89435975406     1         1.230304591560659
-2670.8198721812805  3743.9458085761185   1         0.9258333041403934
-3917.4452793694036  1196.562529203677    1         0.24729702597905634
5065.698680079589    -2095.5585930122616  1         0.4703239451404255
-4353.783981429175   -1938.9166335860884  1         40.816463070001
-1769.9160674809787  -4391.217259946583   1         0.32118510996587446
-1053.3160300007905  842.8095766077249    1         10.229244626739748
-5024.7975748446825  -1469.076912799701   1         0.9127112316490916
-5065.851183518889   -2205.056810135177   1         0.7277717963190852
-69.2646231932389    2213.6089067510047   1         38.02825603773321
4438.163667026203    4875.982495993886    1         0.9767054514667262
-1564.9471707061894  -1650.2563917716752  1         0.9996142729850063
-3721.2135652793886  974.2795056443484    1         39.33325241381001
1801.0500935040645   3923.186225760175    1         0.6726083665743762
-3810.672014661355   1679.9943140211726   1         0.18394631942081585
1224.4339535109414   -1312.054175556241   1         0.13214207942171857
-4919.1164593989215  -1195.1680720633826  1         1.221447161999612
4240.785537186034    248.90256693294697   1         1.141241497241926
-483.3425859602121   -3638.5036974911727  1         0.7944492266175702
-1437.1298007885077  -2376.2276951125996  1         0.8897350192408836
-1796.8236117026463  -1691.295848090541   1         1.0090091004003987
-3065.7112258097886  -769.5330994673596   1         24.236399867482145
-3949.400327439272   -267.88939092718016  1         0.4921315409697652
-2728.3279621700112  -414.17135790723506  1         37.796957829173
-485.55798589278646  3299.8809542772883   1         9.474958796145579
-1201.2324066086455  -1592.8557291268169  1         1.2307642042283171
1601.328687208805    4963.0476600535585   1         1.2361692414130585
2171.321989823883    3788.724498262807    1         0.3831314814998622
2574.852623668405    2051.649256249254    1         1.1528658340983293
1078.5692462863497   -4875.02504083105    1         0.7742493624137629
2810.4406911150254   -4039.6772545621966  1         0.21931643535244028
-1352.0684915743084  -2191.6892996128104  1         44.63698423968047
3465.126751052508    636.4671437140814    1         0.392769736042084
-1212.173469085168   -1638.3860930594317  1         0.6282963800167025
-1038.97422458991    -2919.7633473761384  1         0.7642101569334927
2420.922962410043    -3392.7794240248577  1         0.3115423326539931
1035.2921816919902   1636.2898810518525   1         0.1960961519955853
4076.2053319359165   911.2833258163246    1         29.122130700117182
3327.6719450875103   -1422.5791937711786  1         0.34903966737697434
-1515.07580815137    105.71044892938517   1         18.12670375358965
3509.435728929198    -4903.932259230615   1         1.1411150027145405
1283.5025905944692   2286.7976951667856   1         0.8778755833259904
-3965.1603567692996  4485.586319249691    1         0.3880023553609345
-2444.644784142524   4949.025916121211    1         1.1331238129914278
96.05183185741093    621.5693034750957    1         1.209051850419948
