trucks_count 6
drones_count 4
customers 92
depot 0.0 0.0
Coordinate X         Coordinate Y         Dronable Demand
-39.81499160278778   3600.364846202319    1         1.1329611227385552
-1744.5539263949397  -7339.328664126034   1         0.14307503539692537
-3334.963761073177   -8638.455021795957   1         3.2452818923031845
-6621.457505477607   5059.248514609726    1         0.2123286776127044
-7922.442051829381   -6202.038194201547   1         0.38133010160688285
-1238.79237842258    -901.3366658515165   1         0.12008786861173815
-408.516770959036    -496.7709106408504   1         1.2251710413826409
-523.4333851727115   6388.006244249284    1         0.9651646027539065
-6188.946801742851   4140.27350906375     1         36.912359348070545
1160.2941229669698   8397.830702569354    1         0.20395366865712902
6782.1280144592      4659.465883860152    1         34.33607096017469
-4820.862282672228   2787.60459896041     1         0.6038813615523667
4350.356213286577    8004.203036496216    1         0.6168677054988961
6172.266937245186    -5773.060176574601   1         0.1554239402298338
-3450.5136049650428  -1915.5425154659195  1         1.097346168986242
-3398.432997954639   -1808.7527103101575  1         1.1847882550669528
-2891.4595000543964  -6046.123402445823   1         23.322035347549928
-6797.769317062729   -283.3066623972051   1         1.1248917911578316
6535.245650989157    -4081.4074323465534  1         0.9081240115302907
-5971.4958501520305  8048.435001870084    1         0.7814225867934905
3314.3147334868963   4824.652152426809    1         0.1656990184072406
6731.326398758326    5368.675707988015    1         0.5159687313639112
-3782.856144846326   1427.5355966002553   1         0.2212192451994252
575.0302800338459    8411.431304057598    1         7.570575458573528
7946.410138544034    1950.5953369560639   1         0.4438148475212996
4628.447611202789    -2721.3730633634277  1         22.157794500193997
-4269.073603947827   -7148.867019444815   1         1.1930579270614823
1491.974583415026    -3732.9443105367864  1         0.48191817812094506
5465.939805651072    4482.2325260497955   1         2.297225659094065
6919.4122316873045   6889.318944216808    1         0.17937649953332285
-5145.2084668616935  2899.3404142244594   1         1.1993873162972455
-7504.6797426914245  5596.900065808773    1         0.36514120708287057
7020.17367939163     -8038.170966755161   1         0.7654051459582049
6691.713006531282    960.3635336390751    1         0.7906802336021419
-1784.900239605164   -3214.984446145236   1         19.05926479268335
-5380.207152490685   -4811.677314767778   1         0.5424351548165472
-719.3059018210643   -315.04032206134434  1         24.87948547234525
3963.0177900374456   -7594.901657347232   1         46.73614857292269
7802.984957626999    -3112.4113889600358  1         0.926357007084281
657.5763178953257    -7651.514240549413   1         0.9774302761908545
2712.0748553754347   1402.469246924728    1         10.272836382120508
2041.317073917477    2636.963571723674    1         0.24063786954842387
-6416.418060347018   -3283.2259219144316  1         0.13486787938877282
-675.1799444778952   -5272.19770672555    1         1.1102504423130297
-2177.1274704341427  -4271.525186765535   1         0.19378458964641557
4502.363764350408    3480.794158259261    1         1.1126714511645988
2563.330544439247    -5897.980436525885   1         0.8241144956307354
-6094.161059494843   -4259.194356254854   1         1.113559678116245
6257.99941020355     336.9503713151164    1         0.4686968771622003
-1909.7553386058703  -4316.7476448885245  1         0.11893966356147216
5322.623996276634    -7571.038430981365   1         0.40905647845329907
6925.85784325028     224.11771161671982   1         0.17441324882187334
6555.476269690324    -430.6786792741696   1         1.2307936236426162
-6175.882893511774   -4146.76762796308    1         35.29464542267252
-4547.881916958226   -1177.447551492609   1         0.2978754598664982
2211.3574843755164   4261.280041200685    1         1.1795893123141639
3872.9750896466744   723.5079894185111    1         0.44276297536085374
-7328.084149448903   7094.766733449536    1         1.1736782284407186
7641.815983516148    4230.1575757300025   1         30.29522207413797
-3912.0099538797463  -3901.0258851177255  1         0.27793977519198887
-2914.287605962776   -4168.675841805705   1         38.00934437371388
5083.81327229914     -848.0981002096303   1         29.31680149387376
4415.1733011713295   4768.782853725541    1         0.591557143550934
-4632.944359015956   2048.597889236473    1         39.61521640940996
-37.265072081898374  -5152.678908109419   1         1.0093861912667332
-6618.933744361423   2199.686848442561    1         1.0286230596374801
6638.855551063693    -1923.1766216282053  1         2.4813060222264003
-2918.6049698804454  215.96359770689378   1         0.6798066430224428
1904.0316358273074   3909.736233373124    1         1.1646488600266924
7400.63864762441     646.0444783920926    1         0.8916281471138751
-4458.491956464839   132.78432074208058   1         0.6091972309587727
-3038.5496714846263  4279.925631936585    1         1.0798758669176123
4029.6172217315634   -6598.096191869684   1         1.1467786744311461
-4898.446007386342   -6410.947469468296   1         0.766187921327937
7896.0138798006865   -2350.4659395216254  1         0.28126651364054045
-2852.51321075454    2522.2181178832816   1         0.4381569294506922
-6081.653840460797   4769.913759683254    1         1.0468674961506454
7536.016481799623    -3381.6824749139823  1         0.9940603582354195
-8079.278110920995   1821.9607662920448   1         0.7025711871177694
-4737.547137046429   4217.8660331030815   1         0.6190300089644838
-926.4967078083864   517.0521930729647    1         0.7241128472091832
-5756.310070891861   4324.6506145144585   1         0.6915302723412541
-1466.8008033964786  -7022.857039325164   1         16.862271163428655
-5816.989535120167   6697.802153064616    1         0.1550119356881418
2809.4938062472397   6029.609491245865    1         0.9595890507342235
-8549.489624802936   2699.8872775737723   1         10.125161241947952
-5740.704096420793   6689.418414159301    1         0.9695291798977473
6599.377831641737    358.5661050296265    1         28.300880322133516
6360.678657232084    -5061.015072904609   1         0.9004509351369892
8495.08439372893     5762.948198372001    1         1.1395708980660255
4006.174109530561    3670.4425419925983   1         0.8760149357372823
-3390.345044830516   193.4925524675317    1         0.974338232026533
