trucks_count 4
drones_count 5
customers 64
depot 0.0 0.0
Coordinate X         Coordinate Y         Dronable Demand
7752.280371640067    3361.707674532194    1         0.5719528140363888
3769.2900270226937   -6937.858142081911   1         0.8931522208237234
1445.3412988151067   -11827.924165981307  1         0.133644913578229
6274.383392667269    1567.5326507536904   1         0.47709098140764106
-1100.9453522113236  3916.8576624834895   1         0.19285799439189352
-7016.4878010521525  -3505.477911457326   1         40.53894210870032
4941.245619724123    -3815.4491171853183  1         0.6584990734725423
1056.0623339128567   -3019.910490479128   1         0.6197010428096278
-4025.8186252683245  -679.7002080729935   1         0.5434761400912526
2205.5494930447726   -2569.4611031856475  1         28.45122259207711
6645.398083033172    -1028.0685325777015  1         0.33440089024153324
-5489.799289586956   4700.580528611015    1         0.5753716530314616
2624.7395102057108   5822.893559179782    1         0.6375988949332178
8751.4438922258      2827.0212213960685   1         1.1635772514895786
-948.5367687174609   -7530.169951920839   1         0.9038917206331938
-8458.341088600688   6404.33899374728     1         0.5202339797556992
-7846.192342017764   -2235.957017024732   1         0.6429646657934703
-346.9574485199637   -5951.151275788945   1         0.47339098449651995
13193.147342871798   -2616.7282013178137  1         0.6246518711131123
-8160.527702052296   10806.221113171567   1         2.5338910318991443
-3603.4998888746195  467.2819497290346    1         0.595325854033568
-3219.381587974126   2791.493561613387    1         0.5454970366660234
-2820.6397708206214  -429.5589668314908   1         0.44518307206921337
-447.9059779007613   4822.660384378046    1         1.0256012492303104
-1662.8478570192385  -7554.07624615475    1         22.720481210787646
-5277.106205485583   -1317.97028819605    1         19.484672656685472
5611.649115340732    -1092.8907748028666  1         0.6392612708830845
886.6360206074073    4985.2487888308      1         1.1897773396000189
370.7154997624123    -8103.792500105697   1         0.5473611293301979
5120.9095988869285   -5258.511456583129   1         0.6586674089436543
-708.8935817541915   9033.157842119093    1         0.6120560291706763
10256.938681954016   -4861.249859940981   1         3.378233768584744
-3347.121788152428   9104.733123555821    1         1.21403428822055
10741.114766607956   14350.678303814151   1         6.874594284265253
4984.75766498568     -8483.72937042049    1         0.6587841021139595
1557.8495570272196   8978.638123395413    1         1.0359407015931603
5452.73423519023     2872.2900358500538   1         23.184280186300025
9800.308603253776    980.8734782387434    1         0.7164386395477707
4669.741507195294    1776.2214975215873   1         0.9183758049642717
9048.496873033459    -7057.886499580674   1         42.99684496274975
-510.9176522814961   5940.298766463988    1         0.46939513612638195
9582.37916474646     3046.5197496221795   1         0.5308921853069976
-4950.282294824658   958.1507082388091    1         0.9555615838898699
2566.3100851691215   10293.483918897164   1         0.1833666557918816
7250.328705338478    4197.46207812493     1         44.8688215811167
847.7147350079421    5162.374123437667    1         1.216198061124401
-8913.267874333571   5761.992356801371    1         0.5038749034187022
1153.6376731586822   -2199.230825264814   1         0.7490469241519948
-6506.391072716457   3790.8207231076085   1         0.5805210306816754
10123.099286662073   2219.384674649879    1         0.843856952042938
2109.9970387838625   5167.690669131797    1         1.0303591785270863
4731.065038584027    752.0425603524767    1         0.5397915052744322
-1485.160092351743   3659.8356956995985   1         0.5766029025371818
7053.038358725891    7455.981221054197    1         1.085261347437866
9754.657470850976    -7171.422355222903   1         0.9054497759010828
10918.43751190517    -210.55314145622927  1         0.8927275269202739
-6806.112294615727   3103.6178444233624   1         0.2613071010215121
-3288.2945730517336  -2596.794396698329   1         1.0655840460227248
6361.009596541713    6915.972575034672    1         1.022807948836724
-8326.517950757432   2462.545077841201    1         0.34440807977044785
5976.803514510495    -6305.188130885637   1         1.238964711323397
10276.132375294776   -5646.1896809677255  1         10.682652621158331
-3813.824482206693   5322.036734099156    1         46.76840207305184
-6327.024744172119   -7880.746542310332   1         0.8539462898207449
