trucks_count 4
drones_count 3
customers 53
depot 0.0 0.0
Coordinate X         Coordinate Y         Dronable Demand
-4740.3942520432465  -1540.2708931988898  1         45.03931604506666
-3556.716615274723   -10385.451787954838  1         0.18487421790387693
-5130.979954816472   11430.537837125992   1         0.10256225284328487
931.5737712415611    6669.449715089316    1         11.20062310845735
-7757.476418212364   -3981.163179909636   1         1.01347889347964
-1993.8287873562665  -5022.091447613889   1         1.066583851091671
3820.10204237162     -7697.905084354976   1         1.1099614667398081
-2215.181614994208   11148.833662693023   1         0.1454540646458814
-7586.924209153294   1928.8392527349763   1         0.8592272652288739
5928.610849485083    7494.770442058393    1         0.15973813488428648
-732.0411868192404   7582.589744391995    1         0.9155179337439486
-6641.954514877014   3442.3815186490356   1         6.482868141762431
2881.8586211461493   4662.3375286703895   1         1.047027576620329
2835.979642744846    10289.349684089717   1         0.9477949679534404
2474.150836679321    -4753.027644806531   1         0.7209046956904115
-989.2205076646234   -9304.885875141306   1         24.800524725802735
1449.3863940379697   2721.080177830552    1         0.5894803508775134
8471.171809923331    1746.931926147983    1         18.216845870437137
4092.674084866514    3272.279277640298    1         1.0164596183633043
-6052.3566578808595  -8666.330647676985   1         0.45160924206274655
-7817.0398307812     -222.38769501522802  1         0.2959369830814489
3731.0515894294795   -5045.147805560089   1         0.2198892747723517
679.0633067439481    6458.203969893861    1         0.6411940296082633
-2163.830154471403   14074.409597336575   1         39.11718391098504
4184.599977717183    7226.969948721979    1         0.20009737510602532
8125.402094691884    2800.235835178503    1         0.25729746615757654
-2487.541986897234   -1043.0585149579074  1         0.4530272225128168
-3402.4554501508587  8335.771549675304    1         0.6003773559990235
-3305.267261324832   -4573.889301523844   1         0.3367553312548726
-3900.8284198249316  -9910.888654095994   1         1.0512023053655433
32.1742915656058     -1551.6474289793393  1         17.55472878089588
9482.569589959152    966.5984465026941    1         25.854830135117275
5463.563142670828    -5955.029149894275   1         0.35483092738893274
3150.0123911979595   -9846.484578152362   1         1.127354967265954
-3069.9970210763745  4813.301990059394    1         1.2055829547849135
-356.3990640159941   9334.992892003582    1         0.3720570318102866
-7081.105804156835   -3619.0799520384835  1         0.2673787768664813
4071.715588750872    10016.435321200124   1         0.5040062452829871
-7995.879582712425   65.85514773893881    1         1.1058736581846718
8718.460392810413    999.0523956065626    1         0.3856623771575841
-1938.2523809874065  -10448.11686696811   1         1.2073129694519933
-8411.162906726348   -13536.133425210137  1         43.45989825863743
5617.41829959701     -6878.569283921071   1         7.515384766733869
6194.375936809473    -254.28725265838224  1         0.6037932227189972
-2391.5043421851415  8485.481924912496    1         35.42621673798057
-4619.25920439007    -4053.0661271859435  1         0.32802988398917227
9075.514308511763    -1966.4651103854108  1         21.85499791196595
-885.4252320154069   -6682.154272232474   1         0.8788348381746036
10611.562684888597   1590.1024893334356   1         0.2825337547428319
-6068.8284865383375  -4281.119418201972   1         0.6835457869285188
-531.3924047965636   1194.5421423502669   1         0.6226388885742082
1702.5645327449436   -7322.376150620496   1         0.38726500998345104
10764.096005143954   -1482.8338903342813  1         0.6322349539090291
