trucks_count 6
drones_count 6
customers 83
depot 0.0 0.0
Coordinate X         Coordinate Y         Dronable Demand
-3634.433075704843   613.6867518581656    1         0.8632740538759459
3143.2132756966566   -3880.9085844932806  1         0.7431058144821963
-4973.965744763734   -4284.794456915264   1         0.6372572688975938
-8537.194626343968   1503.250272801666    1         0.2875246450768995
-1058.5792512966148  9226.787262504478    1         37.8252148151453
4465.3747473527765   -4887.092817598475   1         1.0904222905342664
1142.860437193366    -5272.508504036456   1         1.0414395748869558
10717.737702753813   -8883.79623268055    1         13.825715530830642
9944.664895278387    -5823.5341914920355  1         0.2458091132527635
-10105.62053049293   2773.9789285072857   1         0.9550102959910056
10112.772153747954   -1492.3780048094077  1         1.193450933384984
910.6733441218536    10168.624326077972   1         1.0646429375264312
-2952.859284197656   10117.572889492287   1         0.9892572896720735
-9308.581376966556   705.7887063173484    1         3.1756418167776745
2870.435860284489    -7259.6596352785045  1         1.0265594845186679
-3207.1790121683825  -11864.101238610525  1         1.7383624542381413
2614.2817329655372   3276.337507951565    1         0.4936425463689166
-6900.821438197283   6416.1659882400945   1         0.40340572838222555
8631.126951385251    2971.4984542372435   1         0.9644204138701659
6054.7491059218255   -3507.9117975800914  1         0.4612232825267699
10844.339516051486   -401.3683567929124   1         21.70285358690866
-8278.528660584752   -6045.389201754996   1         0.21549155857978097
-2598.8142535074985  -2955.3715706566236  1         0.5904039860732488
4875.5701414586365   -13021.96869038398   1         0.6634367766953054
4090.5096225974435   -5773.668905642453   1         1.1430005439059772
-6861.941691874823   2495.114895432815    1         0.5400007285990129
3277.8401298141166   -7296.438631119992   1         0.8013162425765439
-7465.851457357742   5380.345079239561    1         39.668729232517116
-1988.8650085411975  -10365.789571727059  1         1.2265862424017027
-2796.3610962316566  4423.106343023369    1         16.252932036397006
252.0440431383964    6797.087396037648    1         0.858504307096088
5518.1332107622065   -7245.144265660156   1         0.3477480380209681
1221.3542220263937   -8881.717527698891   1         1.1931661368924926
9892.145148782052    -4126.800718260956   1         0.4078019479257391
-3766.177117523242   -3317.364628991751   1         1.225967450147769
-8128.023764033533   6786.025039811927    1         0.7348904277829396
4698.530952173688    9124.348572128425    1         0.3999234532570193
8030.258728017191    7129.110006604283    1         0.5403153807301105
7826.076867195189    -7296.776194654279   1         29.545410973406355
6073.900505608499    -554.0246685105574   1         1.1917677617457156
8197.88937858901     4960.868023146145    1         0.6091287815451498
-4995.8493138205995  9575.223539455841    1         1.228039678113811
8788.062604808738    5880.136475039505    1         12.452932775343479
7099.245028545083    5816.844562437302    1         48.681300071152506
1512.0792220230348   -6624.51992524906    1         1.2187953626794155
-9465.99022931042    13221.575507542922   1         0.3217321843407728
-3153.390919674369   -8608.047552616099   1         0.9109582340455654
4460.28801422403     9937.38890563761     1         0.7819860628391302
1482.9591290168223   -5552.080525810974   1         0.18338976961150233
13776.210545700662   -6595.326641494739   1         0.1272748781697529
-3546.589742173772   -4997.9085340372     1         0.11631866841097048
-7693.816163954836   7605.708684193237    1         0.7186458752006386
-774.9323656883291   -261.28359872369174  1         0.4444468991136502
-8649.455865160297   -3185.3428361697297  1         1.1453537385556731
-9530.269060663051   -2348.392650101975   1         38.63843590840937
1635.8806880978536   9760.350844966928    1         0.33980022825773126
-2026.6430791971156  -4745.660589920294   1         26.41711590258549
-340.9200776192582   1761.003907157185    1         0.7397334598154112
-1308.2847519501959  -1374.2858428860238  1         44.35178923113117
7410.171900567222    -4525.208334596466   1         0.9072793812950062
-9103.34393542013    -9285.627541610826   1         0.9235049182590473
3395.430037627571    -3570.58307515096    1         20.59716658247939
-1873.8894853281402  383.3508048982125    1         0.5037721702271928
-972.1625905315731   -9158.337988893367   1         0.4285045271276552
4953.304540560468    4509.672473978993    1         0.6640346331813992
2752.6373196395184   2637.434574425193    1         0.523313527400405
184.29718280516485   -10385.125228510053  1         0.6497735721373077
4556.984505633784    4403.847748710581    1         0.867421603773821
-4554.327161756352   -8858.093813145455   1         38.1377361901996
5798.370797558228    8244.804981182615    1         15.472107178033689
-879.8573320751707   -1279.952481672078   1         0.12993284719696832
-5827.645651072244   1878.9136831882777   1         0.3016568626132904
6756.450296657001    6194.613338114682    1         0.32265487242222657
9130.21033268161     990.5454925294703    1         0.15534921025132054
-10404.153655714916  -2297.2207091877517  1         0.5220184137738882
-775.7654817617986   -10288.261399989484  1         0.250738926770907
7227.298461823798    -6299.444583996069   1         0.39015798462792484
211.39634215875105   -6027.415870476158   1         0.40144543109517405
-10244.053831355297  -2727.8696788818324  1         0.23034621703252514
828.2254462873503    305.17932523755974   1         1.0164533328871803
9172.008062632938    -3464.6338872314336  1         0.8605533135937512
-1180.6287157067504  2644.675880152101    1         0.22362299276724815
2691.5914334851404   -8488.516598329128   1         35.03347675154148
