trucks_count 5
drones_count 5
customers 59
depot 0.0 0.0
Coordinate X         Coordinate Y         Dronable Demand
4090.8981663417653   -7336.825717042975   1         0.4585272386195023
2959.502640620288    -799.1095791410409   1         1.0776822389815068
-6168.145103794234   -4025.5999506189414  1         0.9258665743289892
384.76301057609567   1315.6785177667873   1         1.2286369547380418
5369.186127666752    2733.9324269774006   1         0.38126520929908125
6344.676551811911    -782.7342783843518   1         0.2880811592092035
-2486.5097401884796  -9529.026202359413   1         1.2398688819732753
-740.4168606332148   4147.845495365436    1         0.9237508137402272
6900.358364305888    -7525.658292965247   1         0.3915674502065527
3172.533658002726    4312.8104795389245   1         0.14679895054521802
2808.5410490227314   1031.186698335563    1         0.4349514167445808
-5434.427183194173   7232.516708194646    1         28.710758795427477
5506.2203616128545   -4624.215636731174   1         0.9808044410821051
-4460.292747166726   -9996.571311853424   1         1.2048127663493988
8642.917402751398    -6740.9192550316775  1         31.484559980779323
-1291.839295858416   1566.160892185957    1         14.001407352624918
8.500541767792903    -8475.889014160697   1         20.0005281037933
2638.693222678787    -598.9973641636934   1         0.4514425926638681
-10453.42937503424   -8919.419660631309   1         25.590522974143838
2141.1197220214767   -9440.68121783721    1         1.171261993591992
-9521.155998906703   -4057.0086800713884  1         26.531598742853326
-2043.124108438708   7984.602082895109    1         25.027125527578427
-10475.828799526385  -8934.825692996008   1         0.7851966974068302
9484.720630979196    3970.9853006602652   1         0.5952245048547811
10399.646012398132   -3256.6174311553277  1         1.1337843872585887
5825.4361260492215   -8997.35543586346    1         34.48263667849919
-2521.722564048103   -5183.992643971615   1         1.0723227487564435
9594.793683210713    1947.3425459299094   1         0.35428375537120693
8414.08622838714     3495.7958312108653   1         0.45144229589731555
6189.349436636847    3084.1739901361434   1         1.047466680118426
963.7457956042936    -5921.950225148761   1         1.108934773300288
6097.885919756177    -515.004438781971    1         0.3257697847589975
1199.7637868935128   9546.61481598792     1         1.0680817439219599
-3507.873823686399   6474.079840535094    1         0.6481695080558163
-6330.869308022958   3291.794112044051    1         0.9767274215607277
9899.712411395976    10896.3165478618     1         46.880445704216164
-4798.272655429134   -2018.6316141013049  1         1.533148546874089
6611.356090484946    2615.07034021264     1         0.48132000835942446
-807.5246024652903   -7652.913201617699   1         0.7182772986135083
-5158.982260618124   -3049.2532423170505  1         1.1751167512858554
8420.194634331232    -2751.131495770782   1         0.7182662547399051
3148.8827232994026   -10534.513218567412  1         21.378542405339466
8553.129701299576    5063.135630806594    1         13.070532904040402
1130.4003695166255   -6053.709154782466   1         0.9735756430135307
7905.13697010695     5508.465471219931    1         0.5195314141108323
161.7113586868405    -6010.087137132283   1         20.089675840955312
2656.1049386613686   8011.051115872485    1         0.2912068137590591
-11150.337321881485  -3855.247950494423   1         12.030968959227884
-3128.625432508478   -8562.431906085489   1         1.1708120779531048
8694.216639156286    -666.5918609685561   1         0.2215944704400935
-6465.4278986023     4358.991868535323    1         9.166920044532691
-7387.327787956241   -721.1244458069978   1         19.567991548551632
-2303.5527891675883  -9606.6309542193     1         38.37908050699698
-8615.158468448477   11840.084936672447   1         1.0705985027056615
-1921.872935245533   7642.816909488453    1         0.3716853607379925
-3175.3814427261186  -10192.135077919402  1         0.7911645915966871
-9065.625808218087   2290.4046945193813   1         0.9048661991219369
6515.896366340867    6144.471527921321    1         1.0278042436120245
-2234.028543428745   10143.46647857773    1         1.206503276746388
