trucks_count 6
drones_count 6
customers 98
depot 0.0 0.0
Coordinate X         Coordinate Y         Dronable Demand
-2457.834921293267   -4586.380338988031   1         0.7514577335529604
-2381.2704657109884  1722.7881305835938   1         1.0640938810402978
-360.6333520106846   5935.4405412179      1         15.370963257378756
2124.9451714051793   713.529223600658     1         29.15510205272479
-5648.913205669448   676.7830852686384    1         0.805747819993847
306.10820056871216   -4775.343132130104   1         12.686833179388257
-4889.629904051214   1396.3456834287656   1         0.9906886973234531
6068.280942302783    5810.567004740915    1         17.882206131380954
-455.76526021223776  -5595.151987279724   1         45.308812741240295
-4419.828862631795   -553.4446174208515   1         0.5829341372709321
-6004.132734787284   -4235.491234152959   1         28.564315590466823
4988.869989515039    -1182.2009564768703  1         18.072030012100058
-1735.2800764309325  -1418.7613554643422  1         0.5122678883689391
-3967.2264382595445  -977.5338576188464   1         1.1338368217824955
1830.9291706563151   5519.408113435813    1         0.9272256998950145
-453.41677205311817  2139.089264649502    1         0.5581474611276869
2512.9376583186568   -2722.143650618783   1         0.18303445597644666
4637.85319090635     1959.7517092600203   1         0.1678545975820001
2767.9564998190203   1167.95278480375     1         0.5131277633363294
-3070.9036612707687  1157.8044839234738   1         21.47589123407471
1649.490639049923    3433.457894871236    1         0.6757874660897106
-5877.861169019854   5112.1276307790195   1         3.3598520540873427
-1018.4857268860395  3884.8193965043974   1         43.13947403304726
-5877.460719877346   3724.7612317803255   1         0.9425751219566909
-1835.389187996737   -3780.7258121997857  1         48.18378746838877
217.87866224026948   2959.343339247388    1         0.2728175927312968
5558.011424706958    -755.9381942972966   1         0.7308432491865166
-2642.7543703157667  -4147.624143352368   1         0.5915704874784851
-6233.617515559452   -5790.6187596326145  1         0.6783118789850092
-3248.6352604160897  -1983.302000241895   1         0.9894431613840722
-6010.30438636461    -357.7985712895733   1         0.5085554950074934
4345.349796976799    -5858.9741266994815  1         7.460846901486391
-3339.291537144432   4350.981139131199    1         0.6375154143571783
28.663632806703866   -5250.893420339368   1         1.2056338818790884
-3879.9149031620404  5497.3724753910865   1         0.320193750035194
-2678.5311946007487  2697.2936725782765   1         0.8643464486824889
2175.675961775725    -759.3988345980057   1         0.3773527975183876
-3798.9986842133526  -334.05588721748444  1         1.1317820995899528
4719.240008719761    -779.8071510038164   1         0.1751884754242264
-4249.618841982286   -2074.3066064921754  1         0.6293497115854174
122.6793458336424    -5859.3372818211055  1         1.0573190791018858
1311.5754771903507   -1003.6002522653201  1         0.2745594208390661
-4610.26102512917    2386.890369045303    1         1.2006593867847972
1866.2813404797428   -3911.7688059722336  1         0.5368262444057531
-2365.5682081373193  4414.997314646974    1         26.956549079575257
5879.305543711366    -4491.710125655844   1         31.483035144043253
-4482.129462150614   -3420.2454127206593  1         10.958688496417706
-2227.6006538429488  5285.047702435983    1         0.10081827434521237
1575.453902130213    -6039.06198712883    1         15.658370248040221
3405.2508091018135   4468.8838065411      1         1.2238259518867194
-1774.6006553802315  -6258.543266618515   1         0.45728187306756196
2477.703126199924    4110.873120555096    1         0.5454443764000297
-4850.41535852686    4466.195308778326    1         20.19577230321056
1981.1386251297938   2353.7205021380837   1         0.6949954214484345
3883.4065317397867   5075.091549393374    1         0.21313181889090316
-3392.465577114817   1757.8118166828497   1         0.3813968576340905
-4478.547160925749   -1211.2415224239592  1         0.58397933273086
1359.2202440873052   -6044.78536415843    1         0.4708084024465523
-2089.070475900573   6131.620418561926    1         1.1408729070913024
6127.294482774261    4357.1815280057435   1         0.49058596335012017
756.9021165857536    -310.30040614674004  1         0.8534807346404963
-4959.611380842652   499.53104103384993   1         1.1542610716074757
-3177.319525821071   -571.0628067235479   1         0.20279652362640543
3431.57355473604     6191.747477147179    1         0.7279643546820966
4281.1900207575945   -51.96273293598424   1         1.0081865552035756
2122.5885316860968   -3003.478812982406   1         0.2919283825272826
1443.0863098930913   -1952.8779154293047  1         0.5686306291508932
285.59553207405224   -2342.3937638806347  1         28.333118138043012
3767.6041970629417   5777.345943259317    1         1.233475527084767
4050.4675636214215   5506.070280670799    1         0.8988741128542497
1850.9458264241557   -1484.6647273487633  1         0.8250724284107871
-1807.485378659535   5014.726102287121    1         0.926234454391663
-2186.3234057120844  -1923.748709346397   1         1.2223060791766274
-5566.3448681487525  -1288.8920965876177  1         34.42462210391052
-357.6699119567809   -4163.444765730305   1         0.7109436705102204
557.1256597137916    -5962.0934319200815  1         1.1400048093402166
-6185.140770911363   -892.2975986505853   1         0.6318495834923766
-6052.538602484769   -5223.579786061787   1         11.953674583810631
-4568.685681382907   -5191.387370418214   1         1.0918437872967792
-1205.4288709458747  -3972.372050263321   1         0.8378073953927085
1286.4034955708094   -4609.316785326144   1         0.9147540008467162
-5005.980147055165   4447.01516681674     1         0.4985028598356599
2584.4379313474074   2798.1916238164467   1         35.673165500052484
-1494.9827419435026  3883.6946095215035   1         0.838914724734862
5203.728795906923    -815.6759655676329   1         0.6332882020135235
-927.7778905333134   -3162.516771450986   1         43.81232871146288
3702.2825771622356   3674.2580349757245   1         25.675925002537973
-2983.6373831820206  3986.4937974244967   1         1.0634965226026785
2089.6008102122114   -4411.018266677615   1         0.5057982481991238
969.3788651823061    2816.097073920597    1         1.1738775925859617
3310.8240016083864   5527.100258062693    1         0.1621990463256999
3869.425237054478    -1818.7028764735542  1         0.831794450904896
-4378.017523557769   991.1282640791874    1         0.4879385272488924
3167.3133460656804   1626.9137789318909   1         33.30859998413148
4670.576622688352    -5524.337535618963   1         0.9855356752433705
-5202.288490463443   2742.8422704866493   1         0.7006033076321782
1005.336074569518    -1052.8309609354365  1         0.35748825120894745
3639.698591319371    6016.492707226022    1         0.7450801560930927
