trucks_count 5
drones_count 5
customers 75
depot 0.0 0.0
Coordinate X         Coordinate Y         Dronable Demand
5545.2686421365015   -8462.575720355448   1         5.934123822036408
4369.589753287957    9036.717366988283    1         1.0793553549516133
855.9763888509137    10402.983238892446   1         0.1694202421862792
5060.373145422177    -1761.0262210152332  1         0.9344763687961556
-4686.430182132701   -4465.2173817715175  1         33.947124100726626
3197.848477661315    5576.194572121927    1         0.6871687257869458
10034.292113891199   -457.2976407606384   1         0.21088982968913644
87.48964256272671    -6764.908833462303   1         1.2387736787931571
6442.0221026751615   4714.859468422717    1         0.9727145066994018
4773.453091454216    16027.770849060773   1         0.7696228175577942
-8243.153602121283   4184.200831465266    1         1.1337398659853928
1661.4374615408365   10517.644637367104   1         0.8806677390465589
10032.215818993564   3336.2477240504827   1         34.17171436915493
4931.370605307306    2912.2382340152835   1         14.727403508405226
-6932.268111728762   1249.4252464007939   1         0.8970741754420374
-327.93874942076235  -3251.2700901215453  1         0.6308075970740511
4474.9735355126      -6347.328313493149   1         2.153356111995488
6722.440334252538    7383.512219255949    1         0.6298451716437043
-9658.133295521951   4493.444314168227    1         0.5186164090202228
1966.5131115222503   1174.4175293665794   1         0.5892372568977521
-3158.219321597056   -653.7021479384891   1         0.36055482895479407
102.02343422533663   5284.029849427373    1         0.10975789195765988
-9572.06225985425    -3103.1162725908957  1         0.31215604374089245
-14.06733560701508   -5064.9670115193985  1         0.1208087744373027
3515.963355610138    1326.9421549669726   1         17.042723159528517
-4031.6047990216603  3216.8308855011915   1         0.7283255843298855
5519.192156480406    6284.156572119762    1         0.1698499675024014
7167.613507906467    -1666.8721871421099  1         0.904449519707477
2766.2350860415922   -5807.968284154447   1         0.32119034045766814
4363.580992498469    8134.118271194705    1         0.4355715011304818
-4529.723990899294   8743.187277692841    1         1.0177714684393824
9284.03276949072     -5707.617457917102   1         0.4275899456169776
347.77323111780936   -1127.378916461236   1         0.5937938590691227
-828.5224932253823   -12074.724370344702  1         26.38559399245645
-7835.93018972666    -5364.667906612487   1         44.46682109506734
1150.0098070834792   9141.599926110257    1         0.3941401260152346
-640.0855300353471   5320.804000192096    1         0.6608736209775561
1420.5187917640912   -2833.9002011705206  1         0.7829294307211084
3876.1059263364355   -5254.979698733909   1         0.8797150622781368
-7065.070005581098   11423.458475726358   1         6.468082887502795
1158.0938000366812   -6633.717515639748   1         1.2159549716884066
1137.930720559902    -1949.3953485050938  1         0.19865670244360692
-1599.5566349807107  9301.776058798114    1         0.537877230926842
-6440.491249808648   3992.962666728155    1         0.6994914925793824
2491.7912572129294   8930.083855467024    1         0.5043542645092357
4352.14837710875     6375.552086170714    1         1.2005472616464081
-4338.211775921574   -8123.810375845167   1         1.0411020143006915
-6965.215124239218   -3266.3473169073613  1         1.0377241577792553
-1237.2386623615876  -5706.301184046912   1         1.178630848015579
-12053.45236461148   -6584.951232221987   1         0.41091336476434315
-1012.1359823197945  -7781.419414499702   1         33.254355591807624
3718.3861025262095   -7079.267378912007   1         0.6599361572305043
1579.884593660784    143.09687942018203   1         0.375437661128154
-1282.900770669764   -5411.879978439487   1         0.9121522206360073
1926.9166763847245   590.4989204715175    1         12.32857339691747
-9163.310783827737   -5346.611559395969   1         0.7774472832962938
-12040.538510198228  -4825.871405537866   1         17.3357676332558
6417.149837049253    -5818.238396650126   1         38.30412197725011
3924.1748188795063   12080.937353689504   1         19.230682201815362
15673.082901744005   3015.6888143479664   1         0.6049225329065555
-3366.7440697928887  8314.806407192857    1         0.8283603879722199
-3246.6824962616665  1403.1600152493797   1         3.1763866012055315
470.8429284977133    9422.719441377956    1         1.142402552019175
3149.34067595174     9087.629957857413    1         0.43425708170839805
-4638.24490978707    -2811.1978848260087  1         1.0965239359985264
-4780.92267668333    7639.116027650739    1         26.93106554654799
-7021.442020062314   -3830.328587777044   1         1.1944439071498163
5845.982545778129    -6039.051702635432   1         0.9251780358256396
-2837.2594343783453  8830.236321034514    1         26.112593148527985
-9039.68785734191    -9702.477259759471   1         10.095597616719706
4191.987374493697    -5589.45951563931    1         1.2016085594101167
-5171.379097121337   6172.219014673809    1         40.073399300042944
3208.481352250217    7411.459612252811    1         7.895752803074685
-7749.59914589972    6589.353463032386    1         0.7882429107705091
6385.856086987922    -1694.958993113081   1         1.0041391545328382
