trucks_count 5
drones_count 6
customers 100
depot 0.0 0.0
Coordinate X         Coordinate Y         Dronable Demand
-4802.644769709356   4833.474508087621    1         0.814767187920716
7018.4692045883485   6454.3206614208875   1         0.725420163316473
-1433.5106514112263  -10403.502299516802  1         10.036664290894269
8225.284097624919    2335.490264003768    1         0.9211900911149605
669.2974872839749    2089.800400689878    1         48.45598875047493
-15262.776885994715  15784.624349703103   1         0.8424268544515907
5988.981484034812    -8367.364908222813   1         0.6358932646576841
-10440.241419624143  1487.3366605626854   1         0.35177158049046675
5249.543772229848    -772.8085815537543   1         0.4772860069880275
3301.1667603670476   -1395.628708892151   1         0.5269347449280897
429.86386462149903   7127.0267621685025   1         0.7369713952985938
-7880.67232916262    1998.2675484080175   1         28.16658660477423
-651.2128135041912   -9842.420160887266   1         0.8137770800702251
13873.623684899394   8029.266452174335    1         0.7423017214963917
153.46429268233928   -1650.7427342380745  1         1.0788975172782767
6714.44177092026     -5014.167851968441   1         0.8573854953128434
8212.762705138286    -1486.4481349481553  1         28.255086983720314
4601.865325864218    -5453.891175423026   1         47.20438045776974
-7974.6507416167415  2954.618307111132    1         0.8580607927165557
6885.691967969904    -882.0034807985357   1         5.293267140173591
-6454.299056711408   -924.8213700501569   1         0.7224345774303307
-10353.986142151462  568.702292981066     1         1.1723091141534752
-72.96416536299294   -2582.929266268698   1         0.9623830334122787
-1186.604459665527   -6232.814898326059   1         0.24516676662051962
377.5487744621205    5530.175643242885    1         0.41306684702141927
8661.470043587397    3405.547529982247    1         0.35044820043738933
-4665.172559713273   3773.0472049352434   1         0.13340778788799051
-3075.5063558796264  -9530.168200556429   1         0.6130641241914223
6638.317983274769    -3090.1072468764723  1         1.1241539812428545
15912.918545381377   -11349.14699645367   1         0.8573619922615691
-30.970969785501378  10884.050589548888   1         0.4624197294353657
-3465.6155297984933  -6612.225307040548   1         0.20277679687561168
-6197.869317352738   -2839.502735125601   1         1.0941675466536798
4099.845886633681    -5844.096104579401   1         10.372838935408804
-7940.5099872905785  -2202.623424278643   1         0.794286313594561
-479.6921013943138   -4680.221929304742   1         1.145835471038533
8522.073740030737    -7584.269053950475   1         7.197285020675219
-13039.463960184066  -7468.285283935635   1         27.296997106220303
-3326.027726466751   -3438.7224528302486  1         0.10821076275164974
533.3135751289992    -8023.226638032413   1         0.8150042614722832
-5055.133112383328   -813.429272404748    1         0.8236680916956474
-5980.307535433189   3668.7816916974916   1         0.7161024652597012
4898.833432383764    9242.09273499502     1         1.1792779429210067
-6066.614248055925   2231.985719585348    1         0.6872923763880846
-1601.0838917169508  8317.103950036138    1         0.6528328997811446
-7658.425945108869   2212.5904058763795   1         0.17662258203267375
-1085.8244521228955  -2947.423938047226   1         1.1853247178507489
-5274.036996532589   -8399.931063230484   1         0.8225739509744409
742.7454691918003    4796.335254465429    1         44.87615130559495
-1081.3727585073389  -1159.141330353835   1         0.8211353879164588
-3546.994008359264   -7110.2889683666135  1         0.47190126749549355
-10856.11761018011   352.67932564816476   1         0.708512069610197
1599.7304662027154   8837.832764505847    1         0.3550207995186382
3708.607995978366    -6320.903121586163   1         0.3761209859165645
-1562.2567534405898  -7306.879975744369   1         0.28699990889329197
-1506.4390056770499  -6450.016821883595   1         0.6598637120415465
-5697.364901885664   -6780.358722574346   1         0.9972642907405026
529.6481659644841    158.3632622296467    1         0.9216941792117336
-9637.890802381087   5175.483019323154    1         37.76332176170659
406.6024364891567    -1382.9999751144578  1         0.6417893642000433
-4889.103074513014   17333.986791691917   1         0.7282598305040772
5334.276407177411    9099.815874862326    1         0.8415487029956423
5486.5770554237315   -6790.771182485983   1         0.9195802171375718
15452.056956618224   -12531.043616392571  1         2.279188070603109
4607.753197565219    1586.109224593029    1         10.958350749915933
-8822.057591673729   -6082.679002440073   1         0.13912944425712806
14304.902824143588   -9506.002187241964   1         0.6246600882788979
3855.8603858700117   -13902.802394370501  1         35.37933775239045
7813.51445785209     -2417.3286989577123  1         0.6911356706444021
-2268.012096371298   -515.6398382714706   1         0.7459242272916466
4497.887927617314    1116.899592391186    1         0.5984535604750505
5850.10923423645     6194.1757793790675   1         0.7471385778924878
8202.759012329843    2267.012761525551    1         0.8109164386211307
9798.678144906287    1108.0296553928492   1         0.9968761173716655
9851.376259634068    3680.038345341113    1         0.9518427255245027
5072.8629254672505   -1168.5264414460412  1         45.828367758487865
-12244.278745785108  4687.44408141918     1         0.7546058599062767
10572.992549731498   -1603.203032288324   1         0.9225050685627775
-9033.487606034507   7031.276427907826    1         3.013692400757849
9914.395927096379    -4604.576506628627   1         0.23490509649718277
-10220.959751470096  -3098.834019179549   1         0.8299299797827632
8635.136404573195    -1130.5475813592807  1         0.297005429266484
-5564.448186073541   -6066.714296019382   1         0.33160366819382026
7452.509507152177    -2602.5845954614015  1         1.2465383244606534
-10021.308290426463  356.1565274117013    1         1.1351030343420399
260.0986770599601    3945.6208473432057   1         0.753116916117596
514.9183580393939    236.6458921336245    1         15.390040032190594
-3724.369995482385   9801.344704421088    1         1.1486933547110831
-9573.305365691696   -13352.32046322232   1         0.7271160085480632
2775.876175176607    2630.090183560347    1         0.99327347505175
5666.904800352686    -3017.410248030395   1         0.7932628285040123
-9878.926440934141   42.55815316403039    1         9.16360593435843
8730.4626505505      3681.720546973351    1         1.084659710561185
4437.687125930352    2332.9447471630738   1         0.4126933860476317
4069.768146512335    9757.692629915284    1         0.6933669078863332
5440.584945152947    -5854.412914541421   1         0.41988685203357023
16898.53802312608    15546.405152442167   1         1.0158497637089519
8860.531563967235    -2018.8042695788833  1         0.3401200930629814
2507.428482453344    3929.5601945084627   1         0.38889067082267026
-10750.935101782303  -16221.893405871273  1         0.2841256603868677
