trucks_count 4
drones_count 5
customers 98
depot 0.0 0.0
Coordinate X         Coordinate Y         Dronable Demand
-1912.7603264480194  2889.7180201222045   1         4.036511507918386
-4964.227949480665   -4659.8102666432305  1         0.6114378072709481
6198.5915353079445   -38.9388722290096    1         34.34039693481456
-6734.374924899569   6194.0339755632585   1         0.7221425502145435
-7040.523217164612   2114.170320477176    1         0.4801599775737748
3683.3830557736233   -3526.9962535899135  1         1.1836815264041056
-3135.755790108089   -4524.981540804575   1         0.7176792307469776
-7730.2026798144125  7178.254772289432    1         0.5513715872022753
-7797.9420600685235  -774.964391933735    1         0.8835370309201684
7457.548213001468    1542.4604030724659   1         0.19238064421040926
7058.573772002165    250.09502806475305   1         0.31226091533953715
3525.5750557589868   973.6865870420337    1         0.24296944550290359
3699.20300100728     -2765.613670558121   1         1.2023535383850545
-1260.2361157314888  5908.472541347242    1         0.5564860438565412
777.1662363210582    5836.574492886294    1         0.7414730983343928
3837.231758180483    5184.3552556310915   1         30.930585756173826
-2704.097900373061   -411.56473244827464  1         0.6621567274677808
7218.715001780503    -3387.5082298974     1         46.569403797000966
50.84716058308246    -2684.122532079533   1         0.6021343961884974
3878.109406701331    -655.8967154931379   1         0.6789593429751153
5832.469318452987    323.8760212830092    1         0.347628224248351
-2830.9254178523092  5419.432333391978    1         0.9769363738018627
-402.0762522546538   -842.0222610268556   1         0.9381039623905195
-2580.838894629871   7026.5203206839715   1         46.36636937286069
4767.4399906485105   6758.581015171557    1         15.013758865645801
-7167.460005475909   -2055.066809474404   1         0.9977591597451816
4778.256769928007    5510.910211301384    1         0.4793986581604487
6470.014035087543    -1734.2395365298344  1         4.465859239744465
6842.260869534138    254.70822649093716   1         0.9881345920916853
-735.6630140656966   -2461.518671264045   1         0.5477769323697183
-4263.334659358429   -4838.011367981391   1         1.0077047524397782
4988.5003032334425   -4106.734787078348   1         1.2262970930040316
-5482.917108956052   -7316.296669248471   1         0.6506030851157971
-5967.323618536842   2508.916918345521    1         0.5600061321146963
-1590.857279110424   -7244.865545174224   1         0.220521492048861
-2249.2011658428164  5814.868895444569    1         0.19945818523284692
-2299.398250815997   -1883.3078670249479  1         43.26006328191953
-2094.854712393031   1680.9470605482004   1         0.26842954994318935
-4183.316090993956   3404.9690252469595   1         0.7345194263345503
-6233.756882787531   808.0773379708808    1         1.1792524141676761
-7778.844498623537   -2471.042564441547   1         0.33050665310723837
821.5448413772368    -3598.4074397430595  1         0.8415328132444436
-1672.9568779652493  -7000.836389344036   1         0.28620420260174767
-6121.557533267069   -7051.8736019075095  1         0.7998463692228255
25.22082703852689    3212.9846855603664   1         0.44945226051636744
-3172.1209633023914  5854.611215064138    1         0.43909513179847715
-3567.44704783996    7529.447192467601    1         1.1266446072987317
6061.41233320408     -104.36814049951705  1         0.49825064537150143
-3470.1997725097162  3868.8407779284134   1         1.2494732646698692
-6457.790142554389   6914.7532299468285   1         0.7709705491834671
-2332.611118952577   -2247.6902774565565  1         0.28937450139505727
-4370.12790590387    6814.72025647733     1         0.85060937038212
3012.098449354005    -543.0430995848901   1         39.143693836418095
-6889.435714394409   -2763.203344995228   1         0.21044743039986194
-3023.4979323274392  -4339.598809891573   1         0.8296230320010229
-2547.490997491104   1962.0089544267696   1         0.7302376268937565
-5684.835076015989   -3044.238987512224   1         0.27174746811186196
-3294.2048208716546  -653.259941040683    1         0.21865387306770256
2998.8845513394263   6964.729167013798    1         0.6732721517094447
1414.4625745475155   3053.191795820668    1         0.7113038959088724
4269.568469211929    7087.3102701779435   1         0.9344222614714612
-3904.195883194318   3710.2117566051675   1         0.35716591196207237
2188.1482827490854   -5124.503695350305   1         24.622288846411962
-4408.209486502013   7764.968503046709    1         0.3644532915703522
5497.893281374296    -5914.419141739872   1         46.98289807078201
-7378.225965832324   2359.962625131448    1         0.4586870848384298
426.54884190108106   -4856.897012635741   1         0.8555974971289747
6155.036826360151    3510.1254733779792   1         0.31327595832384103
3564.049126587298    5718.752045411269    1         21.987477542699914
1421.6788604727858   -6038.850258610963   1         0.9090518223727798
-1903.771207087435   -1936.4496099405678  1         0.3718115512816962
-6505.7076110669905  -5312.774008415344   1         26.604333710013435
1744.3381980375543   7088.029713681113    1         0.7474954514935763
-4792.061867144241   5499.66170233346     1         0.2886361264065967
3107.667936822285    6648.987016607551    1         8.229216253630213
39.55109346740028    -4277.253017084823   1         0.8864930815835107
6338.6093742920875   5250.784888907707    1         29.101500136012096
-6882.012819772148   -1602.5092934524005  1         1.1142252988481578
3551.2890660590456   4258.643364837781    1         31.878205408201115
-6079.427237761015   6264.603734074883    1         0.4931205544901467
6934.3503681510465   3570.2255647645397   1         0.5023424232377549
1986.490736470082    -4748.501782492795   1         1.0512173755068714
-4702.821197421062   5542.549337248654    1         1.0743506346706644
7428.00299551765     -4636.566401400338   1         1.0837925459297988
-1753.2838447581835  7471.394954725241    1         0.6988897432996425
-3587.448109398916   -4614.539222482175   1         1.1061958314725038
-7027.2421717679645  -1787.0655141132456  1         1.0661343863570458
-7289.073009778117   693.14332799081      1         0.2668138438545941
6811.89003076142     -7722.510130296702   1         0.8287532840237759
7509.203861581156    6280.070110680515    1         1.2385540411782812
5477.112047621114    -2304.9835093051843  1         0.932421832751415
7085.371129743764    7576.841570121749    1         10.491252756415816
-7103.630181634601   3960.9089319226932   1         14.065520329401252
-337.54736080555267  -4820.215072157511   1         0.1116690333214559
-1424.9435377485754  -7397.950139248886   1         1.1372987070355365
7004.131570148596    2147.866958077128    1         1.1972831138499913
-990.2929447565946   -516.4901590383039   1         0.1224086644830778
-5904.307410760203   4812.035587991899    1         0.28602611228161723
