trucks_count 4
drones_count 3
customers 61
depot 0.0 0.0
Coordinate X         Coordinate Y         Dronable Demand
-1243.8243494428275  9317.603791661173    1         42.148906861373206
-1878.4502281781224  4315.654745027632    1         1.0280951055167022
-2606.7375489208716  9857.552143955267    1         0.9751612802772236
-1216.799947113791   3766.9722372953893   1         10.277692998747703
-4926.1869669542     -5844.8339775186705  1         0.7344939835928531
-12988.708716469613  -5079.647151723619   1         0.4329021458889244
3337.945865857823    2171.3210933790747   1         0.38387847101253203
-4135.595000540605   -6210.861941602054   1         0.3154793742289468
-2583.9303694741843  8345.949378907319    1         0.11068506412510104
-7984.384026039748   -5773.321786795722   1         0.5033568295846431
5203.553227134191    -137.49770414189823  1         48.80352029501355
-640.3702582502663   1159.3919668571405   1         14.770273005377332
-2456.5786095337007  5778.546798568662    1         0.353307366276688
4788.940009351466    -1274.4957830555188  1         6.132817099439788
5889.455518961186    -5097.912184992957   1         0.418714676024147
-9120.38412490771    14132.581777465324   1         0.24264210565772082
-1976.0975556747958  3705.92341340558     1         1.0964359141950384
11408.394898308508   5947.539463296051    1         14.04826435744483
4830.7832026331125   -6182.328596443674   1         0.49108907489805276
-2429.380207006005   4758.668865424873    1         0.17797274359151827
-11458.601095508428  -2917.7327433245737  1         6.468016356904224
-5609.866661383787   -2417.542862670921   1         1.221118215190873
8506.461458556754    5298.15798019307     1         0.9355945093206796
4911.2497090440775   1523.3822825502057   1         7.545458921631102
-3478.4757778994403  3743.1070917946167   1         41.385988102791465
-683.3857357060102   8611.549412304754    1         0.21866628547253386
5144.1693415770005   14204.41475113229    1         34.10366599354783
2123.2314087356895   2869.8514719141035   1         0.3009251634719604
5810.164825369241    -3129.8057875216537  1         0.14862926377331004
6467.602229357772    -5419.613794476275   1         1.2456113016708021
3253.8232499511137   -6555.845739422683   1         0.697850081363001
3337.6749056597096   -9736.58815320196    1         32.100159673442995
379.16461823989084   -10150.95752299234   1         0.12513558541875952
-10103.054165334472  2193.692770121396    1         0.34740657843885914
-9014.924658300471   -106.78213298538321  1         21.42739067600687
-6918.041066223871   -2535.9895410302342  1         0.2560264870366803
-9086.350154027043   -4128.971131048669   1         47.62791739771894
2162.94908701915     -4053.826923938308   1         34.70146518028877
8791.001331552214    4988.751161525678    1         23.637248234971615
884.15054592904      -3411.9958660813745  1         0.511434030981991
-496.7627632897892   8595.054133451797    1         0.6011047955253018
14661.319018500204   8141.027680467758    1         1.2257949711678149
3041.0615103018154   8091.55283590873     1         0.8425242138982673
1019.9944603931039   2759.9553784102472   1         0.22273712944013857
10466.770710790437   -851.6585730842806   1         0.6488257213681424
3203.7271995435663   -2848.691304039159   1         0.8355155212161388
3997.098821264726    13438.714371305456   1         11.058686138975839
-518.3352417890844   -2659.4963036287722  1         1.1155192076114482
593.0575807814314    -9105.962310422481   1         29.725419215636556
-1190.6016776049385  -9839.726302971721   1         5.175220154036815
-8517.233108217273   -5935.842128230909   1         0.27939378686284266
-8790.916236881638   9015.864251574441    1         27.69679324666905
-9246.158046716395   14.417694612968772   1         1.0359763330634604
2591.3738321113788   -7263.982922665393   1         0.4697844801260147
-6981.006086186456   -3724.0685819751084  1         1.1567511897223746
8733.08771356083     -826.6116635392445   1         1.2440173523281575
-3635.758749602162   -479.83198827373747  1         0.6707763579513427
2138.0403115846802   -9390.582745547832   1         41.994530807694694
1029.8990135992667   -9280.062227888915   1         0.772308919384699
8462.001519443536    1578.087736018187    1         0.2996773135529932
-10353.564895931202  2615.921453631277    1         0.2749542115074217
