trucks_count 3
drones_count 3
customers 70
depot 0.0 0.0
Coordinate X         Coordinate Y         Dronable Demand
-6885.341115452886   3121.191917950307    1         0.9715059930063993
-275.30922774872676  2232.81181886674     1         1.0863983088573153
5601.643551863241    -2946.219185963719   1         0.9788755409330682
5952.754959574246    -1455.6957734880905  1         1.1546910242113193
2832.806848231725    2209.034671588425    1         1.11449333025682
5282.4913432303465   1087.498133164007    1         0.8029392932235141
6776.2864173840535   -6854.920217569969   1         1.2446103176514818
-5023.971947163155   5351.10523978524     1         0.5343898713888668
-2127.155973099036   -6573.831108127326   1         1.2363690639340073
2713.054519265668    368.0467927624686    1         0.4682931921631608
1108.4340157730817   2830.5184765718777   1         0.8372611538304978
3709.7290636302428   -4750.022274692155   1         0.49188917367899443
4552.531737146781    -694.1125857787301   1         25.79889865010496
3086.692472155226    -2767.752950174206   1         0.7895252416897981
-3187.7741534651786  1757.9542101384905   1         1.0612545864758527
-3371.0628284820805  6894.373696855531    1         0.23515873882277033
6824.043555917141    1852.6155253303314   1         0.25494529023264
-4534.8094929102335  -5912.304746455366   1         0.7171955321832211
802.3453890673308    -6774.470218405428   1         0.357254600905516
-3986.331815234956   6998.821237349245    1         0.7051038448439741
-4898.066540819445   4653.960557903126    1         17.270534743757082
1356.791761913586    6849.532372470878    1         0.8711088482275288
210.30775046529214   -7098.159219591115   1         0.7998516501655527
-6734.486355589096   -5554.393128112487   1         0.7577602600766798
-5723.171041310536   -4497.646155338248   1         0.5719712186798536
-3008.6610052802525  2763.8778272341724   1         0.603699631219724
-5241.0308482023165  423.05161091344354   1         42.666310785698606
-2560.5520580990456  5590.4402752695305   1         0.31354026588630535
-1071.8780527830882  3364.7174530925895   1         36.77130034250367
-5176.698357581086   -6803.228855968306   1         0.10961639807591841
6210.53078932295     3335.482883135401    1         1.1197197427347896
3840.8788765678673   6050.378481931202    1         0.2885357601704258
428.56336204779774   -3256.175547842907   1         0.8812017229893763
1178.7802928177316   6735.940093922874    1         0.5525661283920621
2769.549846529944    -2168.6692717890473  1         0.5921722196266092
-2557.6369549219944  5396.0335341680675   1         0.647082767031377
7020.270565074216    -6785.635403447787   1         0.5478573501019885
-7178.158665299491   2299.314210664937    1         0.5742225036985447
-5393.472023089382   4747.709404439358    1         0.9575835675975797
-578.2184054042816   4462.391505621432    1         0.9256171134009402
-5501.746779139451   -6144.558487665821   1         12.714615862564575
-3727.7206849222193  -6671.356194102015   1         0.8654886567756767
3840.357599661501    4563.226455841023    1         0.8864752819453782
5963.728339889585    3257.50065585236     1         0.5488260121660755
-6392.842986313735   -4737.070299612291   1         0.7571178389320379
-5809.015538971467   -1094.5912723305403  1         0.21133564418702017
568.011693065776     21.075706238955718   1         26.049822150544813
-5061.598552552441   -3927.431924481891   1         0.9371285210311854
5367.983173865978    5548.038239810816    1         0.4434161515936055
-6406.739484493106   -4594.4372176318475  1         0.918398295871335
606.3976943365464    1849.8516004951607   1         0.9111536401282967
6375.047006116303    -1042.7508234057786  1         0.35427993877146047
1340.4268571539585   4590.285301594916    1         0.7074358957357065
-675.6896235088361   -5904.275069563035   1         0.9669262297473591
-6708.875504994585   -6116.16487981036    1         1.23853901184624
-3446.2736951692036  1938.4341290048208   1         0.5566992841768182
-4674.0066482152115  1487.3034120138482   1         0.6440760561280258
1517.5048664661954   7162.520110909687    1         1.0799597262139475
-3960.7247805954066  255.5132463325895    1         0.7144098275604993
5423.690859134199    -4115.65439487175    1         0.6200225894489018
2653.956752748996    1635.5420526624202   1         0.5948830625083424
-28.575387916602235  1483.370154261004    1         0.5107981192380752
-6813.575029857596   3897.99320259143     1         0.6701946641022553
-3829.8970191334097  3681.5276693503547   1         1.2200860463325873
3636.156062901672    -4561.852666225908   1         0.5787033826553089
-6829.740999758136   771.304910243012     1         1.2229874918904355
-1545.521278690029   -1957.493674659652   1         1.0008688837767772
-3201.0464634215814  1862.5885313864037   1         0.789587775212962
6460.252503673508    4272.244865581435    1         0.1393142670890667
-6279.726921584651   -4041.058610299088   1         0.33323348498579375
