trucks_count 4
drones_count 4
customers 70
depot 0.0 0.0
Coordinate X         Coordinate Y         Dronable Demand
-466.54727220343545  7634.045595773483    1         0.6801158632141902
-236.31995190236194  17564.72066278639    1         14.702057548857773
10484.221615213946   -1607.1015062812412  1         0.19523770135149598
-6.0619152080159076  10163.38083880586    1         0.9879527212559543
1264.0650334428506   -1674.4524398801939  1         0.8839909398102191
5737.814402140561    3065.989171756701    1         0.8234364920285138
-9002.599036135343   -3096.8681498662704  1         0.9544457667346191
-5776.366208384687   16619.819439833216   1         0.1821934526057517
9413.035758900318    -15272.880288785796  1         0.5855339271631431
3532.6712933583126   -6290.664602162489   1         0.5319971536568525
-2798.7865939509647  5106.153078155795    1         0.39202314942079286
-4512.667944393989   3652.864139231141    1         0.578366658305274
-14758.533796626369  4886.727079249547    1         16.530828883598403
597.8674271062804    -7707.573488964489   1         4.8973090995383135
-3163.056165759226   -2454.432259683647   1         0.71746085051012
-4467.093241437524   8411.881379414473    1         0.2576212488233396
6359.333942583533    2937.7046611916808   1         0.5084834290686816
-851.6654148614963   -1398.5151037136798  1         0.899057686591011
7682.404252515145    425.3865902275153    1         0.7446681319469008
-836.8974316241079   9240.46473617647     1         0.4726232168577965
3588.6058260376985   -2129.7547918387745  1         0.17971665549336857
-10365.839686984777  3921.935770535365    1         1.0079728318353964
-12547.35673910524   -15051.438850049533  1         42.418868776311726
-2252.36715932915    5469.851034284967    1         39.67436199085635
-5848.309806193129   921.5246300997084    1         42.94849826997428
226.6968871575364    8176.155889854954    1         44.38922494875778
931.5327917146184    -7587.900887567065   1         1.237356320573881
-2033.215324356259   -4846.428303820621   1         0.31108974179375537
6944.704452195177    -2230.356375017303   1         1.1647227177010087
8739.709424108962    7018.060656526934    1         0.17692624956978956
-10469.814916239513  -16420.059773499215  1         0.2047834619913429
13756.987537839665   -1379.0534345635133  1         10.204827584976293
603.712010252694     1887.0139240452077   1         0.9779037496588568
5993.943452876731    738.2130713914196    1         0.3876667392163634
-10656.866228746705  -4.01195481622857    1         0.7772355941812273
8519.791339145508    5037.0690434043445   1         0.7633166435396967
4026.852749411758    1047.5715675174963   1         0.22854267427250005
-4260.104372298571   7851.554829553384    1         1.2276100580423033
-17801.794079602936  1210.5846960994313   1         0.49561464291300794
4395.538465985399    -4217.01393782354    1         0.23761503985643723
-2714.9610318394207  -1960.7074498948384  1         1.0450423427993782
-6199.997426618821   -2277.487946682936   1         1.1260926680799028
-2812.2417690551974  -5540.623000632459   1         0.3191530573064696
1600.7395477894747   10681.668417815856   1         0.11058265957373127
-12887.438926999705  -10724.750994134802  1         22.449652298673353
149.81292923224876   -1503.5715050517865  1         0.15303925756308173
16256.965742919561   1684.8112276655484   1         47.76565801460975
-12542.960287237638  7255.891320205566    1         3.2470404377104467
5564.090281308584    7318.270866588286    1         0.21800410694702083
4714.197211448988    -4110.466047079031   1         0.5998966797107934
7882.439350542249    12106.240770264078   1         0.851453874665603
-430.41373252653176  -4237.475399478385   1         17.444285000006488
-341.00722311310244  393.5538834757403    1         1.2254382669920814
-10224.911017945318  1555.0069106275632   1         1.1672783611999862
7786.7624598944985   -3727.926573065779   1         1.2199757660206165
5120.537307345274    -8338.72265825808    1         0.37163239889281174
9714.770057094136    637.1017505685492    1         0.8065897102219167
2359.6389220392157   -16843.287330781513  1         25.36121613307475
-840.5817622208375   205.73521545661944   1         0.2995752923319009
2512.8218567944064   -2608.111450404868   1         10.618628108993654
6158.012940637241    -2191.0155325507876  1         0.30633580043011355
4510.286371992291    -3072.7869493834705  1         28.129827952281698
-4297.408942047896   8476.811790716183    1         0.22164183186125042
-1679.4594738992218  7277.003721350982    1         21.582039994812263
-7780.793728501711   6387.873160266049    1         36.14002631705605
-4584.688477402076   -2847.9371491042443  1         1.248514054017242
5041.254709663291    8336.89626925202     1         0.6157277091733839
7740.383109279403    14893.309912764795   1         22.238417102700616
-2044.8645131190558  5231.083434716035    1         0.15429726085709625
10593.832222465004   2240.7683066746536   1         0.6980212236339689
