trucks_count 5
drones_count 5
customers 61
depot 0.0 0.0
Coordinate X         Coordinate Y         Dronable Demand
8620.711072499389    -583.6210986819789   1         0.5961050122194549
2336.921168009416    -2840.1343929569002  1         0.6952447161295175
-2459.8503307082083  -2370.0237404936865  1         0.8936227798086324
-2751.333967753326   -2323.05553636912    1         0.4732591049710271
-5372.230703674481   1037.998072433561    1         0.9999045848268762
5694.74070898332     4654.903228162417    1         0.12340647265761011
8723.815874091277    223.16685515240343   1         0.47231795260814824
-15411.495414800283  15622.83427090416    1         30.28198700890598
4655.155794953007    6550.5215360752045   1         0.9821560634253381
17124.328399171434   5382.410535426312    1         0.5837548626582917
683.9037126215786    -2208.1800701569914  1         0.44519628842003434
-3855.9315894898355  17473.17975085527    1         30.81282133938442
-4850.638880073006   -1214.5162572549198  1         1.2350304293388112
5626.610057719332    7366.887556381569    1         0.3957177292614603
6982.896242669641    -7508.0912120189205  1         1.0197196803563233
2224.6577628577843   -7614.145783093437   1         1.0264444749928783
-5952.568725593426   5206.026307350585    1         1.1209755693186234
-8395.568299712895   -5373.42248700173    1         0.7503068087125994
8002.487040725759    358.122504999199     1         0.9210307945183949
5030.837648265157    4867.286546501685    1         1.1737732757479662
-7043.010148009816   -2437.1059204389753  1         0.5165995845553369
1987.858806021317    -3014.6830825691336  1         0.5465001333996752
4624.067358636322    -1230.152409318449   1         0.8447022049621086
-6149.080056459765   18743.343776136186   1         15.212727939494433
-4899.5970687017725  -17269.781988313403  1         0.9619990457313095
-6720.694541170396   569.4919051952755    1         35.28408147272652
7573.773399380569    -621.0907275014505   1         0.24800325225114253
7040.525891385108    6976.756963365206    1         0.680448942125654
6091.447383762944    5117.261796624167    1         0.9700674507335646
6271.390112128729    -8797.574678860456   1         11.279924152361644
-7226.52524723907    8132.545974750859    1         47.46674086527515
-4173.641722834517   -7530.331370226007   1         0.22131846205451067
-4861.54826814087    -512.2042959945574   1         0.5283590857752671
6299.410681535178    789.6515121355375    1         1.0559125998632324
-977.6268474045382   8901.783949275277    1         0.25545806105790014
7678.482781737069    5335.489818983487    1         1.2387269443556885
15514.827060138312   -15736.3093494487    1         38.88980528031995
10350.885956183356   1693.9172610900941   1         0.23460531407604465
7889.797148888785    4966.785686823594    1         34.00720142538259
16429.042764702368   16228.332582850984   1         0.6170256368871829
-8451.826783774408   -3009.560178883154   1         0.42194635678905223
-2835.230347853918   -1530.0425695739104  1         0.8474743155676312
-6763.896965723043   5668.248512391636    1         25.60170347312817
-4436.761011650061   -9180.278598282928   1         0.9031522930728603
-9650.550819217193   1130.2988689052474   1         0.7537295007174774
4216.484082051219    3196.3408784947997   1         0.5445513045882775
6036.3460829110045   -7461.421391665821   1         0.9130788582072811
-1083.9856169609254  -3284.494161634723   1         0.82802495148496
-9430.116879400528   -2156.63213067918    1         0.8254882771821406
-4532.4286846448385  9399.287764839068    1         1.1559657050778074
5599.134497366274    -4677.952153079038   1         0.37636058087497415
-801.9044878328996   -7103.1215170013775  1         1.2364188335861688
-6010.197750161199   4249.123433649852    1         8.37286668076206
101.64594008890464   -9647.092425853609   1         1.0604796922628865
-2224.2197837102863  2058.6859268836874   1         19.48030639174914
-6906.288467594681   -5085.186304040732   1         0.4611624294810165
4501.682594969707    -4176.820400361251   1         0.7087112093554546
-223.98009132802326  3105.398916882423    1         0.834781426694817
-2377.385438698108   -4936.936292905163   1         1.0306422840460685
4576.186154275102    9839.618614101755    1         29.550106456803583
-1287.3443687953477  -8191.6612378225     1         0.9325957244953855
