trucks_count 3
drones_count 3
customers 37
depot 0.0 0.0
Coordinate X         Coordinate Y         Dronable Demand
-5171.541825642729   2150.883591502553    1         1.143649448839432
-1906.1871349100354  -1203.1668204157827  1         0.901335218968189
-4639.408832000356   4594.900565289675    1         0.5849202923091356
-2583.193551150244   4288.148246022416    1         0.6150704284271507
-1968.0966584296134  3391.541735474461    1         0.7293390771909096
5282.419510284067    -3702.8831262157973  1         1.1381624664588657
574.6077874422994    -3910.6810688866804  1         0.8307029937154478
-4775.673436547053   3474.4945556544935   1         18.23413725137902
849.2279696914256    -1320.166981380853   1         0.4618738086614076
2354.3645350985335   5761.357175402841    1         0.33059267157102834
1454.6719437360155   -3469.8372158473617  1         0.7473327121952538
-596.899199103802    -4737.685445171886   1         0.20460790759737618
13.046348380503085   -5224.865457079203   1         0.6140911820873063
5732.40781962595     1116.2313878148498   1         0.5467556577583645
-1930.1756283934724  -125.1772718084112   1         28.06026010733548
838.2581577827029    -838.0146927814826   1         13.680867127334205
2062.552735621403    5214.779722963063    1         31.56291827077096
908.0068968712388    -2518.2137329391603  1         1.2104045625020976
2286.56040088139     3778.3010838552264   1         1.11840057626929
-347.02397664245797  -1749.2625762484615  1         26.918404417612802
4244.155289473038    -5321.639364166224   1         0.7882197520919167
4342.278370372518    -842.7812122453486   1         5.539213586431021
-913.5083192101462   -2697.871652650699   1         0.12815803065350756
-2403.823369997029   398.88770189042464   1         46.20498825325001
106.28884481565069   -2436.37545603326    1         20.843128613456003
1088.4962220875968   4344.8142396175745   1         0.2942473044822057
-114.68056181241838  -181.6264380192412   1         0.42747926260333957
5028.78137222892     5524.98607184433     1         0.5867431820029988
-1628.500698593838   559.8421079042982    1         0.6599289592416699
-5062.717143366878   3464.603316057187    1         1.0254743936964117
-4903.126614938935   -5478.2292195037535  1         0.5481230290113285
1029.196899921659    1795.8169688252065   1         1.2245273869533613
3230.115040433372    -4504.81153171451    1         4.43832316810708
-885.9628264750553   -2103.46752314047    1         0.8914158283783814
3620.247667659029    -2327.0821257379453  1         35.172968987674885
-2451.3804692219337  1388.935885860073    1         24.467250333331314
48.41730161811772    -249.96274695302426  1         29.62254212342705
