trucks_count 5
drones_count 5
customers 51
depot 0.0 0.0
Coordinate X         Coordinate Y         Dronable Demand
-9059.926240827557   2237.1169569160684   1         0.2928234731673319
-1573.3953010413377  -4019.822057433572   1         0.3872508650400901
-3518.9832032780014  -9679.772774043426   1         0.9920439095904011
454.2985067002084    -102.00448188937646  1         25.11389747861795
-7049.603353394898   -2518.255824371764   1         0.7408379041119884
-5816.632157279545   -6027.689988160135   1         2.1951721091488277
-895.1302614039804   6356.220187108073    1         0.3899915565865958
-9276.84304033805    11220.401274700289   1         0.6131204006722748
1339.41166697058     -7651.220093621617   1         0.8968246984549767
3982.955166530201    8796.206383306457    1         0.4523605562435482
-1995.782434313254   -6302.330920374418   1         19.293582669238567
-8414.513911773245   -4838.166010962089   1         0.28010755141129984
-5056.833324809892   3178.6234742949564   1         0.8931275540923839
-8438.14126043856    -2436.6042181386892  1         1.1565948775845976
-3646.8639425430188  -9488.939390420182   1         0.2825937971599778
1285.0901525773634   4698.998367172911    1         0.19650320157753037
-3912.6503202740996  561.3993913893381    1         0.38690114296163725
-8941.68373393586    -1274.488282222012   1         23.505541927186957
-5025.004616859164   5890.964069623884    1         0.590293490705831
9386.19049191652     4424.143659564922    1         0.8944350762860593
10555.249576642604   10632.647086126697   1         0.32692181564745626
-2719.3499528218313  -514.6998654054637   1         0.29662593957133243
4650.109982261901    6996.886349164839    1         0.42119551381411424
6529.871470114838    1844.8808449481894   1         1.11742348516602
3437.0518942537237   7995.7839877234      1         0.7298966235078288
-6481.1229795127     -6057.396210603186   1         0.24161727416858908
-7477.786711254228   6352.056374324514    1         0.38553331784355904
6416.723080526557    4418.159472350631    1         1.075389021985383
326.62822871102503   2609.650150584643    1         36.724009599051904
4928.064148741996    -8790.12475936011    1         25.496971698274997
-3273.1820443717506  10386.320630048758   1         9.983222949151425
-10395.52293509307   1744.7765096745102   1         0.5306032003008958
-11736.310534187702  -9871.26926233944    1         0.7760388849227923
-9706.887919107401   -2499.100075630114   1         1.191787155657029
452.5796372030909    11661.07388713053    1         0.8545363121892887
-5696.829813186175   -4986.832545709923   1         0.7759729269737868
-7890.345570862513   4332.1041070529445   1         1.2453608967910879
682.6535448660516    5725.963118590694    1         0.16103965463959485
-106.86525717855464  -7489.367923454368   1         0.8455345869569691
-9567.525402689604   -1160.8374994421902  1         1.070530727532863
-1369.8952017800673  -1761.070838497876   1         0.6845206381401002
1616.7998593034738   -1832.803631576755   1         0.2980770126529003
-2961.755304217541   -7484.416220876945   1         10.90224258693812
-6904.157571894215   -8365.56592690924    1         0.12393408832080949
-104.44647620681538  -4575.444618638642   1         0.615880577629959
-988.9411834459755   286.15609051031606   1         1.1367458589556168
-2065.0758649258714  5960.457195228806    1         1.030535205202596
-5906.960842320548   -7611.762117698497   1         0.8212802600041951
7612.293329518849    -8780.425911092714   1         22.906619663807728
7144.158484826495    -747.9917013157135   1         32.69621263658479
-10676.341625934354  2251.5457447808876   1         1.0301168452434473
