trucks_count 2
drones_count 3
customers 20
depot 0.0 0.0
Coordinate X         Coordinate Y         Dronable Demand
3618.5086206243977   11674.732864857822   1         47.41571963920309
3178.4160581645406   -2769.780645106334   1         0.6382552795975338
4510.820242951816    -8547.428373940038   1         0.49086262559341254
12153.910338471404   4335.28473317442     1         0.8284148610704708
504.577726786746     10110.7410298964     1         2.7248174005069905
7741.59003896952     -6951.4566201994085  1         1.0019544694373559
-12210.475291708364  -2101.3322909864746  1         0.43198567468820126
-219.81542759453458  -1130.8539259127992  1         39.69568120051334
7120.287913167336    986.5370557761889    1         0.7450538070953151
-6513.7334293985605  -2144.228218534901   1         0.5181003165921285
7796.787203853948    2577.5178297428088   1         0.36089044985620267
5776.748884233274    -6697.385138118325   1         0.9300707872458351
1951.1473738364411   -6795.985149180419   1         1.1556269874809877
10720.852204438113   5440.357165058813    1         1.1901633102919396
3503.1817768182054   8748.212571314003    1         0.13641064852009976
-2312.0238691479376  1249.1012658848867   1         17.810922911516048
2877.3772122363985   -4316.453695071529   1         0.30887375042499243
-5525.059612148555   8564.413324641808    1         0.27674526720931136
5189.568965797142    -3897.339564144647   1         0.4903865803234254
-839.131116391267    -6567.439359846715   1         0.751276829650771
