trucks_count 3
drones_count 2
customers 35
depot 0.0 0.0
Coordinate X         Coordinate Y         Dronable Demand
-2210.9149505689315  3119.206897243038    1         0.5961870302186201
-76.82390249941349   3313.279347909219    1         0.971217092892705
3678.519835874644    -3933.7293397293056  1         0.8920800337963022
1676.3919050506156   1987.0629709035202   1         0.2043360679282903
-786.1209932063734   -6140.984757728076   1         0.29512840987960853
1751.195812816517    988.709960580255     1         0.7882995427938049
-799.6557730691005   -2199.4437228151546  1         0.9371471290630844
-5060.278035703217   -3822.3625199746416  1         0.6081598443473923
-1500.3149879263992  -5296.009630762304   1         0.34467768117507924
513.6338145461755    -6316.141975136539   1         0.5136827724067171
-3785.0108902872284  -5790.640349834009   1         0.6644883131023444
-2607.19286639395    6721.9178035085915   1         33.93126153561297
-5711.90468173317    -2263.6767933617707  1         0.5214595846992083
5078.915248509958    -1374.043585743615   1         0.8322907141991833
6036.674936588081    3848.2862114767017   1         19.709389777451804
4325.500184833067    4401.952747382902    1         0.6098054095377636
-6185.530127789572   5167.584671028006    1         0.4118828747027241
-5712.686743542892   1196.0746642732147   1         0.4619883712422477
-1379.9575665368586  1607.489672696294    1         0.29974027330680847
1816.612340934975    6454.292207781997    1         0.31945147536003393
-6725.476854495946   -4660.00810839948    1         0.8841591859516988
3773.5586388150386   -3088.446891301306   1         0.47783956644146997
6145.460857533972    -6541.047300051199   1         0.9013108376024026
-2718.201528223811   -2717.36338832615    1         0.22260204790258364
2418.3650562690427   1932.5154187425094   1         0.27402491861513506
-5837.063015128942   2239.9924570208505   1         0.3096942507021396
-2557.906878194035   3169.354976158606    1         34.58862556460902
2607.9567931831457   29.838505501460578   1         48.58572893159824
3146.37959989419     1666.5678198204353   1         0.10086542601258938
-3002.8930995359974  -1673.8975683234426  1         0.3972375504099609
-4602.001378272251   -764.083984431611    1         47.29030367096295
-4886.370338215095   1769.6715646723703   1         10.730670810665625
207.04543195993256   4340.8861723682385   1         0.6033822635432842
-1694.1465632791972  4557.21928245067     1         0.2638346868577292
-3391.074885702894   -2703.059458370665   1         1.02506844458469
