trucks_count 3
drones_count 5
customers 59
depot 0.0 0.0
Coordinate X         Coordinate Y         Dronable Demand
5805.787150751791    -4885.4113079586205  1         0.2736398193011042
1657.780702447727    -1000.1392596515277  1         1.181751383859098
-7319.802881557088   -7944.980274841922   1         0.5420531466397953
9767.584979222755    3961.187166888449    1         16.973053622669028
-3741.4765256462097  -5507.464039899173   1         1.11687018294165
-1928.4742869815434  1373.0241311945726   1         0.35954899088143577
-2050.0536849011796  3541.8150530097787   1         3.8758231088639814
4272.917823695797    1031.4010387431188   1         0.5339347169029894
-1517.7472884957965  -9903.461282666989   1         0.7273532377925063
-10440.872563029348  86.46640103616315    1         0.31842101673957285
2348.4762134886773   -5854.448467020762   1         0.4572918252014728
7644.7505858610375   653.0077145398812    1         0.25020989687297357
2264.453997045078    -7569.250202438963   1         0.5406937659022601
7825.290093106845    6129.632064222044    1         0.5574205704585985
-5671.930638971633   2927.63078931434     1         0.14844274806446434
5746.028782773892    -7098.211079985052   1         1.1121320009052869
-7676.522458804486   7776.267678715289    1         1.156794989314154
3017.766094114987    2240.881727297868    1         0.790923302829487
2986.0579510092407   -7507.512826772618   1         22.21653866733528
8820.03274515131     -620.5869109778024   1         0.8911484434187804
3945.0348981164348   -745.6104455131868   1         0.6676704418704974
1363.8620162013885   1325.0762278395505   1         0.8137869113707769
-2862.9790604426303  9476.440100665606    1         0.12434161832702424
-10781.854397447856  -1391.1305034320828  1         0.6190971965303662
-9211.919197805522   -880.8645074409122   1         46.94307320345888
-10123.694779139296  -4924.125713872271   1         0.7723456799537551
3920.7005186975057   5221.076782674849    1         13.231912524647644
2170.510511531717    7784.085517672068    1         8.969916239144684
1562.9114055259852   -6942.735157679085   1         1.243926830747078
-326.4267505029202   11133.95831313586    1         0.4632402139744003
5659.20493667898     -951.7374358181733   1         0.7177861298637098
8423.011302524057    -8737.748107497768   1         40.116658792019074
-2145.249050165813   -3498.61386556542    1         15.86270926943977
1295.610097252238    -4899.7645751038735  1         38.681534472706566
6823.341701142415    4976.689811235154    1         0.7488941637572882
2011.9962966172282   -5575.185066747873   1         1.1380769527321524
3224.6948820282555   9806.607377642986    1         1.1592226510835613
-5834.093733739336   7196.855092383722    1         1.0413544245294473
3466.406394518998    853.1699458608348    1         0.5384141892776437
7861.532838958533    -6923.241314662397   1         0.2682081225206123
-6374.807227141591   3854.180120038651    1         0.6693413642343412
913.8915345858521    -1719.866616120538   1         0.42081415987422266
2592.653765751343    -4553.745153473375   1         1.1194820209874163
5179.2825024741      -9661.719729717315   1         13.151726295710436
-4408.981502540869   -7278.802547648349   1         0.4207130008706239
735.2648128954211    -2967.537200181874   1         0.22954702141594766
-2906.5347275161853  -4623.186976595426   1         1.1567804763984435
-1172.397239378424   8849.566030826336    1         0.44869251390621234
4059.547040567628    -724.9994341491638   1         0.7791911178430732
-9807.071304583198   -4248.212481029665   1         0.24918242204085267
-9880.613561777363   4257.406903228653    1         0.2560085753935308
5041.093848771223    -261.1511530303633   1         0.7650055997085609
-3033.6867349187028  -2165.834253587566   1         15.600369729782756
6392.672813159831    5006.134688779577    1         1.1069436480743797
8267.636713956       -59.606709514092074  1         0.5310811895372796
6512.616735241217    4249.263745251132    1         0.1849066831179659
6287.059078752833    -1192.762803051829   1         0.3465975406735392
2782.84437975141     -7045.635829551769   1         0.8809350016276115
3014.5759345198476   -4912.150637207065   1         1.0914518244689833
