trucks_count 4
drones_count 3
customers 51
depot 0.0 0.0
Coordinate X         Coordinate Y         Dronable Demand
-2034.32822719258    -2630.905405100168   1         1.2367693474409531
5499.456325389844    -294.7354170893345   1         0.673571858558773
3329.821175320718    5337.7118112514645   1         0.7140579613303627
-3469.0824843458868  4539.754875320498    1         21.200365654908943
1633.3443303871336   -5614.035224234879   1         1.1842506523047551
4804.293396616655    -4296.473215484988   1         0.5517746320647039
908.4718473484231    4816.620062993915    1         0.8529471641465782
2160.996262774496    -3123.7301086816005  1         48.4558375003074
478.04849126313394   1480.8850112037408   1         1.0244079631767382
2582.9820859015826   -5538.245452381789   1         0.229157120276763
-1218.1005804584026  1522.6976027918115   1         1.1746423165563933
5767.462495343253    5598.642637919813    1         0.9976202971700033
3081.6616161815364   -366.32265548724     1         0.3110918189619023
926.7137497108188    5263.736586796608    1         40.133083286412486
-3510.471151671791   995.1799442505809    1         1.014004728042365
6086.280632090931    -146.7261207493815   1         18.095964393349078
4068.6544929969737   3796.97209074042     1         31.198092954070326
-3781.096036061566   1532.4363556858902   1         0.35522731471823965
-4215.4091845388675  4305.15885937576     1         1.1301373808380428
5811.761070144392    959.4170961904659    1         0.18071522660300834
1900.3300352161057   -5223.77724454091    1         11.78217410419855
-4474.572527705754   -1237.0345417381168  1         1.2170062670294775
4259.89598739815     4054.0323268896136   1         0.595994763338978
-5207.641861599212   -1227.225114375624   1         0.19362193592479027
2330.9824764681116   -381.52549751421157  1         0.25600248806495146
3215.3651070873607   -4142.177578162438   1         33.79575745129841
49.80559257150997    -2282.7557117263896  1         1.0982678110346726
-394.2574339076933   3193.109805433333    1         1.1405701145063931
4747.244660576155    3895.562007204272    1         0.9749949181190372
254.85602110980957   4995.2637006741      1         30.30673300566704
3915.71491482673     -42.466986868415006  1         0.4156956727705098
-4791.129458501293   -594.5914341036305   1         47.83804694521345
170.79507290970963   -816.5503913771773   1         0.3943191416084989
-976.1519923813171   -3567.640578876403   1         0.8071699190312642
-841.1540699473359   -2704.755499936147   1         1.039875816003187
-5054.335796795127   -718.2785330410411   1         0.3518445534602127
-1345.6362602398613  -4776.996785456683   1         0.9179674650997074
-6066.068971388478   -15.313339886086778  1         0.7691541661538244
5070.589497679979    -4710.623436275461   1         0.1251981903838899
2577.525082915078    -4535.214708910313   1         0.6059676498383477
-3363.38964972512    2286.6900165203665   1         0.3672099602588973
3769.3110014900667   5417.336053656802    1         0.9292757968316538
5295.090742319785    -4667.299781296305   1         46.907113025537136
-5225.487245397466   -511.5435867799796   1         0.7042508898364638
4654.207479759881    -4719.88633355213    1         0.4866241345068849
731.4828647347083    -5150.372000138889   1         0.17204765283441523
-1056.0340541143898  -1284.9084841086458  1         0.16248733221708495
2554.459970624067    4886.13699132683     1         0.47376006282155403
-1521.5227444886514  -538.2399171290132   1         0.15789045218953168
-1772.967205328338   -5629.88526769046    1         0.238607810075448
-5114.557623012489   3244.5578576918415   1         0.2660317804296255
