trucks_count 4
drones_count 5
customers 100
depot 0.0 0.0
Coordinate X         Coordinate Y         Dronable Demand
-7585.136125664693   276.5378367550547    1         28.765209127565427
-3255.0658482141002  -5551.437869547922   1         0.6665488472762225
-4193.806230507784   -3417.059473211162   1         0.129708473419511
-3032.1596167716357  7654.494039859139    1         0.5286507198697674
-3993.6632849049397  1585.5231044596592   1         9.89805818890382
-3147.4587705915546  -8823.669400701336   1         0.97938696171497
4368.13942637632     -2636.5686936657557  1         0.12086987565853827
3580.0620924099535   -8653.912885528673   1         0.888703974681647
-3491.433514877799   -6518.037905042361   1         34.42878733753323
2728.9893085013487   -6142.5190000888415  1         0.7782631390182634
7403.037876087063    -6906.92343176986    1         0.10150441398393441
4329.085975111463    589.0594464534241    1         0.24877097666184977
-7109.901864092243   5452.207884339665    1         4.3352273336259595
877.1975071996438    -4491.102610315255   1         0.21281587140432473
10279.911445282518   7893.22014791447     1         1.0070238284516468
421.4966580841571    -6302.360223078816   1         25.486396441395126
209.16194255933098   -7939.620445072169   1         0.19193678536278577
6466.98123680199     -12228.765295103347  1         11.461595768834233
-277.01147519500563  3908.588441584722    1         0.6716081743382994
-863.2718881765617   -3902.0398548758412  1         0.9694766620720735
4676.689638581838    -11305.101614216694  1         48.26516661572876
3858.052338750121    -2637.3372019823573  1         0.2261213421445367
5244.610341135818    -4906.458880750943   1         4.854569080377598
10131.986392315837   3745.2140060583747   1         0.6551445997886399
-8799.27051710403    -4633.011771096136   1         33.94242844484338
-8305.249195838813   -3560.369786845409   1         0.936348062905692
7797.921787970483    4656.64733809689     1         29.384141989944855
-7688.254010933501   -4440.532834045749   1         0.9399003662356099
-7790.130778447785   -478.9136496723795   1         11.477110462502225
843.5311660330153    7162.6052330516995   1         19.60414321576144
2114.336568807089    1113.5830512013088   1         0.7437956294616629
4568.128508579116    -9210.515267451894   1         0.18543729866514333
8849.588506360074    -5548.5171602381     1         0.26688077117295683
-5063.964610827992   -2408.2058852949463  1         0.8376553444207276
6846.685390575874    -1100.4123113001037  1         37.44900848763241
2329.4323771801205   -9340.15007851277    1         0.47854854085024745
8876.912434260865    -328.1316328380747   1         16.846327481590507
2681.9637301097773   9654.027568015157    1         1.2410064972421202
-10323.422244594503  3174.8417898593625   1         0.8591228832404425
-8118.869096270396   -1001.3424608454643  1         0.1913969218028544
-8413.455037565345   1284.9154888150124   1         0.7688526719622143
-7853.808564907323   5849.128479060581    1         1.0578167560117318
-5973.003246946528   2546.897241129388    1         10.31419594747663
-954.7952432829954   -2105.1600540167924  1         0.5624385238551244
-10010.427485210379  -1483.9893981920607  1         0.8380908135275255
-4968.145247727704   -6709.998935587283   1         0.10806479485959536
-4819.79353823611    8136.991170188065    1         2.13407193185209
1188.5395628300485   -698.9579229686849   1         0.7306697832402849
-7307.200144950835   10833.025084586554   1         0.5393487088883734
-11158.358064999506  -13353.631705629832  1         2.459957670426987
9832.321776599076    3675.533145657889    1         48.082658908174245
7967.179929183816    -10198.740765048022  1         24.107165295360332
-1046.4420977492593  7344.518790915095    1         0.8867519771073085
3318.868135902916    4200.9077011889585   1         0.8413300726900383
6541.028193539283    7245.551134257714    1         0.7744328932341831
-3586.1618539298033  11566.783962356794   1         0.16139872042593392
-13068.804881237815  -2624.162741672182   1         0.5716419420655481
4837.986718341619    904.9630523590254    1         16.611010630454206
9551.227690731537    -4993.925555865269   1         0.8597205639255543
9098.373188754442    1620.60853764532     1         1.2134330810182703
-4455.336541722485   -4576.411043937454   1         1.1101589833925398
-5647.79862402593    -2306.513670457207   1         1.189096161754637
-824.4757357370142   -8371.728801793124   1         0.48170445210176716
5133.6304135241035   -6037.450021437589   1         0.1001781526828263
-3422.1174444138737  -1804.1859538917286  1         0.6553123267125649
658.393334634522     -683.4454437502918   1         0.6603220734090924
-1026.7970709468213  -4236.763614588143   1         0.21781689944392496
5356.846484691725    -8966.23491963571    1         32.613624943571615
3231.1710282431777   -8421.16237004906    1         5.265053571294976
-5789.474763554873   472.979610177497     1         0.9588855210855274
13521.99240442415    -955.4612442759935   1         0.5935803629344338
6102.087231998708    5333.431581858922    1         0.31996478248006066
4332.089060932788    6534.426451334402    1         0.1370006763472595
-6389.2310403436695  -3209.7822083894393  1         0.8154801209928262
6429.790059013259    146.83179064819672   1         24.769321036772006
-13491.099661165139  5981.514684727756    1         0.31095137432908626
-3830.6870607470782  3858.96425823118     1         0.5211166082499296
9566.61405160185     -5287.417008200851   1         26.593223935020692
-4715.514647037545   9306.602885261253    1         0.42452277102700975
5102.3035128161855   -5844.162116592952   1         0.30342070108321734
-1074.912235407753   7769.010738365824    1         1.2447736585030165
-2137.1304287105017  -2391.252790410621   1         15.75885020852326
-5182.5783138418265  -11649.735801316965  1         0.813411125663913
-4824.486911690292   -1489.4532920897109  1         0.4207636949125174
7508.204689698129    4150.00085470366     1         0.8616671279701376
1655.995461559643    -9106.53281075702    1         0.10668414075411058
-7254.625665252832   4857.0788400924375   1         0.6865415023760159
-8976.13280328808    2779.0832140581915   1         17.626394433425713
-1308.1410829848314  -31.46984371327583   1         25.726873357542136
5489.857058795483    -2324.265845766709   1         0.2508189620777852
-5055.852323242057   7846.178725256268    1         0.8003387403084373
-264.3973502477422   10370.990014911513   1         0.3855472871031741
5308.953756551671    8570.745321015293    1         0.2738496644423911
2750.069652548439    -2639.1264133326335  1         0.7091190101908706
-292.30590968950844  658.442759136872     1         0.15881095366552067
-1377.793026181762   -4226.527774176837   1         0.7496355939027343
-2415.727843324208   -7431.895667466026   1         12.342153298784957
9632.467837270086    -6973.403856439135   1         0.8624662911558241
-3047.1903255619063  2435.238605173397    1         0.7327317232985735
733.5451364404295    3590.1974715040787   1         23.410380536212624
