trucks_count 5
drones_count 4
customers 83
depot 0.0 0.0
Coordinate X         Coordinate Y         Dronable Demand
-1669.2482347896398  1392.694908060581    1         0.6443025930061034
-4448.030827793795   74.51346824208598    1         0.4331758262509493
-6670.950096460336   -8012.560106642924   1         1.0921397527799097
7246.14966816572     -7114.727046039018   1         1.166826538078731
5233.904149405807    -5600.734069342526   1         18.819100514562237
6845.001065195117    -5198.187053579488   1         0.5761820091268665
-7872.458600407569   -809.4307295490579   1         0.17508217693263287
-3228.5825356348673  4510.947261613479    1         1.07626623082739
-9906.652197216325   -1869.4506761646828  1         0.7263803158598439
9669.817471535207    10985.318669795943   1         16.32995217685289
5689.108220986137    -8708.19740111533    1         0.63628927722186
3985.619382151651    -4793.061338062524   1         0.8108297656264069
7453.276996617146    -583.3566064352028   1         1.2286113016367173
5457.784566112987    1934.0474792894483   1         0.6178521959679849
1046.1742540705272   5289.639411422659    1         28.546381559025807
-4612.901828617284   -9142.164407284316   1         0.5139336127910699
-1861.220135081804   -4555.016472232407   1         1.1641463794076674
1892.5200118342877   9940.391885623352    1         25.839681213982548
-463.1668452499696   10490.154224053831   1         0.23570223690978626
-5274.212205474676   2062.434273321873    1         1.1698310506028724
3073.56505643695     -5504.052668989965   1         0.32190681027083856
-2980.690129035405   -7916.9387900697475  1         0.2310971015086585
172.9976033686476    6831.448237663621    1         13.14307493382563
-7039.640436328438   3956.1794637095095   1         0.4652081635129576
15984.456535966092   -11586.911747218395  1         0.6093093845491183
1842.948056204781    -7282.939365036099   1         0.12534782617304588
-10934.251895168238  227.27896839709877   1         0.9058562937675066
8777.90340720617     2932.761105730407    1         0.7028374992755393
-7547.836387790427   7167.228741303542    1         0.7109201992103668
-4482.327953885973   9086.041451488905    1         1.1047459648694105
-139.3497940429356   -7143.973740502442   1         13.169496091936828
2813.4525542841625   -3151.9085034565687  1         0.1409054724130404
6167.721537612556    -4527.617075665302   1         0.7075711295479551
6128.001612503722    5668.170723213621    1         1.0025072887990956
-4624.755597031537   -1661.0907697660962  1         0.10630963753884279
-9513.134807380966   -10324.646674038118  1         21.827180653257614
-14.780274898121121  -4872.170481879373   1         1.1277095857819293
-1236.4622625550232  -1606.4703994904103  1         1.1962652987006441
3700.5952952640255   5005.340891423013    1         1.0988031498258237
8272.331875836193    4628.207440115964    1         0.7455657298218565
-1822.2753937327836  -903.3528317436455   1         20.963380151602223
-932.0269605562253   653.189642188796     1         12.61082647403959
-3358.0783463377384  -7222.73870533461    1         0.462968328482804
-10166.612073703725  793.7279717083138    1         0.30708727071591924
-4473.401580861268   6951.886316966335    1         41.51361016682912
2734.6371489700764   6422.326751944505    1         0.30009591778946376
18161.454555547105   14689.237176689188   1         1.041767414136358
-4494.2585106881525  3024.226241167528    1         9.272408599773412
-6199.387519095765   1081.6789876079686   1         0.3185017355344838
-9766.885804357913   4416.534660603963    1         0.17820952516987548
-8275.027963407743   -7157.0100938428695  1         1.587685697172329
8440.565409417772    753.5352176591302    1         0.2626200463627768
3484.592748584664    7758.548118193289    1         0.6347521773293389
8010.710178332874    -3292.5101600478615  1         1.194948700282346
1785.4421999634906   6492.3085463820935   1         0.8557471561050275
-1365.3292906762872  -2738.8160282060635  1         44.251375116423155
-10524.832095972128  -14618.547989736075  1         6.751253192332723
7068.150440378527    1383.47722952246     1         0.33078368664240787
16094.370966256283   -10632.091649068288  1         0.6434125525678777
18745.6164889235     8434.42990724865     1         1.0939617731936255
-18547.397903951744  -2087.504467853978   1         0.7231164306188654
2648.192529394841    -7212.390111069731   1         0.8842727174106649
14619.331580798738   -5328.075678081104   1         33.50822231725121
6919.883946610496    4685.318735157392    1         6.768100704266263
-1237.7166214651172  -832.9509074187491   1         0.33193874834084447
-3462.416864016085   6954.333666474001    1         0.6804423886028171
-15978.126883390563  10008.17907258475    1         43.72212779440469
-311.9633918003028   -8051.136799006124   1         36.91500855816922
48.74739485024776    -9197.918468908318   1         0.47216108151909764
-12992.578943552991  8635.661332037736    1         0.7503529571436999
-3634.116719555732   5207.217390796155    1         0.3109320307301617
345.76673542587014   5290.274264719731    1         0.4680354160731751
5920.02079935961     -8687.840260957462   1         11.737532758487918
-6120.200998065927   6752.62907422909     1         23.621389669649787
-9599.378859003415   -9125.056195819687   1         1.174487354070189
16486.296786974148   7331.722414276814    1         0.3435424171999334
4697.341567245473    -1323.7179988369119  1         0.4665611306289946
10336.785971685273   13932.864553767562   1         14.770857725946986
9974.218798421392    3879.3647234381574   1         40.62058942973793
13806.499787899942   7953.8514478604775   1         1.003332733854597
-7744.338489541345   -4294.644329836313   1         0.8486949552115182
-5784.809007344956   -2801.9864290530695  1         13.745836008619365
63.712138653319535   3088.027153613398    1         1.0927445006082832
