trucks_count 2
drones_count 2
customers 37
depot 0.0 0.0
Coordinate X         Coordinate Y         Dronable Demand
-13404.171246509286  15544.672595452292   1         28.636884879844114
974.6961864078653    486.4783747168594    1         0.7378496508005497
2887.527879803489    -1127.058892429526   1         0.29745969558330826
-8353.195669962073   5337.548739427675    1         22.912543992973905
-4089.6718565995484  9346.24098394828     1         46.176750798665154
-5004.507394868058   -6008.464582796376   1         0.18428092817446784
-4822.379509822416   1740.6775845533796   1         0.5061809205333799
141.5108930499162    7186.947350277016    1         0.5168541249550811
9069.409577025977    -11444.871460352148  1         25.39931386955542
-14470.906340182395  -5668.132641081997   1         1.037313445972473
5014.51178429793     761.2721516277006    1         15.280184754713929
11841.973265828481   19342.105455946185   1         42.71881044304686
-9411.974399760193   1836.4328728895355   1         31.320022892705577
2728.8672464577908   6390.753003960659    1         0.5901452394079285
-1699.8023210205502  -13798.66487116498   1         0.39657958961961115
-185.80717353324118  8939.883255041925    1         0.7107466430435214
-7059.076356896495   -3066.523785075356   1         0.8434721221655344
-18717.73858750017   -495.48652047277574  1         1.1381626901610722
1643.23927117581     5803.345156128795    1         0.940067584094225
-8517.92405019167    -1797.424913518969   1         0.2683447264933811
1001.9943239301737   1287.7729215291522   1         0.9091841554615635
248.33036845845297   2330.349452345692    1         0.6697240876811061
1105.696328526115    2735.431792957268    1         0.2097498868966052
365.438277196153     -4654.62623513689    1         0.6922588588251998
-4714.312267599329   322.36938070702143   1         0.39396022473165626
-6681.434896815684   5530.684281232866    1         0.7733553285606711
2290.995220959909    8287.521295757133    1         0.15711694468252133
6277.671927710184    -9590.223798896464   1         0.7920152889510181
11638.388835952785   6745.414724954306    1         30.61433621851832
3255.505091284225    5692.037152235909    1         0.9810575230372468
-643.5039671907762   -9269.243770467498   1         0.19831193403981034
8980.991485103536    -3998.861743932489   1         1.1984342324049164
2509.7741858688955   -4671.682844147731   1         0.9229426798255288
-9316.977830216463   -5580.875044439711   1         1.156743420840127
-2550.244629211948   7594.293298244368    1         48.81646967009797
7698.015368130918    916.702552125837     1         1.0076581146242225
-3301.9574556751545  -6274.065077019819   1         11.249330487510932
