trucks_count 4
drones_count 4
customers 60
depot 0.0 0.0
Coordinate X         Coordinate Y         Dronable Demand
-5917.009995107792   -1445.5450319328825  1         0.8160799063650057
3411.3735801545045   -287.4111149948308   1         0.6014585934484746
-5158.223404942285   -598.9158968619971   1         6.05436996992337
-6878.6493876135755  6130.786644376639    1         0.3796250160607407
6666.595690168922    404.90324874880605   1         0.28991364555577626
-5853.053835667061   6203.463038887373    1         0.6554657904932273
-6104.04314387025    5697.120286779505    1         0.6834803369431645
2194.830741697237    -1403.0764808176793  1         43.840789681538524
3754.0333433435744   6914.895649218258    1         37.389619824608225
1610.1926584366329   -6575.135320232732   1         1.1570433306364651
-6272.750664628428   5168.043990324018    1         1.1380149107597919
-6273.7188727616585  -6500.115627448181   1         28.65636744955761
3398.65317640334     -1471.3417713330998  1         1.169982197592142
-4411.042444718343   -1112.3529126104447  1         0.7446304070766713
803.9975511106621    3948.7664578170134   1         0.9560173059095411
-3728.948662249738   -4404.953870221061   1         0.5530028426756862
4304.172509489821    2460.98248223924     1         1.0311886492210827
-3778.5731592758916  1795.1534355228655   1         0.5619074162193205
-3756.069200864087   -6762.439211697691   1         0.5235798496642018
2334.014549608576    5350.065457810643    1         0.29729864915546833
-3616.0453307416497  1191.804078576015    1         13.468558286025937
-6244.508364569182   6855.252283379008    1         0.8079330676575965
3728.5739374362392   -1071.5438680578902  1         1.1785244395673027
-6059.476632994217   2218.3900959355296   1         1.1262446267289046
-6.009012947370285   -5394.309362650761   1         0.16588199887911156
-1535.316152997972   -4831.80099092022    1         2.839821373239051
-1816.597819801677   3775.875485458613    1         39.42138687270219
-4989.804711551968   6418.794300892592    1         0.28824778940396656
-3443.122791122731   3291.370048381105    1         0.11912409993219869
3400.7021881812407   -3214.2205646634907  1         0.10097436185279532
-2404.7728701713354  -6195.313590865701   1         0.8494390449145037
5381.2270029959345   6104.422965509583    1         0.6872551841240115
-621.6003846632835   -3590.7116675136444  1         0.2802614792346545
2213.3945554943252   -6099.719297628209   1         11.276968324252476
-5396.387641416122   -6267.489033379198   1         0.5410202337979371
6046.789807267883    -5874.927812376554   1         0.9169731869242725
-6430.665492836139   2671.733148018729    1         0.4620269361780106
4533.667467525603    594.54701371552      1         46.144117699848
-3464.840549313096   6799.631700269044    1         0.11914374868551028
2530.056185194982    2580.808638918179    1         0.35711152616384567
-2395.2926008345885  -794.1538151087543   1         40.399420432971276
-182.57600440428857  6364.447095757456    1         0.12253083447741187
3192.3795413519338   -2808.5351859674006  1         1.247795539843238
-4171.346599435385   1730.4319171674244   1         0.675911781941849
-3502.748135332773   4000.9236893191387   1         0.48353284554809683
6496.892164470258    -5978.843443810375   1         0.2241795957686537
-452.30696071919255  2413.2368915154393   1         0.5472230817932121
-6854.242671829128   3963.184124719342    1         0.3754428446454393
-1550.2690916857532  4259.099702570676    1         35.206716191897804
-3752.6909200528053  6011.23747248547     1         1.0125502530608632
6786.3104439949575   2781.3529828084133   1         0.37795119128308363
-3735.0347362634357  5376.551093579766    1         1.0820071974530463
-5625.363978497034   6468.845417776912    1         0.19319506509085943
-1515.4267585061534  -5255.9287117067215  1         0.34295872519822057
-6256.07337602876    -1812.4808815582146  1         28.70553026394097
4349.797808625054    5305.447415565993    1         0.47194494412833965
-6416.384271731192   5270.574247136096    1         0.3173379698747995
-6046.112389053726   -5751.960579991615   1         1.1487466644108653
6950.077154080684    1483.3292898512448   1         7.094886721577063
4802.0586491992735   -5834.351366507344   1         0.11389133936400002
