trucks_count 3
drones_count 4
customers 47
depot 0.0 0.0
Coordinate X         Coordinate Y         Dronable Demand
520.2206215432925    -1120.9903846080579  1         1.1484582594755635
-9797.556170859407   3952.4756356859307   1         0.845776019211227
-4503.767245993362   6057.510498865842    1         0.8395280870442657
-5561.058636503523   -5436.0826551254895  1         0.11930027103629676
-3316.013947336059   4910.467770191233    1         1.0527241493525072
-9576.384289311947   -10744.36556581773   1         8.02902872662759
6087.155150045611    -318.90812222879606  1         0.2602873874220912
-1251.8527829625486  -6158.892011101946   1         0.8419080345655627
-3410.8423326923544  -6882.397069248829   1         1.1395465049232176
-7374.08664548474    5328.467173221412    1         0.724017841281611
8.135640145419329    -5271.941277175012   1         0.3291995176966434
-481.94028122889836  9898.516152260967    1         33.91024780059621
9830.702182014447    2268.271717154034    1         0.5517784770712665
-2392.528424806583   5320.660213932698    1         0.6297680450945932
-6967.146144155487   -1762.547213257607   1         0.3942954569015843
5961.514640221148    1852.3791158104698   1         21.82276542427089
4150.893223870015    4209.32628157563     1         1.1949406286223307
-8368.07927250831    4512.50908471248     1         0.5615065993384986
9624.088581218575    10056.29714227851    1         1.1002990361077192
65.49549019069794    -2157.7915903060384  1         46.03170758229768
876.0017848967365    -4739.980925750186   1         1.0097443681553646
-5795.691874013487   -6332.1209412703065  1         0.6241465762414881
-4186.165929951783   6981.091997593647    1         1.0503609852116726
6280.6384019601255   -8027.937696633413   1         10.859645159675077
-7380.026524177479   -1769.514025313496   1         1.1619064938353425
2255.0363709335916   -2994.921490325363   1         1.22754649177059
2381.3490983009124   -4599.286042553715   1         1.1277076246738535
-3328.65079734786    -9632.87635221377    1         0.6803183289856388
-4122.266781441513   -8672.441446499679   1         0.9211713802480022
9888.457389485087    2467.2334424914193   1         0.6800797231416462
-1499.5104613423591  9009.972266612485    1         22.669809491205175
-1778.7301275345305  -7836.99958217489    1         0.9361194872229174
5746.2829919811475   -6107.222343417984   1         0.19816366852789052
3082.870645639307    2265.398495195501    1         0.905210662306425
-8222.106349373804   1179.1871442426727   1         0.2815701324242509
10331.458419591643   499.06513362309      1         0.2569874456083553
-4175.811599181498   -8199.189672916556   1         0.4861532185394709
-6684.304803398098   -7754.278994208697   1         0.17113282725031248
6677.860938181542    -6336.856938910609   1         0.9415677233497747
5102.400265607496    -4271.922682699672   1         0.4564753824758604
6245.1699790186085   -1351.5338925104825  1         25.199775528116774
1935.1190216368113   10087.0815153228     1         0.2875456509875465
2099.2709172711957   6730.991514728893    1         0.33370815533215364
-5463.415092487687   5159.512237613068    1         37.12824029397857
-10035.331788560845  -4017.0453076923845  1         41.60559680744009
-3951.744950658236   5600.423514702798    1         0.5959018568490217
-6290.994523311003   -2925.2568852398617  1         0.6193578266796365
