trucks_count 5
drones_count 6
customers 100
depot 0.0 0.0
Coordinate X         Coordinate Y         Dronable Demand
1261.6599903728406   3456.432499541119    1         0.10395506099362008
2419.1375236925155   4348.253522886234    1         0.7540786574952192
-9249.795528510807   -4621.892784556098   1         0.19388419954250047
-13336.686799963958  12746.183579404504   1         0.35099199289587135
-10313.682924920216  3496.5921105922585   1         0.6106083135937936
7917.848028378592    -125.46510342138127  1         0.47470468612313366
-4171.346883986611   9143.77008907673     1         0.7439883060561846
-1700.2897808996129  6999.443509974334    1         0.9827434093328798
9.357211228266157    7756.181363431372    1         0.5943740700848374
-11124.53845577822   6521.0184596602085   1         16.88030753087979
-33.617310098175615  -7589.245710743168   1         1.1631418881630955
-420.52477625599533  9546.859955556767    1         0.44311750458645804
-3902.1973755991576  9966.526762534468    1         0.41265272905978356
2015.8159325214535   4688.030011011702    1         46.733941969440316
-11194.7260889427    -7827.439181378539   1         24.37748847665125
3624.3155318142854   -2718.0494700392137  1         4.587521023098557
4929.961663964626    -167.06296753856955  1         0.7800011875401682
5510.862752061359    13332.265886471516   1         0.28678885301595064
-2544.0190972215137  8784.039052640754    1         35.30612298670755
8757.219072530084    -1748.8035073954063  1         3.6056969460436226
-3624.0947264852     2459.9414359991533   1         0.5680794035130082
-10146.184549142634  3364.6071997715944   1         0.7842311949810824
-5420.1764544880025  -1367.7175620683824  1         0.21250652038769555
13680.355436873553   -1237.3346216290483  1         29.430692282425543
-4940.204372075574   -7363.682158066329   1         1.1937625246602654
7192.5592081142095   286.71892140944146   1         0.3187221289496397
-6999.642176113331   -3063.132404520965   1         4.522196063003124
13459.447685170711   14492.234302699766   1         0.23260478239819635
3298.666697895466    5000.226313488525    1         23.167933556674573
-2131.4807244094222  603.9148317045895    1         0.26168910722027655
-7631.0936396076995  -5055.744608620805   1         0.9376486242322023
134.45688201840682   -4163.713631577301   1         1.1363043605933543
7589.448795471846    7392.4170549936025   1         1.1329115165576644
7541.172839547602    -2017.5917917191455  1         0.9284187868506597
4347.304145910178    3662.733022797284    1         0.35815582038538163
-9231.30593237306    -101.69526311582658  1         0.44922844919586535
6840.143454571862    -10751.648441631518  1         1.115014504611102
-10109.759297695735  2807.6194875610563   1         20.668634790872044
796.4321164689609    -10693.42788476947   1         0.18463849051054104
-3614.655205961361   4026.8585292444827   1         0.8592593500965231
-1902.2360249594203  8624.46779477084     1         4.175644084094121
5046.874684074456    -836.7850609723992   1         1.1031465555993591
-8681.722858676016   13369.445927917393   1         44.04343683351307
-87.37994779762276   5760.37205196736     1         1.1558562837284558
3327.775247359179    14275.527123437354   1         0.5481089833132641
6910.180621632134    -3778.1417450919366  1         9.41058308323646
1514.3552230607515   9192.78347422402     1         0.28746425708809087
7335.161071192251    -7900.469458563388   1         0.6853651603362235
-5830.272417392112   1430.9956573712711   1         1.063611397524505
6883.446162653525    -946.3937596785252   1         24.830704918025326
-5782.319964202185   -3723.1541708102573  1         0.6224817022552782
-3060.569665111157   3681.082181026323    1         0.10356112694396527
7133.787968660325    -1897.37863579369    1         1.0282792876250912
-4086.1627998566673  -5718.404601232403   1         40.340358940166105
6395.8739983964215   8275.733454130477    1         4.892495773707298
5262.492207612402    -6746.621251096723   1         1.0413087915579642
2729.527617835527    4533.258614061746    1         0.5382688758678454
2051.0326701959893   -14462.940104457704  1         0.41204270545108257
-5142.964598003991   -3585.831622658241   1         1.179622512150574
11443.377326785696   -325.21150486887746  1         37.79791677883309
9023.968865787034    -5056.6060018403305  1         42.352605581494856
-8542.639587780168   -5062.418720211602   1         1.1811217897816801
5304.627313087619    6652.01567478678     1         0.5151733347463874
-9950.644633129692   -1069.4734591868319  1         27.767884510496152
-3350.8514247832363  -5245.298046684468   1         0.42645793320354386
-6904.248081835486   4463.835329510545    1         0.8656397587287118
6389.413883586356    15046.910229662644   1         1.1123751944852378
4520.791099785619    -485.86297187298544  1         0.9711092518231295
-7848.3933287169975  1874.5554592183819   1         0.9214921656505038
3377.095281663467    -2187.677250863395   1         0.22981299732934268
-5747.2424221937445  6903.347017003113    1         0.6296689020824798
-2041.33926076301    -4321.993640159367   1         0.29545310421554183
-2244.2742126132107  14103.141516385294   1         33.002557221152415
9116.914584427466    433.1359988048756    1         1.1854384765642147
2842.4022602799123   -2537.501398491367   1         0.6228977225903803
10813.649870551879   9787.542478558309    1         32.46319571567953
8575.243035656527    3863.5885571596955   1         0.43244157825252094
8091.184421030942    2483.3619626091245   1         0.9476853895427186
1143.1375827551835   4783.700838818548    1         1.1517455141475166
-13323.027209456714  10824.817562154101   1         24.67371477899856
4675.452111677801    5296.614735487343    1         0.24207177656526307
-2105.370286072444   -8808.276022549482   1         1.0619667578249252
4631.722541482991    4972.417776466959    1         0.6310712201550384
-2713.2730113197217  5167.8768018895635   1         1.0741843972591434
14637.978346663964   -2480.519677385899   1         0.3713226200846269
-7573.784872853332   -6849.341079888516   1         0.9841999877112001
-15002.836464731336  13212.411907944886   1         0.17112083429059646
-700.9214676814885   1600.2500277095282   1         0.36316385928522565
-1244.7026984531944  -5884.231357556543   1         10.81473996196982
-7191.369584939995   -1794.2689743831438  1         1.1022799126366327
-1595.395502540395   -1402.8820568099652  1         0.7074711146534404
-10372.057260356622  500.1380360338146    1         1.125021822559489
10554.692510407562   1653.9370709063974   1         1.1797602542209833
7345.606350948594    1195.0369738853913   1         0.38694191530216715
2449.206469493315    824.1699668742965    1         0.6410999969627111
-2094.6570728539723  2134.245711187291    1         40.700039428222425
-4137.873593831885   2909.0129422052114   1         1.0230848013177773
-246.40840022899624  -2423.9494977277454  1         0.7234643506393601
13118.674716662375   -5465.577821826766   1         15.26759715071254
5697.107239711515    -4394.246287812554   1         0.9959086553752677
