trucks_count 4
drones_count 5
customers 61
depot 0.0 0.0
Coordinate X         Coordinate Y         Dronable Demand
2946.81317024302     -6845.119838969749   1         0.3680868132882823
-1272.0622685723688  -423.1004220111769   1         1.013704882727461
5051.548821719944    9022.999045839644    1         0.1278160427259455
5010.622280387704    7647.313172410621    1         0.7766332208079374
8684.096142364204    5296.4409858157      1         23.399249190047342
-6749.547943571275   1676.6202046008873   1         0.43751434384171817
6045.700806069176    4469.920499499809    1         8.117799861299062
-1570.7803483742114  227.92042999831327   1         1.0783832555042578
-1684.18500828773    2155.058151568248    1         0.7103075511481429
-10442.286855500568  -4976.243521046985   1         41.45236469981203
9283.692967050267    -2627.5248416576464  1         0.3378839591012902
-13420.581637771218  -12040.174153441614  1         47.08127559563491
7422.173194878967    -3200.5269879417624  1         1.228362097239999
-762.3617570224457   -9946.255325046188   1         0.2776761903253847
-2066.1568125368613  3864.9640597823727   1         1.177292760497183
-2432.197876111727   -10626.941948461712  1         0.30177198651675563
-11116.807336503862  6482.570896095362    1         0.21894044432155024
760.2470152534291    -6764.966225200561   1         1.2134914806331316
11865.291971678585   -3128.088657992903   1         0.5931199468507847
-8864.703004827847   5034.751386505059    1         0.9361676196006427
4650.95814260112     6202.110988503302    1         0.13941765130385783
-6879.493243538291   7010.681559658392    1         0.8095973026273243
5281.4417064367935   -8359.863137484883   1         0.14774636693536033
519.4965878153922    -2578.1982104915787  1         0.2944736096785554
918.8562683214604    -11828.703384037268  1         20.801420810612314
-8004.360056061042   6257.735822552668    1         0.7779714379604293
5711.839466145422    8355.328609195076    1         0.49228279502810013
-8906.892888629047   -2539.921324362384   1         0.2363602502303031
-3436.570570841795   6725.015811134517    1         0.9533123872813298
-1319.5345482074238  -6883.242223972751   1         0.9164872026301307
-321.64437450259794  2405.031918557904    1         0.39881743722932494
3025.7934929147386   9908.449421197482    1         1.728509232388333
-3325.948518183413   4351.7990734946425   1         0.5411093742511616
-3703.5606822173895  -62.4196395043893    1         0.6174673070181983
-8629.499357562247   -4508.305029533778   1         16.456687022478086
794.8564876395976    2599.166964461314    1         1.1686869221213467
-7442.993047742547   -2559.953677074601   1         0.19115915527334704
-1341.7801655304663  2982.948734241119    1         0.4864006432843888
-2715.354376897167   -9156.163263181788   1         1.0309744736610638
-10951.121037620136  10197.449283465567   1         22.823795939181267
2420.6233623843964   3112.9170855339344   1         1.0223287276297504
-5478.961293167186   -1954.315991507178   1         0.5835279783601178
-9289.35745573994    -5268.677689350858   1         31.150087031151056
2371.0233993304464   -5351.694439603876   1         0.36303286418587855
8818.550045793636    -4302.315659645205   1         1.0732334752292743
-2833.4026693022474  5019.994429961823    1         6.152730102166067
8022.986056110178    -821.9974169613026   1         0.6291500329711845
9448.170381211294    -2855.615001728221   1         1.058360611592571
676.2793360336254    9887.530278706627    1         1.1080479463791362
8348.145836333968    -8400.608730348333   1         45.407779700773446
2900.2966983717265   10257.787913747212   1         28.110921126224373
-810.5837303538669   9785.555479550976    1         0.48603533402539234
-5618.689123847635   1161.0144910756328   1         0.23900660668977064
6777.852284690836    -8318.916824221193   1         0.878206258803922
11029.868608148723   4637.89659724981     1         0.11448496892981035
-3885.014298719484   -6793.2409552836825  1         0.6236178743123401
6153.460137341482    978.4774565817312    1         0.9383180155280038
-5688.756672055054   -4648.733411368071   1         1.2265491823062655
1185.1712977748286   -4213.6202292909775  1         13.439771914593953
1924.5684388577454   -2367.8252710001343  1         0.7491851876346817
-11532.266576303473  -10661.527585847354  1         28.042234610484904
