trucks_count 3
drones_count 2
customers 35
depot 0.0 0.0
Coordinate X         Coordinate Y         Dronable Demand
7680.470800274449    7743.923807454231    1         0.9331395571233309
6004.985977561774    1656.3188294819777   1         8.629447977307514
-9053.949430896675   1222.160134143681    1         0.26043987600886886
-9872.726588245678   2058.8470391400965   1         0.3030834986796981
-6605.5482828094755  7949.246739711611    1         7.962070360374774
7017.270474912265    5117.985126629423    1         0.6477841778192979
-9271.349230641967   1898.4460720654201   1         0.8972914650466361
10611.688776200303   2090.351281968665    1         0.7225257815964142
9784.511002388852    666.2852974592533    1         0.5814251217549886
-6841.701687433321   -7311.7188890091375  1         0.37297066570701587
4315.0525976450745   -3491.6260659175036  1         1.188753344602792
12403.455684919765   14820.9112929416     1         0.7221164449852066
-7336.860413826119   5755.544546310877    1         1.0913301575696401
4352.3664546820755   5316.673813596328    1         1.2352994435029074
8479.475653470741    -3070.5377983998223  1         0.5445260187629981
4345.960630337606    -16298.006493226601  1         0.2592883530501521
-3540.504206938835   877.5094102841842    1         41.9394358423825
132.8810043990441    2680.9658850337546   1         0.15067661108034308
6636.629197510752    -4299.71394815932    1         42.855504853460296
-246.90739355574988  -5038.217244561534   1         1.1533853206859657
-5248.469374307669   4725.833712321049    1         0.760910965216863
-4720.915524275748   3694.8494639822397   1         21.264692032924916
-6142.827625452654   7834.973701297262    1         0.24665801087712563
5489.577769908982    4785.991511129012    1         10.94479568055631
-12386.991453229311  2823.6667302547576   1         5.8809594073167055
1632.251828038546    8012.189115520982    1         15.554533093899124
-9823.900400251623   8578.526423461124    1         10.26442189932941
-11259.593646986057  -9851.804681138692   1         18.824133719292284
108.41107561132142   312.0376885058803    1         9.342036022388768
-4737.623010671714   -1926.6747129259923  1         0.39782151690225187
3855.090550071105    9784.411787322257    1         42.98671286792343
-7197.818250651948   889.5035261230771    1         1.1774437755348273
-3693.153733732624   6072.652004331565    1         1.2475551783846461
5010.487174856583    2676.476288822935    1         0.7309387723425601
5932.37129163337     -6808.008703364626   1         0.5088594647073427
