trucks_count 2
drones_count 3
customers 21
depot 0.0 0.0
Coordinate X         Coordinate Y         Dronable Demand
741.0953885177947    -1293.0310877173479  1         0.8536745608425774
-1005.5162795292795  -3617.668982951958   1         0.35338828778287223
459.7884272983096    636.320488829509     1         0.6827040781043158
5052.4064464736975   -2714.863448106048   1         0.3269627189563215
-2708.3313334776567  980.5013857045878    1         0.17770968062407205
5931.414124853668    -2613.424098085371   1         0.8340410438632925
2963.6392650710777   173.7798677282026    1         0.5942302425144088
-4390.024949822877   -5739.161873862798   1         0.5843619791405007
-6119.100279954431   327.1038069912174    1         0.4940123074067613
-3830.2117333001142  5840.269791081003    1         0.4635348611477075
-1334.5702194335947  1219.0711048466017   1         0.3755055340767659
-3736.176659253848   -3585.026847959346   1         1.065940922146847
6251.5376080074875   -2790.524710143501   1         1.1470958378703242
-6189.7947486002495  -2773.85869260182    1         0.44643686684440786
-4359.0717770490455  5706.213736385857    1         0.6453762810677206
-6620.705004610211   1102.4863476060532   1         0.5717837697945548
3440.571636687907    -6094.830716651299   1         1.1701128948908532
-5755.378620334126   -267.1425379014939   1         28.361663606301118
1277.7094097116558   3701.2236042542395   1         47.98294673455288
5045.525052309992    5186.861530762513    1         22.1814142475524
3635.1652715489486   1037.3517961314426   1         0.1766501228246823
