trucks_count 5
drones_count 6
customers 98
depot 0.0 0.0
Coordinate X         Coordinate Y         Dronable Demand
-1950.0696208424652  4929.347327804928    1         0.5220201767321838
-321.385128943578    8937.56525880901     1         0.32024269660032456
6913.894420012751    6742.758304368925    1         0.1439489356967619
20.77976753639632    -3961.1325329999436  1         0.9920696679142911
7510.461356487952    -2665.215085616007   1         12.989363165872682
10523.916890132565   -2819.5543126513544  1         0.8419164652511155
4937.5960225287245   5279.947092919319    1         0.5315648102124771
3692.84332111414     11178.57142085863    1         0.8007189093482887
1692.2503679764295   6832.052403447073    1         0.9425538110397828
124.87116394307174   1807.293271628213    1         24.172585300373058
-4279.9435796214     3307.8842932445314   1         0.9402521318561322
-5037.126009955071   886.381925150953     1         0.832211994413158
-4217.1577555949025  6592.526120646308    1         0.8642668296648397
-8062.764605822584   2521.6758466845185   1         0.6577843159744553
5208.349668590186    9284.13039563315     1         0.8739818866304038
8790.745613393252    5217.910829960195    1         1.1066225687997435
6217.363023429685    -7635.342173674533   1         0.14117142800737215
1144.9734981310776   -5086.7805553834605  1         0.39783351158598534
-7538.790680605774   -4373.116075756301   1         1.2010279402911626
-4595.477173121814   -6761.642404846079   1         1.2142344171365858
6917.204777251428    168.42155603022115   1         11.92854266300606
8919.691309362997    1804.200061446856    1         1.1102063807235463
9009.024713182745    -4567.610061684694   1         13.380913957883736
-282.7448212290351   -4164.186570208843   1         0.1891073088654019
-738.3972871694777   2044.9789682007752   1         0.6055530615546846
10017.610515891927   4366.752620497888    1         0.4752763184349843
-6463.641239279243   291.38099090669766   1         0.8016712724205269
-4610.092818375617   -1942.3237332642238  1         0.9501581012865389
-9968.153756838095   303.4055944065494    1         26.448564195637427
-8092.457204821816   -2975.281103009514   1         1.1822538873688857
-5008.1299046481145  -6603.712635569872   1         0.39288417527697095
-1971.2749625198928  7560.221732981478    1         0.8997970819206247
-5918.543975235515   -2104.04324978005    1         0.7087739128575117
-4981.364767586778   -1108.2308313683995  1         0.1557867410612656
-4188.359842413611   4521.297007174606    1         0.6330328576708293
-461.85940726431437  -7711.555516307597   1         0.21649272452554907
1097.6389266859926   10099.226389835003   1         0.836490850819594
6973.444067624544    4531.071586689978    1         28.827478304560817
4854.7858158617555   5239.053286278242    1         0.5601025401812734
958.5305367046603    -10037.445363615125  1         0.4956328928170267
6660.382098664488    -3833.685866637079   1         0.6513334269703714
-1058.2986926501158  -3407.6993338093735  1         0.23268687778370992
-8845.881154554094   5244.113418906993    1         0.43709914299264285
5928.9329411826375   -2946.68950302458    1         0.6080616460847652
6278.552331435661    -1069.2234669014765  1         0.11035501247819149
-275.5277437585515   10818.934973113199   1         1.1601391399368366
5734.082562886112    -8196.364257074358   1         1.1735578681453023
5084.511926973608    -2558.019798904986   1         0.2595877687747783
10652.567158444104   -1927.5695516519331  1         0.5771122465888977
-736.1867249882503   3680.022544042386    1         0.6447883134240892
-7476.724828610083   9920.382538135187    1         30.216984781528872
-9780.218906550188   -7222.108669667996   1         0.23200507890402847
-5825.2850307330455  -4596.15726107177    1         0.5577212558493124
5045.655387371585    8987.92193824284     1         14.383887105016967
-198.0434662234134   9744.413290053251    1         1.2495686178401806
-7812.9967829181205  -3810.24714146358    1         0.8632101995806348
-428.03509065947816  4122.796754760845    1         0.3568850302135249
-7636.196901630584   3458.8356123795957   1         41.84793882897359
-9477.283451753603   5038.631785056388    1         0.1266575465068609
12719.465067293278   3156.4916774716385   1         0.7980549626666049
-6396.543750313499   2570.31210126454     1         0.1410012975286254
-8890.391209772146   -3225.040502503716   1         31.172451321319706
-9182.053789835358   1019.9145213896899   1         0.2941190729384118
7229.992195823714    -6974.175554253539   1         0.8534890699536853
-3909.7265662939153  -12738.347333526335  1         27.802955176324573
-7704.996199853948   -1567.6097399967848  1         13.235455023898101
-8641.905964333948   495.16221312749      1         45.34824724399225
1021.6844982206676   11661.29420399765    1         0.3397751820287266
-6435.0034324617545  4511.724182200452    1         0.24914704079601277
8204.47624470748     -11113.831676174828  1         45.30012590082394
10986.96952095954    8855.513554147221    1         1.229819861428704
-4059.4819155055384  3716.491029762528    1         0.8902571464071843
-9984.06241995342    4040.333889220657    1         0.1870436059305237
3404.304440123234    -7772.931203393105   1         0.3725673486101131
-1804.7610182329827  -3063.247099971868   1         1.2214785698079067
-6463.478708958611   -4218.700544541477   1         1.2337344431939787
-1835.1838781484807  -1723.2249185121545  1         39.67365946545909
1158.2937316871976   -5275.433898518302   1         1.0655445911884145
-1890.6287946488392  3972.4057461322172   1         0.9100420289116432
5698.82991140894     -5248.185683478444   1         0.7647132673470726
-10786.440290549453  -1392.7313838925909  1         1.222913374153966
497.44364038652355   -136.18191315645487  1         0.1575934699367304
3258.4378705360737   -10148.160782644525  1         0.9498806582818666
7664.806797200631    -149.18150324054645  1         0.22172374590345503
-2791.223087710059   9009.254976421244    1         0.9347246326224001
12817.199356715302   -6624.870923816492   1         12.002019225858156
-7383.459772043592   1038.4363119479328   1         1.0261563354828922
-4149.852479402985   -9865.932931380454   1         1.1748875233654519
4664.761410880065    3868.7298288837114   1         0.4767332613853288
-8069.2499745115965  -6313.500008571532   1         0.742111622831242
9741.315078124213    -855.3670547823622   1         1.1633902128504938
-7572.019334084147   -3592.8629010790414  1         0.8074076368598024
5628.9772053725155   -2887.37927545841    1         0.4890731355878425
2650.220604039528    6089.779630697962    1         1.240702439393686
5362.410592912987    5655.240528847002    1         0.5776809348647259
2662.6019348616774   -1721.3581765144004  1         15.47098662893952
-9071.867387303439   4203.585596457018    1         1.140076352600772
-126.77479034445558  260.80943851846837   1         0.74518069160422
