trucks_count 4
drones_count 5
customers 58
depot 0.0 0.0
Coordinate X         Coordinate Y         Dronable Demand
-5648.701782908019   1612.3136633450902   1         14.052768069777034
-8491.628900993028   -6832.373849312912   1         3.8229224552067236
-6359.679310880897   5505.321891779671    1         19.822774299015
6620.22511451156     3342.9909782617324   1         0.44156694104961725
419.5192786831831    -412.78384042204016  1         13.22719992880068
5306.51207626121     -7032.992524756386   1         0.19363384867554187
-5455.292688278884   -4053.5420938438224  1         1.0907957882619193
9061.650325345894    7573.832459755446    1         1.0396951862011286
-8173.509653987618   972.1688255475635    1         1.1035941840491756
11097.094695566946   -7106.723218543403   1         1.105897998714343
2686.364955017845    -9.611030438687521   1         0.9090898192863425
-8244.991387555252   5259.106662412992    1         0.7197943208914346
3099.0118052081493   -9047.100648981934   1         0.5456945513805934
-2054.5554803077775  11590.434234577377   1         7.834698824861881
-1631.5636897364566  3165.2609238088467   1         37.06903117016409
-5541.600112809682   5038.19394282458     1         0.9192595497952515
4273.498802201262    -1374.5217773530749  1         0.26360834510183506
9366.668764536838    -2256.047636366915   1         17.028300043078673
-9131.76046877397    -3047.275185003691   1         0.94535535168501
-4803.728283873628   5927.624923116499    1         0.14096068477668944
1250.082625390604    6884.687703731597    1         0.6266567778489917
2931.2194533926195   -858.4492630574041   1         0.8774999741144452
6320.451226201294    -1392.894691684809   1         0.3713502905137466
-7319.691202984933   3526.7825053592646   1         1.0899701338914012
4538.455121468088    9238.487907767018    1         1.0039379273790268
-2710.3835343201117  -5122.501794956741   1         1.036230664499457
-7688.620210978656   -1384.1040583149543  1         0.5096795904573859
4724.738255104277    987.5502726396903    1         22.456785618629503
-1372.1309348217976  1499.4191594507506   1         1.1227567287017428
9736.618019835481    -4063.4300363616517  1         4.178750137102056
-10141.813880839478  513.9302040316506    1         1.2138523333885747
-2636.280478945299   -9840.82776100719    1         1.0931145854816395
-6847.177852209954   -6993.534793556031   1         0.14677474810256588
2863.6754816150396   9136.111658962182    1         0.8354904672886
-1776.1641521738059  -7465.3117526260785  1         11.234613926816653
-2428.9437216119736  421.3089389363993    1         0.2556103537081331
-8656.881733101929   -5931.068672753386   1         0.4316591266919818
-7314.325190313559   -3594.442217921122   1         0.5934964039312749
-4746.310798678014   -8165.532753542434   1         0.18958978521902373
5223.483845314049    -6750.98399071715    1         0.6911177384723621
-8768.674340165222   -6463.997030019492   1         0.5225836230300906
-6404.58376770717    1249.826771271581    1         31.655244171923716
3950.4616769214485   6067.1076127113665   1         0.6069547908891896
3945.613011168716    -419.73432483064244  1         0.367298487917163
-8820.63983173219    -2088.0179890852937  1         0.7965757548222872
-2767.470704103486   -9335.37164021511    1         0.31566078388111063
-4738.200070956927   -4877.861667114177   1         1.001355524371772
2662.4505394176995   5512.477167684607    1         0.341129393845742
-9114.075819849792   -3594.1878971245196  1         0.3977606937958482
6291.934522462898    8378.00747455203     1         0.2934883563607871
12139.964387828983   5640.766818911434    1         0.25405875479548823
5455.189605655314    -5413.104160385935   1         0.9215140852823007
-284.3984100290284   -1047.3288680575592  1         15.565693565098693
-4597.736921649875   5634.425218556597    1         0.9895933938709037
-1749.8062265343074  7336.538532212307    1         1.0692262825429282
7385.3883035960225   1563.8742689991568   1         28.18847443132746
12176.56828356026    -9388.837117876388   1         47.50741630780914
82.95076746745508    -6412.234468410968   1         0.8406986534494316
