trucks_count 5
drones_count 5
customers 89
depot 0.0 0.0
Coordinate X         Coordinate Y         Dronable Demand
-1301.1132819678642  15933.510706533802   1         23.077821987971454
7387.697323563578    5499.292668776323    1         48.24056914138816
-4313.635664063335   -4370.099314795523   1         30.41260099692393
1595.2624891383289   -3634.652023008997   1         0.16825753633545099
-5530.845718184618   1537.4931982704268   1         0.9042673866988914
-8838.98455368466    -4126.828696245892   1         1.1484781945551386
1622.301815663454    -9984.87492813187    1         1.1652590186721166
3937.854268979784    -6977.194562508528   1         0.1770413088408782
8283.17852142342     -3974.158086261252   1         39.551230197084806
-9868.882379307634   4004.178840192801    1         16.61728339167921
3032.8823756580255   3710.5407727755023   1         0.3422651069396305
-6448.469032635874   -7022.027318843521   1         1.173070130863433
-165.4780616377466   -6605.084696634418   1         0.6737110291974238
-10844.109826661188  -1239.2467170448608  1         0.6472597358680248
3045.2243252267945   -2945.262114836685   1         0.7968890159070698
-4326.202984710346   1074.4534146704748   1         29.660015474965643
8759.94368115763     855.0613086893088    1         0.659907679415308
-5285.359390802717   -2596.258817992462   1         0.3155337513927042
-2500.115909347129   5564.328493400966    1         1.1376984402109322
4086.8178661777984   1198.4371887935802   1         0.8908939906025498
-10940.521275122734  853.0756926592767    1         0.6743991996024225
-503.0109944579763   10220.536600383322   1         0.6606579741817555
-4866.263054267224   -8889.444624853262   1         1.088946714647456
-1.3069815472226445  2332.187258486033    1         0.31381634033085776
1627.364446607358    7072.499945085972    1         0.18860353620044237
-6.287612561410842   -7778.165607354143   1         0.6204730378177994
2480.352815212674    7470.297445013591    1         0.8823308393279258
-6983.608640287188   -2953.500154736439   1         36.52071317552884
1095.5077379517495   -790.6830765495478   1         1.0986739308685178
3234.6596441521183   -2311.6592796122072  1         0.9191362278695822
-10490.11486274002   6509.517935811338    1         26.274978714616005
-7436.914945447898   -352.16045950287133  1         0.31536498244895617
-6631.330453776307   5409.858088505042    1         0.4387948762693197
-1794.74730051102    -6099.56705145891    1         14.006087095083672
877.4887600927698    -3664.2827729034943  1         0.6736981796266642
-2057.243965008547   7824.553545758809    1         48.072987911880354
-6349.623923842533   3738.16761453936     1         0.8768222671908051
-10360.93148382153   -898.5417994375821   1         0.5705059580956532
-5209.094731783063   -2747.4207542978043  1         1.0415228005800372
-10137.226771984531  17654.06254792292    1         26.34725771207755
-3838.584084945618   -1066.1703997862196  1         0.6828342378102691
-6720.571539507591   -4318.670655483149   1         0.9912916409470922
-1862.47036047638    288.8339757993139    1         0.6773273019197482
-15613.53186742088   6490.00323493647     1         0.7825660605022499
-17146.599679563227  -11417.208453011805  1         1.1432492038596214
267.82859237966073   -6325.8089639599775  1         0.6060127152516149
9478.145235801054    -4788.709110783462   1         0.44382895462479843
-3620.0796770677316  -14134.48433252038   1         0.522900463911149
690.9704084314785    -1594.9557487472548  1         0.1285585459659821
4637.317992815674    6126.992357705608    1         0.41625919408484935
10006.974420074603   -5859.188548716191   1         0.7718354735503166
9046.456285842107    -3821.386609624217   1         0.8070479547258025
9121.64758441609     288.7336607569767    1         1.1316740922580744
-6463.160582159013   -4998.4490215169035  1         0.20477171912622133
-10629.428792679428  1247.9218037018268   1         0.28966602731735025
-7402.21964230867    2476.830302557195    1         0.19333870887322174
6713.663654404146    8235.729454712207    1         0.9051136083697385
-722.0100969272197   10253.502779128614   1         13.447402529202211
-5911.628069039999   -3746.147052320827   1         0.7528200268341609
9116.849447691002    -5448.5244860827615  1         1.1675157670201617
1369.1188890942947   6277.614445673879    1         0.773252781794056
7537.386947980493    14228.290387708163   1         0.50287966686173
16593.785362669973   12687.9609952967     1         17.096803347676996
1409.5137981900516   -1003.7001954379557  1         0.5503216107566301
3801.2771148023994   9298.283546319693    1         0.5220827433465942
-6715.098612041205   6186.270498890403    1         1.020683056344801
8463.999938010224    4367.525203906706    1         0.14428587262351197
2833.163607349197    2917.7936037061704   1         0.9026694571263889
-8061.44691694976    6358.776033263067    1         0.8808768247040181
7877.937037594979    3278.976792678467    1         1.075338905212171
6473.975210293547    -3996.667015493882   1         0.8213224654176593
2469.990614747665    491.2947468581042    1         1.074106519873247
11066.793786174967   4185.424841853757    1         48.67220355417716
-4435.737828470528   513.2272472490373    1         0.6246636438002136
1438.3182411036657   -2280.5876610635937  1         0.44800558320508377
3337.151758772539    -9454.099803365665   1         0.16903944107514257
2614.2654772361643   -5127.781061379035   1         0.49393580687577043
-3319.9240607891156  3391.9997268638376   1         0.33927592009239327
-17753.679959818088  -14199.52557906578   1         0.6010564614174835
1946.353966197943    -3205.779582639187   1         0.7038095795769697
3571.716624751812    4394.568238579537    1         0.1711197220619895
-1567.7946536757847  2208.9440024404576   1         1.0428834095123503
2394.615849811376    -4719.496897656026   1         0.5866454150174585
350.7449342030389    4354.121336646931    1         40.235115647370044
10258.79471574385    -1434.9380388049476  1         0.9524435609467169
-4827.996795614916   -5383.4640173576245  1         0.544972515569563
-6965.469432202287   -1929.3028708149661  1         27.701728400213746
-8325.968577214457   -4435.950339432528   1         0.9383469844102763
-1004.7061782953571  -7320.055538715109   1         0.4421293759185836
