trucks_count 5
drones_count 4
customers 68
depot 0.0 0.0
Coordinate X         Coordinate Y         Dronable Demand
-3052.2402339833857  9091.544790177868    1         0.5327226646119466
-6915.887957684967   10102.660403298785   1         20.230933773456034
4785.820414370969    -2525.970537267984   1         0.38217626007967587
5255.235482939866    -6378.300910614782   1         0.15383078928271332
5779.13220781177     -3555.7974187021937  1         0.7834391574380423
-7706.792067449923   -2297.5309067817198  1         48.49962854302661
3137.812852548041    6224.105001428704    1         0.6813804693160647
8955.684648161307    -2288.2442889262643  1         0.855025654693139
6483.493417911867    -2329.250108611002   1         0.5994742034741293
-1032.9378347489962  1266.2636016280173   1         14.979622000467888
1100.7013815894625   3522.9362017038293   1         0.1689045345621136
3424.222775736079    4598.149767375349    1         0.2597316380813286
211.80393061095344   -705.0798765110073   1         0.7666773737227043
506.55699607816405   5717.424264709841    1         0.908898536079951
-305.641778672891    10488.038611571197   1         0.9913224145304297
-4129.696484061373   -7994.08040113123    1         0.6501593573238522
-5517.507754358086   -1664.4475060859552  1         1.0292934224925996
9880.053553695761    -8100.634833716176   1         30.58050442850042
4913.099000064262    8586.389287214668    1         0.8091838508439506
-456.9633440434825   7665.258877162275    1         17.225725324810483
-2829.3700625613014  6934.547738162946    1         1.18329220624551
-3949.169965335535   4537.549498715449    1         31.749064294500812
-10134.336379379967  -3324.4871275623395  1         0.2862763212703765
1688.4300862162354   5244.760186438756    1         0.9614180364218969
-5138.495164299723   6499.336438761069    1         0.19459586549314262
-7797.282183573291   -3403.0467702441383  1         0.15341667304948595
1344.6197055484427   9398.96470621104     1         0.8373982103579796
8753.360038477807    4906.99408911512     1         1.7650001160438868
6438.822033133479    -3113.840613825307   1         0.7665062371192366
879.3960181611965    -11025.549479671592  1         0.3778934315272161
-922.3355179562827   -1699.9526862592934  1         0.742478483133495
-7872.527369115369   -6618.309595904699   1         40.73542714222062
-7424.012998317163   -7290.646375567755   1         0.7561811952492146
-481.7298382078576   -6144.084005675466   1         35.77050425003517
7461.056422272899    -85.68045668941639   1         1.0452718100107878
702.9274342835662    6019.59523699112     1         0.2483178411419423
4577.018846548835    2082.7110502007586   1         1.235783392955035
-3881.198443789291   -6086.551622398687   1         0.147441762244526
10924.37266054641    4031.9970418735174   1         14.072481792032882
-6473.893773343671   -3609.9066964275426  1         27.301374245573218
-4357.537236485054   3017.425420581778    1         0.14305812642140314
-995.5398133307131   -3099.6533000613013  1         1.1784259133760993
-1761.1913418799086  -1025.2764283018116  1         0.9154970947955421
10773.831778472482   1115.688891235941    1         13.49750529720253
-5363.8722095342955  7150.5022067211285   1         1.1693628853864175
-7726.848858909805   -3380.410338878808   1         1.001419616636727
-387.58314517894905  3823.89205615193     1         40.92963257538942
-3676.6188910136534  5137.430290249716    1         0.11773304884986738
-6572.227646556727   2348.627673828724    1         0.220527480044089
-3248.9940894876136  8076.890757432324    1         0.16941378732624227
-856.639468630876    2242.4630143109466   1         0.4512977110362457
2097.0898881997728   -8869.099567175583   1         3.749952301709775
7899.704235959984    4484.676910089711    1         0.554880724164848
-3117.842657830577   -633.5363441075281   1         1.135200236654104
4505.070934106205    578.9550918833147    1         1.2322945083522243
5425.894682158309    -5866.7575718325625  1         19.277179377382275
-999.6024165797498   -10151.798562436245  1         47.51603805771591
1800.9138805789885   4734.030276756919    1         1.0393055701629914
1615.8115028885761   8559.889846182587    1         0.4717109869198002
-1541.7862884743572  -2071.904116994247   1         0.9645832730752166
-1099.213890916031   -2118.6202513218373  1         1.0323978348147753
-5690.520625681531   -7316.95058808925    1         17.044334265181906
8500.837338963749    146.36484517503843   1         0.8158392507108858
-5665.075960976429   2858.8212187213785   1         1.0541857821964753
-991.9935890561701   -866.1337406504845   1         0.9514593177909333
-8537.43493678758    -1268.9186996790559  1         0.9174611937137499
-1583.049980305573   10351.972107915242   1         0.7670151842495416
6291.422475744264    7591.065347743624    1         1.1893328117588138
