trucks_count 4
drones_count 6
customers 100
depot 0.0 0.0
Coordinate X         Coordinate Y         Dronable Demand
-7800.650774764748   -5939.260348315159   1         0.26661679933352156
-2120.8177522573415  1490.8904327287676   1         0.37321359216975714
7267.736122804581    -2327.8440334023835  1         0.8244581421975846
8135.265179695567    757.52410032813      1         0.1930345670264863
-9127.069947236105   8168.281124030644    1         0.12682247261681878
4604.652011079118    -7908.154552401297   1         0.13323029800499053
-2780.4256498145955  5788.029668638773    1         0.7864200640596967
11951.824396223179   7141.480309833725    1         27.12634613405624
-4158.058639630485   3519.5541073237655   1         0.290189990248384
894.7875817634882    -8000.855295519714   1         0.1951095440643687
-6485.168702994788   5853.842689758244    1         0.6227126460921136
4998.248577923958    -9436.109800925127   1         13.969549686948922
-7352.185000554304   -7003.639128759698   1         0.3581367983755679
5893.601774727379    6358.074383721142    1         0.6490471846155033
-9488.470902677951   -3832.7458219894597  1         0.16559898227285383
1515.7166521300878   -9228.043520376044   1         0.7038254704461699
-7463.0012596921015  607.8128531070646    1         0.12360422544317119
727.9729919768652    -2054.488088409039   1         9.78211631390172
16121.402639938333   2496.1981162981974   1         0.748068942287677
-4958.842299809139   5480.139323632263    1         38.45376005626608
4835.199368392196    594.0878356736292    1         0.1322857225702105
-3414.3090686555147  5060.551278633781    1         31.28575979232065
6714.408572236915    -644.525735563295    1         1.0499660713477932
9129.531768589779    -2891.8902083585035  1         0.5568914717166867
-8432.425558061243   2872.3196952750695   1         0.9463801707998919
-2630.5588660292783  8464.402612159243    1         0.7902303189092416
-13437.986084614762  4211.584515136488    1         31.286003688119003
5678.440147666523    -5296.080580032406   1         0.9107155845286086
-979.2168130910745   -9020.473897917209   1         1.0234871424701106
-15117.994563282424  3889.6491303044677   1         0.35374461745133323
540.3745190061649    5212.753393350325    1         1.1933687027988036
3936.0209264351324   -13566.291462435323  1         46.462323758133024
2283.1841227441514   7559.208677092697    1         0.5113057751974313
8716.019468981702    70.74589642470268    1         0.31353424016466924
4470.631450044126    -6749.406758018577   1         0.900524468092613
-14967.15237472944   -7817.276540297633   1         42.245466979167055
-9711.975982536658   -1422.2347508874482  1         0.11095646340428367
3749.420551684707    4697.306894440618    1         0.16700796823527303
7277.15298449589     -8043.398640756427   1         0.36001899601539666
-2430.4193172358428  6895.58931332903     1         1.0333105673226615
-2678.0643660143214  13999.380824501546   1         1.146740206390281
-6856.83441918408    5117.5766474082      1         0.39545535206803906
8789.150189478172    -5926.133067328889   1         34.5923541447629
-6394.767515581545   1726.6849738241817   1         0.6976988189259591
-4152.711780893479   7391.803009984439    1         1.1970886814835586
7540.331922948685    3364.903428404888    1         47.796361458610676
11893.452995059615   -3709.5623876337777  1         0.27411660310247465
-5736.2482667465665  -2569.5558052233823  1         28.187383923988175
-4666.533687671822   2498.6625045010787   1         48.629249991563405
8652.437685666835    -6669.200398188465   1         0.5990073987567673
-3683.127797177238   2994.7305694713327   1         1.2282973860926916
-5851.318249867529   -6528.015933630455   1         0.27850688588042005
-3476.414051726948   -3738.8244976108613  1         31.391892693357015
5672.546736000308    7208.248281381833    1         0.7146584999982373
-798.9017800598049   -8970.123670673805   1         28.120745119538793
8516.880541022005    -4911.321288207291   1         14.15008681723095
-941.2711933545886   -922.1589700533626   1         8.360958499964763
6939.846644261119    7688.325024372637    1         0.3701732534012221
9869.09309290698     -3186.545174109726   1         0.23100584970995347
651.2071726305146    -2139.3348429181056  1         35.57980773931519
-10741.862857843713  1868.2941930688557   1         0.3921600347262165
-8840.162030994967   -2193.261224836998   1         0.8076537735654539
3901.8950070174546   7446.9592052575135   1         0.8744811161124517
-7692.646243328671   -8899.180678935769   1         38.63522225779738
7911.172076806211    2825.5623705903527   1         0.30614906866697433
5225.99158454353     9313.27846971041     1         1.0005394644987935
-2006.078893687906   -6951.871544546801   1         39.9108920258613
12529.312154390027   -16481.666323119705  1         0.5726997709469043
4433.257605068259    -4621.583008301666   1         46.48486468909567
-8275.003377135525   4877.34411721165     1         41.17774962697887
-223.09124261898853  3407.479064914929    1         1.0433383915567653
16407.77798076364    12628.97008803473    1         0.34832134218402294
1262.17680933046     1135.2353880185503   1         0.1334105162879155
-11500.067363343873  -494.2474186097297   1         26.85161158450059
3026.5255588714913   -2392.771944638421   1         0.44665246106429635
10833.694758587864   1078.075572999652    1         0.8569687211256602
4010.0432803273798   134.63665407363877   1         1.127857616350136
1032.9270412721976   -8313.465192304086   1         0.6879579005168052
-8639.585219095858   111.79779475442487   1         0.7237994570574344
-411.45943094141455  -10881.90719890301   1         0.14955475952283875
-1723.155288444926   -8022.819323643552   1         0.2763838293406513
-1478.4187017706072  -5779.6223964717865  1         0.32450897444948323
1967.8618626563257   -1243.0163356355233  1         1.0938221023658785
5787.008262156682    -3120.8757497213037  1         7.769465630704538
3110.627295460984    1736.4223229527308   1         25.56661886888855
468.39082411490085   4956.207562158101    1         27.973282940868035
-14068.36409967174   -10632.510285575436  1         0.531239292402662
-9887.877381110404   -2111.6823134818064  1         4.80068602922216
5091.82521754976     1148.893610262813    1         1.0142830996864445
7747.876830464723    -6728.263887584224   1         1.2223544929793435
-5304.453390183373   9277.649755832514    1         0.9325386573488799
-8188.980026035676   5640.821233010222    1         1.1014178701020727
-9947.608298475763   2093.4336652031743   1         0.779506166815667
-2110.0114952144068  7878.593566352368    1         2.329970133510482
-6796.233569970293   12604.180543701317   1         20.11405522581221
-11736.017323238535  -1194.1319027027948  1         0.5377995927417771
-8300.401515398964   6118.514809417392    1         0.24204415063582166
-648.1953267190563   1448.817589633217    1         0.5570819923316989
-8231.62330523545    2904.1867082686354   1         0.4976615789661383
-5512.6310546706145  -3096.464662081781   1         1.02263618080661
