trucks_count 4
drones_count 3
customers 69
depot 0.0 0.0
Coordinate X         Coordinate Y         Dronable Demand
4775.122532697556    -3207.48207184762    1         0.8147320514640216
5317.10912521894     11024.779826711598   1         21.079351982669724
3622.275095326636    8995.852713849159    1         0.5198886793940097
7690.950219462962    -2747.303697536289   1         0.3191454693701775
1532.027198510944    6386.1340013991185   1         0.9641054762239657
-7043.7909623894875  1682.081403437407    1         0.8813889022440552
6766.375157559971    -7622.041243997699   1         0.5996528173104616
8028.338122614925    8262.340971943788    1         18.854983307138106
3205.9718096082947   5376.984061891196    1         1.2210368805976333
-16227.58369767006   13670.110269340028   1         0.6777534622870853
8519.386831114261    -9724.142179569099   1         40.41715575968585
-6857.486188310789   -3896.5178593399824  1         0.6480513480513619
-2791.0471622775935  -8735.776070061187   1         0.17336941168244518
-5070.303591903805   2973.8400028618285   1         0.18994204584399998
1822.4567393817797   -10637.471363128017  1         1.2302761421667172
10080.72881753319    -1637.628798672549   1         41.23081388248609
-435.3477650461255   -6560.335759052729   1         37.69074680928434
-8909.692053297458   1356.45838865441     1         1.2214825802400593
-7208.149650884477   -4462.853454360315   1         0.9876942851676795
267.52315243545274   -8346.409223599698   1         0.4415219538145343
-9583.00459866583    -448.3842429405205   1         0.28586053990379945
9221.510994340228    1762.1445774144559   1         0.3256995108030825
-7008.68555545147    6626.238558595011    1         6.903039777531674
-5538.201118166972   -3060.8599618055664  1         0.7894214171977127
-10758.980193363903  492.1340664636964    1         0.7251414743985161
4596.26005042917     3603.1887801810612   1         0.23355019879064884
-3843.2329773181514  -5590.385287316379   1         0.1769373999510497
-3618.6631976636045  -6225.287303973842   1         0.743536091315805
1604.6571600395062   3668.24068948331     1         0.2927832308162165
-3449.907696055179   -8027.682994583471   1         0.6743623252122543
3516.4583457118715   18619.724720603415   1         26.527279463615997
4493.909184756527    -4272.385216605079   1         0.21773239097244604
2498.02319963355     10307.515948638375   1         0.6545235424657758
-2320.710482821651   1484.7354847220406   1         0.14210842335404072
-16583.14005150442   17417.080950719326   1         0.8987711846868724
-8140.1727485754545  53.30771852543694    1         0.3475640016307421
-7654.4180016173805  -4547.836402243096   1         38.243762662280616
-3124.445960328835   6501.6353584841445   1         1.0912629201100017
16933.205043580223   -9484.827162894426   1         0.3298006524060859
-16686.910215889686  -3638.743613906825   1         1.085462886957488
4535.8869661599      -6905.406518511578   1         10.57972457841246
-5235.517989713723   2528.8243045403256   1         1.1897456671386166
1563.3927860804163   -2430.845499683106   1         1.1699122257718444
-18289.09381448041   5303.797295522974    1         1.1851412811622675
-2965.2873514619346  -7289.107927406309   1         0.7983801087748327
5402.662932879905    -6073.227611723303   1         0.8591947352297057
4104.715980232332    3483.770939622172    1         23.103280476741798
-2363.0407136941167  3615.290046259429    1         0.9545590644575719
-4829.797539559443   -3263.4180601663356  1         0.4398095484927428
-4035.775945331723   6130.2262372118485   1         0.9565499026239092
-11088.793293632287  12618.608378641045   1         0.20639702377487557
-55.694661190891324  1803.5231698663185   1         41.35524067326107
-2089.2326774231747  2473.0949219882473   1         0.6207665244072759
-2439.4740510826578  7364.461316389702    1         0.4934601676052026
-4348.583155686768   -9516.881010283048   1         0.18680220029815398
7274.022065212198    -2427.6808025331884  1         0.2629462880247546
2524.1683883802107   -4107.740950641557   1         17.382703399535867
-588.1996573023814   -336.8328836902429   1         1.1105187435617214
4347.897997148448    -13324.945807076045  1         0.5804392801278175
8555.518353112404    -5322.303213011861   1         0.8199722274291089
3598.0769436744963   -5847.9861093388845  1         7.972274637912785
-5711.5503370248425  -7050.304698115877   1         1.1987316059232798
-9979.123642156663   -4000.4519958591018  1         0.9584974353377479
-2135.9138054210857  -3165.9593876717277  1         0.26344462203226837
15340.464975392511   16488.452177421474   1         7.258111275857297
-14.5862566670184    5328.25794646932     1         0.6816859692743731
9443.551844049905    4133.085535379118    1         29.473729886153276
4029.5264194921688   7637.378049059529    1         0.5654845959369942
4044.3786769893477   -871.0325357690788   1         0.7033000514995317
