trucks_count 2
drones_count 2
customers 39
depot 0.0 0.0
Coordinate X         Coordinate Y         Dronable Demand
9575.560858786412    -7019.110468036175   1         0.20057780124800728
-9981.652109149149   -1642.4831940185036  1         19.741153564214844
9353.270005275597    -708.6743652214334   1         0.7648554623174828
-8251.943301546546   3454.374635494143    1         0.9598318871172384
6021.47625098848     -6127.694763440012   1         0.9993589132367579
-1031.4889125252641  -7495.507620519936   1         0.27159632960998037
2467.2024406434844   124.8897170826652    1         0.2385679825683522
1536.7000629996116   -6648.319736632085   1         1.0059593422745592
1803.2023201205102   8381.958951985423    1         0.13627135235368842
-6785.149413447983   5062.378427153296    1         0.13845650824172176
5987.243936749414    -7403.32666746726    1         13.982051200543825
-8666.472670561741   8199.763568319358    1         28.09841624096363
992.278835837381     9341.29593343065     1         0.3284978459728672
-4823.202625047868   3334.4857884599423   1         0.7975823092165765
-357.6879868342734   -3245.9377302334606  1         1.1163703417715996
-9867.555093719087   -2603.1524799643057  1         0.30841063928618095
1086.1140900021394   -3200.2296609286786  1         0.8930007773223508
-8441.258031242953   1241.30229870591     1         35.68345275075528
5419.13461261992     -7102.5405717334725  1         1.0428398178411733
-7450.711116583141   6657.549156071075    1         1.0476595717343682
-2176.3439050106426  2837.7483702130066   1         0.48261191110483725
6217.442369976894    -5633.772556388337   1         1.150204796958103
-9264.302537340007   -5399.535833709675   1         0.3891554901526214
7910.340792077292    1156.1287022606323   1         0.26464124589595306
-254.6859773126183   -1885.1859738931366  1         0.9858827039227531
132.86039003994247   -6781.41741031235    1         29.096707806274544
-9776.981222391832   8556.847328594915    1         0.9328524561285301
1257.5011886852262   697.7659813676237    1         1.1902679676000805
-3227.2141477045207  -4616.617815732469   1         0.548771550873872
8734.350885684697    -9327.583505200333   1         4.404431777033313
-564.3561451903639   -2388.8895711220052  1         0.9314917021643453
-4325.988836001867   3496.884609219732    1         0.9060984552234036
-9279.617466550364   3993.3090948979457   1         0.9282171291817501
-396.9532312685951   -8387.626649905644   1         1.1988230047523194
-4037.65191112286    -1382.6586073568733  1         1.0153071645745133
331.3026872949418    4779.779545367556    1         0.17235805100940033
-2989.4022069730763  2983.4684299673854   1         0.7296685063104716
1099.0720360955504   -3817.288979215337   1         1.1140518316979058
1616.9363790170678   -4609.892228727075   1         0.511969624375833
