trucks_count 5
drones_count 3
customers 62
depot 0.0 0.0
Coordinate X         Coordinate Y         Dronable Demand
-7184.064529006706   3255.8075692260854   1         44.643408478063115
3063.858426457003    8870.59935657523     1         1.0308658711452796
-6201.3375536458     -3398.0594723695995  1         0.15759692420514215
-374.4653209205731   -754.4562030125402   1         0.9453130333953489
6824.343425955051    -4801.75453404413    1         0.37628772192084836
-1472.054125512374   -9867.841560711518   1         0.42957740684374446
1437.949944324499    -3805.4481319915244  1         0.7195567521291492
-10062.86935720596   4199.532642467779    1         0.6931594899701109
6695.380676643668    -7426.4635953386405  1         0.4522395352422369
1905.0096486375062   7086.362534967566    1         0.49791061717950114
7869.6540373280095   2310.7019468418625   1         0.23046563399686168
5347.614036196132    -7652.149408553119   1         0.5203567915758182
-4604.166921535992   4556.4342451285775   1         0.6057104347790733
5305.136485503694    5530.227768817493    1         0.29298752461063493
2578.300064288806    -6247.569793285284   1         0.5018353780594876
-6648.410147831301   -540.8240417198913   1         0.9681572792528775
-6653.171356411706   10384.473921094452   1         0.3928262006705753
-5131.248166762385   -4946.1864808238115  1         0.21669150931330822
-6309.389620712667   9243.03832886581     1         19.07221224794956
6105.657013401906    8775.539361634983    1         0.21478528333693528
-809.2463909363535   -2612.821791855987   1         48.080151276009126
3964.819674195073    -3470.711696097681   1         41.31417083088065
2050.994839358649    -5262.856704187471   1         1.192733053310363
-4993.730571014537   9602.610624216079    1         22.053440095078933
4343.131504220923    5600.595544261238    1         0.8363858385513727
-1711.3212052805468  2187.7860247693748   1         47.84046006428569
8984.050364302651    7784.839774958064    1         22.232020884405294
-3477.598344685277   3687.025974417049    1         1.215361730548143
-7110.684462966495   715.8245098573996    1         30.76606214688187
-3517.65263964419    7724.813338002248    1         1.202230896485522
-11847.753212037107  -8099.771322147312   1         13.558756765731982
2109.5846475115527   -3366.3903367935004  1         25.40003175933016
6381.290532512054    3325.9531876367782   1         0.8740566926783658
-8321.841341159081   -5836.248720686191   1         1.0756875377390132
3567.8255202900186   -6004.448533768673   1         0.8812537769264979
-2719.0357467599933  -8292.603834355641   1         0.349736508419905
-9571.524773949153   2520.532310935667    1         5.869121403499728
5119.836874543887    -3288.9532343769124  1         0.39449536737061663
-9360.783420008884   4673.818856033077    1         0.6937138805901595
3353.493855320588    10244.35313966998    1         0.7281924864664736
-2619.670853289022   -2899.2682204166877  1         1.1418813848557052
2507.299783246287    -10042.554425317503  1         0.2713278835433708
-4187.119914106043   5671.137447398943    1         0.17380242279590882
1564.2773382079388   4309.340992030363    1         0.8781545013193386
5408.519289679569    -5767.1200670527705  1         0.15764192283992845
-5998.197043414621   -2560.485849122576   1         0.8975218524286664
3494.3840953296685   -2159.555756154138   1         0.42586785995683174
1185.3439166361607   -10052.108020105226  1         0.7821115899280819
10664.69193292457    -1679.7542167604013  1         0.570020358705363
3906.571856470993    5261.738567372981    1         0.9391013346246962
2890.1107785514228   6891.704872727908    1         1.054109803353757
-2147.6204396002713  8645.190342693502    1         48.12561227516859
-1957.4181143224596  -327.0571312935226   1         35.35568047175361
-8573.826626568556   820.1175739820974    1         0.3334790679519566
7051.5706181033465   -861.0086443405868   1         40.315723854487956
5643.301464647212    -2610.3467861704357  1         36.58593358082736
7956.918264414914    -1572.761760523469   1         0.12260548393175343
933.5935776094133    3290.587511464241    1         23.192182465942476
2818.8794767251434   8741.761257202277    1         1.1412744835464326
-4439.957365454125   -3085.6157591295537  1         0.8173129729742912
6628.065799027956    4425.163667482744    1         0.5455141979095058
8197.946817852031    -3079.2712484850867  1         33.04311792129532
