trucks_count 4
drones_count 5
customers 79
depot 0.0 0.0
Coordinate X         Coordinate Y         Dronable Demand
2820.801669710341    4788.922782479879    1         1.0211526136947326
-397.6287894910551   -3517.5615612529023  1         0.6674971092367911
-2711.6560448085897  -4465.557396080533   1         0.6994893978545121
818.9398675011707    -3470.573565976623   1         0.658268716236308
-1958.759667923879   -4421.397302184043   1         0.9963463719620411
-5534.370360234886   -1518.9753232993876  1         1.1037362432180744
-1144.0514915315616  5250.263441012872    1         0.9779615868880895
-5512.9749216400105  -3805.479728911083   1         1.2014183465367088
-713.3655841490772   -4691.34545217342    1         0.8477458701109977
959.2739831874346    -4858.077801363448   1         15.681786085512094
-5374.901142652218   -2152.0436791554266  1         1.2330565293105398
3175.1804027826765   -2626.7252065834796  1         0.808074271443762
2312.7091132033765   -4916.2525905166785  1         0.5413492768177018
-1554.7906895355172  -5712.893837405839   1         43.276607177725445
3602.334751299333    799.9691756791581    1         0.1458664493393549
-3944.7503400324854  758.0786697845421    1         0.6667590897646141
-5059.865580824326   4738.001962973429    1         0.7609496879875961
-2010.6825513231431  -570.1917441641259   1         0.7593835183869995
4339.760901296182    2561.091825692991    1         0.15520423899766478
2538.795182604957    -5518.92963173739    1         0.9881264909231208
-5004.791865956929   3367.0266782657486   1         0.6109367347892566
-3826.9545767050768  4463.836202774748    1         19.267031369132233
-179.29370783145828  -3747.3258633723194  1         0.682374940032135
1228.5946608884233   955.0989024886803    1         0.999032672176771
-2899.494203553589   -1497.512700374552   1         32.70001779923598
-5460.798087800208   -1628.674600783183   1         0.975323845471714
1776.3753647214328   -2203.9278582750203  1         0.6777044780529171
4611.55199369168     -1996.8769952387665  1         0.13309016361161033
-3998.6635103677795  -1028.0541598421266  1         0.10631545805379963
-3095.044458366353   4861.303178859425    1         0.704214998661138
1598.7520545754385   3537.106526547044    1         0.1614290036826689
3425.641859493813    -4107.975390965602   1         0.9229116604665116
4309.761321073198    -2977.7948510466294  1         0.47574243676748673
-4780.275651249854   663.2086546272423    1         48.556215627966324
3399.6407189613515   -5359.509105253478   1         0.2763402254595426
4361.256552906208    -436.96637206318667  1         0.6465595120463481
-4408.379693984843   -5335.707068925443   1         0.6993593019009051
-343.2533842587781   -4423.147562296055   1         0.9022440946748191
-3401.1817756837863  -3371.5186084779543  1         1.1436178165012953
-3228.253282171193   981.1373503606756    1         0.8033247977726446
752.7560271621502    -4861.493674128125   1         0.6072091075407119
4956.200614390362    -295.9998194781765   1         0.6779679784804044
1770.0845150740065   3332.193239367198    1         1.068289721949168
-1249.6475997173538  -2694.2428015073147  1         0.24643599740694172
5775.208697527215    -3924.4612681307217  1         1.1501753847187344
-2444.142187124159   4240.926531346241    1         0.5130352912557606
217.35302181885348   -1718.318273631363   1         1.0746647843878425
-84.77045795535527   2303.2745621654476   1         0.8620167157997317
4547.970946125211    -3927.3546366197297  1         0.8357921769948972
-348.61099987787657  5597.910553063892    1         1.0846369797627196
-1610.6823535692965  -2347.048150328667   1         0.3467691472487625
-1712.7792939251908  4302.304080795294    1         1.2439036447263143
4816.726719383062    671.0118532598794    1         1.1375283150372635
1205.1254159505838   5789.82554002112     1         0.4374073967831327
-2799.1608931502833  1269.790604198858    1         0.20215722487736248
-625.8038531874263   3838.5829276336153   1         1.025328326004642
3296.8827875430084   -2623.3826239574278  1         26.89749298681389
3200.0186547259846   -1377.0189299163555  1         1.1023965250093501
-5713.315591948026   -3988.0797258962207  1         0.22828399467994512
-4741.165798654856   145.3589553266991    1         0.6272639210447586
2522.599681047683    -520.060423605824    1         0.469157191512941
212.36476968547544   1529.009136637576    1         0.5803464927969194
76.82805287761221    -4158.428069046474   1         0.7936963010396206
-3677.854132960698   -5212.360597533258   1         0.30881105233488715
-5570.462905527831   1989.6751659006343   1         8.177056492155701
4128.68795154718     -2982.1033082489594  1         3.3566843485468536
-5270.870150700968   -4089.3231089783512  1         0.5277183277180321
-170.96374819776278  5676.906838999439    1         0.23380911484319425
-2093.0816915282085  366.2982233227162    1         0.4482990608978106
-3087.680040448485   4032.594287402615    1         1.2164835478315792
3714.0718391434893   3489.445091833026    1         0.9254453613283645
-4796.305787612245   2306.836941320218    1         0.2825620200597527
-3284.9495993209616  -3697.406123955536   1         0.9829351505764771
5916.40874397342     2366.4330924674323   1         0.7962476832134741
2123.493781898317    -1386.8682415449546  1         0.4471345818432956
1260.2965123636504   4550.9195912119885   1         4.243001730110404
2233.226893422562    -2514.882424843849   1         0.7587834062029221
775.9005696969801    -3644.666742675803   1         0.7467526067011326
518.9149177124764    1642.1644249430756   1         0.8927209100689321
