trucks_count 5
drones_count 3
customers 77
depot 0.0 0.0
Coordinate X         Coordinate Y         Dronable Demand
4759.759530069696    -6477.40295163679    1         0.5609612616895214
-682.976065055895    -4548.71745920354    1         1.0187013266699154
7165.641164518357    7513.302676287541    1         0.479283540133563
3290.229273211924    8921.48695089336     1         0.7644388945782723
-130.88028897001095  4737.364673696802    1         47.09248009761545
7404.537562103147    -1011.742922161825   1         0.7052978724824892
3463.4752359320755   1586.5818247460556   1         1.0817745918822166
-4293.257270862868   -6996.931149346765   1         0.4872181597145172
7024.87555158531     -6252.217100321837   1         0.3026960323156677
-4656.2325501616715  -6678.550962386384   1         0.4095326193327018
5066.833674688775    3300.7875647116603   1         1.148578173543999
4817.796669273078    -7460.423152073478   1         1.0548812058295927
-4591.66379375737    362.56345668243966   1         1.1324631129786162
2445.56576001952     -8929.488664631584   1         0.5393951166555702
5094.5271532782335   4129.621890381553    1         0.2120934032092694
3982.081726714022    -3988.5441217722096  1         0.9256637555451321
-5882.856969641925   -4283.574823660205   1         1.0628526855168445
-7993.898720538023   408.7367917948212    1         1.85117824686868
-5135.399479688542   -2776.5461338454497  1         0.5196283111250897
8406.01898854855     3995.2497619691335   1         0.7382773085909922
3990.977748678369    -6131.798999983201   1         1.0604480026437082
7441.060881140833    -7164.273120399777   1         31.317665267938892
-3980.265605459981   -2940.3858969349603  1         20.025467558051414
1776.0749003635558   -6016.8159893451575  1         0.3248158751993786
-3902.721262891212   9818.923031014509    1         0.4261250131227874
-3402.8450434748493  4352.3182363347405   1         5.23720102049784
1427.7618641816853   194.7462843099729    1         0.5952215058372026
3469.957632043775    4385.407841778143    1         0.3660810254399779
-8683.322702244954   -3677.78400441755    1         37.74193057633352
3010.8757410321136   5623.996141829286    1         0.576722426722479
940.00802838531      -2064.675277216798   1         0.7887716142138436
-3918.966859474611   9218.417184090611    1         0.4336166552066464
7319.006494496623    1875.2530384752881   1         0.27786678963173916
-1662.682712085003   -3701.247653842388   1         0.6268785371084157
9473.20691485714     96.76466812338626    1         1.031993772811807
2155.514094095659    1246.0979800119462   1         0.9485674593128129
-10458.67895419172   -9577.228911513603   1         10.305318430123203
-2182.584859635944   2772.1639001780227   1         0.7059254931972209
-9169.92602902887    5038.367664881302    1         1.1979159961168118
-2488.576288492694   -5998.619220833985   1         44.458958598273306
6295.371503822088    8905.952155792425    1         0.1987723279488397
8571.431142194748    1772.0788484349323   1         0.9251132101994819
2488.04179549821     713.2272459155377    1         0.7598208353260391
-3103.5996249253     -2980.3675570327705  1         46.24803685888764
4548.33917862665     -5428.371878420687   1         28.50012676804608
4753.505428401484    4374.019157551245    1         1.2270902190552542
446.8286972237347    -7497.59390863227    1         0.6985717694974246
-3356.0711342189115  -714.869926643077    1         1.0220883056252015
-5162.199840712375   7982.4392624004495   1         0.9939350639899293
8722.54034120129     4789.020018666264    1         1.0664321016295655
3641.3764803987433   5073.864568373681    1         0.9801207210975454
7129.052182039254    -5455.085556245623   1         0.6069667191272323
-7157.376273033042   -3887.6051465735018  1         0.5923936472095105
-5290.094184469114   8890.977940344244    1         0.7377310847289917
721.403902109385     4578.947818245099    1         0.7003291717447737
9950.177126352066    -4114.532778897281   1         0.1859128932998096
-1327.6692540273204  -551.6174971687283   1         0.5259595997277797
5652.051947876421    -1823.4698685311696  1         45.577772559283225
9112.525636324035    -4516.336144434999   1         0.909103512347291
5388.783984941291    -9228.054433465933   1         0.20804785513484508
4142.242899486447    1220.655141808232    1         10.39418713279071
-378.2670172084691   3301.4538441924497   1         1.23253579235229
-2106.6659679938994  8292.252783384538    1         0.9251910039239383
-2080.138093352681   6769.313282485436    1         5.32184760121597
1584.4824630588396   6378.762194878094    1         0.1596070327150866
568.7396149614899    10206.476720781924   1         1.1143329977995389
4950.524140076729    -9707.805924083512   1         1.0914015617834192
4312.0719899923      3980.6412492079585   1         11.494228907265999
-8613.727080494311   -1009.2754803926672  1         0.16552653747478996
-6019.9219682465955  -1310.0542793213222  1         1.0847498422281998
9696.705715112197    4444.689722483456    1         0.521945245559855
-5211.778524851493   8311.22458651379     1         28.746578077326294
-3950.460952482797   4906.427460124655    1         0.3288926428023998
-6931.456255663576   5344.72031682153     1         0.31392381903039457
-2463.1176916864365  9031.744736009512    1         16.879050221895103
5148.143959258131    7902.677746305774    1         3.478320213643676
-7430.109157270132   -2192.36200114492    1         0.9251272387022923
