trucks_count 2
drones_count 3
customers 22
depot 0.0 0.0
Coordinate X         Coordinate Y         Dronable Demand
-8020.414538073658   -1051.3089683107673  1         0.5423324744613114
2193.4081578292585   -1855.9562556323685  1         0.2920794902373767
-9297.726012863632   -4077.284520282252   1         1.0787914715982307
-3602.935076726516   -3846.6595916546316  1         0.11520069870656686
-6717.818965754817   639.212631076588     1         0.6076836627000217
9426.833583385944    2146.6691974099276   1         0.2929000936633741
-5908.925965242277   5424.234545038131    1         41.26909558340607
7512.970561301037    5634.399212274706    1         0.9323142745021344
-2667.4978382816844  5126.284184419356    1         5.395304136802808
478.95308167118526   6466.5475047183945   1         0.9882620613409688
6082.928122093191    1444.164523409459    1         14.824914789499614
8323.9629312164      4120.594411271867    1         0.7195077725639499
-361.0119122627187   -7014.173090414782   1         0.5132859989426517
-804.0467308665079   -6509.329156835312   1         0.2756533728812092
4228.5033030006      -128.43163710503046  1         0.3236158583863154
-8161.153908272983   -8158.687185946448   1         42.03013239732136
-2871.6359101135804  7743.062163185946    1         12.639900052872973
3806.469779167724    8653.90119891615     1         23.080970472329057
-3599.5639074241403  2589.978734084228    1         0.7425026753816982
7454.275191382298    2196.304061881103    1         47.36754767402029
-9190.155615055704   3819.5782664540557   1         0.27909034381482356
2000.689515734497    -2465.2921156572766  1         22.375846844741044
