trucks_count 4
drones_count 4
customers 62
depot 0.0 0.0
Coordinate X         Coordinate Y         Dronable Demand
1073.1979373758452   -9165.272121218017   1         48.91766504058782
9920.796785650884    -4479.29731587894    1         0.337791925509175
3472.885250936175    9146.886012407485    1         0.30462605171009555
539.1387533052304    -6173.911565954718   1         0.9898566155351477
-1360.188985566235   -8316.358891596163   1         0.2981933976015286
-1150.7519719402758  -2395.8239038793977  1         9.608507412782435
14141.853240672415   7752.0950004119      1         19.192771677000703
-8390.42010008924    -4803.112377763645   1         1.023158850907379
-7288.896819660344   3025.8645364245904   1         0.40561891972052055
-2085.026876449425   -3539.1483305690595  1         6.053652205623804
7472.8677211883405   4608.318614140568    1         1.0253682583096453
-13718.593717349295  -5452.994261259753   1         3.0048610666187248
-8797.032037274885   5765.387018498071    1         0.22384118352366167
4044.1252058064056   -6760.098049567925   1         0.6696345044574749
-5754.293398520997   -7213.177364055631   1         17.428700784163592
5709.437835926462    -2140.8651702474594  1         1.2130004735617121
5756.973499729429    1230.344007116395    1         0.8636524154848663
-6466.040317895124   4802.966238111201    1         1.0119107033217616
4884.357531365093    648.6149362693959    1         0.6751353140220973
4985.615303633527    3558.9469643435395   1         0.9643980486549387
7075.410744877815    -1976.2389898219526  1         0.7374917958555235
530.6768925260731    10327.459080012042   1         1.137210031109297
-5610.209201924956   8879.95826788125     1         0.4123285358833978
-6772.725202097929   827.1316226759409    1         0.9957828113268004
1768.3963276251684   -7919.284185111212   1         0.41308767356670095
4342.320121076868    -9484.532306886935   1         0.3758005171521711
15984.12684366839    4367.172647595686    1         32.20809603076448
-3201.952362762283   6193.235522625353    1         37.54249038089412
-6106.484632189854   723.2827019221032    1         6.93699797269068
4911.881334028466    2406.1779101329635   1         0.5493758863640139
4062.6029510956578   -292.5759441965941   1         0.29456944546964775
-9666.217847583348   -3539.479213560076   1         0.3051243716776619
-1240.3990047826312  -5837.575613252581   1         0.5078195565276189
-8017.4348752383075  2342.050891964536    1         10.219822009878667
3658.8886640378523   -5317.108205953342   1         0.5584550081700761
7389.30761090957     -6065.54175221398    1         1.009275349927715
10557.167485617783   -432.11878331625167  1         9.310917986778984
344.73977710051      7437.525938954011    1         0.4618797327818184
9068.128298482488    3990.175404800763    1         0.14423502978809186
5722.8958352254085   8401.217858111348    1         1.2008784087783682
-9470.791882808766   1330.2588000182204   1         0.9679228583801139
4989.533810724275    -9326.620999451974   1         1.0879661025959435
2841.7090867604275   1920.706653440695    1         0.6329730473242526
9374.40405446736     771.7351671914535    1         0.9283006831147681
657.1347294118389    8526.276734656703    1         0.8409226856355368
-3330.7684152678885  -4513.855781039372   1         0.917969984592764
376.43612980278886   -8587.805203216716   1         0.31015911155939324
-4897.945366659233   -4716.5958977580885  1         0.40496391361072825
-11635.496871088324  -10838.053966672524  1         0.923240666615648
325.95298871439394   -2640.380135729979   1         0.9796665459901452
1633.6553333939096   9802.49444541474     1         1.015223351815977
2100.36623405687     -6667.280544376932   1         1.1118896211229317
2155.8737143466583   9146.731029569151    1         0.24398992623214452
-2313.8846854662393  -8617.441084919708   1         1.1277117900888454
-8504.967263371962   -3622.6407333426137  1         0.89442059276278
-1322.0503659614096  -5511.362288088638   1         42.27320424957998
1207.21616503141     4282.617348982964    1         0.20380843725633094
2866.9787224379907   -12841.852537462053  1         0.4881233574156585
-8263.12817989364    -1217.3381822906615  1         29.77769091592227
-9325.01914112892    -3208.0630590632377  1         0.49019656284661806
1232.153782510987    1199.7199949761361   1         0.6787373755777452
-6066.593828129375   5145.461498137662    1         0.37621703058511713
