trucks_count 6
drones_count 4
customers 100
depot 0.0 0.0
Coordinate X         Coordinate Y         Dronable Demand
6299.932456764782    651.9411786235505    1         0.34600709795453677
-8311.432074400745   -3219.876462864935   1         0.1420666123302035
-3925.4601054831273  -9180.266693340349   1         0.14736479582119472
1561.1871978422178   -10471.563742594133  1         0.7622695907539787
-13305.647089924742  -2430.534877629736   1         1.0621644635436054
-6021.172924927094   -5412.123239742482   1         0.21052445392211971
1443.5094422688721   -3231.150744826667   1         0.8609499024139382
-6563.789121111087   -11575.971275077176  1         1.5291041180427576
-1714.2581309605628  8739.968965038726    1         0.48468332839985373
11020.320670618206   6592.316196708056    1         2.076516221410725
577.2906726277704    5417.0210678307485   1         0.6767331051079478
8322.58194824714     3582.457144887029    1         0.27761990471355374
-6976.568328958235   -1905.8327419661432  1         47.42695784127229
5131.0445095066925   3249.236312031613    1         0.48547782373168613
-5414.271571860366   8093.612054754228    1         0.5044824620381729
8230.976515643531    1073.7518681418665   1         0.7824993414911069
-5871.019486924505   8036.512074642455    1         0.8524412888999043
-9232.706057510415   -4365.500115908695   1         0.9286630188592037
1896.2169236339314   2679.293030993775    1         0.96536179232292
7552.175874089255    -4372.610253261844   1         1.0681979229436407
8762.83208904251     -2191.611842907299   1         0.26125005113429944
1557.5893018778033   -1152.3916657891673  1         0.687284647446187
7270.931108435325    6880.778912375414    1         0.3830829992405367
2387.884407012798    -6070.563577975879   1         0.3563001792882997
-9534.712568419201   1129.1515170122698   1         0.8825963812474842
821.555326931477     -3069.593207164231   1         0.15861030941631976
2351.943491848026    -6983.926284902273   1         1.0038182926238777
-4880.10223648548    -7295.716301480393   1         0.6536125400005042
9195.46826336312     6360.580505027672    1         19.607819088660637
-78.67503466364205   -2282.672488489392   1         1.8431098778982005
16094.242565827408   2065.699066620331    1         0.4191084889284229
-8629.374192269597   -5023.574425197418   1         0.50199705298671
1679.523876096665    220.72835319683534   1         48.65793970116884
4951.348070561021    56.262494111090106   1         0.43990576317359853
-2598.1113310859564  4828.626870642954    1         0.7498070245882136
10088.487715391671   451.6444265245809    1         0.5008197023922999
2425.1297210192347   -7858.317126572789   1         0.7482623087060959
-1555.2764501129925  10665.414446500225   1         0.17479001813663272
10265.746637903174   -2424.4835986170992  1         2.2425394347960728
431.2483914317138    9932.350004130036    1         0.46124312633600617
-9484.036620123248   -690.8752301656332   1         41.89568147048541
-8982.885609332765   -3897.1147165564994  1         0.8061262583704932
1964.3653731843665   -8548.293387073469   1         0.4073347785083593
1490.4185927012586   -3050.4443353008583  1         1.0687297529556483
-5522.366406069754   -4728.016029693194   1         0.5697118963311484
-14571.341002998002  -12655.467061762578  1         31.93259349688096
-6762.203993867567   6657.668091904553    1         0.7077455401299849
-14817.600111499549  5484.10087883933     1         0.48959859239912606
-8968.567484214056   -7121.657789446046   1         23.83605261206128
-2106.649869573379   4007.012467887537    1         0.49932120456559936
5560.88086029095     9318.87231271648     1         0.2776512177228654
2705.282772495664    -9457.023239770408   1         0.17638502186672927
518.93946753765      -1783.8798588714312  1         1.2267839251522412
-5260.42611284993    -4014.742890582074   1         0.356360903756732
-2322.3518190928394  -2399.601931914052   1         0.6644483499617593
4435.70834012842     -1363.439694569646   1         0.4789643824182095
-1113.6285788913983  -10693.147492120044  1         1.0260243639579123
16460.910786680768   16812.970459439493   1         5.985261320508922
507.6714646140287    6434.311698799809    1         1.0776072376938692
-8480.361508088372   5743.588683428472    1         0.8484202057581696
-58.54015479467382   3761.573681229604    1         0.6248037512976108
7194.200832618189    -1633.200940282658   1         24.273004190036577
-6087.93217908512    4110.443680445371    1         18.66272604036774
-90.36685348153051   -8413.080894346678   1         0.5761044395874849
-15881.37540122783   -16786.07954503269   1         22.505921968272855
8426.144741792563    2843.3127548972793   1         1.0748273498998289
1317.4282857582598   137.55737469625834   1         0.923857624692376
-8368.917161548537   699.1317700991112    1         0.40046808750009044
-3649.6117637154935  -6610.917260583317   1         1.1248409017200274
10307.834412810153   -2211.1817426657003  1         46.07940253648123
-6870.061627908608   -2372.6321469952377  1         5.33996067291324
-5410.074298687978   -18176.909259494067  1         35.74040109450949
-17292.176009004434  8987.169263198706    1         10.472921855600953
1895.3828750179987   9551.690282303338    1         1.09216738550433
86.64984206903216    -2018.8281853787264  1         0.922330009552139
-4752.463811039379   3269.8790879064227   1         0.15557707468490525
7289.112626112014    8167.036708654642    1         35.946552847244554
-13540.838310283678  7885.702981012888    1         1.0645784587733291
-3696.589787171257   9361.569990306201    1         21.122753553605495
-6900.254322482679   -2019.0085499360666  1         0.35754533004073896
-16874.227687316426  8498.97299619388     1         45.656717775504426
835.2964747556025    -1827.2042483371595  1         25.929711028247215
-18056.192164953147  -9389.325965278458   1         25.051416309015575
-3557.1811745518803  -3226.869594618688   1         0.18480185413609218
13833.656585899284   14545.959517233503   1         0.43172260475893287
3187.914835151347    -2946.61891987016    1         0.9807644578794334
17075.176239528184   -8255.639434728668   1         18.903029478610417
823.5956537254599    1196.089493345623    1         0.4100599435299006
-9472.836707870809   5320.468481984974    1         0.21716489352958745
-1045.8394329910163  2352.2689395473235   1         0.8249242512143106
6734.854622211253    7839.253858308399    1         42.032924189279505
7148.72643807011     1908.5553699910852   1         0.6035591707514616
-2841.664125737625   -15384.798095632075  1         0.7310609531354344
8011.9852851366595   -5875.4857534563     1         0.7093048956142552
-3734.481589337106   -645.9200777562546   1         9.332995183207775
4822.889736588029    9768.709643704085    1         1.0671003212830343
-3056.2696724783896  -2492.3332066867456  1         0.23524573848374028
-5066.981090067786   2493.8983967968156   1         1.0114804194660705
496.75782804262417   7390.242509143292    1         0.6643522414201942
-5356.827468062803   -6940.634680004518   1         0.8904213181218424
