trucks_count 4
drones_count 4
customers 64
depot 0.0 0.0
Coordinate X         Coordinate Y         Dronable Demand
6491.702922977409    -3975.130279320516   1         0.70281548845765
-8480.591621890519   -5713.143720317529   1         24.689664035924583
10265.558148162163   11351.83233163143    1         0.5972385853802038
-5926.984072851429   -8145.50905220045    1         0.7158566957486905
-297.6237233681604   -17128.77943554687   1         0.3213039174388054
-1247.3638090839074  -9026.49944522462    1         0.3324134460557751
-12736.775747843756  -7855.509896431153   1         0.9862757071760578
-16312.400532927852  -2445.797439970567   1         32.294272802169935
5906.035352125963    -1977.8320847242671  1         0.4259489277702113
-1888.944718468844   7185.878227179026    1         0.2342084381340707
-8716.263571826557   3433.163556710974    1         0.896762079777742
10593.666359929624   -118.03250521390666  1         36.58382581299305
-1982.491662617086   -7751.3305152689345  1         0.4259448822149753
-8119.001428518155   -2682.299470532126   1         0.35314342398562215
-9747.02029674962    1293.0420740009852   1         0.15496906111548323
4441.928900471088    14828.359579955108   1         27.92699443153718
-5082.445833565662   -1089.5954536687186  1         1.0847746603408523
3179.786850196332    863.7539254609734    1         1.0235958271149073
-13463.699831998845  5138.5808764469475   1         31.58838555874215
978.460699967312     5492.116174767727    1         0.5777350251495235
6721.197771744948    7537.852183403938    1         0.4260994685835635
-3499.545006571106   8585.603406604689    1         1.1194969392537137
-6074.905415173227   1850.1366927230556   1         0.7483335485237926
7620.169737860588    2380.238707900849    1         1.058786322702427
1241.8102885544329   113.20839143930907   1         0.40402095328917276
8119.518035765643    6239.860654938471    1         0.28271966608626664
-4353.695957878488   -13289.738784723715  1         0.9714976061629128
-4354.942615088182   -7613.198354116162   1         36.02653072654497
6360.3162883266095   7138.71825716003     1         0.9423538410188935
-4480.069284931635   -4323.074114950953   1         0.5441903065500558
6449.729157540847    6460.560376645333    1         15.009963496058662
4531.746610633305    2856.0224555192626   1         0.2784594072414615
-7197.508089989968   -2294.990798479676   1         0.17272225083786688
-3097.6466528730093  -6658.168694944072   1         0.9558479598440417
8954.924724376719    -5327.449832156372   1         0.10355602813000321
-1948.6831085714257  2053.413693413516    1         0.5807470803371384
13858.696651114988   10354.836645991585   1         0.7007719685249019
-3386.7286740147606  -1812.8461186586217  1         1.1767995335566994
-2937.6335233512254  15622.679646815272   1         1.5573712884501094
105.87886534444422   -8311.54010759346    1         21.443636879629103
-12489.029381850636  16044.175478090005   1         0.9738840541152117
1830.8250632511367   10783.473083660421   1         1.1642323288165441
-3468.678730118989   15047.737634251444   1         0.38733634472260825
-7241.232879151282   5094.152819466407    1         26.215400979559725
3284.6282794754984   9649.66368566445     1         1.1695043330232402
2535.1817810962375   -7167.426219729237   1         41.454661085093875
-1503.5508994380252  4383.677274765232    1         0.4830459094349232
-737.8305630006251   -7130.279292141156   1         0.6841495061934003
6479.507431449734    2959.53550286922     1         0.9383778308882045
5903.789489923247    8955.402075824972    1         0.9925770180243331
-305.20765698577895  -7471.004690995859   1         0.7836021662859896
-8495.197958769364   -3581.668349508913   1         0.6086265036119727
-8348.886598570358   -4340.907365958439   1         0.35929122899490096
-13707.511761022728  -1374.6488899161013  1         11.108493403340937
8208.451000238341    6672.960667599366    1         0.8955186986639796
8656.165990913822    -4358.095161607959   1         1.2360424810884971
8532.58269197436     -2360.864579384416   1         1.1047603537097472
14089.941934710041   -7782.86396149857    1         0.6367586900246036
-11052.95094535073   11721.512631528716   1         11.147184141292167
-2028.7491510791206  -5557.991622077058   1         1.2494407031597514
-1677.5322097551216  10339.47118874249    1         0.6129902950172927
-8062.776088631451   6450.80736321308     1         0.12528365475416797
-9955.037292604917   3465.5560387784553   1         1.0993135604833542
-1917.9059701493645  -6418.866874867639   1         0.27542651470973356
