trucks_count 4
drones_count 4
customers 85
depot 0.0 0.0
Coordinate X         Coordinate Y         Dronable Demand
3166.1178288337223   -10105.747336285738  1         0.15227468545688727
1092.8481944227365   -8929.539699330388   1         0.6170060502138832
8134.0626378324305   -7151.189760394484   1         1.133255899257756
481.0981639099431    -7217.6667669633935  1         1.143543445046889
9543.136060434459    -7169.94462842151    1         0.16985018293222678
3451.6485329798447   -4312.548826743747   1         0.6008324409829936
5550.336053331253    9380.381720436566    1         0.4406387603817953
10424.365386194564   863.9773661825687    1         0.3470238433175783
-1308.7715264540097  5527.318614404811    1         1.0080503999194723
-10314.897172066801  13973.40457469894    1         0.39355382149302287
-1101.0613854254484  -6948.862738623139   1         5.980925465439827
10655.463660955167   -1340.2296158556053  1         0.6279880883482069
5359.131044361933    -5869.001928174338   1         0.6693501910064837
12618.92735424449    7127.877602660519    1         4.41655816690518
6237.674453521461    7307.50830205703     1         8.82337166410009
-6067.723817889667   1334.0279173312758   1         0.40861181535557756
6341.889194786813    3117.499514380242    1         43.74485410151892
-5341.881183160648   7228.573845810958    1         0.30414240487501193
-10239.113864720695  119.18313962446173   1         0.24510165064528475
-2784.5293491982784  -1867.5885601542893  1         0.7695159850031842
-4879.625066426086   -6583.127154899816   1         0.43233152324420854
8723.954503500923    4745.093347796197    1         0.1779912497156088
3997.4783674068544   5969.268254131438    1         0.7041077166651628
-2481.9234686331874  -13414.855837087644  1         0.17653747989419588
-3579.448392878938   1498.4676214469775   1         48.5731643566591
6588.708611947319    -1227.2470739085393  1         9.570021451153533
6830.963873004022    -397.70763930733284  1         14.087144477336178
721.2863932791173    3111.834340080853    1         0.4081517773015152
8317.619302046736    -1324.7226688197518  1         0.645807581374721
-151.9508469469992   -5334.96253361133    1         0.14799070664493716
-5936.413385085211   9050.436651860955    1         27.219911981522177
-140.15781309613897  330.10753496095776   1         34.363566604632894
6531.472585946211    5298.8363207917555   1         11.27505902644447
3754.6205048628194   -7417.286573803238   1         0.4711573481405239
21.204897233001248   -11109.522578988735  1         12.765840803653697
-7555.619087996575   7638.6953403165635   1         0.5050484083263781
-5189.627697079955   -2490.312402623842   1         0.13151476649900973
8421.679383396873    10188.072333375301   1         0.6643978862103072
5360.934422945137    -2047.2033064052398  1         0.3892393247341488
1668.3213071619796   -8793.839839498405   1         0.29672395991499967
1439.3816811161576   -7634.392065433947   1         0.5771006510034984
3913.3980672843463   11522.041052482105   1         0.5831708191935079
661.5015592799516    -10690.448375667373  1         10.10450470483641
4330.221372113016    -7173.072843707351   1         0.3923701702449699
7127.774046052048    648.6855812822002    1         13.621709004186537
-786.55013976529     -2501.3129027716086  1         0.20755877642655512
-9814.252481647305   -435.7133181786139   1         26.00997672363939
1899.3614333330756   -8860.790530591072   1         0.9948335074076908
8392.647536765804    1390.9548415171646   1         11.301734335733496
-1963.043834580764   -10440.17560962974   1         0.7787850453555089
-5617.101394280362   -4958.709615711856   1         0.6389051647176658
4889.5128876741      6014.050249882464    1         1.1185105402866515
-5585.992189906539   4336.091668778543    1         36.068549548564555
-6164.571651382201   -3128.977617088428   1         0.480658581941815
275.1627759684757    5783.852320732548    1         0.5151464301248002
1462.7661159389443   1610.810921274869    1         0.6413242886630102
3764.141645259759    8162.3801667946655   1         0.16745222810490484
-9781.81259275666    11347.349467456545   1         35.203884116594836
8752.143724286656    13834.449421399477   1         1.0197337316049548
10917.993468200699   -825.2127524227068   1         1.149175789366682
10606.795064638814   -2558.95078031455    1         0.15691646825223332
-2500.030040551661   -6827.270246706315   1         0.4633534877163128
-3871.1185781769764  7941.32083962427     1         45.57592607348087
5021.22119282821     -4494.548518493065   1         0.8133116833562926
-3690.9282781477723  4093.971639573374    1         0.6762516773849095
6044.66779510148     -3172.64923547996    1         0.5408925796734863
-1465.5569465767362  -10799.961615670782  1         0.7618731455272972
9163.93983280485     -3744.6122733291777  1         0.21083687883337365
-6767.297106581073   -724.0324302633562   1         0.10365754988770681
6473.455179575947    -6915.487472651407   1         0.5908125497890729
-2575.6931050296753  -14117.836083525212  1         42.63407395222311
-2480.5811956868683  6356.418799895751    1         0.44674227075074724
-5853.968441233199   8381.652455186184    1         31.322109387259726
-1811.1684365056299  8981.789799474802    1         0.17613095924954583
-7075.704439999312   -6214.768729180105   1         27.96312656342255
-340.61405541058167  7155.4092490453295   1         1.0800073016821083
-2827.4338392167865  8201.4672219286      1         27.199664742665767
4727.699469946864    9314.525862758292    1         0.8986425210604592
12248.487179591299   7928.230074933603    1         32.025014085856185
8756.091832017279    9390.098505595972    1         0.5160868060197477
-7003.435339220377   5514.222834867089    1         0.7785286941645134
8790.24455533329     -3740.0574243139463  1         0.5255503268872436
9580.82320523256     -2732.1144573365955  1         1.1825959648456896
-621.0395775781079   -3383.276283736219   1         0.23256323334491183
-2063.8714798315673  1383.0873413195134   1         0.7479686616035652
