trucks_count 4
drones_count 6
customers 94
depot 0.0 0.0
Coordinate X         Coordinate Y         Dronable Demand
-6088.546284223457   3742.037196571011    1         0.5091443479161168
-4997.697547530528   9285.878603241348    1         0.19935984147222224
2492.580354223024    -7058.972613071575   1         0.43571305328425725
9652.702434484654    -684.8198303462439   1         1.2065121940328842
-9829.534875701609   3734.7578540744403   1         0.20203089523987505
-3550.189672877019   -13220.128446373143  1         20.59684309602878
6066.376922750108    -1700.753575175111   1         1.1371903406248511
-8168.214181674683   -1760.248190251319   1         0.3372001470420718
-8883.955748671078   425.6780868305465    1         0.813011951967253
-6543.625647642392   -5807.030158010792   1         0.7835239013786257
6239.779769332883    -3375.289853172134   1         0.7785689080248651
58.17581934357717    7922.594337622036    1         0.7960933280309179
8547.552953930981    -1167.748247539462   1         0.7744574775951579
-8365.595044828535   10217.624808684352   1         0.5508638272332891
-8259.22771347539    -1036.9911933645112  1         0.40898300568983115
-10514.02312858252   -2425.055294451754   1         0.8158102102540569
-3180.1766201941227  -5574.276835425053   1         0.9610162774856862
-2600.368999549444   5277.5235396421485   1         0.5004872410514956
2982.312251648714    9085.745279910536    1         0.28856378205296107
13689.467257944169   -6713.672733853657   1         0.2575233758561204
-4049.67334953691    10849.661749985371   1         1.0555406910780034
-7092.486303718453   -3305.7778731032954  1         0.6212951284475007
10877.399741825015   -4040.2831901026     1         0.5150531094252567
-4049.5214921200227  9333.626182942186    1         27.16045415879255
-7367.804618268652   2844.5633963690602   1         1.0901863544925765
-10881.148323914142  -14674.90608146322   1         31.288169875870654
8468.676514471072    -1330.4972777325388  1         0.9225845934042878
10610.46825204356    -993.4959321583145   1         0.3880562907118268
410.5902923562972    3645.703590203895    1         0.2491289651830489
-2850.728417075976   1299.5773368924697   1         1.2163649162402628
-2646.6190175800793  10010.49594580755    1         0.7841611682225339
-3370.64669426289    -47.367419673863736  1         0.9399801448089489
5626.757765076786    2926.6886681657443   1         1.1844439665168252
3538.0638495468374   -8084.797111798645   1         0.607639737726668
-113.64507175666523  -633.2091951211079   1         4.8775540902978065
6112.879191642364    4237.090934384354    1         1.1564978715518563
-10729.805161819877  999.4020075689399    1         0.6429736668717335
3562.1883825611776   3757.4723733087826   1         0.5228811899532738
-8819.945539815644   16895.776320277982   1         10.175910465617342
3425.4745731201174   -10021.687020492112  1         0.26029098255579886
-6943.241547847628   349.7168655043134    1         1.0679093137262006
-5381.636229286876   1046.1180124391472   1         0.34886762937616694
9809.98503727134     -8140.589484988746   1         0.7870234696939747
-1944.287434243133   7710.222222525557    1         0.9503975545966805
2685.2977778893664   10595.491713645404   1         1.1105468760521249
-6832.39786352732    -651.0042390729984   1         0.7800603305897543
4438.271517956399    7184.323394143657    1         1.2276560423512974
-8136.244131555493   275.82251206414367   1         0.6411683293454655
-8183.695848720561   -134.45055567658613  1         27.169847168789968
5651.426515960149    7007.574889953917    1         0.7689233155398644
-6561.629290087665   8399.648939132896    1         0.3252253536095437
3661.824925621866    5869.836682972251    1         4.318385580361934
9446.617640090431    4821.42720902114     1         43.157182481499476
-6949.720024254889   5098.2531100515935   1         1.056911455246555
8751.318065542015    2878.1756633502227   1         0.1694847723931295
-8477.623250976048   -5645.470479682909   1         6.243392450889315
-2651.449101605666   -8521.790637478738   1         0.304417562448251
-7941.340466289018   -7506.949125016122   1         0.874650873070674
914.8815594338213    4020.521294721562    1         0.3283091380789762
2788.710415153923    3922.640123156005    1         42.73736201271137
16032.716033695811   6045.890252573408    1         0.6285339892528892
15078.73741881596    11886.34535203208    1         36.72817768602164
-5744.524274074345   4727.702097891752    1         1.0830353540655857
15823.550360902598   14794.28230154749    1         0.8874373228125014
3108.660213876636    -1830.0275167082013  1         0.7731741480236304
-1855.9716859897326  -8961.35110682685    1         7.73703877904831
9078.525619922839    -556.954272729305    1         0.21620163475327075
253.14721621626464   8941.792693545878    1         0.6612956630901362
-34.1916304277747    9193.267864641854    1         0.2784736131946976
-7724.9206512133305  2105.1015835184476   1         33.581715990400895
2692.648058575253    -3173.2721828561585  1         0.8609190081430663
-9576.559629933598   -434.8369794195862   1         0.8183459371093699
3058.0099205724164   -4939.905762945932   1         1.1319829305528935
3442.301469046761    3303.7925136568847   1         0.7000247978269707
6622.477805825823    -14480.802967750313  1         21.75428287033556
1587.6960789438547   6995.133093108066    1         0.7972785877157005
-2037.765002288952   -8387.115847732595   1         0.6663044994687279
2881.616389046104    3236.510516538893    1         1.071389282441889
-6001.364291339104   -7003.468694489912   1         1.1412943336073176
2844.9588572379303   -2078.8707711840016  1         0.5230707400637586
6740.401677215733    6931.407831365706    1         10.528115658324472
-1873.5694404506244  -6046.7640797330705  1         0.4163628694619824
-3010.5279889195776  -3461.2839825470446  1         0.26916725353268106
3672.3725125096585   3845.736641707475    1         0.5989844446627296
-5915.338482528447   4894.181076420755    1         0.995225157769452
-5392.143214293368   -4150.553241989636   1         1.1734163317129536
-3291.148771476974   9557.565194104087    1         24.331015811738546
-3071.2589416313526  3772.1720119976876   1         0.2710265991810441
2308.4045149592002   -7652.748012606618   1         0.7414674547559915
-3430.613729272421   -851.4793731525473   1         0.48464258560450413
-6270.711706955533   8932.631695708038    1         0.8985187004851434
1184.9983598391736   -49.63740977203997   1         0.23335556598886845
1639.743811919811    -1698.0993618726163  1         0.7391424922107341
10801.613215639913   -1645.8643030744413  1         1.082897705699225
