trucks_count 6
drones_count 6
customers 96
depot 0.0 0.0
Coordinate X         Coordinate Y         Dronable Demand
-2543.7746929325203  -612.7040039975649   1         0.3762276104278083
-5319.190448452681   3632.4033504871477   1         0.9421580745171376
5007.040692488462    8478.948741296517    1         16.730986177488607
8110.79619370916     5307.772284624587    1         0.2979985239094265
4315.030769337891    -3451.22333183464    1         0.7485623310826479
6370.376935904385    2177.0452098673913   1         0.1651589588307737
6392.1957960567315   -7800.146387690412   1         0.9156527290533079
88.70149068496407    -6684.186974352949   1         1.2267817108451324
-908.0442671875945   -4502.957173014519   1         0.6533750836942086
-7299.305987344052   -6928.894218836089   1         0.2179780293553537
1633.6186091059014   -6849.661199250367   1         40.293384271935885
6618.7127224983      -1396.5651750093937  1         6.736622386884443
4606.460033935566    -4990.4613352320075  1         0.39201747982038904
-5829.282323890857   8571.650891024101    1         0.9461422650438973
7628.908788405379    -6936.3699976248945  1         0.23231545257124855
810.0055971800394    -1715.0728231541964  1         0.4944025859579433
3516.302900923324    -5943.801070840754   1         0.8297544330112759
-7157.3178648192015  205.61617454719902   1         23.79186904940444
-7833.437819432433   -8174.877786347359   1         37.082485750566356
-1660.0966909240624  1486.6055330577883   1         1.210410711624115
2736.2582145888014   6759.915533997613    1         0.5208412466334041
4657.7949116418085   3562.2037091869947   1         0.3031298759236545
937.437004607805     -2258.899496877523   1         41.979279950446866
-7297.658128213027   -653.0069372945223   1         0.3650771171302848
-1925.6293896373818  193.46605872858527   1         0.33686574758574866
-8146.217161434338   924.1831831696526    1         0.22327013304743856
-6504.181152625916   -3239.1150246997286  1         0.22897182568537666
616.2840005069692    -7241.4225720002105  1         0.20608886608330046
-7120.57284303859    -7093.316670261768   1         0.158440989149375
333.6552164103414    3876.864022302415    1         43.901177684212236
1460.4190928149642   4449.225946950745    1         0.748305077285568
-3069.90430509677    3441.4929819713025   1         36.909982144823374
5193.3422661136665   3257.7106648407153   1         0.6345250560207458
2964.7814217053474   2850.287662785367    1         0.611832651605414
1093.590110753721    4781.709890222786    1         0.9969885738055175
4590.813044804832    8642.866893135337    1         0.2213703527238175
-7517.747946737394   -180.5719101722082   1         0.845377751646809
-2552.190063002601   5734.328586405892    1         20.835601105743457
1544.5101975535504   7739.505846237665    1         1.1792101790616534
6034.036412893548    5788.587090161939    1         0.8049722716204046
1436.066731532442    5690.812993460117    1         0.3826183656441601
-3747.13879399246    2985.510237230646    1         23.451671611077074
8496.067635567915    -3229.530755087019   1         0.9001060185208161
4198.497156530951    -2019.1327165519435  1         0.8071594039433877
-5411.322511072542   -3997.161630719711   1         6.460783114215017
-4646.226375368333   -316.06457993440756  1         26.82587344325947
-3962.040807771889   -46.222561963063676  1         1.1994728670404566
-5809.5521663233985  3705.3802645905416   1         0.9661238566811974
7908.785775931746    -6111.161671011262   1         12.266939381786834
-4497.753758545551   -5979.265367491927   1         45.797696017233996
-512.9087799860766   6270.847850076406    1         0.24281433153576792
-3432.2091672680244  3149.208093983788    1         0.2681076938437592
6632.440442580428    3024.361076659462    1         0.11011270334832668
2857.58318997929     692.3735477578066    1         0.45626210753414287
-6858.4607885819305  682.3206707775355    1         33.12624155366383
7243.319422279596    4646.653006604706    1         0.3337616321614315
-465.5270773886196   -4445.8669496044895  1         0.858248717261115
4499.884230265032    -2755.2113923368465  1         0.39859065834879515
4556.593518087548    8603.463675395815    1         0.38454690566295135
5163.397512730764    -1464.658713210086   1         5.914338647805048
-2974.318426239219   -6352.081803080653   1         0.6328222436946369
2.321741804160804    1539.7981031831073   1         0.5608587357640823
2999.237432615764    -1414.2281723210624  1         43.5205976367125
3933.501013948364    -4031.884311981901   1         1.1105665562683795
3499.373730345223    -7259.200034699404   1         0.24508179504190927
-1145.1922418820848  4883.7086513292625   1         0.8056708543353297
7286.831014690546    -5576.513564258263   1         16.72152825308389
5179.378718299559    5021.069191197723    1         0.6096897771148596
6150.583379753376    -4168.610200657045   1         1.092095481438521
5560.286440073646    4378.619277853907    1         42.32277573475754
-4861.537231122305   -3542.438943826731   1         0.10733732882933225
-6291.268251519443   2920.6280663672733   1         0.7597448629476878
843.4201673312054    2358.962620678645    1         0.36986396455028825
4710.0897556484915   -3371.566379623492   1         0.6427512226404862
3246.733680650457    -7841.829021044534   1         0.563444881732175
5478.510225617234    -7930.302424691116   1         0.4452036061760224
4196.19639691902     -7778.911070614131   1         0.8538582685200845
-7421.204364655698   2505.9768926966804   1         1.245890795523207
4426.249034150131    -4905.760456709627   1         4.111069623813966
5836.822213169541    -2313.58693358182    1         14.323751559328663
3290.2127938774056   -5665.822423360934   1         1.1141807646639905
4354.1304741230415   519.4699387718938    1         1.2060749874856442
8151.260111139643    -3380.8032317768043  1         27.265480233949795
-3509.4631121550988  3369.8024353611104   1         11.756061920101585
-6120.600060634779   637.3567083060613    1         0.23362746559880607
-7924.689808753368   3075.8215384791674   1         0.14977039362266598
-6731.452879052732   -5995.300868490931   1         0.19978117795737543
-905.5500169487909   -6161.713267790189   1         0.7673901411336727
6661.503719820134    -8672.304819345027   1         0.5968435347591421
-6811.554937934088   2863.0267189221713   1         0.18915533398902534
-6965.369855560106   5332.685025831678    1         0.9711847235332198
7048.5169513813435   -1745.7288030125587  1         1.2478492838784596
4610.652123358384    -5218.777969729787   1         0.12716611607342143
7303.943561716129    -1220.170910653245   1         0.34812009599406596
-3141.794455596449   -1397.9916556321205  1         20.727147697244597
751.1571638588408    758.6224901159941    1         15.289073479658489
