trucks_count 3
drones_count 5
customers 65
depot 0.0 0.0
Coordinate X         Coordinate Y         Dronable Demand
-6657.249870868243   471.4390082795956    1         0.5658553458354226
-6680.889128143715   -6690.026734564045   1         0.1746749217973929
4482.118589618103    -1896.081338017947   1         0.9035771175674177
9368.074427445805    -9833.470839678146   1         28.82208852796861
-7788.439818651489   3867.6705303159033   1         0.7983861562533955
-2936.0161989924877  7761.979559705853    1         0.7494183687678223
-6339.031018593057   -8152.208666968939   1         1.2136598308062103
-6840.247763713808   -7788.93135734272    1         0.5521209627097368
-337.72159116740835  6496.948385150069    1         0.4984637799409928
1636.3912368068936   62.538058726359225   1         1.165217566206468
4568.624383452488    -5499.841035000478   1         0.5454032163606817
3165.3408402586037   10352.171054010183   1         0.8822511478040217
-7814.936206820126   7573.5168739979745   1         33.17186221276339
-1520.7378137820783  1736.8696526401702   1         1.0340305278996869
-4070.643361323291   1484.4892688898908   1         0.7577506210913113
-5032.5447620922005  7441.33113480635     1         10.79050181172354
4691.017667459052    -1342.1144890757296  1         0.9430724429478451
-8700.543244157156   4220.719947794317    1         1.0503111171657573
-6989.309789429268   5043.3084219855955   1         0.7620724018530651
-12095.799221239819  -6340.269798931407   1         2.469761892412584
2636.9350170061666   7190.28053874434     1         22.673283879304503
-2497.0115247639133  1105.487946872344    1         0.9466726502668812
-1486.006692716309   -5521.782797709275   1         0.5989818237310444
-6845.895815644334   507.927970271996     1         36.468375303570305
5525.2570893972625   -7045.841450898683   1         27.206256411946118
6860.3493853033315   -4805.668345979568   1         1.158607161521621
-6481.917617158871   3256.325413477534    1         0.4324902275546997
-7545.091988591093   -3546.44864737628    1         1.2138421049426087
-1300.598807328219   -1193.8336934700194  1         0.5863360952648693
-4160.702625143182   7592.446548136441    1         0.7306158369907877
8310.87561811701     9454.74524463353     1         7.452972728784463
-7248.116000798218   -57.16853405366941   1         0.26720406701942634
3201.773166539289    -7100.072054968527   1         1.1966111442591771
5842.449925249204    5699.850377920664    1         1.032223276249798
-1130.4251709385244  -3346.3921465246567  1         0.7992147983107332
-1432.0814349134127  -7659.506650408749   1         0.5315609741269752
8893.395825710175    3337.153808963206    1         0.5744206041199506
-525.812120844842    -1811.253511140343   1         0.42358470628517697
4585.21255918355     8313.856543118542    1         0.7322952865851712
-7617.050380811383   -975.6131816013483   1         0.8902586401860271
5793.083519622502    4773.81521490981     1         0.5905291374489618
839.0794587427208    -5703.9382712891     1         0.9265602412442244
7303.860073422651    4828.184219028113    1         0.3154425595395035
2672.171308458083    -7141.925284279238   1         0.6396629060359533
-3828.469320257369   1849.1728872901795   1         1.2410206156695878
-4186.199259767087   -2477.4442225884122  1         0.632950817770939
-2098.5942967328283  943.5854101580106    1         20.941933401711943
-4344.170932071939   -8796.649642116601   1         13.748035026117952
-6819.149351130879   8409.64283692793     1         0.677585987175394
-9175.713131977396   -36.445964631851375  1         4.679335318559862
-7929.322680596793   2450.39768238091     1         0.24552665147560682
3246.572027153562    -2616.309063562148   1         8.698512947334422
-13739.171813059458  -6856.883149903269   1         2.8760444347346237
1570.2951520723286   6211.186733596743    1         1.2329550890271372
919.4111292681122    1446.5864705705671   1         0.39519101624116115
6702.69437620507     -1542.1361970394753  1         1.0591081539652136
1706.1391202849893   2247.99534381878     1         0.21565387690302756
998.3458662999158    1339.9455085002478   1         0.6939044074716701
-7012.959461350355   -7394.84456342589    1         0.23683083848039002
4337.502446136001    5831.559026379694    1         1.0713570526157175
9973.934323953938    2411.796033803461    1         0.7111990091724227
2383.0881693755914   -3191.0901223066344  1         1.0711892626064174
11275.78354802866    10544.076250851303   1         34.03816229006053
5184.718237549943    -13859.988337134775  1         1.0747063866244067
5219.1674365893705   7762.422642694282    1         1.1884577739617441
