trucks_count 3
drones_count 3
customers 38
depot 0.0 0.0
Coordinate X         Coordinate Y         Dronable Demand
-206.95608552110752  -3785.3889806876905  1         0.3040224985036088
726.0683029773905    -1045.1415340784831  1         1.239442224516565
-9601.3547464757     999.4397191951462    1         42.42077433193356
14244.886367468931   -7262.333493305645   1         0.5352012571528251
557.8720756847149    2826.634925743587    1         0.5004534805436672
3183.8598363610745   6211.135086084866    1         0.48842727422878385
-1404.1572294022728  -1422.9283383334905  1         8.831891628631059
-5120.0250406698815  -8379.924490503849   1         0.4519085049560708
-13375.430280496199  11938.928736887221   1         5.233624798301879
-5575.8011567509675  -15836.696012808221  1         23.014317369209905
-7465.010327528676   7123.915670852428    1         1.1828786102887803
-4233.773085495937   -4680.221512005719   1         0.5383140288479225
-6169.364774033452   -6822.784532327551   1         27.817687192501072
3558.256952807037    9720.006844572936    1         0.479612008125878
-5189.501965882693   4912.207448766148    1         0.6598761098109064
292.5668775396334    6038.455884726369    1         0.42611537224134144
-441.2157880125589   7764.738195016875    1         0.3333895221851755
-5830.841982040365   5121.872756741123    1         0.523556861378957
-6857.059312739775   -6741.957419113028   1         1.0576785661222836
-1859.0023489102398  3440.1594253956778   1         0.3572131932278132
-690.7712423033141   4316.265237403115    1         1.2068894902841887
2107.7704991354112   8234.168644311982    1         0.2338972507684143
3766.030470892879    -2124.1505025112215  1         0.8362114772188032
-5773.811732289395   1412.683823408345    1         1.1060591532139965
-8631.566418956807   5235.111471343145    1         1.1439306738369042
-6945.272421226809   -8087.4461867802565  1         0.3220521720340265
-4397.435789876654   2905.3100409325307   1         0.47088807746638006
15724.627611151256   -8488.020968321449   1         0.7716406810446479
2080.1642704618966   -1817.2526677618553  1         0.3027495518856377
6938.649731512782    1701.7798474661133   1         1.0980041167443986
1151.7738663840282   -12990.536055796296  1         36.10512101770003
-2332.8279129246207  5799.347438791473    1         0.9567737306945884
5667.972403927055    3059.881411241997    1         0.14395627666829877
18.565197594028817   -1528.174424587977   1         0.9079854936030587
-8133.885246282463   578.2324821859958    1         1.0755488610655235
5690.026432752775    -7384.841951730526   1         0.9111386697013002
-3245.086713325346   4815.535364441784    1         0.9021298646266915
-4850.55976913283    -513.0282734205865   1         0.4969153958584679
