trucks_count 3
drones_count 2
customers 24
depot 0.0 0.0
Coordinate X         Coordinate Y         Dronable Demand
-6646.668463630391   -5187.830459135723   1         0.48429992966953006
1204.1877575003327   -1807.7912066526023  1         36.19592411482522
-10244.535666288704  -2303.370380347384   1         1.0757091315908243
10770.255045627731   11198.334632593775   1         29.642658874720645
8794.890857818184    603.8743365357491    1         0.8899067627500391
4543.511406417606    -7368.31081144246    1         0.7827812904425282
-1772.2748612400699  -5407.54927506629    1         30.489927830317278
2071.2888604798327   -8039.518586499173   1         0.1785448645077942
-675.5245375354133   -4909.163860229722   1         1.0452952346907693
2709.547317269204    6430.854428507688    1         1.0908848993491975
5241.599557032208    3849.264753534524    1         1.1967887744376244
-5339.736319274617   3311.2644225344966   1         1.1108414592693936
8489.382522700478    4840.530548394254    1         0.5328020180103107
-2091.5403687265134  5487.449425788874    1         0.2991397409667776
8031.234095178998    -5782.1592906259275  1         18.597728520702717
-2454.7668437809     5234.623586659315    1         8.046256237641192
-10922.835939204555  10361.818662648635   1         1.1807510525703155
-645.3268377240529   2558.707236682212    1         0.36055469624088965
5103.1113460866      -597.0904964712772   1         0.7330946752207164
-4244.342582254867   4697.740632227025    1         0.5698975262309041
1221.988218163935    2076.29119674898     1         0.6178677750823293
137.66755372282185   -1741.120563994924   1         1.1961563086575293
-12342.954808299186  -9202.868442981398   1         42.36003144218237
9385.381554416112    2538.8783041248653   1         0.9798887038953592
