trucks_count 4
drones_count 6
customers 89
depot 0.0 0.0
Coordinate X         Coordinate Y         Dronable Demand
-4977.955734465492   -5881.290540391353   1         26.710812868701726
-6037.295300769596   513.352614479805     1         0.7232246637295456
6644.426897178651    -4512.37825855728    1         0.1718801902476591
5219.731328783386    -641.3889505377097   1         0.9132978682468335
928.7047728922273    7186.231034698179    1         0.49609054026782173
-4603.46134033457    -5728.8036051238505  1         0.4972383458973104
878.1856938923207    -6996.346229312481   1         0.28947869830041006
-3168.4166054831016  -5320.509487799617   1         0.5084344947313546
6568.115889684696    3553.9624732744915   1         0.39816509478318096
-4291.635854785509   -4496.711595211058   1         0.20335880126876238
3181.7006466271696   -7319.908317481026   1         0.22757494201254092
-4975.035230758452   -522.3045088081672   1         0.9880921185362956
2647.34457307107     -6098.374598180966   1         0.4237406684257652
69.6957503059279     -2685.698011616532   1         0.12770963105766267
5324.253488024467    -3868.609188722215   1         1.154879184969325
7525.12821770713     -2857.9803848509764  1         0.45586345495036296
7404.640232320493    232.25623667429727   1         0.5032588554011188
-1568.3084980347369  3654.3570303617676   1         0.4131416303001515
-3990.5372698912697  -20.41183057198359   1         0.16881494717567358
-3136.5399395430195  329.1643553055892    1         5.947061873859215
-36.86312722151051   7143.406986240937    1         0.44576409777085857
2848.388192165107    4120.495574552204    1         0.9161720226463279
-1743.5172770533802  2054.135400239412    1         0.581301623883057
7482.617377889012    1025.441705702804    1         0.5268353724271209
7576.405741476752    4712.535370992848    1         0.3322456419613403
-726.7245270084865   2947.671197917475    1         41.74670165558431
-7333.907968582544   -6855.780126373935   1         0.830563748887454
1043.8076405845823   6529.759725251734    1         0.8141178066322619
241.046262896169     -7391.718014140164   1         0.11241178505368313
-3391.823240732262   2738.6843035255047   1         0.19801913229155071
8953.11410871514     4893.709235837228    1         0.6265106169978246
-7808.201259200383   3578.770406929298    1         27.433984992644206
-984.4227647367721   -4595.74809562572    1         38.83109239563852
5154.896847577278    -8752.290403673673   1         0.11361143270681659
2748.919221136524    3395.214739009063    1         0.9060131578580222
-1118.0269692792674  3343.2192426888437   1         0.671130761629235
678.8872644413523    -5653.214496019209   1         1.0454979695247157
-7823.67068795167    -969.5271011784389   1         0.2567847760886373
-3174.388138565002   7913.615779019077    1         0.2680654600840492
-3795.351629971341   -5516.572481840806   1         21.980035181333417
-341.99269524304015  -7818.212735374518   1         3.35292154066356
-3044.0766506782397  -9433.423846848324   1         24.136992650149487
-9752.897797380961   2800.1677487746856   1         1.182116620972868
1786.9580677874371   4833.805669445738    1         1.7221325638883465
-3395.114619813453   689.22781138097      1         0.8578074107675631
5235.257220910589    -8442.09734031843    1         0.5365873492842715
3707.071521744223    3263.70369843355     1         0.24634155497677757
-5095.555152893249   5043.428609314356    1         0.942936499232482
7156.649512798192    2473.167690297043    1         0.9605418413892954
6757.950950536047    8133.3688024692965   1         22.533228491083364
-3185.264012552087   4370.815793914255    1         0.5896095953120167
-9309.684966828627   6371.543076748218    1         0.9157458345114496
434.89115579087365   -10139.747800992425  1         4.88139154825647
1041.2350241279921   9382.64694343493     1         0.26845375094561996
7764.641114840332    -4161.993523692937   1         0.6760568106408688
1031.754372092423    5026.795959915922    1         0.29991166478167974
-1649.5704992672256  -32.960155728391584  1         0.3148412174350629
-1078.2014495055014  5444.423550814087    1         0.4547765153970955
-9135.032228842601   4317.947482918242    1         0.2977874191131131
-3585.534517272211   4430.738568687948    1         1.0262211772176337
-2736.141669420503   -3646.4670645474653  1         0.14187099213091542
587.9866708435283    8440.626992538393    1         1.0133442536363362
-3550.1384757659803  -2476.032212156454   1         0.7271793114209237
3829.654042433954    3088.5695068572927   1         1.1809606650335178
3075.6104016974837   4647.217458202482    1         0.4795238855349546
-3256.2347620304913  4415.256628522176    1         10.773267147398581
-2716.012187452486   6084.489611783106    1         34.882499950592184
6622.646707362963    1399.8815579386285   1         26.981281985400816
7524.379120471702    5184.294818288561    1         0.8401345547398594
-9948.311933142573   -3292.4391620438605  1         0.4929564594468714
-702.1047035186707   8468.425523945065    1         0.36138212925002733
-6412.664818208834   1538.353259743282    1         0.18881933170709675
2209.2410929281323   -2734.064462801107   1         1.0909055637778844
-4550.070900767317   5734.56892535514     1         0.16610256788566896
-2337.312643752205   366.4298712693059    1         0.8598910060187378
-2849.5099166091777  -8991.976467421784   1         1.1139171946679751
-57.7006241627893    9025.399296562338    1         1.1718287534223089
10091.806969835274   1543.6269533444272   1         0.41202689167535367
518.6315583883706    1.9035536362409033   1         48.22433951987907
-6411.18270440137    919.0462673419679    1         0.6278660771857827
-6738.801890179171   1895.627960463904    1         0.99221273795152
-3300.976593665109   -2012.6460326416375  1         0.6915503922688063
3785.24994243265     -2384.155024345166   1         0.4683038673881731
6674.246371430684    923.7907782022901    1         0.705891057007249
-3122.9402654182268  1481.35595715856     1         25.989579379612366
-2768.945452740024   -7949.906902429833   1         0.7746812533453641
-8746.811031363999   -6828.378180991456   1         29.588887559795182
1590.3711971305722   7772.571146454991    1         46.96867083394036
-2709.178635002254   -1879.4685309181677  1         1.1875725295059765
