trucks_count 5
drones_count 5
customers 45
depot 0.0 0.0
Coordinate X         Coordinate Y         Dronable Demand
829.514457880936     1224.7852404585315   1         1.0028036150700088
-2906.8760551298915  4580.65300500336     1         1.0618646331543298
770.8032718007173    602.5609261413813    1         1.0813096323899574
1723.555511811747    -584.8367821100732   1         44.72516903221931
-3265.2937352173503  -248.8275535333617   1         9.635037960088066
-4059.7732306843054  -2412.0665034395006  1         1.0947786245147455
-138.0754279243459   1682.3475376037277   1         1.1172507498886166
3581.0693772622026   -1918.743790422768   1         0.2956919781616877
-3679.3873775837396  314.0594752504928    1         0.36913861913141366
-990.1551204730949   1347.210054398384    1         1.1570772413466826
1897.2026803536903   -3737.6031261390776  1         0.8840585469209076
-1911.4399253438698  4695.645005276315    1         0.16690476389027686
-3935.482349399089   -1686.7552954781613  1         18.687178639920628
1158.2611818887776   1911.3499423814217   1         0.15967036646845945
-4368.340472117735   -2184.747168073417   1         0.568058595238935
2692.9671356170575   3315.1262651617635   1         0.7651871919376332
3052.796485179704    1438.8593098101314   1         1.162476176119965
141.9422008683987    -4691.5729659908175  1         0.8268194473797591
1469.722873484208    4214.269792810252    1         23.52641638238069
1139.4000642643177   1940.8210478930969   1         0.6819768673963723
-4951.234594840746   -3441.3761057182705  1         0.9474819961721871
1444.237472311858    -4223.729975553242   1         1.182689110846057
-4502.219443356704   297.4537454659862    1         0.40562811486395867
-3505.072317324273   -1983.0669717371952  1         0.8614046065567929
-4033.9808789399044  3769.311227771853    1         0.5280475128287442
-564.1513936971081   -3691.679215363423   1         0.2328127960312351
2040.1724315557371   -4303.034140326778   1         0.8975022412938101
620.2125317887258    -4730.803759758246   1         0.6781375347480552
1166.0296416618974   3735.016548231923    1         2.350276632134328
5241.871510067086    -1009.7828393399749  1         0.8925666487074346
2219.567176924892    -788.8590675593665   1         21.963932767475413
-220.89026246475774  -2660.413916895389   1         0.18764240359453294
-1080.1757766490705  -1252.7274736271654  1         0.5025126098427427
2906.5616033031447   -2369.7733288012246  1         1.1527332717515881
-2763.0537114258204  -4417.604134898007   1         1.2441181499839957
1354.4359384637294   4142.711768821509    1         0.44124759725566787
-4735.041529049022   2859.4934611693793   1         0.3580742966045739
3989.043483048497    -2392.0194932012314  1         0.63606900967634
685.43088315569      -2404.1847172680446  1         1.1483970979874722
-134.975244746912    -4149.857452532959   1         0.812984849301596
-97.03881016816558   -857.6035411514149   1         1.1362428240674343
1972.2174926399894   -2151.0504555484113  1         1.0625265053317532
-1055.4563967213837  1883.0997546513338   1         0.27165200000510825
4352.396319573184    1200.9129880002197   1         0.2072629896158516
-1762.4997092239137  3992.524870605046    1         48.04718811176873
