trucks_count 3
drones_count 2
customers 39
depot 0.0 0.0
Coordinate X         Coordinate Y         Dronable Demand
1099.9503067058492   -8553.042533969761   1         0.25425495597737136
5883.952372999085    7442.318227945721    1         0.6881191966324957
-2031.605303959071   -420.6255330106154   1         1.0197854270933089
8254.712723679451    -5133.149459747369   1         29.266447272701235
3500.907316374371    -7552.457078746668   1         0.12032160969408354
264.79033688300115   -4866.719290486559   1         37.717976727890715
609.1308523827261    1676.0229708634251   1         0.23195339761959713
-2421.72925976819    -3804.413743927084   1         17.43450027870427
7963.117110353046    6053.921845474068    1         36.86482056946293
7849.034223366748    2314.623194136561    1         0.9765211785640857
-9074.859907992342   479.95418609489565   1         1.181945131807733
8228.675925927171    -2656.0070920742646  1         1.2462222984016855
3478.046677726859    3571.534276010205    1         1.1440537494361658
7006.497524737999    8050.9096081591015   1         0.48694714937138506
-3727.7102233495016  4555.449881957256    1         0.5687265770035393
-6754.997781201345   -3481.639429494117   1         1.0916878763463798
-6565.607627999994   8267.403878054838    1         0.8879375429529706
-2326.3424196693377  -6052.998060879527   1         0.3091918802149941
-3339.182584596489   -5414.942405253909   1         0.6119435373233515
-6417.031465671355   5512.799963521351    1         0.9303218448429486
557.2327564576465    2894.8530214816515   1         0.5614128185395614
-7763.689797728322   -4908.629855273075   1         1.1732902104471963
-663.6669127302895   -8287.130869141933   1         1.9349190805670788
257.53412509430115   7366.482139495761    1         0.47474369760295365
-5401.2009676038115  6204.926100164398    1         0.8777977517664248
579.6305795539225    -2238.5124622997405  1         0.14546285644587403
-7433.6379995018715  4458.568444645162    1         0.6404056262234973
359.59942299714487   1321.3036470611523   1         0.22558639537194955
-1579.1361978369773  4896.725366782996    1         4.227947025479056
-8440.344018894746   4866.941589741189    1         0.4745247645811118
7677.233970214726    2063.696579504584    1         0.5582824890628285
-8081.382966854877   -4804.619623568713   1         0.5634858618578011
3608.503636329296    -7333.181500974873   1         1.2480861051615486
-364.48804362367287  -4926.359428779884   1         1.0668367090080264
-317.7005414303853   4448.184090105835    1         0.5532324260917407
-3086.2773923049713  -4844.858200133905   1         8.088478342189223
-2977.2747334813025  7073.206107372514    1         0.12159115387351965
-8464.43648161495    -40.839182925069     1         0.2906932618806383
8283.102894547534    -2813.103158784892   1         16.75249540324372
