trucks_count 2
drones_count 2
customers 37
depot 0.0 0.0
Coordinate X         Coordinate Y         Dronable Demand
2112.3245313891252   162.40244543096958   1         1.1178443251842072
-1433.3845246377455  2637.99679552353     1         0.5840291165519321
4276.57019129575     -212.39274210608534  1         1.066736878070774
759.3872575429068    -2412.920942040303   1         0.23337928539571215
-1171.9960627751802  5.930280414262818    1         0.9165856707229108
4430.061383953382    -501.7689654982542   1         1.2454059574679082
-6878.02154073557    -3937.531306054551   1         34.89631854606735
-1539.0975626986497  1175.313400657039    1         0.8215839751587455
-4601.559233456316   5666.941940441184    1         0.7374660636962653
2694.2700339181993   5447.932373342186    1         0.21110920144452777
2697.9670846973536   750.1201196215352    1         20.6271780687112
4348.856269062722    3958.41423266781     1         0.2464089923485029
-1099.2290874383934  -5417.151615871195   1         0.6958618153112165
3624.704704389899    723.8733996330036    1         0.23314151536268865
-7451.211908696214   -5777.287142062572   1         7.5875609777908455
833.5335678319847    2019.468640868989    1         12.485012474663481
2873.219887216192    2237.514627174896    1         48.87896691493035
-3212.7881734514613  3607.098552649151    1         0.5059865294936474
-4458.336984700761   -5489.76410515566    1         1.194998962365054
894.3234218400881    -696.0328881453074   1         0.8871624655269057
-4734.461495874376   -6688.008462502155   1         6.852520856163213
-2037.9366170587693  -3152.0648911973512  1         0.6849666657277232
677.9472140650596    7759.893945698281    1         0.6036743513963602
-362.2282790449797   -7627.856405671848   1         1.069414348331438
3903.807345494495    -1258.6210423615055  1         11.862068678806397
3137.3425060525515   -7715.9651626810255  1         0.7076642594920259
1892.1969811949245   -1145.7073653074744  1         0.17232187779672947
6460.0118737378525   7398.316837050958    1         25.776338334418114
1837.2367592815644   -1999.166270626123   1         22.980200390763706
-3767.2319779720415  -268.0509995834193   1         0.41203963004650457
-2768.2649052108823  1049.5834852684468   1         0.5322715843352614
1620.8691270888712   2243.178772748633    1         1.0893439945246135
-4048.877144717805   4511.908663859221    1         1.0343099043632618
-4598.696037254799   -4743.875183912615   1         1.2428128525706483
-2156.0536885088472  -2176.00717039699    1         24.95770126512576
2337.6026575460655   -2577.2028930195147  1         0.30809767712906744
682.7695749688681    -6725.031857368246   1         37.49459944764667
