trucks_count 5
drones_count 5
customers 48
depot 0.0 0.0
Coordinate X         Coordinate Y         Dronable Demand
-1525.2562030305753  -4581.66108205785    1         0.31450975085694977
-4125.259568163532   -4092.4394634058067  1         0.31809684707223124
7602.317338636068    433.5092269294606    1         0.5003598068317472
-2084.3664005544983  -5313.701086001189   1         1.2178290286536406
-5713.863981379248   -413.2724159218313   1         0.29671107630869953
2844.0633689808014   -328.8947653815026   1         0.3176936997204731
5451.67280139706     7797.09171186745     1         33.293392366875956
6430.819513762618    -2055.7504609294615  1         0.555508128612979
4242.904298022348    2734.5946332942617   1         21.33164337049997
-5430.301355237159   5496.281459263168    1         24.033223371682702
-6392.103236169589   3644.3183975854317   1         1.0733359580537223
10586.777962954502   -7992.004097608686   1         1.2246644149777233
2825.7739743459583   -8562.050753150565   1         0.12896847342423978
4865.467060534994    -8104.579374314045   1         8.722916691173008
-6159.563381065885   3370.39696146011     1         0.17438096429721806
5835.863333431955    -3034.9584953310305  1         0.2832407960346742
-7910.030098355615   5663.711495544683    1         0.31485904516271335
-503.4548525410816   -107.94515476483981  1         24.412614751529972
8606.341609727944    6329.90578068818     1         16.461639378579967
-131.72312982448463  -4280.916881998168   1         0.606574486029372
5660.915649763406    -86.47011679812256   1         0.23305082077951134
-3429.7828309089605  -10076.539504448761  1         25.426356829589857
-6966.850065988684   -4286.946273585198   1         0.5919960039470582
1543.4123532699448   -3895.488148855388   1         0.5503678792047557
1451.5877120378827   1835.5415742023736   1         0.8285366903776886
9361.571507097846    11513.624025290797   1         0.1447410270389669
-9073.252119478502   -6091.538542798226   1         0.4907843453141495
-2650.34095202392    -9452.072562123487   1         1.139916175967656
-870.9964122480302   -10559.259861938493  1         0.7735369698064106
-2019.2847153763457  5664.033845014134    1         0.9363017877914316
4065.261440771841    12244.325556723119   1         0.26534458037385356
8793.179793392756    6513.514710711749    1         0.3198923009694068
2251.346347252327    -8895.42257720671    1         10.38117526522293
8102.326024544808    3094.8134565006626   1         0.9343677199215902
-5317.2047646633155  -5961.183039796191   1         0.39443111886624826
5695.90783628361     451.1511881510156    1         19.2187756947454
12368.351393987601   10693.292542459769   1         0.17673330882799726
-4021.3360847185763  3864.222326473917    1         0.7879222238854331
-8670.201598050811   3127.786135495371    1         1.0799595284251289
-1342.778075848415   2289.0890560035896   1         0.3058361467264624
1897.7111146377538   9350.798125519575    1         0.9685686384333929
-5634.933281749567   -2655.0632249892465  1         1.1763236394454735
6896.585201547619    -6268.760662064778   1         0.3774587911625983
-8930.290879414679   1900.324156745672    1         0.9633032320391893
-3658.1396095857635  3925.0718838745506   1         12.543989441228616
4704.866933261045    9309.665311990131    1         0.5145783234015144
6371.732179362609    10967.915114480385   1         0.1749027894522875
3262.572876408387    -9293.44030758444    1         0.22432945587109432
