trucks_count 3
drones_count 2
customers 35
depot 0.0 0.0
Coordinate X         Coordinate Y         Dronable Demand
-299.45739754015364  4482.894133276867    1         1.1374922389051654
-6252.675530600522   6618.237638344679    1         1.1348834843418447
3763.5736570690274   9503.61789239267     1         11.214815900261211
-299.492593558081    9472.512800628041    1         0.5672536046318387
1191.48889498498     9786.482808084926    1         1.112971671621379
-1021.6781617982978  -7732.839819553527   1         38.637373530497
7270.973564209722    8159.99501297918     1         0.9709288388631224
-4769.990822107056   4736.202526568107    1         0.24122528812915997
-7668.138648215332   4209.254256940101    1         0.9417160081643324
4566.451526869896    -5343.518545310767   1         0.2304260904870444
-633.3605986073836   2085.131116698849    1         45.149938182319374
2816.4009746619518   6060.577005269866    1         0.4473503336688862
2934.3013417935454   -5924.409930071653   1         0.8258332349542057
-107.32509335611735  -9550.7725014161     1         0.8588025376671171
-4897.4290571665215  9621.088657197173    1         0.8166094765455533
-7979.105371688339   7303.4693631851615   1         0.2077065061137729
9102.752448433577    -2305.486231681166   1         0.361774976691449
5976.431607259023    -2099.668060031311   1         0.46991387185764033
-8627.254465531472   -5606.986728433473   1         0.8826937371264142
-2245.1999934650667  -2403.013014159545   1         5.791261557462191
-1988.4002521411535  -4864.07710605742    1         0.9629120580580358
7422.687930828015    2880.4726800746735   1         0.4746487525615696
8876.248742301766    -1473.0643189283435  1         0.8448304781155802
-5219.275488274888   995.1232732905172    1         0.5291241190170611
-424.13029586621815  -6888.561049860857   1         0.14092365802686324
-2634.925689503479   8397.480698554851    1         0.8221102736703673
-1932.589873218556   7039.124883256872    1         0.15393435225477967
-81.7196683475704    1470.9594146087238   1         0.8202995309204477
-7005.767981745876   -4770.660326331488   1         1.2044229495624268
-4365.623640857614   6695.660965118419    1         0.8379193253550415
-7910.199253182895   -4544.698593894126   1         0.23730259791400182
7262.389067753578    -5298.36054222671    1         1.1669246873307721
660.9063691861435    2536.6522072546904   1         0.17748667607516172
3978.789558806787    -4146.309393667479   1         0.13535463754746901
-7812.875314347102   1390.5419278725312   1         0.308420284640638
