trucks_count 3
drones_count 2
customers 37
depot 0.0 0.0
Coordinate X         Coordinate Y         Dronable Demand
-217.84900616925356  925.3246333722511    1         0.42924998639413536
-181.45992203870134  -6397.5729223905     1         0.5852079396785734
-7379.404661219311   540.93341692871      1         1.0299716759355966
5360.82477031045     11130.400920480206   1         10.435256918382738
-4186.191770090589   -6116.743867202351   1         0.46819442815800594
-748.9551215721223   4573.925063997886    1         1.2259349719604036
4971.630587421025    109.44047068309919   1         8.207840413170093
2268.453972271588    8552.25431510688     1         0.739495271043773
-9845.610055298612   -2031.786841512337   1         35.30622951835201
3529.731462050776    -2600.2868144614854  1         0.7136138899391967
5755.6111501258      2230.322021064656    1         0.20474305612476687
-622.2497636865611   -9790.856625401584   1         0.8065144805191786
6958.333731795112    -3329.4252633496053  1         0.682552469611917
-4607.570016406377   5933.989421295397    1         0.8242226388920325
4105.880273700367    3525.1916240895735   1         0.6124572487549728
7284.142243615504    -7721.960891716064   1         28.70630804281523
-3818.479947677498   -6996.0742358878115  1         29.36400326007994
-11014.78448186519   4094.708581240693    1         0.6011597945420144
-9268.465972958507   9296.820734584977    1         0.2463527290929796
7062.194467855931    -4757.563088878597   1         0.6729584477047481
-2081.588986855802   9049.14773091408     1         0.5287207534650117
-4877.364684980495   -7437.812918442134   1         0.3397504510314733
-5961.892177764162   10309.041412912116   1         0.943876497275973
3153.217398356197    -925.3254412444694   1         1.0519745199870214
-8027.0657718871935  8640.297708866467    1         0.49660007351997104
682.1495241424578    9106.948308114777    1         0.49997883995705794
-4985.102011900959   -6047.409890775792   1         1.2220020107304332
-6365.175836194938   1801.6181813069325   1         0.8514318239000389
8980.783046900171    -5081.115666380233   1         0.9873600012035458
5296.351290888784    2561.806667237191    1         1.2496220577841435
5612.637502139094    -6277.019564965749   1         28.65709094694616
-8454.121688268433   1785.9101704232971   1         0.975256056115395
-6621.80987415973    -2392.7356749253113  1         1.195802432042945
7738.453100271567    -771.1627926244964   1         0.11648668621646452
-4981.874230828013   -9716.828981957491   1         0.2090435952980162
-536.5139318584702   2655.5603883711924   1         1.210139760767425
-4840.76463932277    8175.115777698309    1         0.8333772224365384
