trucks_count 2
drones_count 3
customers 35
depot 0.0 0.0
Coordinate X         Coordinate Y         Dronable Demand
-2785.723144197148   -2804.9857707721303  1         1.119085864771932
-889.8490218900337   -7131.944911548339   1         4.5677832352786325
8700.60602923953     3862.8631191606546   1         10.145333600663799
-2176.2343515438397  -3854.040063920533   1         27.785846729782833
6287.078275097756    4871.254871892014    1         33.42638322554664
-3180.979728492624   -5234.346475799277   1         0.7904260307601009
-1594.5452679673722  4174.400240681039    1         1.0809361981282897
-9225.763970789401   6698.8543986114455   1         0.5886121793786667
-3098.7657521014435  6567.277161234981    1         1.058590586757877
-6587.857680403254   -5414.426916562634   1         0.9315918668894967
7911.243013392802    -5554.99857430462    1         0.6230832307929232
7648.654609709681    -7571.3099054829945  1         34.33002864812365
678.2129948056419    -1472.1269349676245  1         0.9031515836945009
1538.009894330009    -486.979355831867    1         0.5843077999691114
-1640.1777270532639  6367.226310925249    1         1.0707008833369445
4244.631039590671    -678.446293874429    1         1.2015877108932613
7424.739898876989    5638.633252743919    1         0.8111882805272745
5095.406006114102    10.964742199547612   1         0.5622930146445874
-2888.7025931602006  -3896.3804108506097  1         1.2106081235443245
-2702.106599289062   -7782.950122649958   1         4.9388190775348715
-6386.806058938282   -6130.8884071897155  1         6.6549479128425855
-6862.791237825023   3822.637359498173    1         1.0273511995394773
6480.922592112392    8088.60328515127     1         1.2014002931779564
-5733.830410449379   -8441.066246618773   1         0.9511345053723556
994.2192065044135    5472.727160229256    1         0.11346817237929605
-6359.072572493003   -3561.8642560314497  1         0.18032853794601592
-7310.55837272573    -4023.8172718748506  1         1.1699572992362288
-5503.402653455684   -3297.6013493954397  1         34.9044193079872
6320.255898895527    3978.764336963772    1         0.8217664088158825
4067.939255454357    9850.347557857052    1         0.8451624976140653
9125.50002994041     2611.0464935847044   1         0.9624356927266944
-7509.592524734008   941.3097745250052    1         39.046072303384065
-3817.9331781721166  -2968.68153224249    1         0.9159887508714459
6916.447634956076    -7093.949484538869   1         0.5019434880257712
5068.992324209336    -7799.810240616423   1         0.573838987925929
