trucks_count 2
drones_count 2
customers 25
depot 0.0 0.0
Coordinate X         Coordinate Y         Dronable Demand
807.1231741759578    -4639.17587185038    1         43.37817559549031
-5487.368857330792   -6435.980017211555   1         0.41088792364999127
1017.2655340310544   -2630.9611783205064  1         1.1389084113344907
-4129.9463351214545  5225.020778759299    1         0.530566383210323
-2427.3165857361328  5945.996251204881    1         0.4447636190172779
-1996.6743670284714  1735.9502188897325   1         0.68032249308323
5419.751496002204    2826.574713780514    1         0.9027024382412059
2403.1097626233677   5979.907113880878    1         0.696189191910018
-870.0521599051094   5758.22019014096     1         0.4210676587765827
-2712.2656805343586  -1928.0288370796752  1         43.77685142666576
-1919.799271515308   6758.034442914461    1         0.6940006237664096
246.6065480766505    -1326.6901140255607  1         0.6385190914547192
-6190.10100499565    -5320.897164297882   1         0.4127305859266712
-6263.207128661201   4573.983658649196    1         0.6325403833610254
2048.007180260222    -1654.8535602719223  1         1.165141740292904
2668.8942257554836   259.4995992557294    1         0.5130797667511725
4967.440323297067    4400.587212850782    1         0.3202058241344274
5823.804907390243    6837.315915012692    1         0.8758338281753096
-4941.509900114426   -5041.859104054137   1         0.8392236507270261
-4197.083418475519   2826.613851322553    1         0.47550656709394645
-4162.056934771033   -2097.0757609795037  1         0.5390086316575665
4357.996245626238    902.7424306973113    1         0.4791646160864035
2657.0095794380195   3214.695976772604    1         0.758070631217081
3954.2482040160166   -5191.109797220562   1         0.43113208108668966
3406.473609235821    -5395.567710451602   1         0.4995212074987869
