trucks_count 6
drones_count 6
customers 95
depot 0.0 0.0
Coordinate X         Coordinate Y         Dronable Demand
-2140.0057263498566  1618.0424822795067   1         1.039876940946879
7677.827834675121    18455.258263867283   1         0.4099211782992107
-6025.797494735656   -3190.8133633270454  1         0.3734323827504349
-18139.16227705065   -9658.29967676605    1         0.9937844944382807
-1439.0830654888878  2052.796378654468    1         0.5204242109623071
1481.700302184341    -6763.588475700111   1         0.3797618423110375
-10681.800164684058  13185.73728568737    1         16.61720317401089
16370.969084622062   -18454.91391350279   1         6.281451932837879
-9804.23852593022    -3452.37241262785    1         0.8089696764623788
-8777.699614210696   5035.864298357041    1         10.005457844816789
-18420.677867576902  -16962.481288846728  1         18.076716436793742
-5118.590571132645   -7935.0711202939165  1         0.5029672551811225
814.2277452628987    -13408.224211450623  1         0.262195118376931
-8986.23151855336    -884.2039689725509   1         22.518535454204123
-4122.015272890306   -4483.626983846992   1         0.5343043476112963
-957.6707537382385   -1802.1025767769283  1         0.8744181073067206
9744.03950610929     -9011.116336744484   1         1.05647021431745
6356.350751443581    4161.392768004827    1         1.1058851907447533
4246.7079944440475   5165.547814472782    1         1.0480493015329047
-10212.158677529782  2715.54906944659     1         0.6768987315174678
2702.318438170565    -11709.902766099352  1         15.86884344743544
-5977.135677262681   7752.355447593868    1         1.2030602245957207
-10181.669910674596  -13024.880715182939  1         18.430203027551883
8204.432410863139    330.69990518286784   1         1.078809512064449
2897.4353574463703   -169.93035027759979  1         0.6928951015882161
3156.0242725268977   4843.65408885577     1         0.9208298455495438
-3290.0295242958127  1093.7095977514048   1         1.0528262725248996
-3064.40595971782    2523.2127352401403   1         0.6662844896627427
-10065.689110366631  -2788.701521341918   1         1.2122048711463034
-2776.3084098281984  10552.202783633886   1         36.36890366452983
-2812.7287926334307  -3414.0360090603167  1         0.3883584764917224
-8516.445230197398   -3566.402526872928   1         5.68936160046571
-8342.945387329464   -4915.151482317818   1         0.8539328209161471
-6047.998628352587   6559.990247431528    1         0.4662754819266819
-2182.4899453832354  6656.966683063486    1         0.5252213572821468
1720.8926644549356   -3500.217475205749   1         0.6919364250257617
-1044.629958782067   10515.080750274637   1         0.408058667907102
-8590.669281590925   4112.768888148502    1         5.8736783675667645
-10857.53341604618   -18059.60021321437   1         41.0228844074537
5794.844839527398    -4181.571640069677   1         0.34127902587576225
3797.7629503964968   -8740.857132278537   1         1.141811743783808
3229.4043918897523   3247.2286779649166   1         0.9135344504694635
1528.5222078409806   3943.9328502314856   1         0.9957657852404258
-2145.465273120898   6869.981024788494    1         0.3799458675034687
8132.0107050176875   -3380.0471322372446  1         0.49168404514618747
-331.6793964438572   10198.63524885398    1         0.15690532785627567
3454.5971678250335   -9868.180806934743   1         42.253705063986814
9886.65873911954     1567.0383396942009   1         0.2025265681692175
-3545.803110437754   -8027.005811064411   1         0.48713080977977485
8865.834898874433    -11445.754486412756  1         37.107154974253824
-7984.014421472823   -4233.6525709962525  1         0.28183620426441486
-1187.9319705371431  9370.224276296187    1         0.8620749766576655
-16571.847275726854  -12463.995784055192  1         31.387215621040944
-4991.012524573268   -6506.204699125874   1         0.9101120862695241
-19710.14611365846   17477.27662701007    1         0.46741716569134484
-11009.871832228524  -17485.653710285063  1         0.9609127981636396
-6951.511745491481   -3767.8601793202806  1         0.737751157306812
16035.641398019507   -7106.027844783819   1         41.96622410429364
16614.21738694123    -5540.425110836108   1         10.601733198650786
-3958.4994998485795  3762.6919465541014   1         0.9814181011298755
3100.1382186616984   8889.088682316173    1         0.6213946980916288
-1276.2075867736905  3924.957126794929    1         39.09434829056728
17531.690309494123   -14351.21626740288   1         25.34421011560074
4195.227734191132    -11550.824950336268  1         26.69554164224697
2804.8047798933867   10120.0710165876     1         39.785953694758625
1350.4794172453549   16825.096376780464   1         0.98081080890054
-1674.311792456746   -5101.272819957104   1         0.19163651098780998
690.6077806724388    -6094.964585766045   1         0.3669740987190273
-3741.751319520881   1167.746175927491    1         0.7897492670560148
1055.4980830908953   9993.50336879018     1         0.4581306644891392
-7779.393142474178   1639.9821365736059   1         20.630342567620776
-9200.985997543385   -780.2327893580222   1         46.529745407095334
-6895.002386287909   5690.507059203956    1         1.1854594603171131
2298.0866880076724   5964.994028059646    1         12.230847780657182
4052.9572107378385   -5346.319935736845   1         0.6793334869539245
-3703.1389071922936  -10084.698202141222  1         0.17687136742055726
-18738.698847731604  -8730.905996032387   1         17.32949975463161
5082.402510934831    -2157.769445614653   1         21.64924328892338
-4840.74571250794    7716.1583575551      1         0.6887200213158998
-221.4222453091769   5854.025255383168    1         0.9236500028477767
-2570.2682596833984  4155.214028988258    1         0.8111576138436084
124.24580503649771   -7454.2821630387425  1         31.87139740440885
-6415.983682170121   7327.42438222401     1         0.17935106413726423
222.4618502513865    -3816.4292767402317  1         38.00766710839694
5967.533647277194    -6522.381112139181   1         1.06973641478569
-2516.167720687474   -2764.828554580521   1         38.15498096296325
-9068.244261559288   17107.684663620188   1         10.817462187974893
-4795.546832860904   -16067.860917036558  1         44.20581521776423
-318.69032039456846  -4638.756229311136   1         0.8725860861704222
4492.653140093939    4825.622117142661    1         0.9916164242738819
-8734.148063346527   -5318.284711697758   1         0.3758034065856194
581.7936989248       1276.9520317281015   1         0.216868283305991
-1828.372831226115   -7125.3797926417565  1         1.100652447463135
482.32389318568727   -6564.040886104353   1         0.7730161911232752
1704.1228782740816   -9170.830230517086   1         0.1952615529814984
