trucks_count 6
drones_count 4
customers 89
depot 0.0 0.0
Coordinate X         Coordinate Y         Dronable Demand
6003.259194267583    -2284.5649612044617  1         1.0556841482855566
-8891.172098007057   -3291.520234988242   1         28.665507428471297
10219.482706222037   1984.365585302345    1         0.785783450434249
3510.0987964382334   6259.798777830869    1         8.776926141738237
2349.1615498415595   -3759.95465436664    1         2.3767406069336303
5305.901632071073    6764.462767341078    1         1.0230225499816752
-2229.8075615511507  -2352.082392528211   1         0.7615927857990428
2882.2795546725433   -3413.473916820355   1         26.536798313740125
-4294.9007439156885  3381.382571607896    1         27.477051557913697
1077.9314910748133   5937.110828982448    1         0.43926354328677086
1572.5496553511607   -3199.023363190004   1         0.8710442634175446
730.5986884225458    -1951.4851496907065  1         0.4770565688677716
-9316.798653031063   -233.45539949658962  1         0.9725680725099056
5771.808591292891    691.8866511727151    1         0.7456498326940165
11855.20236419465    -5344.672539698839   1         4.41033790276971
1004.5575811074842   -10661.396661637662  1         24.023119135221826
16052.433491331583   3115.4652352860794   1         0.12421445576733957
-4384.74800525611    -3139.1307029763652  1         0.6524148424771347
-2146.7139834569853  -6749.447751187138   1         1.1030196693384902
-1581.6360435075753  6759.274056604601    1         1.1088693087057284
-12905.078708865389  17594.168757593252   1         0.7983895181242261
-5512.581257693853   3298.688151524277    1         2.728505228742935
-8423.687266892493   1546.0820667795726   1         1.0758852095447795
-8508.91938137634    18469.295366800063   1         1.1884594327105633
-3451.9076340738557  -17301.76361584421   1         0.9706542268032692
4289.26443575741     -18855.09312771379   1         45.15345034424376
-11792.408099235217  10510.917476194201   1         30.50494250194974
6609.617492766805    -5750.7838179886185  1         0.22695435092804547
7324.196909700004    -5673.657652602156   1         42.31117506128519
5052.7379208043485   -2930.2754676413833  1         0.8717018286366135
10531.25925792659    -1742.8572806338163  1         0.36405465527493364
2995.584754366379    -4372.463104095965   1         1.1094550186405154
4970.0937087463135   -8836.020004834107   1         0.4759730133696236
-903.5487380007615   4049.049237019742    1         0.5047440571476802
-7306.930901279959   2432.395541379476    1         0.8900869906377744
-5191.230538854068   9391.506808458635    1         1.0798481019939965
-2816.9017664582684  6058.725658865732    1         0.9507110831498466
7032.896158508356    -2592.9598498725563  1         18.244387848174245
-4145.293797948885   -3786.1459958903524  1         0.4126135628156521
2234.277720969527    11410.066116426442   1         22.40133740306337
6154.8330152992685   -3767.816138567038   1         0.7897397561166954
-6015.500940663823   -185.79757248324736  1         1.1128952061437454
8477.53634243723     139.40141201469305   1         0.8579224598271927
-4561.136347803368   316.8340831233088    1         33.25443482285085
-16323.389020214352  -6222.809973603151   1         0.8329456511818804
8711.072036384523    -2377.1890478144187  1         7.985901356650553
-7609.329180414257   5659.419685115372    1         1.4501272679589075
3712.2286523663724   1532.0432606714553   1         0.9247433442594067
-9021.629348383649   -2094.035031580048   1         0.9122551687854742
-1149.659330296803   1064.9587838172329   1         26.961812458400196
9994.507151416208    -2540.2662319200217  1         1.2261644739075785
-77.21393634756967   -269.6698209658421   1         46.19888535470571
-2435.0390859459817  9082.000416456875    1         3.0098177603934575
-5706.401903379327   -7095.239828065038   1         1.2124641510783731
6477.976729797726    -5873.8692845600835  1         29.509607575057302
1266.9911268302915   8451.081243695997    1         5.378999488195849
-890.6969654571222   2021.8627486696857   1         1.0820513237455276
1550.23368963539     7480.079099960809    1         0.6569623657033405
8085.377020782096    -1178.6416930153973  1         1.0034828389586783
-2494.2767348681455  -5358.05921824002    1         0.6509590118568295
-632.2586921186667   -1939.304532383157   1         1.1730203340924106
8083.801409798832    3287.9531183268864   1         48.09721700043991
8812.413411339521    2332.0012937663814   1         0.4675981192064408
-1398.978418955699   3995.712594894336    1         0.6691437685469892
4533.27339551296     2388.652700775183    1         1.0140677095003063
3948.3399682204035   -1679.65986235431    1         1.050593052847305
-9994.449612332459   16171.167748620559   1         0.20601252136523296
-9862.776411543031   -18376.273511028037  1         0.6850603092426079
-18475.557877848507  -2619.548773898856   1         1.1610121923087993
-898.1547229072415   -5600.511945624801   1         0.4550648615666719
8521.460624127923    1742.2588743415552   1         0.9416800542855313
8607.808537808292    -1412.780874145174   1         38.93574922224492
-17658.505711267553  -14447.295592877523  1         29.62464427329847
-7419.740659656997   7594.436051864945    1         0.5292520482148059
-1779.303419630485   1518.094900627861    1         23.965877380786043
-3105.894398373881   1445.7858108138864   1         1.169239962859671
-6872.561432311082   1950.1450806120777   1         1.044414039075045
-5325.371994513375   8096.437434445032    1         0.21666546787088406
895.918200117528     10500.31877429625    1         0.5597885978874769
2897.047265544412    -4501.933137333269   1         0.5617654830693259
-2267.7024507628175  -8953.869426620258   1         24.09818305269182
-2342.5202535560766  -6586.880669501634   1         0.9453190243862715
-11755.770246643691  14980.729856213875   1         1.1317793592484924
-3357.967231454745   -5661.237174984719   1         0.5828279348835462
-2616.235169360246   -4549.149782321786   1         0.8430280760292453
8051.671238214449    -154.81795747425022  1         1.104133481181507
-2763.5702574185625  -4491.161024911238   1         1.0666570068470238
3437.1492147665695   8976.723104373628    1         19.234931683177404
1921.5237277808696   5439.9371809925      1         0.3917164381925352
