trucks_count 3
drones_count 2
customers 36
depot 0.0 0.0
Coordinate X         Coordinate Y         Dronable Demand
2281.1364826461536   -9445.582954292258   1         0.7393460999970745
5662.850244692587    -8394.278316839824   1         0.7176583408773692
3594.860065743562    7198.868715535169    1         37.773137982958204
-6496.674933814015   -2295.1766358385944  1         0.778696115183957
-4915.123403494608   7862.993735843218    1         0.8578817866672572
-1895.5479829603319  2691.4883301688387   1         1.2007787762214641
-9122.377143953057   550.218128304978     1         0.5675464025586437
10698.510380191725   -11247.70117476984   1         0.27856635070057667
11306.481524283809   -516.1405549700976   1         0.657224157071896
1081.6971565832328   6534.97320770547     1         0.31724346637829504
624.1658390350937    -3719.5443615281274  1         1.10140430389424
1592.9718741062406   8147.33805427788     1         0.8896066270100628
-10539.041537100722  -8764.87282826544    1         1.2028894979729323
-6101.964254297677   -4392.407317192066   1         1.1547734655367294
-4342.860795647639   -7033.421244555128   1         0.45539992391353834
9807.788737890009    -5106.366405529897   1         29.69950558846346
4747.145912346075    6916.626381941992    1         1.1410668264482855
2339.70089352607     9976.46791852302     1         0.7087126409336302
-8087.6054757701195  -5298.258451419558   1         0.19296554985496905
-8031.7433560706295  -3417.8780388671075  1         23.952181191335413
906.5129287906857    -4786.246706442635   1         0.7663425875013133
-8207.541111690774   4645.958969260253    1         0.20233934159239614
4331.52214576093     -3602.417318275153   1         0.10638423498251988
-6577.521592009178   193.243254117966     1         1.1690961310922885
3085.783814719878    -2163.2645884924345  1         38.915682113615766
2240.870063040483    -3593.0059605550555  1         0.5844813293091393
-7739.549556867881   -7505.196886757983   1         0.7299333280016417
4925.853573130936    6925.8515713526285   1         0.23160558566737144
2776.4540589584876   -6311.866843662004   1         0.8232998449941878
7324.619590149086    2751.6395529419406   1         5.810071224968992
-10053.919768772936  5429.402711525592    1         1.5512133700495747
8066.51166311337     5773.838494247787    1         0.1079664735377988
-6905.5265716098975  4550.087499518294    1         0.5841383329570016
-8470.8044604441     3261.008652994092    1         0.12154700772667715
-3547.8167437179245  -10260.831146837323  1         0.3433043029988101
4477.514417942971    -7852.474103674307   1         5.823773317548404
