trucks_count 5
drones_count 4
customers 59
depot 0.0 0.0
Coordinate X         Coordinate Y         Dronable Demand
-5562.283392580079   -6039.224936163984   1         47.44776581926104
5448.926796418892    211.10475703131394   1         1.214463071951442
6159.277306858639    -2160.4526092254837  1         10.02141657961688
-5757.433473039957   4701.864007078384    1         0.13475950064692244
4930.082173539498    2838.576611773744    1         30.465646295792382
6050.594759932703    5093.324393785867    1         18.261612251399978
5042.0683654541535   5356.408239362567    1         1.0920032422883292
2583.028013954123    -1237.5903601859793  1         0.9624427113807027
-3455.801351904336   -1729.318710030642   1         0.9958262573683827
-4893.068451917434   734.3391935781808    1         0.5810236161815798
3608.6012241970875   -425.6523103362358   1         0.3508919754617469
3282.092891186438    -1662.5205078915756  1         1.0855488014071801
-2125.173480245692   -1309.4238155669452  1         4.195411258756343
-369.2795365818816   -1587.1959097381443  1         22.724625093054236
-154.1304364659594   128.1576855133244    1         0.5670290824867519
-3370.5959593581165  1600.201306017434    1         0.8157101517868409
-6070.82581964038    -5392.573431110096   1         0.4218024974886462
3740.979148041772    2387.714455458727    1         43.193281059082786
-1444.2594927658013  -405.3913652360262   1         38.93227679514262
3787.765823261924    2750.866530896552    1         0.30525162198218553
-6171.772580446103   1219.7699910793774   1         0.18179670897237943
-825.2487377604093   -3778.9069351141547  1         0.5096109659458538
3246.535239576336    3598.675564325998    1         0.8178552468103236
4738.465795501453    320.46486798256075   1         0.1406248563718194
3958.7775859964313   4769.446232241629    1         0.638091799645342
-927.0054624036726   1584.4897684329817   1         0.4401445060167961
-4682.231290631572   -3900.1711956665754  1         1.0185800763319768
607.6800274963869    5999.875093855563    1         0.13839957454325608
3074.2906467380003   -205.20404222104472  1         0.5890460346885706
3311.269162748373    1154.582449330047    1         45.33652607217671
-4517.426213583637   -2092.2517795670065  1         1.1088536188442237
-4047.394129320501   5662.519746221585    1         46.954473802397324
2319.875451990231    -2400.6505696276017  1         0.16974475913074177
-1542.7381154098116  4382.349585816476    1         35.10809343971607
-4315.540897311451   -4051.939110030537   1         0.513597751023568
4522.392319933776    1214.8412319969668   1         0.5580744462210734
252.8533661301316    3986.1670681703413   1         1.0954292100086724
-5689.212839901293   1659.055886667416    1         41.205171478429406
5545.527631592035    3999.295312532712    1         26.117328424746002
3597.0244211351965   2498.105446656638    1         3.4009868145613162
-4235.917917948048   -5912.105994173287   1         0.5235031432190146
4559.3563559501      3133.740952446169    1         0.5495409132626986
1143.0705469461052   -4502.154929917232   1         0.7354847544568843
-5431.063396322501   -3137.2447610128947  1         0.273835309324
2181.2995480541595   3257.8231496864037   1         0.16389125609895883
64.86065481852876    2203.197864066374    1         0.6876315717955253
-3189.2490279702756  189.4850614045951    1         0.6906496071959383
-1345.2800325989172  -3776.019535128906   1         0.6712318897260902
-428.07103408929106  1739.6157743519477   1         0.8148752654997145
-3368.819489768548   4508.215136711841    1         41.39576199815917
-595.2628123625799   3703.782425544369    1         36.62496121010803
-720.6428314376948   -405.8067590828047   1         0.273781907148451
-5721.536105332083   118.86019184230372   1         13.556259008746233
1720.3217590282566   717.2867453413619    1         36.655427302976776
169.43300967586856   2339.757950828938    1         0.9102585081208274
210.38186206496326   2954.9490716381983   1         0.2058327895931281
-1815.8596763793596  2404.5929867444365   1         0.4357230775766203
-6148.823547807444   -6237.724505193235   1         0.40462895863341763
-2929.0798417074316  1470.4572864969473   1         1.2006289278091093
