trucks_count 2
drones_count 3
customers 34
depot 0.0 0.0
Coordinate X         Coordinate Y         Dronable Demand
3336.9727933289287   2754.933086634216    1         0.7935722215069663
-6072.294474169003   -3242.924120771481   1         0.9345887689750919
-4462.991929507406   8649.587206729999    1         1.1066613359222086
-6011.626141462268   2151.376604335097    1         2.5157428187446946
-2849.6101312740234  531.2036440609455    1         0.8954498057723091
631.3711636034895    -2197.1708271225075  1         0.9687964988536961
3387.0305731795524   4833.783014664345    1         0.5516948013080107
10058.66202450794    -3811.1913431056596  1         1.1664960394406227
-1687.2123251384053  5077.548257189707    1         0.4129253461612098
-1856.5423775481624  8187.870043696786    1         0.45477383473916433
-912.6794271364888   -6667.310943815324   1         0.2957531027011905
3749.8110066852496   -2208.4477635445564  1         0.4949094444719453
3621.368191495356    1873.5258597644022   1         0.1182964609940448
217.38747957284798   -5719.717217546688   1         0.10866464980218579
-6701.313987523701   1042.3689982645433   1         24.325855308208396
9477.842169222487    12978.061961505387   1         0.11335194421901443
4965.97203631499     -15760.10096933783   1         0.4147590595410332
-7742.943986575958   10761.803152507102   1         0.8814568059321138
-15080.370197664917  -3389.0543830345287  1         32.24238564875509
-547.5706024075567   -396.828215861453    1         0.8314351124259955
-1470.0224999647373  7301.775265403789    1         0.9958114882895956
4399.408344127684    -3691.0523438376363  1         0.952682721536143
3899.3608261406066   8279.015797387203    1         0.37477474268333877
-4765.442591128375   7109.510619212437    1         0.5152018869853353
969.4624670503795    -8889.453860322605   1         0.4645357288614602
-4799.267221234624   -6000.2200651314     1         0.8729986116164368
-7015.576817218379   3587.9188090831312   1         0.7023301241534563
3034.8873130659217   -595.1102436618029   1         0.8258823405420505
-7680.041641597694   3847.1429530181513   1         0.7562616936258009
9924.590009408648    -169.08501853574631  1         27.61437686551009
4999.555483691109    -24.9846610666766    1         25.078469008043236
-8036.927066551573   -697.1181813574934   1         0.10760701361920118
11660.808213764016   -7389.601206359734   1         20.106876193969203
-4123.0802321181445  413.13790718318836   1         0.6423417473111367
