trucks_count 6
drones_count 4
customers 100
depot 0.0 0.0
Coordinate X         Coordinate Y         Dronable Demand
6285.540114221162    -2502.1649519208186  1         1.1813095904253774
-10178.605969425242  -4043.4529390400808  1         0.5554646083205789
836.1851982290416    6251.53267824978     1         1.0033003061026966
-8044.355585794105   -5543.9480582103315  1         38.11931055657214
2818.2422928415112   1279.0908046580616   1         0.8673611749951522
-5482.6125187306225  -4920.551858061508   1         17.24100996666144
1058.2278501320657   -10748.722594327735  1         0.7440071393028436
9657.229212023121    513.3856517490914    1         0.9445631464515941
5818.173222898296    -1555.756162503613   1         0.3238393625358087
6493.708023556246    3142.0877451965785   1         24.73099419806073
4262.269753334507    -8372.12678650252    1         0.3805457908499099
-839.0100168856083   -3150.5904709281426  1         31.344947421726758
-4009.9341371045152  444.0530799397628    1         0.10571010257800162
3400.9291494748195   -1469.60587168543    1         1.0798712987923322
-5237.225628858169   7203.839232180136    1         5.524671842608698
2758.252676264882    -4429.105439539223   1         0.7494526505101342
-808.1229175425184   5126.301601578292    1         1.2181498831361308
7301.950978507385    7996.131489042539    1         37.32754975140259
-6526.495587066217   1918.0466080863246   1         1.0657964227926893
-9691.574199251787   11205.193491272554   1         36.82803633840389
-2573.579744451681   -7033.362599265215   1         1.2296449342963096
-826.3498154699977   2598.7244032249364   1         0.3439766580169436
6729.008603986456    9035.270387057588    1         0.4371285802762498
-9701.433837120396   2170.027022729868    1         1.2437209794094632
3054.2953189624764   3867.3380282141084   1         1.2300081480076368
8469.186000367217    417.3140664390815    1         0.14612899522398876
-8599.065165388518   -2230.5451421677767  1         1.2461490734277392
3031.9616308032873   10083.80235441544    1         0.6370559263671757
9814.847329484379    186.06841047571308   1         0.711874517593373
-2574.1503363370502  -6868.53964291375    1         35.114540183250305
7472.0653394022465   7601.816940869777    1         0.976217285729992
7527.6559879603265   -3705.416208340479   1         0.46216167162480504
-3758.1021261994974  -361.69440006659454  1         0.912074602073785
-573.9924820349861   1794.5972981800694   1         0.7763109341749544
4499.277875788994    -1610.8340523695263  1         0.5006770874753415
1430.4522145634855   -10165.240802816488  1         1.080779661699611
-8287.665459486447   -6987.692952136152   1         41.21255904438716
900.2373902541983    -3958.011227322804   1         1.1582886684848785
3839.3328230810253   -4809.785890763008   1         1.1251933769054
1321.6895453871055   198.5754035859904    1         0.8824429788682755
-2740.4494515607616  9151.251705855857    1         0.11137521102776052
-532.4581431983449   -6637.973545450662   1         0.41534011255083214
-5480.965355488551   -1631.7015704533155  1         14.682746290035427
1717.7672065505328   -1486.7043972485715  1         0.3439883493601666
-2642.777671701847   -4590.735421174493   1         17.846474580532256
-4523.37934821296    -6247.114254117519   1         10.370968784343633
9956.906577311614    1486.9431974345262   1         0.6596240721454121
3672.893518130319    2464.6806194479486   1         1.1985968917035525
-2480.8290587432753  6492.1555300033515   1         17.37187077016077
-8835.462114029122   3875.2766611955703   1         11.78664128350302
5893.120928740006    3456.3397718686556   1         0.7601504590028741
8136.277589491116    8644.53963863258     1         1.2263649246093478
-275.98149945641075  -5640.0763175064085  1         0.9117325653682103
-391.61395205860777  918.4196943587706    1         0.14429071148072495
-8429.91946259107    2051.6795880778764   1         0.26024652827378575
-3800.639829479407   -6619.328184692553   1         45.66527963118732
-3774.391018241283   5127.779737874281    1         0.38586746689356943
6330.043644611681    -8296.274953086575   1         0.3042256429497296
-792.1185991296577   5098.032171309727    1         0.41221905265108827
6912.570331610348    3593.916481965305    1         44.19008564175505
8079.18430458242     5433.250615356561    1         0.5716107794213406
5112.339626421931    -3125.406926628967   1         0.9511831915675353
-7024.213715708145   -1187.9071747122498  1         0.6638451876078756
4002.4328383497723   -2133.8715311677547  1         1.2342145783945375
-5998.528262050167   -828.396442100816    1         0.5045236752590915
-7797.1756003921355  -4246.131611405837   1         0.6339224360620749
-2696.0863695238654  1724.2253687314242   1         0.5339072998614796
-10925.095442907774  9035.266230338899    1         0.8094937804780858
-1703.5753303405254  -408.2352324033126   1         1.2247711520669557
-3688.5584740484373  7881.186288548638    1         0.606908556510572
-4461.094559956618   -1073.1942779765468  1         0.27050017312637037
1576.9911557661924   6199.316987881345    1         1.02966476675953
3131.0550114854077   -5505.954821026716   1         45.41198117369042
-5907.35726620352    -8223.406885763456   1         1.138064583783829
5486.589951852305    4307.603966651682    1         0.8136694402771992
5177.424328639952    -5723.556130887975   1         1.1376634728045476
-4848.731601600509   5531.043968504499    1         1.0824284506548658
-5593.45326257714    2792.536224788698    1         9.000472492011138
4529.394150483597    -7794.817283809644   1         42.03141540641004
-4767.886855012744   969.7321039727635    1         0.684532883939952
-11012.33117781562   9375.059688082658    1         1.16174005993479
6820.7836113815      -5276.390717021603   1         0.18267873037966895
8837.22664026547     2379.215131314166    1         0.8483243925362003
8159.753491711579    -376.207345886678    1         0.18847299810470894
5916.737296353545    1494.9091796300281   1         0.13024634462335677
-9231.134699806642   -3530.0999025120336  1         12.4788005059793
9372.9451971365      -10882.720068989676  1         0.7009302850109581
7381.5152262700485   -2958.6894381691204  1         41.78651460353848
9718.21154056561     2957.59984669459     1         0.6807171793246362
6358.776499821308    -4089.8259881456925  1         1.1371277844180954
328.09046064228164   1357.3653149634843   1         0.3980199761671527
-7478.660208407451   -2049.099591081588   1         0.715603512668017
1876.8725180506003   -1405.823621066181   1         0.780024079253255
-6798.404432266682   -6284.386580668619   1         0.14007570934363395
1404.30138050718     8327.032189461042    1         0.1669869712905237
951.4041222528954    7414.970219754754    1         0.18918337616277026
6159.1189458328845   -7756.281728209002   1         0.1213962013658175
-5320.83066553603    7424.626335369097    1         0.5119440534240697
3806.9086163296756   6251.365875608542    1         0.41387274153242737
-8441.54000653612    948.489466757656     1         0.9388704635509372
