trucks_count 3
drones_count 3
customers 60
depot 0.0 0.0
Coordinate X         Coordinate Y         Dronable Demand
-778.1494767418959   2222.2755108897377   1         0.13339576891620683
7121.928460047308    4632.636783648145    1         30.606990815433164
-9487.447767841022   8329.048233330464    1         40.95676179061741
2597.1921130450664   -9080.736144172279   1         0.6017597126950315
10239.066707411619   -2874.258201800611   1         22.524425461517126
-11448.987937133616  15410.3956120896     1         8.3684189728686
-7035.123266607196   2592.0275770647313   1         13.787809948334326
5707.525328842433    7812.624910524731    1         0.3051682153898949
704.7112630815843    -5925.195415697553   1         34.58850797308716
4612.867076745077    -569.7281375833002   1         0.9414872179767957
-3370.6910516862067  -4957.663648574838   1         0.5439284327597136
6268.4902667268025   7788.98968435689     1         0.391213863491912
16173.170035979878   -5926.232534592511   1         1.119001258144361
-6082.521023830004   3719.7622168811286   1         0.36927205162940857
10292.453486571034   1923.3990750997473   1         0.8302971637701073
-616.3921161525577   -1008.1226329553119  1         24.486741808819815
313.6760925232097    -1163.6626960482145  1         1.1964610538578513
-5202.687186769144   1025.0931267956717   1         1.0242977607488208
9750.448968511384    -4365.646875961551   1         2.152601005337658
-13877.509117175267  -4683.943372884805   1         0.22072146074729537
-3932.3476017728626  2859.578542938974    1         1.1350626039904208
5506.620459630634    -4497.959175905999   1         1.0276042068983742
-926.5347612659318   1935.4007948434403   1         0.34827845207521085
4197.172946336644    6757.181992351416    1         0.6586979594725603
3748.387165234658    7909.113715715826    1         30.147486989263165
12167.987657318474   4075.1144810835467   1         1.1126325391883216
-6034.715008896012   2097.728510224325    1         13.881936068600103
2104.2209112653363   14682.55320943748    1         0.6967146645345696
16429.27806139022    -7773.563027664795   1         37.47000502548812
1655.3023775473794   -8106.141448431738   1         1.1105894647098025
5701.47871302485     -3829.515226213469   1         1.1305688981796937
-8339.704201915449   -2429.584877439646   1         1.0082930497395501
4588.812313648273    -397.30086684342405  1         0.5531617938646312
9312.804167020004    4803.675302042471    1         30.89877662735763
-8439.27607389072    2360.9199462597962   1         0.5120036979116701
-1616.1056368440916  8674.280564468372    1         1.0044846562416672
-4665.609822672082   8850.608153246258    1         35.25504129594429
7064.608001851173    -4242.919105818548   1         1.1633960660252747
-4517.310567089471   -2673.4551900634233  1         0.8723400987581886
-10035.705618119657  -9432.804648853347   1         30.6541163151406
-9132.26480003931    -14233.534774806383  1         43.72603116109047
-3403.0068700216334  1191.5227827879123   1         0.4633354475079311
9400.290504336437    4313.046514529978    1         0.6357047627055429
-1310.8790039306493  -6328.328301744946   1         0.24596945535710085
5841.882039221394    8828.41765744067     1         0.834502180833373
1516.2749000810495   -1826.2689512047143  1         0.2961576178089066
-65.54012779760637   -6750.370957998147   1         0.960806693010349
9590.1049696647      -1314.1508813065207  1         0.9093805409710009
1075.5444355055333   -7157.469350631908   1         0.41661383051087
7644.940462850703    7830.145100297121    1         0.6777807155143815
15938.305698960761   8423.726435305663    1         0.7834783048798489
6844.599384839108    -2215.9490140830903  1         0.9771471307273208
5900.781102174068    -7068.6879669052005  1         0.5593270817961855
3505.977139143345    -9275.05977710905    1         0.42351831265376805
-13039.04316954769   -14102.333156220448  1         3.770264716246502
4259.470984239393    14606.3183200358     1         0.24422714130014997
-6084.7094017518475  935.4236220596453    1         0.621047757743938
4733.928306904492    4177.39891219178     1         3.6443966652301945
8842.06199669946     3892.0965182818222   1         1.0853919276290585
9410.927956851247    -4032.217705071505   1         0.8853105630654751
