trucks_count 5
drones_count 4
customers 60
depot 0.0 0.0
Coordinate X         Coordinate Y         Dronable Demand
-8068.545741955678   -3609.9104697110433  1         0.29170024093302466
-5507.097862436025   3618.467713016882    1         1.2465460470086998
-12736.090964419704  -5931.473054134067   1         0.9912844802805361
5090.761855290262    -7529.954495160831   1         0.4942749436661009
-3674.19498698765    -10296.9627754317    1         0.16297175320457025
-9856.128150508652   3150.7645357997408   1         0.5238971108406394
-114.74779403623536  -5980.941266942407   1         24.189692715203766
427.13047592876563   5086.629265607042    1         1.0128687335226045
7322.418851988708    -1056.3566522663377  1         19.515427773628527
-609.0327508807732   6581.78725002489     1         0.41090428924023026
9913.752293224128    -272.5294963222053   1         0.951184989540488
6587.951628156536    4424.249795720168    1         0.4263612798734747
-1325.486106865248   4105.737454457669    1         0.624332580645009
8376.137074905535    -602.414921509234    1         0.4411679756061708
-5160.88914311865    242.0178811778217    1         0.25475254937466457
9956.857937094333    -2494.332424899628   1         21.82717944028495
-7504.881311282256   4953.179650279909    1         0.9452801510192522
2061.697071454947    4939.259297756891    1         46.95777791764218
13957.19697185909    8804.970415637106    1         0.44095687121881233
10730.497839161131   12042.216325242034   1         25.08187711976775
594.7761211740233    5920.278305200445    1         30.528238823342793
815.117503477486     8462.889501277567    1         0.7236612792636558
-3412.6716235313816  -1244.8625639968725  1         1.0993869490340302
2872.473488461291    6505.238518065441    1         1.1308228012197874
-10473.731695312474  8647.078438631093    1         28.936527280728686
8969.36615275487     5374.155017378756    1         0.11391857451372656
-3296.2858840237245  9052.135577460353    1         0.6430643903919889
6209.907770936261    -7966.062023945313   1         1.1370221702792438
1438.2430671959698   6816.496637959512    1         0.15623259370425122
-11337.88797799502   -13923.295540005984  1         3.8216836748567653
4261.620248130641    3448.315952382226    1         0.5297413219796805
7238.800902455449    -5641.954635089262   1         1.2060336903218847
12758.427360620664   -15632.325691488111  1         0.6115099463592049
-9624.622026915144   -406.9588010285932   1         1.0794104070732167
-40.16174686676166   -5392.137730900628   1         0.22758246887771427
3174.849244927578    1885.4047013343543   1         33.88270798590901
1230.400393756643    11210.54819744651    1         24.35270153878964
-77.70921757585121   3236.863423743078    1         0.7989316931876476
6632.139826626566    12825.117224918218   1         18.64599963001143
-4970.077678010086   6395.31955846997     1         0.29718673206124613
-1080.2562693044877  -3382.5744981330463  1         0.3526321363611641
-4068.608701258042   -1261.6730778454473  1         38.89076160145156
6143.449827537746    14472.09383068932    1         13.38751498534759
-8495.174801403431   1962.7554471506737   1         32.266878695480756
3168.8018025124225   1932.7770995783621   1         0.9244638754500939
-1493.4555430325413  9262.982568478494    1         0.8338611472489946
-6439.189584092591   1188.1765528227993   1         0.8837281414227798
9572.052660120266    -1676.6342199013318  1         4.5049774193475765
4259.246979052318    9634.245574575474    1         0.9345513643499104
2343.9230439709877   1527.4753590411608   1         23.70456337805804
1749.5656895701372   5574.567108813872    1         0.8403363038408616
14268.721191421284   5035.501569157133    1         0.788449456687763
6359.085817333611    -4061.9237776455484  1         0.8726809379639343
-5394.391119902689   7585.149272808263    1         48.16515873705674
1618.7545169368143   -1838.8469904766512  1         11.55254533766373
2508.118315383102    -6273.2383045513425  1         1.2346928209991856
4568.093724848331    -1953.6900489509392  1         0.29780515729258483
-862.9494315895683   -4387.4260158077     1         0.33744016253054854
-10328.480115881088  -867.1730973626742   1         0.3782289191349353
3908.0203456365857   -9931.36730595327    1         17.802260707688113
