trucks_count 4
drones_count 3
customers 56
depot 0.0 0.0
Coordinate X         Coordinate Y         Dronable Demand
-4462.386511189828   -1759.5758020610988  1         0.9017006727733018
6131.233730094233    -4230.000741674851   1         0.9067806594060115
-5527.686806405893   -2256.0478767129916  1         1.1567232629767112
-1666.0941681942459  -918.831760786687    1         47.46485607087001
3441.981783866636    -3091.8769057802606  1         0.15666268180748796
-5745.3915887588755  -5718.49596451623    1         0.9481615031734321
-5119.951219221965   2854.0522097188755   1         48.182991681100226
4231.699962425378    3688.499288801228    1         1.146939176175205
-3215.417041168657   2436.883764879942    1         0.45083096402008094
-5727.263001095824   1.9973386888822358   1         1.0188078437298813
-3786.832399486684   766.810946837663     1         13.3109165268341
2028.9617024864028   -3373.846947060414   1         0.17906485039916992
-3502.6551708697443  3224.231665743584    1         0.13846771055214924
-5313.99543010978    1127.856028706523    1         0.9662767128057431
-1944.0199892889289  713.8332987514439    1         0.3217296354751065
2514.115416107941    2497.925951891755    1         0.5499618246053931
1558.5401959045596   2949.324171755431    1         1.0170269119768842
-6212.240060631936   -1505.3025736230045  1         1.155395827722429
-6457.293467940293   -1859.0946205985954  1         1.8603684336554438
-1981.810380414409   3276.844276397981    1         30.754011942701112
-929.9660320222694   2570.6546425068477   1         1.188648278799919
-2906.10906544466    3833.7474588305727   1         25.23956837176163
3458.713921100328    5103.430798717653    1         0.12392314817959355
-4818.762461544846   -693.3199046080163   1         20.241161850736162
1612.6125601243214   -977.6764281519053   1         0.2823865392468926
-4065.406643810763   -879.5274222940789   1         1.2354116974273561
-5911.558371025373   -786.8444603552957   1         33.50126925836863
1371.768802601976    -808.2801222179733   1         0.47299985069357586
-2324.2193625231494  -6614.628613497306   1         1.1819531862398036
-367.52227230448267  6244.032578024534    1         24.495058711290188
294.7465315255674    -3913.357446150877   1         0.33908755856813766
3780.0749559863766   1095.9635644758391   1         0.4408070580270911
2184.9228762706707   2253.0637830112537   1         1.161595121213315
-5164.3268506740305  3706.812675811153    1         0.8710542858552646
-5818.455584425688   -4405.224585652655   1         0.6434197501073012
4587.11458259791     427.95712386298425   1         1.1166465559924488
2656.1045892505786   84.13721699095647    1         6.8219965232767725
1108.2980244508424   5703.869578453402    1         0.6375732352017393
-6468.213330581829   6460.053518122949    1         0.6880835946717199
4409.274619979501    -3734.8895372744537  1         0.1381549835132897
-4569.057012019332   -675.3504884155933   1         25.889308545563335
-1118.2541318581134  1571.4437042390855   1         5.676737039625351
6274.877235256902    -2116.106336078917   1         0.20806183512149046
1477.520332182594    4370.37047607435     1         0.3013315580872975
3925.3339905678436   -2227.3027367757095  1         0.24893982433564196
-5991.613683041856   -4593.295562816982   1         0.6348095761324146
-1373.2548823921713  -3193.7007559918725  1         0.698993259716236
-6316.522176126336   -1122.666377738602   1         0.16717901020135595
-3152.9356227379635  3793.986003815524    1         43.55099808846762
4592.505539692366    874.342755695981     1         0.7086518494535986
-346.2204347480045   -5937.301422248495   1         0.6538029343972016
2632.8544955954985   3713.446786372031    1         0.7371769165574608
1237.4788256414836   1274.5455913100914   1         1.2091269308430157
6622.507318616623    2527.314005430345    1         0.7087069127235514
-5518.587219479985   5238.473688648581    1         0.6648295547462815
-12.825257083175035  3945.6382180285204   1         0.5108321094926151
