trucks_count 4
drones_count 5
customers 78
depot 0.0 0.0
Coordinate X         Coordinate Y         Dronable Demand
4548.92893116043     3478.844221591735    1         1.186168804344232
6110.566480930752    -5103.581667942979   1         0.8493486533876499
-3912.27562056401    -7564.187499648128   1         0.6585009963798649
911.6538410230442    -9323.195484128846   1         48.82970809690905
-2436.0549851077626  2201.0071393018607   1         22.88937921546315
8088.974132591002    -6613.110664114613   1         25.591942586993778
-5386.467857160022   -12798.74718039809   1         1.0440230515341917
2066.2462472573034   4270.1772624996765   1         0.6830516675921245
4183.057331122742    12131.094463898273   1         34.570984544678886
-1098.9662353709723  -9186.170970604033   1         0.8158378389691024
4088.640503277924    3961.3402975062154   1         47.02526551747946
69.38408745390407    6469.416543328298    1         0.4834163270000391
-4044.5031491701616  3434.484286470526    1         0.737976668987079
5644.790408604646    -1168.3360549021936  1         0.7169988498408433
-3571.3443777225793  1695.6168647395496   1         0.9126994701195104
11483.219280770238   6730.925084632654    1         0.7759855086698624
806.469411288336     9825.220473568901    1         0.900218138569293
3659.8850287890873   -1447.935524494566   1         23.734955273880747
5960.633517497825    -5448.446529625342   1         0.9143238681609515
-3110.850599624421   7464.7452796076      1         0.7342281317362955
4399.893740140899    9641.916469645064    1         0.9264667311709258
7264.784884016218    6857.055190841607    1         1.0644573519202958
-3350.426201720545   -3476.5511486100795  1         3.487041995589766
809.7120405927085    -2845.905526858456   1         0.8219018887091721
-5082.065058510717   -4748.198759096297   1         0.22537249598182138
-5293.007246745996   -4164.696780995306   1         0.538544491515021
2681.4386808789664   2204.4882276904905   1         0.7241195727486653
2838.0560586233696   -4822.424582358739   1         28.677519826174073
-10101.906759750023  -268.11887537412963  1         35.44547683406332
5002.925859400747    5909.747832117626    1         1.0217840278345827
1396.4906038437312   4792.5941293459655   1         10.427584688792667
374.1824058419451    -8449.634274526243   1         0.15299735381233376
-8984.10702262997    4732.810338408919    1         16.750267778640584
4273.991361740774    -4883.154499465716   1         0.45663019131227944
3861.69569681555     -7672.339702444476   1         0.6181407366742808
7548.704606836367    -4091.3470638146828  1         0.153464163693258
-3401.7787415539     6144.879315255948    1         1.1592672649100961
-4787.942108540512   -2400.800927003049   1         18.273941016932106
14587.296665482409   -11992.462305215615  1         0.5666735030593648
7375.164653949343    -7035.342854378642   1         1.0561295590070277
-3297.549993824652   -3497.5262368463723  1         0.17808659635974228
-4895.700181090728   9193.056418022328    1         0.44529093165176525
10136.332393887487   3977.572430420898    1         0.42723399052095357
5206.511381959049    -2135.2226538833097  1         0.87920508878037
1446.2620800403615   -2904.235991072868   1         0.34225134206735264
4839.142544588745    -4725.375557150116   1         0.2156705327878622
5884.380058828226    1997.3777804685947   1         0.5387890286140808
-2812.346754734954   -3917.877415833101   1         1.1774542962886534
2590.5463361794696   -2343.4246504479693  1         0.6163658342283198
-8237.21581404518    -1145.604318115211   1         10.029809495504875
10171.768835980687   2136.371173583144    1         0.7119324290015875
10609.150305280076   -770.2968673461393   1         1.055350565401626
-2320.6280415222086  2743.7851498532546   1         0.3886104092030679
7230.47152418138     4617.821945587042    1         0.12870174905729925
897.2269882929601    -2247.992779311335   1         0.4120235924137654
7804.816696739854    4388.69136796849     1         0.6828809403810744
13054.209320241673   -4511.906335483825   1         0.9387515496087062
700.8818227856681    8345.952994978476    1         1.2392337728731877
-1495.0612175723509  9216.248230514204    1         0.43973827962746836
-9445.077622585213   1001.895379731917    1         42.58560471232016
-2909.9612628171276  2921.241017371041    1         30.33047365183187
-52.454333313936765  -4175.507342469294   1         0.9269849211692776
5078.983072393413    7772.61441586068     1         0.9848938016455284
1004.1570348649157   -935.3475413395879   1         0.39056272567522043
-2063.6422051765894  -423.06681320292955  1         0.4300914078913183
6666.727456320676    -517.8618676259007   1         6.0385903298261
8182.301026549804    2295.093833742306    1         0.30110288163324905
2455.082652815101    -5337.362798180544   1         0.9710055739430457
-3441.227615910844   9574.940831645734    1         0.13350364652081242
-2362.389276850379   654.0915796983979    1         0.6545823644693433
2923.484755578383    -6045.939605663072   1         0.6070975453762228
2944.2096848100664   9257.192105506756    1         1.1173957387621247
4668.371575599924    -7867.18151503326    1         0.4672855785672546
830.8897971229508    5234.550010379758    1         46.81218096923683
-2923.5590189391146  -1770.5275443234978  1         18.677654478620326
-3340.1735929259     3128.952480320509    1         0.10957590241253931
3547.6224720055807   -2165.798013472695   1         0.89139143531293
3436.53105788277     887.481211255005     1         0.8705534020666489
