trucks_count 5
drones_count 5
customers 81
depot 0.0 0.0
Coordinate X         Coordinate Y         Dronable Demand
-2293.30576098361    -835.0320286763675   1         1.1278413000490128
3838.3780301608945   815.6595421284494    1         0.39929486150989146
5529.303389366096    -3583.8566052101096  1         0.9936931889088149
2357.0753932472353   -773.4514855685461   1         14.736684927879084
-2674.7979359740193  130.3886702616037    1         0.8239786143609243
3208.503706917313    3070.1961516281813   1         1.040559295831438
5191.735099942367    -3761.4217620479667  1         1.1423819776984605
1814.465057260514    4975.021480116254    1         10.065752596077894
-4082.1487036868816  2943.708383295444    1         46.2989866425313
-2109.4985521965114  -4780.851370408301   1         0.9768260564331736
-2258.5797056073784  1044.255107730597    1         1.0177779605760522
-2893.5761585697664  2029.138246508981    1         1.0147391510981525
5506.8769051538      5619.348389806724    1         0.25601105350218467
-3859.1129115935955  4910.433232329797    1         0.4961529845178281
-707.5225462557187   5160.155039404025    1         0.3244053301830413
-3014.115641811221   -4213.1028929134845  1         0.16145130900570667
2611.2281766504607   362.09786457848395   1         0.36914944224931445
1176.4351553366505   5045.710490032542    1         1.249679681635427
-4990.373278346669   845.8105418639166    1         1.161827593622472
5287.676487143302    505.0498943207198    1         0.443936775042552
4437.533494096283    1655.7486591131687   1         10.33289041741123
-2286.3859484164304  4322.962186937768    1         18.00583684146904
-2381.7642281947406  -1811.9317602774702  1         0.35394520179474387
2095.1620067764206   4184.142393737761    1         0.7125128239261647
-2501.4371973255743  -2490.8194381697726  1         0.12642980225045994
-2128.982277981426   -2412.0273767345348  1         0.2708572835277722
4733.387598165061    784.0387902650764    1         41.62594498287448
666.4817615394869    -3395.121150901906   1         1.0947569829584756
2696.1652347517215   -3893.274070382247   1         1.249669828022661
5772.219425600572    4287.227101360252    1         1.1662918372984825
-4470.492209545616   819.2566984949954    1         0.8756186704975905
-2611.071008432956   5707.5500938854275   1         1.054000951715919
1722.0894432537127   -4790.676658277847   1         43.9471313013696
-5325.568700983914   -1290.4987051109533  1         38.048906441489095
-761.5203005734728   -3169.4826656792948  1         0.23642592722841263
4770.741901206392    -1214.7836888886577  1         1.2098393997191992
5196.38026271698     -3833.6417096428127  1         0.7278629467497093
4506.61500505795     -4390.350442295034   1         1.1745671894236427
2661.2142485502004   -1949.7165716771315  1         38.90894280783643
4782.097720286733    3468.847990347997    1         0.15550983339828253
-5568.904326386506   1962.1332928010243   1         23.949487864714087
-5263.372859051583   4354.398594832489    1         32.5599604995048
-290.3027836198686   710.1001251913125    1         0.2545318722829043
2856.064559878022    -984.8742581257877   1         0.4326022287291903
5261.973487832666    -1017.9249611181056  1         0.7741766516125599
5109.713416811644    5434.233785111697    1         1.0597504330757286
1398.9111317362767   3489.192280958224    1         0.8228053463952422
1615.307587695117    -5254.316281779139   1         0.5547965831594049
-4261.640676046385   -146.57180695011232  1         10.906331397153224
-4136.123838423995   1754.3049827937969   1         39.661449479003785
233.6649307315517    1807.2091448913372   1         0.4615926149523245
3002.599552591849    -1779.7664267266455  1         0.13074026609476302
1874.2398600014526   -237.2653446492159   1         0.5290570229410964
-3503.3965283251846  2360.021943427062    1         0.6319463200467336
-3284.9356993899946  3400.888500069768    1         0.9891192332609217
370.6085770910813    1175.9389873160617   1         0.8840251961728932
3160.4329756965535   4074.8094049719966   1         1.1666580855872295
-1427.4011608895144  -3732.4360504092588  1         0.1488810981659356
-1509.8660092182777  1105.9166091911748   1         1.1937903329251636
2034.8159765282085   -3928.8569252346947  1         19.986976185617667
-3681.206727943158   5660.864131198568    1         29.8176010968333
-5005.570136591485   370.0577943268486    1         0.8398535574078826
-3251.1215409815954  18.392649728052792   1         0.913695992012871
-600.9147373718296   -3439.516635500735   1         0.34616482531385007
2999.9493167698456   405.92068004967507   1         0.6554851690675284
-4589.409641694504   -1851.2834923636085  1         0.42375557128571706
-4729.0769264512965  1918.5458787046828   1         28.06911219222297
4438.658390823363    4809.461591708156    1         12.463271647038885
-4164.42890169734    1460.2019579084522   1         0.981708491716371
5085.14613341333     4931.019161644485    1         0.3834729326928339
-4017.7581338657683  908.3325592451965    1         0.22366412888928144
1027.2750011235005   -3631.256062456901   1         1.1633425000848583
445.9525843949974    5694.177460964647    1         0.932559600039048
1057.4117960055928   -1961.3805476028976  1         0.4626976863124579
181.91294846180526   2038.8697411785474   1         1.2244049637634908
1045.7210991116826   -1968.7577647720516  1         47.25131302492051
3426.702962455466    -4550.601296731292   1         0.9197075848310177
-3917.295850707584   625.397184067454     1         0.31893271458957356
1857.704096621604    315.3512548907719    1         1.185636820811019
771.2864488169677    -5163.858139060179   1         0.5071729839447401
1731.89397446586     5426.551583668306    1         1.0887103382196193
