trucks_count 2
drones_count 2
customers 32
depot 0.0 0.0
Coordinate X         Coordinate Y         Dronable Demand
-4673.6507651500815  422.7691688455505    1         1.131652232593823
-1529.08358942198    9239.586623560082    1         0.3270434247986825
-9991.620584635524   14744.493561287563   1         0.9945969679001688
-6209.443479233226   -2930.100888857899   1         0.3687385330215672
-60.040751700830434  3706.3460192375132   1         0.51168376298223
1061.682861130128    -6235.5888096391445  1         0.5596538074343387
-3673.5638276606805  -8447.097730525691   1         0.3594746233814875
-11925.0666449417    14520.928405688435   1         17.053508560580468
4948.037916608702    -4425.542904224795   1         0.6626519833521141
327.4699592771306    4184.06702500999     1         0.9057247339410933
-982.1630618861568   -4046.710780478793   1         0.37940757469313613
-7689.500211488117   17379.61707559877    1         0.9754262297789889
4238.036013449116    414.0319565183819    1         39.77491813518502
-7928.608977883145   -1013.0008798370363  1         1.244808722202235
9802.051784201152    -3969.725541190556   1         38.165608275815664
-5684.135568491809   -5668.235422504278   1         6.6519993860460955
-3870.4632265693253  -6993.206592828476   1         0.10672526830312186
-8801.378857964603   -5258.129137025355   1         0.6610070576511123
4342.00500279988     -569.4593507132761   1         20.5645769422311
4628.222395779487    -2105.97248725532    1         41.24900316285482
-3482.840281168468   1276.320273471145    1         8.13001079871307
-6743.929744439265   3223.6472437974758   1         1.106903765777945
-6032.20834303028    -382.4366583675616   1         0.6177748909075432
-4549.0656205610885  -8086.167399925133   1         1.1225509566148795
8810.269686200325    3992.8364433256497   1         1.0513070719704545
8600.952304526916    5796.364894733403    1         0.2961291959917939
-12448.447975734267  -15660.753611170932  1         17.575406507966267
818.0137274296243    -9316.160008311588   1         0.7064978069636655
-4782.0935471117045  -2086.4057786548037  1         0.9762229572620392
-10059.216237495402  -5321.620881208564   1         22.311799343549026
-17468.09188458297   12223.969880601628   1         0.1711721817196231
-5370.200694260896   -8646.766972366575   1         0.22629763934431216
