trucks_count 5
drones_count 5
customers 67
depot 0.0 0.0
Coordinate X         Coordinate Y         Dronable Demand
6415.466535235815    -5779.133544271229   1         11.544120886793584
5667.197937166949    -204.91954334196492  1         0.34273607805281453
3759.116566629693    -3207.0560152955254  1         0.24075567029664013
-3324.8377345322074  3946.9099629845186   1         1.047444942678441
813.9245157437836    -3349.6008578383617  1         0.8135246532829519
804.1630984111882    1872.5643639983757   1         0.9233621808401228
3662.135093408284    -1942.8533065030733  1         1.1633960647881574
1711.929096562317    3477.1567678469055   1         0.6708138979409791
4812.964066425193    -1201.9872011731295  1         1.2011070241430453
-5671.1334494108005  1038.863902809675    1         36.31117772899391
1812.895820594785    -3170.876811646379   1         1.2246340957492134
-2140.5577215376225  -2881.3780206907536  1         0.18440209818345393
4931.960677841972    -3932.4660411539817  1         0.3088512321501485
664.8662103616222    1122.2327435269465   1         0.4018007995167573
1349.8530420094098   3341.325781278162    1         17.978507795811936
1949.4063396351685   1442.6448624238194   1         1.2455541052629397
-1074.1450514342412  5699.895490031989    1         0.8568370989385744
1651.1053044616328   270.82564057858053   1         1.119137660678501
6105.07429278685     1157.900673529062    1         6.430486410530151
5283.610764643559    5362.999919822554    1         27.33723841257188
6016.800106740144    4214.07328527644     1         0.37289387588200673
-6329.788064319029   -818.8033578200973   1         0.8044573019798305
-3832.631398627052   -403.36584231155666  1         0.5719429068551908
-3702.736236173309   -5658.463844774691   1         0.4275888512607101
202.99602582607514   2366.0090399341016   1         0.7931785747457573
1826.0397714226913   2421.180548193117    1         36.320092175448146
936.526507705932     118.49269327397306   1         0.2535566649189414
2637.726489482724    -514.2890364535651   1         33.57798772029941
2261.29152370681     5186.3727395626975   1         1.028015004411235
-2473.1267960800906  623.1339565078564    1         0.8810011361004012
-6640.374162943597   -1154.603547792393   1         45.496337795449804
4993.1794779800675   -6035.070911595334   1         0.35175708903325786
4330.103667470942    6486.548812533164    1         0.5424181077703579
3511.6909719572745   1348.545494556111    1         17.84216391124147
-5994.500188615398   1642.8022784864158   1         40.12871713529137
6196.475350615191    -3910.9788612451503  1         0.19006776751885915
3163.1573334983314   464.1275569755126    1         0.4123302896471125
-6334.437448250048   3984.255294698225    1         0.15314522492111593
-5484.071029858201   2634.8339986944534   1         0.17845280516846626
511.53891593648916   -376.9300284817907   1         1.1740400166341145
3195.6555176776383   -1752.269093249296   1         0.8435481291888768
-3753.1440472031463  -6152.662190616355   1         0.922258538204956
-5416.742524085083   -5054.186516273542   1         0.7552559310790421
3783.222388788015    6711.604594070253    1         0.537731551870425
4640.987873349746    -5366.437028099744   1         28.527154456198932
4625.111165857361    3725.9325612276957   1         18.6042693039571
-5126.387241473494   2586.6424575430333   1         14.42816516072253
2205.178437175255    -4571.017514387424   1         1.1639213847037913
-6449.47607000804    1250.9908756791017   1         0.17965745938046013
-4171.857570862241   5429.520860309918    1         32.937929151072225
-1393.6542926065003  125.35132633359528   1         0.6858231598823804
-3654.3905100700904  2773.4622473310346   1         1.2475371526927108
-4163.195565987652   200.46532316275952   1         39.715085065856
-3025.7937188527753  3757.013389721647    1         1.165684427204815
-5390.036036596138   4.940554580475917    1         1.0713030449956757
-718.4564676347057   3930.298289417413    1         1.0762555764563793
-2303.1955739228833  6133.358912613719    1         0.8601181201385301
4250.822880730519    -919.3293330162608   1         0.7742064726084343
-3239.020851507694   5667.075953279239    1         0.24813440602048994
-3262.8407078205273  5700.470607442683    1         1.087878595393455
-5040.2868003605245  1939.5677125636591   1         0.7451206258000177
515.204411286322     -1853.316229590207   1         1.038417327606194
-2144.1051621988927  -4309.317347687867   1         0.4118337001026169
5254.789166873428    -1050.6724471140778  1         1.0756532177588893
-6236.67616348507    -3895.0509960049117  1         0.4303856856124235
-742.4622585112575   -3061.1473877371895  1         0.7690814540216513
-4039.129051777508   -1050.4735128214393  1         0.7180115203814702
