trucks_count 3
drones_count 5
customers 64
depot 0.0 0.0
Coordinate X         Coordinate Y         Dronable Demand
-1805.1525664742853  -9103.688535497591   1         2.1101116581689614
-2908.446280059818   -7006.760340973342   1         1.092512036617873
-1607.51254036544    -9305.592803191375   1         1.0910782878635128
12355.044537964011   -2101.736692384855   1         14.739948550263545
2870.374225478374    1171.212929300753    1         0.5950464900357808
-3005.6934144757242  6863.35860336879     1         0.2688685829337787
-4700.6223619424245  7870.550366952232    1         0.6260531696021433
4105.864442003078    -7060.494855009592   1         0.9766335143953123
-6003.240223679822   -8371.663581538058   1         0.343879337360239
1837.3677921938256   7852.755727813639    1         1.240081102030634
-6381.355399254621   3457.694153350036    1         1.2110192381194405
987.4333303418097    -9868.009898285547   1         0.9749050488444713
1647.621077129159    4151.055122641539    1         0.27254168467268225
-1465.1281328107773  -2685.462479365069   1         0.8794114961937476
-11413.754444726059  4988.82250681183     1         29.350991071158628
-2225.5748964082786  4321.666404760265    1         0.2706232978136538
4151.576074053717    3430.075832208745    1         0.9029184663535887
1265.1321190748033   -9426.415409004534   1         0.7459067176852241
-4932.438077101062   3929.9307947410275   1         31.923466679327422
-5671.372578644739   -5477.757373891603   1         0.5999539209395837
-5259.793634620663   -12557.068478152769  1         1.03470039901567
12605.772720416848   7205.435649043087    1         10.196646922740198
721.0304571532124    -2213.5984645523986  1         0.36963225430010016
-10772.816191220452  11266.798817703937   1         0.6833619635681064
-2676.9948526064463  -6460.430336370936   1         0.679350299183237
9357.44991204661     2466.7251378000433   1         45.31266159755257
-9096.28986688354    -49.53206314240331   1         39.387120855003204
8225.546540966277    -1479.8740914939729  1         1.2411998966065976
1964.915593127409    -9273.764839835252   1         0.9946525150924157
7823.568814854058    -3277.898495338341   1         0.3011028968235193
-6674.220178863939   5883.32481147614     1         37.50744263878606
10406.182287069347   -11160.508449170753  1         1.0185557466270885
-7406.00979906918    -9043.834832257027   1         0.569815932557767
-808.8641094687763   6109.575180033866    1         22.83829744533009
-5182.423545090051   8439.063631084982    1         1.0656820657106238
417.6762635053958    10266.032508096547   1         0.6704689982647023
-8043.29847917089    5172.363336544568    1         1.239373048943737
337.04213612797975   6600.702656780207    1         0.8564376999540319
-12304.306827303533  6598.2756282239425   1         0.5049815528487948
-6472.908248600146   -1533.074086122898   1         0.5859745272313872
527.1677200110616    -335.3693511317482   1         0.20131765441139698
6772.188718134403    5754.437343765431    1         0.3993189386029391
-8192.9523211601     1578.3645362880159   1         1.049852146386605
21.291248697997755   5900.882579637758    1         0.656082549001273
3793.6235200884253   -2840.1773119842633  1         0.47846447622198884
3848.680952062045    -4267.994059115013   1         0.5269588147702773
401.2417444510021    9888.757520481704    1         0.16068828468141785
799.8109097936272    -4826.87076381605    1         27.74863956562893
8150.439203346118    5289.879878192457    1         0.1549242390405504
5946.131701899809    -8196.285832319918   1         0.9691085080025535
-4835.8065330392865  8485.450216211051    1         0.7132275795069952
7940.059928471091    -7304.377293496193   1         43.532368805516484
99.35573197288437    -4585.091671198172   1         0.6396859994705479
10571.8714579765     2554.7035644602147   1         0.19123348498045462
-10897.652406665105  8750.168243530665    1         1.2326102749333447
-3878.922146500071   9533.05573178807     1         0.2890208388034007
9865.357160913733    -2139.103159217587   1         0.6365617876220921
-5573.301806128088   8755.96375356728     1         1.1805571150692582
-4404.6082570253775  -7128.669882411995   1         1.1103298173834228
-5266.823565614983   7755.177599862129    1         0.6749099181018414
-6407.813912263262   239.94772980489094   1         1.097283907051281
-2114.146284608639   6606.2930969358185   1         25.698377449859056
-6115.097584654093   -2488.545035970624   1         44.702254827867016
2987.577546171605    5983.205057837359    1         32.38502740394925
