trucks_count 5
drones_count 5
customers 87
depot 0.0 0.0
Coordinate X         Coordinate Y         Dronable Demand
-11275.366312082535  11160.71479841329    1         35.25893175357558
-2796.3428893751334  8858.154095754247    1         0.7702290022409807
-3411.237065350884   3728.2089595075668   1         0.2923813938296968
3536.3310655941314   -9091.78698365195    1         1.0263844266307187
4433.760564309554    9421.724498164016    1         0.9207137226476942
7517.527079489252    1069.0351274469667   1         1.2492682746555839
18686.84017396962    -7860.894682119955   1         35.413592722893625
1421.8809642208842   1215.281092145443    1         1.0890691593562964
2954.656719930105    7857.904680766993    1         0.6255354540118121
7725.702373873096    -2191.407999557361   1         0.9148723916907815
4628.043607334257    7619.336961225938    1         0.8211206722001726
-3853.2752917235957  -4194.232362626825   1         8.717519780834552
-8349.144307500832   -18750.065326736043  1         0.2516442173436183
10182.30583316613    -1650.0984635803215  1         1.2327996828117722
-528.6137779870868   8236.707313537327    1         7.472160535107164
1287.4564735378483   10343.706550162286   1         1.074411084486657
-5467.068507263838   8098.746016066367    1         0.17145656187407526
-2626.0927085620115  3158.779211350074    1         47.62574928128052
5574.820811903013    -9039.17164450798    1         1.1028962257456387
-18125.33961570411   -10432.778569531103  1         40.89191768671227
7138.146464101014    -840.5010945939437   1         0.3611355672188825
-4313.218623193087   -8050.708425614725   1         1.189265270614126
-1775.3916917252209  -5081.69190005173    1         45.334192194017795
-7398.066776915793   5664.430489938247    1         0.9178466767463777
-1961.7469163376497  6494.135110645908    1         0.1985750146481864
-9085.472818324497   389.2359516755998    1         0.5452847303784928
-12265.539143671662  14631.58932429996    1         0.22597078604148027
-591.6885504101311   10801.376383248122   1         1.031918818222077
-5958.465357020266   5204.202612010987    1         0.9326091629089601
-4874.807134623399   -625.7218707187344   1         0.9597010677112204
-570.2264774750906   80.60304692076771    1         0.8194174521878023
2994.2197526135988   379.52315714813665   1         11.149692536892612
5327.097858512612    7733.205750481864    1         22.195269141002175
7066.2482041609355   3574.370161672664    1         5.25274140615604
-14381.520611046639  463.87180589735726   1         0.20706740855352435
5165.252917259428    8070.357846340896    1         0.595600638196763
-9329.518634992428   -2513.1048158094577  1         1.0963979964185804
8586.989420108552    -2310.5916326792153  1         0.6483636133765115
2155.023295055228    8351.177695322665    1         1.357515870498182
-4985.9100975267975  5460.081636916552    1         44.25409253886349
10493.468738188018   -2567.426740251393   1         0.862905601464071
5927.7407953888505   -7451.884911027739   1         0.9843462937224676
-5097.192865504      73.59608055785432    1         0.10677217441068144
9035.18777529071     186.1173333291772    1         0.9853416196209577
8328.734269879402    409.1493690038914    1         0.830019144923609
7151.273183703013    6182.377106014094    1         32.79971971656298
-6034.185517890889   1053.7028606092751   1         0.7215678023291778
-7269.6598059608905  -2348.557819376796   1         1.1685225005768434
-5215.310649941808   -6744.7943742391635  1         0.17262597603000907
-1612.8434713843037  -7079.1779567236845  1         0.6812514377376674
-16142.71135832055   -14324.153938243362  1         31.73863144507022
-4990.528026808072   -3810.7441343497526  1         1.020268139244776
5193.636720672085    1108.673265815694    1         1.112392404203533
2028.195100468176    -10506.443316944722  1         48.63051666880883
-7006.8624971563495  -5399.607333007341   1         0.8153046863359092
-4049.071367246205   -9163.598198336405   1         0.8194782207275393
5543.110691397667    8735.154910148862    1         0.25470719723005203
18769.893707323572   6921.25887605911     1         0.3797626542861009
15704.729125969468   15403.108125436207   1         2.2517333472257954
-9858.703204476096   2104.9856686120474   1         0.8144968769795446
3245.39585509252     1778.482416110157    1         16.43981992527161
-2376.672206447569   -3343.4818988540683  1         0.8136201597672443
3975.1012427403607   8468.593933532988    1         22.673330022970823
-8000.262023662125   4806.640056569134    1         1.065509642314311
-2016.2161570596363  -2470.515463639387   1         0.312302952615636
-8502.263929920438   -639.7819618832976   1         0.6521837471609657
558.8711267555308    3795.514716648306    1         1.1755204833998412
4097.753871617785    -7246.812337888598   1         0.5435920013234873
2927.6891512142056   2027.1080442590394   1         1.2329960880137858
6837.259435612374    -7295.7198367693945  1         0.919291451142551
9522.441862747131    -9714.717163766933   1         28.138375098975843
8799.638054439401    -5008.4407731354795  1         22.645137406551402
843.9375253462058    1840.5589293204596   1         0.8227512352627755
7952.811058859822    7070.912617559175    1         0.7307465738346022
5449.7706237607235   1505.2105939576832   1         0.6518465747414574
3509.5436599359155   583.614078614832     1         0.9552218305495349
-8030.272330382758   -6510.284445097665   1         0.9391909627478802
5902.743774857659    16827.025482244535   1         10.335641000873025
-9314.11247112447    -2422.8609133599507  1         0.4937697214373241
-908.2359474524967   -1095.895949068892   1         47.10844764357604
-3659.4739880449843  8043.212837862464    1         1.1164064671615421
-1549.02981469941    -5365.714275367369   1         8.036672082966437
6320.387640890015    -1171.9119703101155  1         0.9689619974205876
9100.187986209734    -3685.5560028513396  1         0.5201969214429106
-8071.528859601754   -6632.6633369476685  1         0.37206457814694593
-785.024510540123    -7483.988946884121   1         1.0966800828678909
8815.571255710813    430.7745371766164    1         0.3205882142870313
