trucks_count 2
drones_count 3
customers 34
depot 0.0 0.0
Coordinate X         Coordinate Y         Dronable Demand
1831.9822538074854   -5147.218007111731   1         0.17979886772387804
-5078.083218909727   -557.1958509848125   1         0.45412492331419774
4513.3724079048925   -854.9051630896729   1         0.5520390275448538
-39.818197086443284  -3017.7654599284288  1         0.41416715010726557
-380.627895460209    -693.5221481881586   1         36.75797893490291
4410.109207452189    512.084645088153     1         0.9102755227252767
-4594.325029521197   -5295.808241170277   1         0.6520455123635405
3678.6103209754547   -1647.5273738093208  1         0.7797199041162058
1493.1895725672596   -3580.0661873452545  1         0.5297423440069466
3900.396472386571    -1449.0229059292876  1         0.27770292656052825
-5427.22832409649    -4382.285667555111   1         30.760489622939584
-1740.8977702389247  -4891.948546911296   1         0.6210672278187547
5121.245872510853    -3189.978001494992   1         0.5009266816036813
-4211.962207946887   -3652.028609040987   1         0.36321831457503395
-5731.74369981697    -5547.779420258727   1         0.45565839933581587
-1581.6659293562402  -772.1346268321203   1         0.1341934446934731
3447.8240449377085   -3294.80710657309    1         0.299958113552772
-1486.4407054189337  4211.924307356169    1         0.5391891848178048
-3233.6937445426724  -4740.893492723031   1         1.0198308460554635
-2071.4947604271447  -550.7918441289685   1         0.6531206462433535
3453.7751799604525   530.8328672381609    1         1.0278602980716796
-1816.7553511007395  -3185.124512895142   1         0.9749146159859342
3392.2998069392047   -3132.1808965129203  1         1.1149650292405155
4846.486173676282    -4314.691498165749   1         0.7234345352763188
2344.8350922113527   -3713.6138306083853  1         0.9991580706731835
2869.931569632109    -1433.1051445736966  1         0.1796783552001
1382.1228309967028   3051.5298463030404   1         0.17669456731114572
1951.3599109887582   -2664.0428156728362  1         0.27044523018013994
4685.351684304733    2126.660735377707    1         0.47863642763529946
1524.5926137917513   478.7401138499139    1         0.4500885540162928
2823.7473800324765   5455.7882708839      1         0.6179249049334075
-3904.2690975576347  -3744.9394394185006  1         0.4149154883497411
2416.626943715276    116.763162750721     1         1.0494507803008042
5548.874589680508    -2353.469901340027   1         37.505181643414524
