trucks_count 4
drones_count 4
customers 55
depot 0.0 0.0
Coordinate X         Coordinate Y         Dronable Demand
-6445.154221649877   2284.1952963126655   1         0.5762233167927217
3103.7667863838487   1644.6653915309453   1         0.8961808812367824
5309.545294909395    4668.159823085031    1         0.8477897799787375
-5671.7774148552235  2519.9858945764845   1         0.19675666603215225
5302.264757371539    1456.8465949444278   1         1.1679908400349213
5129.03184580374     1470.111554241729    1         36.632350161891324
-411.37063112061094  -479.92622718002735  1         0.8015211714687571
1414.9904308931118   -4670.699630169914   1         0.7429240664230767
-5943.599112302554   2559.441110411366    1         5.017986495825353
-5950.561868964065   -1207.1770113645903  1         0.37189074101544395
2403.2920019666794   955.3768716458047    1         0.784296175908604
-1585.2027430167645  2640.500330014129    1         0.5023764480756555
1278.1565104425488   5273.962719003763    1         1.071599705932077
-2937.710428882882   -5683.762337732212   1         0.2330059992755893
-3651.588301657966   -5421.170335076691   1         42.610967732849524
-6562.171904187725   -287.3698336709355   1         3.678264249174382
-264.222317337417    -4221.4402460280035  1         2.8903086931436444
-2732.1349137071397  -2619.055020881076   1         0.5024513745101005
6142.145236271503    -1006.0527701428373  1         32.82411607348892
4704.92589125153     5072.977461550481    1         1.0816377698028952
-5701.045790505351   -871.6863791368094   1         1.1864468412711897
5827.594779428608    -295.3043553413572   1         0.9794674110386823
4113.764101130777    1365.6895790450735   1         1.1941661538003405
5095.499594213966    6269.488065965137    1         0.91228215993969
-5997.396968906252   -3117.2649811470856  1         19.076766963261573
5774.0039344736215   3927.882682424146    1         1.1478990808895486
55.28811200730056    -1453.974958574842   1         0.8751498013953688
4046.496255917378    -807.3989098713046   1         1.114854570933044
-5538.831602459504   -638.5835620749178   1         0.9063967308102768
5085.359117270285    -1858.5229276964574  1         0.3250608744005679
5434.084005397461    3948.407846693624    1         0.30075118619162045
6579.880730186048    -3800.838182395049   1         0.3435824791075336
-3459.4772085474406  2161.955045286215    1         1.118776539458097
1885.6799358134485   3412.5484885514816   1         1.1993799069421733
2218.6576916118847   -706.4464927081235   1         0.46840768742145467
-6589.148620984398   -4393.031103929193   1         0.9894698747326931
-4498.324699692664   -4776.1574355013845  1         0.5042484450830241
-1358.0402487103636  -97.0388185630919    1         0.8578210810119035
1044.3007873648412   4004.7272078621113   1         1.10806817355944
4397.219396777318    -3849.3761750591852  1         0.7044591707639494
-6546.298114331773   -4036.3788509912138  1         0.994811459862586
-745.3614026986861   5477.35160387533     1         22.83837456789081
-5185.864475004862   4175.518943699491    1         0.32408200948395705
-1059.9253879218315  -2803.114997501399   1         9.551161812497002
-3578.9716859248642  2259.6246455349697   1         16.649790163156027
-6378.859450270641   -2944.70277293918    1         0.7393885345203429
804.111091980424     1336.842430620855    1         0.7480690352725187
2155.038485663071    -5513.5903521464825  1         0.6518933941977522
6385.053888702616    2700.0576366972937   1         39.04206429397392
-1301.7522991804667  4251.4434262287405   1         0.8885021663135132
19.737732714856975   4166.185577244325    1         0.6946050365069713
-807.6788754857696   -2085.647108476505   1         28.986438114615353
-5102.417069017042   -5899.761589885979   1         0.8441653746966685
-5865.431492696211   2500.3057196958525   1         0.6103284945638535
1877.0773199679834   2858.917210469827    1         0.8994460451078189
