trucks_count 6
drones_count 5
customers 100
depot 0.0 0.0
Coordinate X         Coordinate Y         Dronable Demand
-7994.182973017421   4987.569010171889    1         0.636003391089474
12577.390972287252   -11312.708001023264  1         1.16764244559717
-209.192302557343    2355.832584696794    1         0.9693518746258447
14582.846969672693   -3626.251848127604   1         12.212000582036996
2428.464353240175    12606.338243256858   1         15.85260127130214
877.7345134674625    -9738.84354362222    1         0.7721237912677668
-6265.75154143415    -6337.630624072518   1         1.049657528398928
-1311.647967549146   -10502.208653059866  1         26.019169460893565
3625.8439007863003   -5988.536867253696   1         0.620086027711372
4404.381943454023    -9646.270906052332   1         1.056436005618777
-8884.47496149416    6388.952593047983    1         26.978783366970315
2478.92821132375     -6370.015410521205   1         0.45934159583280265
-3997.1533041281036  -8649.331725757656   1         0.7715267482691576
1774.7672906844302   -5993.702490316332   1         0.8692517893920169
-9485.367925993785   -4756.650178578027   1         0.8553369061627748
4414.335900899566    2160.8118725809823   1         0.6695703475519117
-7343.743881725954   4289.272471281158    1         0.21757535771442393
6822.265356092186    -158.90903689890513  1         0.5204668831379532
-4729.765633735674   -7498.220488699762   1         0.7403079725015358
676.6622012046654    -9565.977122352848   1         35.367511762452544
-329.1407998778237   -6832.049218873492   1         48.3415008848224
559.5305905400857    -9478.206977558024   1         0.14115623985177692
-2438.2155376970427  -9286.311351851744   1         1.0862209899673971
566.1064158901074    -7031.812569700733   1         0.8583510824576911
-7444.417723260749   -4227.652942855737   1         0.48617874536021366
-3209.4700139742176  -5025.152969248808   1         1.0016591419452463
-14774.462180166787  1430.4971376884569   1         39.68569796116157
8941.883039038792    -4616.811210294427   1         33.66230328653979
-6415.596434725154   -1741.2708773847937  1         0.874601797463618
2724.4814697051343   5632.51014200162     1         0.24095404806267573
5833.466526617264    2153.780921496056    1         1.1787484645773203
-15023.542870027497  -6961.4028781532725  1         31.23183484380626
-7908.125668273013   4435.977846875279    1         0.4348045044004427
-10554.852469628104  -1970.1550551895905  1         0.2427886993863862
-3227.546011414556   1948.2143319943743   1         0.2408140958080184
4978.665621183547    -7331.558782506053   1         1.2043151615608034
-10436.780910900783  -6602.230978344138   1         0.9560524862926917
-1764.1431719807279  9209.161661054144    1         31.813858227438494
-180.8312117005166   -5995.0348991492065  1         1.2244073477735782
4111.87358901726     -3580.172964186093   1         0.5764718183678779
4861.742428884249    -5882.305866690511   1         7.925658215433274
775.4687638561018    -8883.62672566481    1         0.7672209890812819
-596.3559707439564   7692.125333802805    1         0.154379075390872
-9640.650052608344   4937.788542967546    1         0.22939082973747832
-9377.021763416822   -12883.69496991258   1         31.542298679106686
-1581.7047074404775  8898.773581143452    1         0.7545358319426299
7939.498479468944    2010.5733967906765   1         9.380628519189926
2693.4649468187226   -6286.8892945357775  1         0.5407182088422166
-3957.6029575340995  -8346.479508835002   1         0.9437046365647219
1473.4428033129918   4331.235298097556    1         18.937286583885044
-10198.99720743087   -3305.178575454985   1         0.32411650752280025
4293.684359394852    -4156.861927790465   1         0.6493876811807369
7646.5960476491455   2317.98198472979     1         0.3014262443647634
7156.1929079913725   1408.6086468967294   1         1.087174832107077
14854.5738681816     -8838.45252697611    1         36.94376584312879
-7205.532447303907   -2401.5194847113353  1         1.202048750495292
111.91416772929112   -4854.133654487464   1         39.061026046715206
7295.449035825221    6875.371587735575    1         1.0556456542134456
-13698.579431449849  -11712.461911723534  1         10.07594685268878
-6040.676588005953   -7083.260584668078   1         2.4195490856349586
4929.942293178348    3750.059336675283    1         14.669214212581046
6412.861293042839    -7900.939013699677   1         1.0168947930778776
6287.160841298449    -3026.2859683822635  1         1.1710805964737778
316.18868505694627   7069.797833919012    1         35.76827430799148
5575.924217021725    1421.1681931663243   1         1.2210959810804045
-3765.8037842235035  2918.4265163538475   1         1.028374821304737
-5587.17541458246    -9057.15481259146    1         0.9050038276039908
3352.350994732714    1301.8613609129238   1         0.14876852956453007
-9366.408118870479   -3473.6692780592925  1         0.7998402480943181
-4948.136976855718   8716.109265035646    1         0.9908376732789311
1545.770707367969    -2235.1786164826485  1         1.0312666765707474
9007.566061241514    -2241.800244501046   1         0.7321425028773054
-4118.411268954545   -4542.039533005447   1         33.21837164247427
1256.9681003240717   2094.712379713399    1         0.14383976220825695
3604.4144029640265   -5678.0229911347615  1         43.72514369994971
290.8069442191761    6194.7823144487065   1         0.5290781310476501
-2425.286540575053   -9634.005181180826   1         39.93858992315019
3630.118833335616    -5522.672231097126   1         0.2675971772119171
-3021.5004342665598  -7953.227150715246   1         1.1686325493382992
7423.933744809616    -2159.3061159339227  1         1.0585931798712975
4757.704453140663    -424.81878879732045  1         0.9199510247959636
1745.2181472351454   -3506.0522710730565  1         1.1494313912695187
2215.810330602032    -2664.854039622034   1         0.28521272581003865
-1494.4705831027882  9020.908294799196    1         0.2680467050405617
-11454.531701565182  3460.773385098284    1         18.4943119245211
-1625.2415394180973  -5040.510686268759   1         0.19856799136375955
-8919.37402171741    5794.723595825926    1         1.0518141384738053
-1133.2007599309     -390.2618844899589   1         1.2468295953651454
-1026.2457532873518  -9364.739235049463   1         0.20169406938728834
3793.5078883868136   -10172.285216916081  1         1.087859024691468
-4654.536414527922   5279.814775659575    1         0.3396670607670397
4915.6332486220945   -7043.066706351028   1         37.131914360584965
-10921.86897734663   -44.9940721586305    1         0.4039237542309706
-4111.948418685663   4002.379390792248    1         1.1722753150306555
6433.087863094426    -3457.3266841626796  1         0.19556784483654938
201.1466779113562    2490.2352771206183   1         0.293502989179649
-7294.376029957294   -5715.59340522986    1         0.38501272884477655
10991.812856705408   13927.48872843655    1         0.6496040752882871
-840.6868235149275   7707.442346447041    1         38.064195504117386
-1330.9563743691892  -6433.451987918926   1         0.9576441008850546
