trucks_count 2
drones_count 2
customers 20
depot 0.0 0.0
Coordinate X         Coordinate Y         Dronable Demand
-6671.807821940391   -3750.32256482493    1         0.9925180351579589
-16073.991439171099  3373.7166935119385   1         17.020460015070004
-12550.326791116217  9558.226258422972    1         2.2581683358252467
-3899.1667136815395  6768.154368215026    1         0.984050161498228
-524.1631463942465   -5196.569340294164   1         43.0954779325706
-1030.9138436431283  -9547.113828065063   1         1.057025588277078
6208.554828064321    3416.887511386255    1         1.228851015006609
-5950.7051689359405  3247.7084261157124   1         0.8328225722108027
-6480.490296854892   -6397.9232264196335  1         0.9444244838915608
217.9698793919734    8871.402404430468    1         1.1575648216638823
990.7150821020755    10639.551348647454   1         4.752296702272144
3939.356981693897    -6393.860907904213   1         0.5177002944954974
-9707.13502521853    -5001.040497951048   1         0.5938734899817857
317.8826011651732    2987.938325085808    1         0.7911585380105735
-10454.17730479165   -1055.1854465917431  1         0.19480350160635918
-780.1292631521709   -4126.3755302836635  1         0.9588056795355235
-2972.717866748511   -724.4113053629352   1         1.1315312734151117
-3783.103497536894   5156.426115514573    1         0.9229784796703134
-1949.5038502392745  8516.544574132555    1         0.41561553781813154
9017.623828048343    -5024.184737193236   1         0.17747181349669322
