trucks_count 3
drones_count 4
customers 66
depot 0.0 0.0
Coordinate X         Coordinate Y         Dronable Demand
-92.83670184127914   -9383.566277463036   1         33.90629841622639
6257.866421846302    -6393.507945478262   1         0.9647970973731996
3577.0599850911567   -4017.4142554487516  1         1.1492037533823454
-5136.070564492726   -1926.4119100467126  1         1.035246450698089
8295.018919861976    -6943.30629896758    1         0.5586498525325878
-4339.750250565469   -7929.966284226068   1         0.4295206437788247
-2131.2862808470313  9331.173946632518    1         21.096494282086088
2807.327005362955    -3179.0479646894164  1         31.69800504511793
7723.402150431382    -1759.5626133647556  1         33.775527851890914
-9504.033211937458   3552.8301574346106   1         0.8997196221460508
-993.5732520969225   789.6271748641655    1         1.1579389780214717
8956.642782818684    4833.3444640199095   1         0.7247523137663063
820.4028264419776    5426.618052205142    1         0.8019239850428066
-3353.3255341868517  1854.0324740753967   1         22.917850279354848
-2686.437630786775   6789.848765448562    1         0.720323813193818
-2268.747176705212   6704.00887314712     1         0.7745387169068142
673.1530512429694    6429.954335308837    1         0.8557200288492683
-3401.153236427837   -7181.708305796423   1         12.202064654476283
-5112.715406677967   -700.416265738224    1         0.11913790204036151
-6225.582327162882   3801.345225575857    1         0.3612357724924664
4149.36697562993     -7142.968465200816   1         5.930033646635969
-4081.6779759604915  8947.565945870549    1         0.5495445837273555
3372.6308714639918   -8509.339252713875   1         0.21288123630902273
-9629.327849222987   4003.100457632123    1         0.43115683855303144
-4649.139417238697   -756.8710196858119   1         0.14436127385503988
-2395.5611001758307  -1617.5169165394918  1         7.634490117063541
-6802.842393827013   -7775.746188045687   1         0.22926407106274296
3105.341915006116    -1051.2928636926094  1         0.1300825209408305
-1065.0205705335447  12.912362925429989   1         0.49878010846489607
-4469.153727996171   -3125.6969462737748  1         0.29527025099522053
6437.464968665137    -3363.076526740583   1         0.17702917757344352
-7153.921293707753   -7127.410612532909   1         0.6871530800068472
6743.325879920338    -213.6693736714134   1         1.2183719403669127
9278.991786748273    -4466.666381707435   1         0.5156657656060202
-9583.749517103639   4484.0832769708195   1         8.075665172999447
-6994.607006764543   8350.34206033726     1         39.321162574838944
-4454.99657666865    -3607.142248515565   1         0.9049923458640331
132.56456820809763   6487.44828829003     1         36.01696577455546
-7948.238634846825   4624.917920438271    1         26.759672629177125
5285.056659847687    -25.891354096980155  1         9.136343772513921
8456.321839651735    -4241.519125525461   1         0.19887369888631737
4272.064033881115    1629.2231320216792   1         0.31869232856452046
-8078.05022523026    5385.0982579673455   1         0.3516688073395492
5306.000095206133    -8223.648540653025   1         0.4127676854536225
-9149.79549233333    -190.85949495706967  1         37.230249714364135
-845.7811488254674   -8797.423696068327   1         0.576134829956192
1146.7445803889073   -9238.986451374529   1         0.23876663013307983
2784.5327921042035   -2720.0963270906127  1         0.22968869287974625
3858.615678347449    -8235.406351897733   1         0.8151957742659566
3848.284451537592    3273.5810991584435   1         0.9676866083744524
651.8975760114632    1260.911199050061    1         0.5252057560556058
-4675.832704069699   -7553.484818321528   1         0.22612048071494187
-4222.7166719411925  5114.623368157752    1         1.1773670017862552
-2046.8313042951193  7063.682223203966    1         1.179486261064266
-4602.218552753756   4529.761446125934    1         0.8104304226195922
-3801.153412827899   2039.21467681921     1         32.4563554146619
-9340.238158107337   4651.459368127729    1         39.58828492040553
-1772.5306955901547  3806.012121795669    1         0.13843094970123504
-4244.10067899294    7921.376034607216    1         0.5541165573557226
-6653.893935581447   3803.3589005043114   1         1.0895897197366644
101.09493758090753   -3006.819219364174   1         0.9297732889521264
1783.7414592428665   -2241.2480942253774  1         1.0578888384050773
-1436.3505006784944  -3797.925722212728   1         0.2796889780495075
4171.36731329413     -7858.583618359241   1         23.418905899933602
9.496586084762564    2270.439498536243    1         0.5746621155458941
-464.3253199632236   8565.680050054863    1         11.274361764634776
