trucks_count 6
drones_count 6
customers 99
depot 0.0 0.0
Coordinate X         Coordinate Y         Dronable Demand
-1451.882004612757   1566.8521800338506   1         0.8671102454438916
783.1724303476949    -3448.9805556467763  1         0.9326789010261758
-3496.396193460068   4376.12678881755     1         0.46707413836109546
5720.191796197588    1123.7468279691786   1         0.23941091639714768
2327.2837104217506   4404.698376077929    1         1.0620898959256493
247.07629535548162   6114.914371723465    1         0.16941702434687206
-3506.2481483812394  -3700.058579862256   1         48.07283820571064
-2182.248244369711   3227.234390294025    1         1.0861488557989063
2112.9843268523427   -4030.142392039326   1         0.8544702290426037
-4154.019918434603   -903.6600035799388   1         0.769542635714568
-5024.8299949160255  2156.1108038552275   1         0.23589528423663345
4101.0416474278645   4430.273751829918    1         0.7727022186447768
1336.823074768079    -270.1791523436468   1         0.8208317935626068
809.2592031970889    1285.9596593622819   1         37.617379641059024
4323.77959523841     -4168.620488510264   1         0.7181396791215211
4782.846207300175    -5931.6007360470285  1         0.8809811438713532
3117.253542574571    -1761.1924163912108  1         0.45659410228875963
1007.3178671053429   -6382.5538028239225  1         27.709156498427234
254.17750711051514   -5956.073412219798   1         0.2980408272690158
-3368.0161515915006  -6074.499110396535   1         20.61140549972815
-2778.0904990191207  2352.9184181659084   1         0.21520154995984075
3597.0570510680036   -4038.510001498127   1         1.0885933862163693
-2632.74246515272    3612.960218633682    1         0.2521010676220058
-710.0957598713039   1530.8931025372794   1         0.7043830444796342
3001.573845551303    -4458.293297906071   1         0.4309179264621231
-4416.326496241839   5133.507295626972    1         0.9834910522549011
548.5804826070549    703.9291812726689    1         0.6370218963199376
-306.82839947359406  1125.63634972235     1         0.8755680817235058
-2923.418301646821   -4993.916641253584   1         0.11658891245850053
1312.5972758696705   -3120.2489371625625  1         0.48961279581077877
-4528.931424817811   81.4744932398451     1         0.10419899413525249
5029.999571189722    -2740.94951316131    1         0.4456911816218827
-1023.9718880867413  -2704.276555281317   1         1.060976093175778
34.28486192201466    -2300.616946087361   1         0.613406500362889
3332.8508487921695   -1158.8378702703849  1         1.1090401396252418
-2536.068392743251   370.92094556805597   1         0.5688089955225114
-4429.366624358805   -1274.9485099128967  1         0.6311460358989355
3798.110873139147    -1838.3382044411464  1         0.5901642272841916
6101.281324404664    2909.708853303332    1         0.7679767776929709
5295.272692935122    1799.6191421725043   1         0.7193231047395017
-2564.8978659317804  -6295.0105806047495  1         0.4140011525204411
5742.74775809078     -974.2964051194671   1         45.30220302369201
5099.112068389309    1263.7273803032908   1         0.3669727868053644
-1206.9820220850836  -5649.4530927290725  1         0.967506078404156
-896.506400755811    -1327.5391560332573  1         1.0085719351124185
-3677.9884357942474  5158.811458194625    1         0.8067503021364014
-1383.9944785961493  3760.197235857204    1         1.1205640326151254
3328.2587879421008   2524.5593191995017   1         0.49676548598364423
-813.8621473226181   -3473.7826798337737  1         36.155881221225044
2830.7517131618692   -3567.246699665999   1         0.14770990478407817
-5184.569170813133   5999.910516149727    1         1.1494641092336264
-4621.385755169323   -3788.167678222751   1         0.5819511792859989
2624.71226481466     -3567.4657485180273  1         0.38011143662962155
1380.1452056759595   -3364.2579439702718  1         0.30760952479001236
-1092.3552026677846  648.4103227760122    1         1.1568882418130673
4219.511673577027    -2892.5021602219076  1         0.6296004238435863
-2092.101543984726   3441.3173825017375   1         30.266996248911905
-1679.971388187689   5730.8488012494145   1         0.5770513510703711
1300.8284498211726   -4704.733695425276   1         0.20356104016824006
6133.907609736965    6106.223019217151    1         0.24735225667906197
-2269.015548494033   -1571.5883753282471  1         0.7607304140136124
1079.6087158530468   -849.0865977065871   1         0.5847396259329224
1092.2114594383268   -363.9420624242328   1         0.6131722586439222
5861.5235983202965   5778.2084276162295   1         0.9104802000386264
-4664.136678899024   3871.0004173608336   1         0.9221502670245689
640.8637272585429    1851.0784822814883   1         0.19882697475748468
-169.21823379118723  4277.240653467267    1         0.3075727186034786
618.7564498881842    990.7183875743932    1         0.3586786827247428
-2289.8773689147674  -4707.351697769535   1         0.17967593029252002
4413.310840066985    5505.258130265384    1         0.8175025103451534
-1308.863563076069   3787.5578460123497   1         1.1757049928074497
5622.552674158819    1798.467777532258    1         27.72234286365719
-2028.5054337920592  5061.6101298471685   1         20.361274914289805
2709.0990296068767   3475.130055957884    1         1.170738481493501
-6439.104696827495   1787.5746523177068   1         0.4490584307207436
4608.554861861105    -4178.679901369031   1         1.1540200061880006
-3268.9517882844193  -5365.412821736811   1         1.1703021984300344
-3906.3203567831733  -3193.478482519542   1         0.25090547836157945
3443.424328343906    -2289.3990356761137  1         0.587734994858347
1958.6699291760938   1062.2661555402976   1         0.4997247164864528
2485.765033026276    -41.2781267718301    1         0.8987270519273055
3741.1425263984374   -1270.8636597408013  1         0.2627243839800224
-694.4641328460277   3700.150331200158    1         1.0333398499765385
-1144.422852896144   1547.2991151383576   1         0.7651431774080732
1910.3867831330856   -1600.5672176517007  1         0.24992648433765072
4804.080251341246    -2629.3842531578234  1         1.1934728677933817
2386.3882005080677   934.2709762872886    1         0.1405482697473043
-4739.068001759159   -4517.570952226886   1         0.2784447540403113
-5302.891102192314   -5718.698549836143   1         0.4745873526975911
-4779.545249219805   -3060.7945139376266  1         0.1538868626964386
-4138.884354287219   -3068.655896278821   1         18.1506945524402
-5507.233407456836   869.5238942319866    1         1.1899941221679335
-2774.10252563736    1729.4710350541338   1         0.9472687090227472
-1494.2802908908698  -2742.1275635237903  1         0.5582633344767326
1123.1384589826223   -3041.2741538944756  1         0.17565530107743027
-1358.232014543867   -3160.367392568755   1         0.10886748714987643
6245.87814832636     3683.412270779344    1         15.202857648907353
5787.868236487671    -5066.044488994978   1         0.22071528366052098
-5792.783354561922   -3638.5939741378893  1         0.9057951928448745
