trucks_count 4
drones_count 5
customers 62
depot 0.0 0.0
Coordinate X         Coordinate Y         Dronable Demand
-2851.0456432713927  -2770.135745441334   1         34.19531320395965
103.49753761179804   -2112.532521468556   1         47.26797418584092
295.02390318795443   -4825.4497077275155  1         1.2255848486317433
-1896.8169489914762  2856.5133628639974   1         10.092674980716646
2491.4381071442663   -3059.273313213416   1         1.002559633439476
1444.935960846509    -2260.4565479832117  1         1.124458249067802
-1181.7462969628666  4661.862277561714    1         6.741872587791299
1486.6459422778198   2066.2884829607738   1         0.905606698846386
-2260.2723829475804  -4911.403547377084   1         0.6096243443606802
1469.5598059227013   1396.7311593424793   1         0.33659712067840775
3476.8295602119542   1463.6059941491858   1         0.7833771456571402
-889.8772504576673   2183.730008174102    1         0.7300373612514078
2981.478116304119    -3023.1799435859552  1         0.90982566173782
-1619.9827648776516  -3606.3584979879606  1         1.2445056198445923
3604.961519266508    -4538.985684939655   1         1.1209540093621428
-4323.669184926727   990.0675762082723    1         1.0296078642931572
4668.963154148696    745.7874832957982    1         0.3784661539745625
-919.7964177537452   2831.8685420384454   1         1.045154592632416
3070.2500054400343   3176.648086195302    1         0.9653064504207273
474.3704684454819    566.7035236159373    1         0.794412491178103
-2737.4388998035583  -1034.0129998523958  1         0.9147327827229252
2280.039968851434    948.1162511829476    1         0.792294981543022
2948.063385952863    2576.8238058618676   1         0.5922459873149876
2279.5893005843877   -3455.8618321475233  1         0.9487648439328723
3333.758697451023    -4368.189201566684   1         0.9322677420960161
-3563.1323319625576  266.14600668270054   1         0.6224762941696227
-3274.490493410201   2520.58317297854     1         0.5253109669607481
-1080.6519326682749  -286.687833799418    1         40.253419942668025
643.9509835150518    -4665.304612466048   1         5.912160762281755
20.463721866733316   -3127.9104135478115  1         0.931881114091973
757.5297392207434    1912.086399517927    1         0.6738783662620672
-3826.2321940305246  -950.9570134410046   1         1.2087877999189383
1784.4919905335037   -2856.4275746678945  1         4.836256951497752
2619.243989083421    -4248.531250958438   1         3.7356490349079188
1685.0573081156795   957.9080917814251    1         48.04705150054045
4276.248330110239    -109.5621815795993   1         1.2425566319024242
4184.152289244652    457.0028748389959    1         47.367486823966885
-2817.6993746248977  319.8908750395572    1         19.085673409670562
-3536.9108642622355  -5057.7769542766455  1         28.11330368505127
3590.786829850749    -2324.8097982908075  1         0.8857256035997396
-4772.613719407421   3060.0476786097897   1         8.146601314669592
910.2723001507056    1839.1567931893715   1         1.012294635775399
1188.690639535903    -1331.0265388120324  1         1.2199079870619742
3572.9216531512093   4418.451048462546    1         0.12129533994326036
2622.4538104819135   1204.185851045511    1         0.23926422402465441
-1672.151531420666   2761.961809524623    1         0.8424425811992762
4099.152148471697    571.7158934566381    1         0.7007061915513977
882.896842469182     566.90680755624      1         0.2878027166363869
2639.743043563474    2178.906426884384    1         0.912534017568258
-3895.0951851593622  1005.1435388148884   1         1.1251836561352162
19.911195510578136   645.8911778806481    1         0.25065583588247226
-317.41171934399813  -2490.0211998255763  1         17.25651894049843
2521.5716559286157   -4804.108197876496   1         44.31732456072614
3021.800459876372    -3451.8284050653992  1         0.9751574437545971
2462.4228847212767   -1550.0523286866487  1         0.9566742580911949
3724.81486045006     1407.6629849363956   1         1.2154965712455397
-4726.637684780724   2810.963307653821    1         2.1934308681900863
-983.4836648252299   2219.2684302794078   1         0.5801830080587086
250.0981645802353    -4461.053019195238   1         1.2303145561495437
4133.595539254558    916.72792061938      1         1.0613587185971176
1937.7690503144545   -2958.7534613956163  1         0.2966710007867388
3798.488978663421    740.8789675449862    1         0.17920380084875942
