trucks_count 4
drones_count 5
customers 72
depot 0.0 0.0
Coordinate X         Coordinate Y         Dronable Demand
-7479.6709891267055  -2874.8404703260157  1         0.23992524856886588
-4901.971199930184   2150.7961711270727   1         0.5330573106859962
4125.539275969543    -8093.02180814912    1         0.8308095195390736
-2841.310260726942   -4854.0352084650085  1         0.3209735149608526
-95.12925572014744   -2677.8303931479654  1         41.98076324140405
-1789.631187106094   -6428.530052298623   1         30.48364347196539
661.4999295658184    -10479.345870749466  1         0.9761261669226906
4068.942190126975    6782.965833878599    1         11.741835473772555
8130.465509035863    -5381.543858397916   1         35.338170380041376
-5301.46236968334    8038.052368364641    1         0.6561170172149516
2874.3966999796858   8740.315737257513    1         27.200662914093016
3772.820490915693    1016.419032755343    1         0.42806143106897043
2238.211495639372    -3551.819164291089   1         25.276624601431337
976.949065057338     7154.336844280198    1         29.716212448878668
8099.311631187114    4875.441792934271    1         0.7500777420386111
2830.720224518089    -2143.5152173444985  1         0.941788970191588
-6069.323998558653   -7047.402733719696   1         1.1440853245814366
-3611.383736737067   -4249.243368623644   1         0.3376619918457055
2733.776885248853    7718.495017605047    1         0.21149578225294927
-1174.6162853679089  3259.43150377072     1         0.8722042790380778
-104.73459731206972  7302.038798845115    1         0.41350031366689155
-3014.368211950972   8270.208384633192    1         0.32744048002038817
4342.295422653651    -3237.045923262374   1         0.7859839853510839
-207.93701407339287  6087.361266894255    1         0.6761762336478443
1393.7393445951263   -10355.023879882821  1         0.6369622970617315
8725.459243894753    6588.80038581952     1         1.2074443715511405
6142.85990530022     -3328.5972625293402  1         32.56699643807607
9601.301815347299    1216.3272698034586   1         0.6368893616048668
2196.370567913272    -8951.35512609349    1         0.8999202623306954
9128.43777916959     -8303.819036722778   1         0.6109132773126984
4747.3483687561775   -847.2834755704064   1         0.9573631925465208
-4589.276586242777   1884.3097431381782   1         1.1354256942456633
3189.2213952446364   -9595.259179309076   1         0.6796667833829232
-3642.630424546818   9804.090895424657    1         0.2523581747646384
-2328.37338684361    -1659.656713411463   1         1.0909348654171278
5596.294315572317    4887.162031269262    1         0.6619273366224154
3413.634213191117    -8086.412557882072   1         1.0704644433697208
5175.420910221282    3415.9789848631817   1         25.403229550201726
890.1503256922903    10227.705466870053   1         5.416333228934114
7271.879201526658    -1603.0793175339259  1         0.4854827717767519
8077.976008062264    6807.3598686877285   1         16.79603341764176
-1536.919878403468   8984.104504497345    1         0.18463935433760326
-1147.9150291440576  -25.953772918022874  1         0.5629111981146168
-7060.119797111569   -7311.746736496451   1         10.303004660571883
2666.3229821407645   -8219.616918590633   1         0.8684631631439846
-4829.536322064508   -2973.624225476957   1         27.174773036715866
-7069.651023832452   -3056.1280364022396  1         0.27270439023881765
392.64097712328294   -10289.373271784036  1         0.9888870809481782
-8170.105393229095   -9651.434482121747   1         0.8787870589199454
-8523.984106157564   -1265.2569462720076  1         38.65426873699845
9797.676774128131    2589.826570879976    1         0.9116207088667145
9153.404651335757    1291.7046865885245   1         0.9628041673052087
-6716.493652369808   1901.7884584436156   1         0.5294188559656251
4003.6690681375476   4218.60602631475     1         27.275169134384726
-5095.596194068922   -4720.157879957811   1         0.9051072667087396
-3382.7563119712354  -7886.544119511605   1         0.959772613270881
-2395.0189607332395  7109.678414995813    1         0.3674269166398807
-2504.1045397401663  -5998.942246629329   1         18.820062485400165
5088.930917738119    -9261.94518315581    1         0.9213390132742101
-1130.6926225615116  9911.853926716683    1         0.6826820536092004
2088.293432255225    -582.8713406658691   1         0.2707557186456203
-6106.311484471361   3733.019189809818    1         0.6910605182054008
-4610.412741219639   -835.8950684776551   1         16.74504549511591
3919.454195847972    -5431.970372476723   1         0.10286174906592783
-2236.8968017760276  5002.298868115313    1         1.0155846907619082
-5453.156940593227   -189.8660042623262   1         1.1238965779604468
9871.311860545618    4634.301980752737    1         0.5991829848640874
1620.7744077683983   7935.305573905976    1         32.2643820834426
5942.524084391492    -7215.367328740155   1         0.9270196683545244
10508.478480276097   10360.707635861401   1         35.177877106948934
-5463.135873449103   -478.17693663729005  1         0.8634583570617416
7475.525911009925    4422.9373814774945   1         0.5593700134683355
