trucks_count 4
drones_count 5
customers 59
depot 0.0 0.0
Coordinate X         Coordinate Y         Dronable Demand
-1405.6116397882388  -8918.38838436758    1         0.5113393022320909
-5602.653532584985   -300.8938240956213   1         6.857316898432762
-9969.143692456835   1368.274368688198    1         1.2435771907152386
4125.703003805817    3987.6464672941834   1         0.32218181923907496
8900.9157820539      -2599.983213813058   1         1.172594759892691
7219.249001614735    1617.5012921438872   1         0.9919583088506755
-4546.82018442134    604.5709083790209    1         0.9688080421756166
-8021.441564873397   -7963.550536250668   1         31.513868539160494
-1119.8797026122645  3202.0411569263338   1         0.19023063795788814
-8768.082121029282   -1855.708930046132   1         29.81835345039264
223.3163770602918    7361.292008671069    1         1.011356132157926
6458.801670174107    -11917.219607393215  1         11.032648378938582
-1821.9440892837397  -1645.8734694978582  1         1.1796437917644167
335.1304266907008    64.31573126368481    1         6.693050049738052
-3143.1139344057283  -8419.309474226115   1         0.24199043535470763
3069.4673944791757   5144.634736450174    1         0.24229307455803306
8799.941066333547    -2863.610567271      1         0.6045268140493145
7007.469650574771    -1838.6348777474632  1         1.0118853484559738
8318.489134036257    4846.217070667657    1         16.76503920410505
3690.3147895218644   8775.858545085084    1         1.1025772072102797
-8933.266140940148   -663.4301617731669   1         0.25987885314366027
-1920.5198153410972  10341.762441425393   1         0.5987735536177251
-98.49267105609768   6147.161351231728    1         1.194228034170909
7124.424883299537    691.635695333655     1         0.7759999299461258
-3293.3784710178634  -8159.677153705053   1         0.18607646758074567
-10960.066756712602  -4622.091268396631   1         1.6514538490569493
10105.911901770254   1385.3316553432117   1         0.2142619146394666
-2633.9385791135937  11996.616112656022   1         17.36307185329423
-3649.994633198093   -8169.494604678359   1         0.9521354279442358
4343.104615894948    -302.80511632859213  1         1.2361878054100617
-3234.5413758072514  -1924.9762114444516  1         0.5797342933123099
-8216.033747999818   342.9769311736024    1         43.86002916163848
-3624.7722988413534  -4831.626191858017   1         1.0960716595233007
7751.221992673282    -784.0199135807619   1         0.17365150685466163
183.98294988329596   -4584.224096042569   1         0.3449477115041115
1834.1043004965723   -7253.725325198886   1         0.8625815136136735
-8253.15150421602    -2199.458088617098   1         0.16873131353131868
-10813.723832542139  454.3814469788781    1         0.558177558563897
6648.548969024972    1479.699649206043    1         0.5614784812252256
5931.122953182445    7959.305704381877    1         1.0981095796061218
-9755.696416217192   -1424.6706677338843  1         0.789136007173237
-4261.675239148788   6648.898598825666    1         0.8816371955062439
-3278.5948744518846  4871.204994102942    1         18.63305342376517
6715.224782927504    -11949.109240404872  1         34.65657987080618
5424.4727554047      2107.3355184978955   1         1.0738720609008194
-5407.058910204517   1078.614339741624    1         37.03649734557341
-4643.517334246238   9503.619762685325    1         1.079925277667711
-11974.166372876954  -5705.468781270587   1         0.11106924688529703
4963.680249254615    131.87106521348946   1         0.8981275066841238
9996.771261692042    -109.11480281453996  1         0.4178091594765375
8754.504982802084    5218.567681713528    1         1.1337097243461556
-8952.111396622986   968.832684804467     1         5.062861984098049
11550.270612442313   -4632.885312257562   1         36.9371130325938
-606.4083508273872   -3099.16832300401    1         1.2060101257476399
-1527.9787830565158  -6851.892288485132   1         0.7385921245060731
-5220.98450388389    -10462.57540646693   1         45.544981191594516
7391.45195496767     -5031.739205879414   1         0.594615917462374
1125.0109876853362   -10778.7801605872    1         0.8717648699884858
1628.0457664658384   6903.860992850519    1         0.4784051632453036
