trucks_count 5
drones_count 3
customers 50
depot 0.0 0.0
Coordinate X         Coordinate Y         Dronable Demand
-1152.8772608761046  425.77277691316067   1         0.4124187216573
-8.68240222887016    5108.2026356316865   1         0.5785024569801033
2354.884720606196    -2223.3684782923942  1         0.9324797161810824
-965.5945826596716   -4892.931725789432   1         32.07220998873352
-863.4128222940935   -2415.511312926883   1         0.39909972079144107
3306.0662201155465   1117.288854662533    1         24.29788700394813
1015.7584462302985   -1160.3756359383183  1         0.9800783355494871
4989.804604512089    -3276.1872704273883  1         46.25584298210491
1018.3664062376031   5040.245701673256    1         0.652589105764431
3954.299756535278    -2451.476504126943   1         1.062779316854034
-4291.829948558364   -1971.5881603790729  1         6.9100287546050465
1988.823087170928    1826.1496158080638   1         0.2979895063542022
-4236.494289298025   2500.1745027222805   1         0.20067100680254252
-1361.168234344467   1739.5762778614367   1         43.14030376527775
-2774.5422134130617  -1435.3596379798046  1         0.6840283656481324
1608.2219915478718   -3878.882478231485   1         0.820679997002512
-2683.968390476859   3891.4306067840653   1         0.4308312155569127
-5114.363646501927   -1022.7464418131668  1         0.5064096503865849
1845.722102582769    -855.8148905251401   1         0.8365434626661294
1429.484408279027    -1630.2823897326066  1         0.48640552297607675
-1565.6848961972548  -5024.07465590789    1         45.03152251541152
-2270.0935165240735  1507.8849426164306   1         0.10871318021860604
-2070.3138200250637  -1640.898284533143   1         0.9593425785203464
840.1499247810962    -1652.023302319862   1         0.896499153285129
4289.538192208592    -3739.1941481376784  1         0.6183982934771107
1819.543902542345    -4796.144885447994   1         1.1032796795389375
2153.451141572051    4808.64034378926     1         48.39415565805234
3450.171329067534    -3866.9287519722698  1         0.5346950635836605
4708.54281703682     -3483.766771123195   1         35.96596343477252
-3632.834628730705   1127.5887187971784   1         0.5090546618892707
2050.1214198024427   3536.2919210107366   1         0.6938658197614531
-3800.2916902412812  2499.5316657461776   1         7.491926320912066
4297.338830452035    -1472.9731065562842  1         0.6751080329240893
-2301.4528760649896  2177.294023593619    1         0.5907682355206718
4139.367530767192    -2492.5245168513866  1         1.2043826308600152
-522.7774284878151   -2346.0099175709875  1         0.610098956423502
-4701.581371772218   1887.8449283856462   1         38.64381764176105
-1333.7486667146898  -584.3580553611968   1         1.177377355031058
-4673.396801009478   -2745.196452396769   1         0.3470986428955412
4420.682869043125    -4331.616668136778   1         0.839227956955102
-658.2469508053164   4802.985964831844    1         0.7781055633778494
960.6121182540543    -4638.3241865918635  1         0.9913339660570807
-2139.598149022072   5156.122410408824    1         0.7160463771802629
3621.175425767971    3633.8091273177356   1         13.235424138471657
-4668.431132673974   -3079.5020922912927  1         0.5962936902920877
3446.7839058555833   -844.508120389707    1         38.5932007166256
398.26022002343177   -992.5573077591583   1         33.8726228576174
4811.781847726964    241.40046745429146   1         0.46700639075589956
5051.778178861954    -3170.027389427074   1         0.16622860779834028
-2020.1921867355504  1805.1813836168233   1         0.2025794863472185
