trucks_count 3
drones_count 5
customers 78
depot 0.0 0.0
Coordinate X         Coordinate Y         Dronable Demand
16909.675800430778   6272.872861742035    1         0.9921845404000953
-3948.895771535912   9453.52340901726     1         0.5729966928213373
-4555.494355450262   -3145.4843736892512  1         0.5065638664393336
14501.423071486195   7033.479487837165    1         45.36384224529704
-1733.275889610809   2234.696499879459    1         0.3713526771818797
-5231.73471225651    9554.786546728503    1         1.2322006211481054
-3132.3801203260778  -2740.4367742539644  1         0.5213454033080778
-5742.477896217086   6814.617500517925    1         0.4633451575326415
931.238303654206     1027.9051036847504   1         0.14140226034157666
6029.989990389808    1427.7604854507044   1         38.12063388402128
-9576.26493109497    -3917.938945801683   1         0.9753649226066555
3087.47336196354     -10355.510717722767  1         0.3468252323581915
3368.776381467272    -6900.14813432406    1         0.10158719478105947
-4579.168641590822   8587.070296334641    1         0.16641147550244903
6531.703338794853    4794.220895381013    1         0.8166630227194049
-850.2093722226252   -6.924036926777711   1         0.7209380322536788
1840.7684536767445   -8885.337834867123   1         0.7807603202110268
6110.46214114154     8024.64315331229     1         0.8093997902783968
8493.71156506714     3754.639658586804    1         0.8284381381810246
-2335.0845406860803  10139.03083163661    1         0.2145120759669782
-4266.536228483905   9691.257461571686    1         40.86159015650499
-2457.844209898565   8936.738908565296    1         0.7572372514283147
-3323.0241354897994  -6533.805392308095   1         0.505157024044515
-1373.2013624169713  -5082.696045724768   1         0.5771564385349057
3461.424563377571    -6022.768285153338   1         3.5900373915206547
-1324.8352364059065  -6425.974009668994   1         11.902845523878039
3265.434432304474    -774.5677835352146   1         0.40844410252674546
2849.5803498428636   9333.402280560655    1         0.382726164906276
-4940.198530644406   15845.861396815075   1         30.335196583868992
2321.038102816754    6806.936677928484    1         0.48998852405612847
249.9532123600188    7244.9226411414675   1         0.8729130513735955
-156.76152417080027  3106.89197966161     1         0.19571214028150302
5102.041213634926    545.0141488965354    1         48.92059613554224
949.5772543847783    660.7809915076931    1         1.1883289032589157
-6605.580285046689   -2919.752551239995   1         0.736911739377067
-17143.79983318338   1522.1024649102255   1         1.1575651740583168
4674.036330159339    136.06915090741794   1         1.2253825072317466
-1265.044054614315   -4094.61219318776    1         0.6361436921344019
4545.785799088285    -2692.2349198729185  1         0.10724103504636678
-6037.235363594468   -657.3231697618636   1         0.9790454462735375
-1402.426802984449   1641.271838915949    1         0.12700240169541824
-5263.127606769493   -7863.079984685494   1         44.9221898907342
6432.162840941309    -5429.088052724492   1         1.1325061109091334
-3826.9828750038114  2248.6016867944836   1         0.7963702570987311
-2935.0737978498455  4176.30351141558     1         0.1956764191871651
-8251.521470126876   -1431.0330517291493  1         0.7910898449754165
-15897.409656378539  16819.35784621181    1         7.441097950141509
104.78883916425922   -5298.581077672282   1         0.4352439083797256
-9932.308387055135   -1737.7904030895531  1         28.77398707340692
1936.6940704124845   533.222881566788     1         30.19697251254723
-4052.945675036837   -17302.42436714585   1         0.997565878603086
7726.108623245228    -2876.2215895014406  1         39.956711664168694
-4227.971259808274   3803.337617950309    1         0.26761425934803973
-3375.77317194277    1065.9189954396643   1         0.6595895600306063
-3941.1075297409584  -9142.518277216435   1         0.8689966520722616
8865.141288388768    -11768.101026164317  1         13.676058234614892
8676.547209224975    5300.957530695331    1         1.135851862826245
2432.949062830977    3620.874814147807    1         0.8046613026145337
1347.7136137255277   -1834.9502581525312  1         10.578038157018769
1137.3368418240962   -4888.816918324568   1         0.3709164557783312
5593.784068242249    -4651.537794074251   1         0.697974461169437
3998.481144563981    -5677.038502157431   1         0.4623311261867481
-7677.892789028134   386.742373508032     1         0.5910115046297069
-3738.214596972689   -4306.160147871303   1         0.8469674435438751
1229.7704944261397   10110.685405140772   1         0.783609016896518
-5228.162299586029   -2625.175974468048   1         0.7980647705530177
-7344.579520112835   3057.755685205601    1         0.3170548587457315
17576.724797303163   -6903.776491184635   1         11.426762487369961
-5753.2388675318525  -5378.389340141577   1         7.138871645469632
3646.3129696615397   -15996.19230590797   1         1.1292039895052484
2135.461659986854    -4150.550005150156   1         30.11679604758151
1358.0192969641896   5610.989567501464    1         0.563509644128524
-1772.4989230171675  -6627.300561304385   1         0.19632279270939762
3439.2386242650878   9892.89760548324     1         0.5017223214114672
-10135.015371408657  3557.3620231624564   1         0.9698634500769696
11153.167070311072   -14729.307046236232  1         4.433093235075369
746.4804614349324    -4840.243467260551   1         0.43857508451363136
3985.064044903436    -4976.7522968031635  1         0.7849846258146
