trucks_count 5
drones_count 4
customers 83
depot 0.0 0.0
Coordinate X         Coordinate Y         Dronable Demand
5985.7989561016875   39.438344250400164   1         0.754503572881964
11702.542987870413   11565.517450067538   1         0.4959790352524811
6026.020098606389    -3045.933551168524   1         0.5889414734847982
17775.863295257877   4315.392098861474    1         23.09487937294321
5391.744488475055    -9333.88034670982    1         37.393235702645086
11748.564886785989   -12950.537513250454  1         0.6348674435486088
3169.7795476338006   3823.6494892079572   1         20.13123599266364
925.9417547904463    -2988.936529741364   1         1.1401665023390233
6886.454776305814    7291.112713808663    1         0.6905220342027196
13.374926820944196   9450.501261536469    1         0.41095764055168094
4195.208786300395    -9971.136947905703   1         0.2040191557733099
-362.1538520728761   -8038.205243092923   1         1.0706384452463633
-17453.596827930727  -12367.254405382511  1         19.26901369306919
-5195.701989582942   2276.9995352331716   1         0.12073836518756279
6595.499761999828    -2830.2698601066145  1         0.27649000497743487
4626.583547398319    4643.264028813368    1         0.31237109567451427
-2444.0092793880976  -12856.871336888038  1         0.6951222412635152
216.1044237700477    8483.99805944634     1         9.74774137698519
-1591.527362589868   8696.890167162968    1         1.0800466578966088
-3117.599006953113   -676.9651050796879   1         0.6160145820402991
-4719.475433670412   8409.908561221328    1         0.6355601500086134
-7420.25655277325    -1102.6277782512025  1         0.7321629735494254
1882.131888796931    -4084.8050356393437  1         0.7235405407576436
1880.941048873102    -3979.135225427223   1         0.4853801453239941
-3692.228594541101   -533.5347093033002   1         0.5045406366013161
3953.4922237638943   -8313.939668522755   1         0.137494983050053
-9855.261880732463   2478.816024212104    1         37.60229434522458
4018.959118154313    7532.019017076023    1         0.7528153597687199
1835.6048853490704   6064.886262136844    1         0.968173359482344
1166.6857218169425   3579.1754079773177   1         0.4596316386418209
-9358.85624963507    -5637.368949645224   1         0.6883930867588082
-9054.952225619654   1949.6462117124936   1         0.2177369654168811
-452.79682310251803  -981.9841642985253   1         2.402768035688357
508.3552974739386    -6208.753391939632   1         1.0780451974377134
-1581.691369616823   6267.721612050573    1         0.12899912772571243
-17302.733564852075  343.4990856560544    1         28.176819319513402
820.43139362654      10425.919426691004   1         4.107153219755064
-8492.481238440378   6925.001348814083    1         0.8951443020152359
-7940.308741680814   -1761.155666085682   1         1.0546347373887028
15829.438976731835   -17406.889006912563  1         0.35793835871148216
-2780.1277630687846  6549.391372071524    1         0.5521127422643436
-7623.685855718321   -5971.215608888757   1         0.38144040310332883
-7178.133958324654   -6032.26017112925    1         0.15199339679019533
-7323.536010016578   5565.9367170481255   1         6.619666149745266
-8094.80566739108    19198.07837699099    1         0.3350419177408445
-6909.8964864921345  -8148.042419012106   1         1.2146730358078077
-5326.93830524505    8739.431055199864    1         0.36336446052022586
6854.762776954507    -3866.8987440946776  1         0.4746746913694875
10133.07335928301    3695.018465013075    1         0.7270006116074637
6967.538127074291    19668.905235388316   1         0.3212280162332595
-8280.215737052062   4061.626848825356    1         0.5357125778309606
1313.3580041952555   -9153.50634773384    1         0.9272089621340643
10764.17396550599    444.44383700238046   1         0.21765497154671826
7741.313669409617    6646.27517099221     1         1.0242200882313655
8488.79317207414     275.56970514050676   1         1.0138452258068877
-2496.011619394268   7171.787854778852    1         0.3078675928096864
4208.3957129297805   -6682.59329988878    1         0.7207545324607052
-4281.79807333402    5376.411454696215    1         0.6781257717577912
-9208.787092947365   -823.4564842481092   1         1.1915375834043165
4682.2713730137975   -652.1489442842299   1         37.415571448480996
4026.365906742137    5892.471171456393    1         5.270267367149469
6397.457389364094    3238.631286497276    1         1.0073937878726942
-2343.052669325155   -1669.4384236795356  1         0.3208414735046053
6906.3351183977675   -7279.342926965433   1         1.073089450763032
5176.747165245224    197.95090818355723   1         0.4166063595962325
-3016.7138279479395  -2889.8147491352006  1         1.165286696306103
2274.8876284300063   -9571.987384027998   1         0.24086485280071018
6078.210249907967    5531.882938500247    1         15.058490696973173
886.9214587146748    -8996.975866609928   1         0.10725533440926135
-6215.609001920265   3234.8888994831295   1         0.33724994799300645
-5665.89976928556    8157.2124337187015   1         0.6993399914038435
1764.870817636457    -6907.148499211338   1         0.14062345745624455
5621.21970864792     1607.5103449142127   1         0.735541770496118
279.3800459874243    842.1673675458068    1         0.6286398711243246
1486.4598792863349   9966.649790364367    1         0.45082917415331814
9087.910526900212    797.3696379165723    1         17.779094304269936
-2934.452030433771   -5387.780861705838   1         0.310373240768736
5712.178139668181    -2695.667765233838   1         17.153555511153876
3471.5095156070274   8588.322674900366    1         1.1400127664193356
-5660.555143322254   1129.851946845155    1         35.971055912738954
-888.168047718779    1992.6061524170539   1         1.6293984206767265
5895.6884809338935   -3425.9446445153467  1         0.3828815814113995
7948.879907586721    618.1665812831629    1         1.1038741539998758
