trucks_count 5
drones_count 4
customers 41
depot 0.0 0.0
Coordinate X         Coordinate Y         Dronable Demand
422.124603151432     594.3986920808447    1         25.070968968470208
-381.99722195570666  -2572.449310905122   1         0.786100093501598
-3587.6983693150837  6023.904005757883    1         0.8655193953086654
-136.41310953431298  2668.041125142507    1         48.85632911042789
-4831.213406733713   1502.431087777579    1         0.2770939505663156
5467.604669120267    1218.321274379787    1         0.39511764414567574
-3005.6918116996326  83.7300712884363     1         0.20347665779022206
-2592.2050774913214  3718.8547026120127   1         0.5183944425523423
-2504.1610632193842  -4485.806408394247   1         0.587815739339678
-4642.66117972159    953.4290953812899    1         0.16054036394882495
2598.0982271683965   -133.8886548011817   1         19.47953719669098
2425.583320079674    -62.72497361449193   1         0.8195524100650358
2084.0845184721393   -3193.923869456079   1         0.7528254858161422
-5859.818888069383   4304.435914536595    1         0.9139424986141008
4316.777795760343    1624.7538050141432   1         0.8857469471447277
4035.7972998075047   988.8606749679628    1         26.772485214074386
5875.199595883849    -4822.598120756447   1         0.48037567154191374
761.3550076516464    -3585.9491274155703  1         0.17251275158059015
-1580.4732993773844  -2493.9823187822326  1         0.7596780399315308
1335.6180571087145   1488.3372471965624   1         0.2028576495637005
4176.497968934194    1910.6789046418814   1         0.7809486729065717
4711.263590840613    -1665.1682510109617  1         0.9142521609030156
-5438.141916188124   1406.5092144763037   1         0.15284275937590766
-3876.7354787839795  -1070.9852854505398  1         34.85242935174494
-2794.094296232975   -972.786024278498    1         0.624357708373408
3269.4356912641606   -3226.293037726592   1         1.02412820822186
4693.301159906491    5040.219425946151    1         0.9722762444764416
-5351.47105501454    -4728.455579055879   1         0.19597591986902957
4315.589890910169    -5236.122661027122   1         14.131553463478244
-4585.934721222688   -4979.652641870181   1         1.0237268498945757
-830.5768720302283   -895.5297541506266   1         0.9227952437846367
687.8783163313036    -6137.259219254927   1         0.8090740233317855
-4866.209663742437   -4896.028913633021   1         0.8952245741642012
-1037.320403388564   -5144.1429120014345  1         0.1551631800944521
-2279.9669480803495  -6122.172543361064   1         1.2408446689284818
2019.7723443020684   2108.404365708088    1         0.5986184241529854
-5592.891117420374   -2543.700686935619   1         1.0289911690930003
-3138.605520730944   -4232.132886653355   1         0.5230669333440525
-1686.5601947639618  -4979.589949287023   1         40.68717750405346
78.06282717956864    5356.31421785163     1         0.9988355343413667
-2316.9308689964837  -5374.578526545016   1         0.9178872200996907
