trucks_count 3
drones_count 3
customers 42
depot 0.0 0.0
Coordinate X         Coordinate Y         Dronable Demand
2068.593069883713    -8046.356522528303   1         0.6513400745044438
-7280.260946201474   7363.253869005088    1         0.2203200533839605
7303.8048880417555   10185.658086165677   1         4.22739502638354
2075.9511771953657   -5856.361509153965   1         0.3615197613997211
3511.400345006416    -5812.383330517708   1         21.475018662040508
-4637.011038446868   1842.3652073854885   1         0.6940350021965705
-7699.651245122588   -8365.3231381043     1         5.95878696784848
-8876.447735539474   -4322.326646197894   1         0.5422308815530822
-1553.3519372851965  -5101.212756459446   1         0.3696531643190617
-8002.757879926957   8306.4603991634      1         0.6282884301289102
7890.551784365897    6298.5600802012095   1         0.4611325016479738
-4268.89316054456    1720.247302759476    1         25.148441529311757
-6227.794020500543   1057.6055444311146   1         0.8554591743300082
-2866.0661333514126  7795.338224030038    1         1.1308521745135098
7526.3066905147425   -4125.196774388687   1         0.6449417706537999
-399.9233048598081   -1599.5047361649538  1         0.597970300310092
-10080.02326222819   -320.5712374608879   1         0.2529898258000458
-138.56849496949656  421.66158677029244   1         0.7783997573730553
-3427.649133903332   -1852.3707811547124  1         40.066977569472385
2255.1222799482616   2161.789850896441    1         0.1719284339023479
919.6400547034727    -2534.9335763264526  1         1.0618711826966065
-9638.028249032393   7127.360640970939    1         1.0297274952060422
-6187.384538539878   -4069.171347027732   1         48.97191486725671
1050.2322470711904   6777.17494950364     1         0.9762360131892253
4604.835909895828    5323.751601405152    1         0.23741916255349843
-307.5523886674297   4209.446303761447    1         0.344980325135329
-8199.828455811508   -7746.9252556361735  1         0.9245779571060722
-2592.62940699741    -6546.563425231589   1         0.8039135838561505
9278.598537444062    5691.321809970372    1         0.4644107239625147
1794.4603233925802   4762.418018654751    1         0.8107122414107696
3265.9014460813396   -6347.128008466162   1         13.587813521613736
-7683.201388843923   -4606.5269303900095  1         0.8193454396172947
3422.132267244957    820.1887869090406    1         38.427677105671066
-9981.092573833434   -1943.4769114781964  1         1.168944376355388
-4153.611173301346   8388.270168614785    1         0.3003757953477771
-172.20707501664606  4124.891145348437    1         1.0258633317925425
-1688.1501276341182  -6802.02420989705    1         0.1664853943365106
4421.903303397446    9318.772875006076    1         0.809524923684328
-6722.140886186374   -1772.8995086383072  1         5.643777188961163
-8298.031126834609   7314.322242642669    1         0.18763682334013032
-59.047306475531265  5053.26041504161     1         0.8900158993420849
5390.396081515       -9742.929841628755   1         40.63146258517754
