trucks_count 6
drones_count 6
customers 100
depot 0.0 0.0
Coordinate X         Coordinate Y         Dronable Demand
-3541.311653583106   -3903.5791207955217  1         0.7489383304424466
-10032.431501647045  -5142.036198873042   1         13.796564908138773
7852.325202042676    5039.813465148385    1         37.427063037177334
-4889.078088933766   2984.0616896869383   1         48.49367523486787
-1698.851013681215   -1055.115896739794   1         1.140828391877815
-15674.90391159978   11898.75671985072    1         29.13918705433922
-6005.4027420892635  -7120.843205969906   1         0.2529629703511864
1598.775164838971    3024.244045057411    1         1.142873727286658
-8129.145054057132   2499.587603708711    1         0.5316897216074274
-4773.586081096229   -8503.048077697069   1         48.128358743833594
9110.094413158526    4511.40384728162     1         0.7880410616294378
-2754.9210147065187  10315.081625801016   1         0.8650523895325448
-6539.6256437654165  -1871.0828838575726  1         0.2514920564045302
10858.342696937052   161.98830872933107   1         0.7646436831987454
-3062.3677882015254  -7772.1416881865935  1         48.29426898541334
-2303.041645713899   -3242.3040773950247  1         1.1718375476779708
5233.502181600452    -5591.950233935227   1         0.6657857921926444
7388.274978690596    4917.987540622949    1         1.1731639176410062
-3918.5506085972984  8760.683850778021    1         41.32532052988488
-7208.440972808474   7322.6232993584745   1         23.606542510051803
-5741.522724306866   -245.33414286010552  1         1.08544435923154
-4734.329798916065   -1688.6768846276482  1         0.5632908837798642
-2957.698584472641   -3463.790787964764   1         0.11211896653980091
-736.9514432145679   3760.520749757733    1         43.17146000345424
8627.673954284688    -1657.3096376534913  1         0.26148776141043895
5155.404016564618    9144.861072225378    1         1.1006108354941069
4091.7183686836033   7904.2251356210145   1         0.2525424907497118
-15975.241878965771  5626.430322817516    1         0.31372479392601305
1593.6190399412387   -1970.992605104277   1         0.10736382072530118
295.4956466244061    -6332.478288685644   1         0.7527260103834433
1226.6780201086644   -4555.688168302804   1         21.960452486984593
-833.6778834876568   -17639.463357803594  1         28.311654907028224
9022.300983171059    7959.172307225319    1         42.964119960005526
-714.6036003203699   9920.14769651565     1         0.5125027492513178
7325.106858258533    -7191.023542645284   1         0.5934123639759439
-990.2670625834547   2001.333172722129    1         1.1473248791426724
9397.810817127887    -2986.371549679021   1         0.813580137211411
-4776.526774851279   -2737.5148288957375  1         0.5292214482967725
-1653.8490007088224  -3523.9785812831215  1         0.8750198222889044
-6385.3603266525615  -4934.302061394754   1         43.78587138345426
-2120.2461586032105  -8806.244176751701   1         0.8549148522594772
-4000.5016921853394  9265.899652210766    1         0.9837807929435546
-3504.3475015955923  -351.51217670451786  1         1.0906821711760861
4120.159111242381    -541.0401928601261   1         0.4847957737705175
-9921.606437648865   -3916.6441998727014  1         0.5830139598247992
4688.242711286989    -573.2692560892319   1         0.8020815362410897
-1883.7194236178377  2146.5422434513607   1         1.1556491105856077
-7006.306167808188   -8256.757579092864   1         0.4708423829502093
-4084.290996511359   3229.467639370401    1         0.20062082101854414
-3464.7016200224316  3252.7136096245426   1         0.8282649340952143
3046.436198815709    -385.7532134389521   1         0.3156379081629679
-783.0558672490843   -10938.280937555166  1         41.972401451904595
-13907.374855265116  -11008.400657824373  1         1.156926080083765
1921.2808216161268   4447.657180942078    1         0.7099568642722835
-5488.571010820704   7471.855051997434    1         0.9245299607145608
-7226.917543405106   2740.8593063334606   1         33.4632321422418
3259.1768344385837   2645.712207776772    1         1.2114595935538555
4671.139062256168    73.93969139173257    1         0.4641093109487001
-9068.863242927948   972.668539716227     1         0.881328675615277
-8191.517441529934   2526.116604691101    1         1.1163486430456464
173.23501234945948   7066.1702503387105   1         37.59568454422861
-6817.89226489791    -7874.423265177761   1         1.0727508778203416
-3922.3051802458717  7403.040934720494    1         1.0571445704571492
-18207.79427203804   -10735.898838897392  1         47.231712119411235
796.516261777116     -9076.341132451875   1         1.0500132374749325
-3240.2552113459355  -3203.9437362746103  1         1.1034470112938985
-5353.654075108889   -5818.902823436822   1         0.5984301181885099
-317.0336900221335   -4674.257412870965   1         0.8074844286699039
14118.120532094621   4635.108355909826    1         9.238176209386985
-168.32163104548897  -5743.011007132511   1         0.8403561078329226
6683.998637091657    -5875.281737149358   1         0.17549846435659516
-8949.714870447055   -3786.6573144085623  1         1.1239263975842566
-6890.157407171382   -3214.791793564447   1         0.572936230313269
4674.278414578731    1980.195897094463    1         0.6727846868128132
4183.5543461776515   9824.605908800246    1         0.8132689663225945
-5266.276483075346   8049.567475313119    1         26.180843416406372
540.69035975316      17075.88924258211    1         31.6689314485616
-5348.275433459863   -11704.402021263208  1         0.20912677408314423
-2784.2557749996054  -2080.3250075397273  1         0.4495568440035529
6262.150091618713    4555.040020216603    1         1.2232300190048087
-8062.833339111496   -1575.3689975314776  1         0.29522354920448907
1121.401795080227    7674.468678865648    1         0.14798873412543312
6074.8206320699965   -313.6031066017479   1         1.12864451234869
12805.853529340588   -635.5692817865565   1         0.14137240155659264
6665.491841491662    -3027.66057611356    1         0.6757826069586932
-7041.305741224815   -3914.53929259961    1         0.2671585397198182
6775.476263466424    7757.1244583162415   1         7.274603256993416
5999.437326545142    5719.7519886583805   1         0.33520186255259
6724.995994356927    -3654.6583915579267  1         0.1971430170270655
-670.5118348912865   -3228.3953733737408  1         23.093828397458445
-5043.416423630935   6511.223442788513    1         14.537832957650183
-4483.430717145524   2395.366085625952    1         0.489414702387568
2622.837284827784    2212.32026545062     1         0.9583255442014295
-269.5899159224194   -6707.419790862026   1         0.4255103519426675
1493.744065717992    -6609.454871965962   1         0.9846685714909569
2304.3972570414116   -4054.9030115013047  1         34.989346486242475
1508.2863432390513   16828.437026697058   1         15.458591134749314
-1694.7869324222677  -2405.7194649229687  1         1.16797932056166
-9722.089473739205   1292.3117276520022   1         31.1383418335071
9772.661154447895    -3426.5058500993296  1         1.0346044233986014
