trucks_count 3
drones_count 2
customers 27
depot 0.0 0.0
Coordinate X         Coordinate Y         Dronable Demand
-7550.26227443043    -3888.312081228121   1         0.8949363276498812
5647.1077387478135   1133.6088598620029   1         0.17384346467501735
5952.986506071665    -5432.106060489601   1         0.3812059566837914
-1336.9601997709556  -4663.992394177394   1         0.9747914928018276
-2267.097368455942   -8834.314102786486   1         42.11693496898747
1058.0448433701604   8066.752052350759    1         0.31998029356763524
4782.847782739553    -2390.396943153696   1         15.387807703394056
-1827.3729201473552  -3604.396296099367   1         0.27901996867645273
-2541.0349956102737  -435.72272902985014  1         0.35539927309360075
9230.756604747783    4708.820574369431    1         0.8491479253360574
5792.983478088921    4182.500397286597    1         1.1501593592799146
-2981.1220889301335  5811.508270933103    1         0.7094755554694887
1753.8097903580383   -2283.963038864954   1         0.8094868167811897
-903.2795964147505   -4707.71711332596    1         1.1164628498795994
531.8485657757162    1623.52240146172     1         0.11436636295930624
-2360.5506170959943  -5736.465242290836   1         0.9360054916878228
-2217.0413982683863  -2648.9778492956534  1         0.2201999738303957
-4958.737030882793   -598.4105619419653   1         23.054736907474105
-9.49090825306284    4985.619138023625    1         0.8906567260461946
7541.633343939612    -2061.0320641966146  1         0.5678417654394599
4324.9287752712435   -53.98373539799232   1         12.129640703134665
-7694.657963504882   1325.7846466740596   1         0.4222619094492922
-474.69420375896283  7831.563818804607    1         0.875962806272284
-1481.2580689618721  -10782.542113653883  1         1.2151084785610395
8812.19123808741     3591.256490373267    1         1.2001198871969665
745.9757525408768    -8629.74184287704    1         37.103000193111896
-3812.673584212882   -8564.750461274436   1         0.2364574040060674
