trucks_count 4
drones_count 5
customers 93
depot 0.0 0.0
Coordinate X         Coordinate Y         Dronable Demand
1605.9259009801608   11318.091905499277   1         34.27983203310407
-6885.3758320284505  5873.946380397003    1         18.816150293375298
-3701.088484295124   -6825.097317660258   1         1.0948942034760907
12301.021981841383   8092.376305207832    1         0.6574271870043877
-8512.54695256243    6736.673672921708    1         1.0280146033674815
945.8451512281736    -807.7214922636722   1         0.7939407851601454
-9538.824937490865   2968.3844887284304   1         0.17155716485974243
5366.155559981154    2692.58191642734     1         0.41650936697446694
-2717.8523975753783  5042.642638988914    1         0.3554116380258959
-7691.124509187463   1560.1527066674164   1         1.1220467956184488
-9471.42556146057    -9114.715015328738   1         0.9505923115514988
6643.676289227287    -5653.878323409164   1         46.02486613946718
4732.318123577153    -5029.772627532245   1         0.7977007784444152
-8033.16498847174    381.637127716204     1         0.4797842970705455
8548.67174109225     5028.386371449571    1         0.2957604054844766
8540.042694554655    -5474.826731957598   1         0.800692044783461
3799.6782252478247   -2777.8270718229696  1         15.431538588474861
8303.727029902058    -4333.299008426831   1         0.8242430857900419
4435.784254652062    -4361.052192422333   1         0.16037011591091566
-4783.984988391097   7910.874325903157    1         0.8289279412558644
4266.319596265148    -3693.450318511784   1         28.149747320343998
1090.7936782797951   -2315.5970777660004  1         0.8825500518508941
-5989.157310853486   -7104.547269745049   1         0.2682618950982244
717.6858317761915    -7502.2189841349145  1         0.7227804944650136
-1079.6933464250662  -1741.8969288468545  1         0.8039780746121911
8630.449103583052    -4532.701133813219   1         14.523796969438129
-6144.527476747111   3747.228575814072    1         0.8529153712449441
9284.12612303124     4006.062377455231    1         0.13788331720030383
3370.608304975596    -1297.2369946160834  1         0.5159357646131024
-2100.568988739422   -2739.965145254282   1         0.5046673863339816
-6094.607258330083   -7782.825584184218   1         1.10545993641776
-1374.9196464172178  -10068.818015444218  1         7.414519899681953
7399.308402252473    -2264.991018831961   1         0.7713278479626251
4394.9839027359985   6164.778238240561    1         0.8174741354732967
10216.749203453362   -2615.218449329933   1         0.6471694857110378
3815.4727259370925   -4329.177473641025   1         0.37321772647911156
-2575.012036203242   10207.639547413974   1         45.892472631825484
5406.947898987779    -3943.198525276717   1         0.2137439103864845
7009.802662824197    8213.174586064615    1         1.0270554042406275
-8917.04728091988    4145.24475561808     1         0.47038729575709526
-5958.778762791544   7251.286085218839    1         0.9502308384452086
9304.143435309       2784.125560537972    1         1.243393843232381
-3798.264584628391   -6854.039238554794   1         0.6748128930936137
824.4734699244939    -3379.4353816261278  1         0.2561506941490366
5956.941674775675    3956.738804008822    1         0.855391718461246
2665.6883706897147   7742.906217749528    1         0.7239725507192464
-4753.977415406197   9236.558460728998    1         0.43160756863727945
-879.9346497306324   8769.49751844571     1         40.59190299020887
85.04529178143137    -2336.167419415285   1         0.9462767013172042
6668.092634992515    1080.6086397442511   1         0.11286163088677803
4282.694498175998    -4254.791589005792   1         0.120132207236491
10401.100286896537   9510.838374951181    1         19.61025910384597
-8366.19770894339    6219.7587903016865   1         0.486586041177015
9273.778046614663    3471.2118081030612   1         36.93510790593505
8782.709342888336    -4809.685536703805   1         6.995665863583131
-7959.400987728683   6265.754026132781    1         1.1854481500876581
-8273.91792039003    -7113.12069312592    1         0.9076745757000104
-9567.047808075191   -8210.248288692725   1         0.547107063474565
14.23187054860591    -2322.863865505679   1         23.739026405734084
9996.595319958196    805.0183137460797    1         0.3683259406015199
6802.33782223789     1895.6621276456256   1         0.6451028822070919
-5583.503725497323   -8745.157418939725   1         0.7401269784909745
3009.249284254334    9151.289841927392    1         0.6091566414857036
2830.4699173305817   1151.2848570125152   1         0.34341000427468954
7583.542335629527    1357.744117117505    1         0.8160216454176298
-2217.496635743731   8743.497402883162    1         0.4667736476296025
-3285.762253352259   -3245.695566189346   1         23.75992241837365
2095.7085297632725   -10181.081400768908  1         29.98542173170927
9416.300538090445    -3597.784249452124   1         0.48864050493306754
5872.740220916397    686.2901808789364    1         1.114739217101299
4698.132193488647    24.86697887823365    1         40.06389231690941
-9115.50626862035    -7411.607771331248   1         0.7004046972629887
-6185.658122483631   -613.5439232340336   1         6.8788346427608875
2106.8022064392712   8562.870853766928    1         0.6774269270999587
-6489.9615304527515  -3134.336255871423   1         0.304112738233687
-2965.033923619802   2078.9380587385144   1         1.0877702013913984
-3711.8122342905617  3339.427115451582    1         0.4869285256737026
3005.9135090305936   -8497.679548359116   1         1.0752284058878523
7702.396647903084    -3520.6910814507205  1         45.1769311294006
-7843.136160815026   -771.7727309630754   1         0.8780423587218761
4925.970704216388    1921.528927447072    1         0.4261012552194047
7232.196293455927    294.4479149961062    1         32.81735831188389
2021.9231240123918   12075.60959335689    1         31.337605144087902
6548.4771990755235   -7048.37058630094    1         0.13553955636975779
-7566.069772092429   -1311.7703398194628  1         0.9716222480485811
1494.9507244640845   6663.444451539523    1         23.03169063642646
4730.199310550512    -1492.754294160378   1         1.004938455563753
5721.389764945448    -8706.879585786271   1         0.9575113362469314
-5322.851031608163   -5459.813453852016   1         1.0092438706009614
-3758.941961320877   9069.973398758224    1         0.19013043629284676
-2474.5640162469017  1814.7070208750176   1         0.7551975029901822
429.01979190579783   -1455.4464122002207  1         28.54046949127289
3493.431116563086    -2556.1411293355504  1         9.38061654912592
