trucks_count 6
drones_count 4
customers 100
depot 0.0 0.0
Coordinate X         Coordinate Y         Dronable Demand
758.1263679869274    -7876.6564589367235  1         0.20904486546315096
-8590.423008892374   13652.848833018643   1         6.134240866408447
-6905.8221175932895  -7873.511188959667   1         0.6544815519543727
5394.091551330586    3108.0552539482505   1         1.2110286729042674
-1164.7792785340384  -6171.853884313257   1         0.5925646616233355
4475.661868854746    -6066.725225452444   1         21.17645492991436
-573.3497038316161   3090.2853256056296   1         0.5145759055465663
2811.2793124794616   -2905.864303751624   1         0.21998852661094934
5534.196265381508    6971.896499093809    1         0.3950235585420919
1185.3190244490343   7667.182497653304    1         5.424103237635227
9735.421497949552    2739.194077908165    1         0.15011978825664826
7932.071235569963    -1420.8358320852103  1         0.5263096650282105
-6137.336526713725   3006.380545408503    1         25.034496157589928
3474.6695895804255   3340.5578848569203   1         11.19048097000924
-775.4335320678063   4643.020014462321    1         0.9190857021605507
-4934.2790167163375  -6316.501737945673   1         1.1160910868895482
-5506.348673876664   -4211.4696255229355  1         0.4279382697187991
-12307.115644357167  1767.739586256028    1         18.618840637736337
11595.639996279546   -12761.282625982938  1         44.75960460797142
3927.3645758758157   -5777.30245639038    1         27.163625148772642
-9258.752976753349   5548.3089015926535   1         0.28723117355371575
-2862.582504153309   -2351.8590124661255  1         0.9511761612256672
-2562.011370914056   5402.092621364386    1         3.1768769242044645
-3616.202094378233   9909.709013639867    1         0.5639082061356572
3941.7345036659144   7115.180144202338    1         11.316216639758638
529.3390899196839    -9253.641302954022   1         0.6654291086880809
-13542.877311275728  -13426.191418218055  1         2.494181329996268
8616.432399210258    -2722.65140864713    1         1.007054585706355
-8250.156780395611   3520.711421629242    1         41.46141806107704
-4058.394485269784   -4954.449254979159   1         0.6330499961263396
3303.779949705201    2571.435503074568    1         1.0799358356249735
10437.043967066164   1672.3650785278833   1         0.3726698883012587
-5010.891668656817   9043.609505717077    1         1.0219751866853264
-8329.845846207347   -4559.08288847237    1         0.7002168388421052
4054.109612020619    2018.417046598688    1         0.7767984301493491
-4855.80072252791    -4000.82079556167    1         0.9105831067309759
8776.009495601138    3078.389114220414    1         17.06851012212229
6104.467001322368    5516.079443622972    1         0.7721258559157896
-6640.374677876915   6933.274042231618    1         1.057095831297701
-7536.091216546883   6168.072262139104    1         0.5309019849763257
-4200.409822882454   998.6193428190004    1         0.46333844116300116
4293.554931944617    1123.3754768080328   1         39.94975004374338
-5208.6131602519345  -1008.2368359902462  1         1.1185116767948708
-11450.090705118515  -4349.273559129999   1         9.174104708769374
23.28244878560031    -4409.130866748788   1         45.94593220969442
-5094.127734733154   -6893.813013016294   1         33.07226035266426
-6256.875942432581   -1803.0696812540775  1         0.6304662958858286
9822.442017724512    2136.799003077882    1         1.2043013017973228
4046.1781372486384   -5216.543960822632   1         18.00346393837762
430.6919435365089    7440.717302152903    1         0.1838179069997381
3355.7107651645606   1741.3543463106776   1         1.1974384114138412
8479.42107362784     -2063.532976590541   1         10.122371052209363
8200.959795510034    105.35195084120437   1         0.9288340623710962
-377.5013289004314   10752.348807332268   1         0.5221730327760662
-4617.480933384156   579.8479331002097    1         0.2604617329980212
3488.1563464280352   1264.6359266338072   1         0.3209363934448379
-909.8812330075398   7467.12171913876     1         0.5052176220744569
-4018.5321746883815  7972.705332378085    1         0.17927584459104084
-3509.812258347852   -7752.593211458386   1         1.1900544042714207
10645.035087217248   1513.8528105902096   1         0.1782491303490358
-4935.1541205511285  -3983.0172602559546  1         0.4964175745348499
6381.463836056417    6752.341980580454    1         1.1838446722771665
-5605.719398619211   2148.8988658961307   1         39.693518602210226
-159.4748233856751   -6059.426630276479   1         0.9086777236375733
11598.322562452822   565.824201459387     1         37.09070488342135
1294.244397124778    3930.4520060666796   1         0.11998666182386274
1210.2179110360726   -6228.22933163575    1         0.13805260461703
-1088.0750965873958  1218.0914750136296   1         0.2639291366056627
-996.1077372871708   5757.893085900535    1         29.601355302822718
4920.863142721832    1767.9340463764797   1         23.090958821580735
-2960.881306073494   2005.7970127357469   1         0.6070431663628835
4733.514901861259    -1994.6285356648004  1         1.069476128049165
-7588.747284209131   -6395.81066172456    1         0.8013704106810986
-1011.1902100422548  -2458.6656228457114  1         0.18886074326880362
-9356.19078657384    -298.8772041321713   1         1.145194287266158
-8804.738717034268   2116.711737912883    1         0.3860169328023062
-2068.486116080788   2351.1313199528668   1         0.9492469823549147
7737.199885187327    6995.308382446172    1         20.074175272966794
3075.5540757776184   -1479.5294488420127  1         20.151157286812367
-5504.387771474141   -11381.215676502587  1         1.0575718245328638
-7662.033906656319   3282.320631786645    1         0.3709778618794143
-10084.381908901318  1689.6676264189934   1         0.7145227377700761
-2520.1196994479637  6922.98923120276     1         0.7393289735739256
2667.8028651744416   -8586.457159630196   1         0.3378297884909225
3238.577555324077    9986.968260876054    1         0.7521766474260857
2805.1380776430783   -9794.719075120216   1         24.420454602124043
-5260.228234800109   8625.121047034398    1         0.14147363586790926
5457.896378008899    8337.989010083049    1         0.5441814305243698
4957.232084065877    7947.6626935451195   1         1.1456333360317434
9026.839976046145    1523.7579256811837   1         0.7639651195897129
5635.300201592541    -6504.58823785299    1         1.000768335941967
4838.501883161272    6627.920643402073    1         0.5358223523734486
6874.530757990311    7857.70260565392     1         9.383273725114787
-8237.831074304104   2750.9535415784094   1         1.2109352207871535
10064.538028304798   -2544.6990518574516  1         0.7306322520572764
5235.060325286924    -3046.897084864783   1         0.6605046843321721
3033.3636743550314   -1843.1797433259965  1         0.17737483296914702
8464.811196884057    -111.54633326020551  1         0.5254345296698026
-1940.050434676521   7837.469735580691    1         1.1344889085164658
-737.1516963012073   -206.14001233516683  1         1.0813777799616568
