trucks_count 3
drones_count 3
customers 27
depot 0.0 0.0
Coordinate X         Coordinate Y         Dronable Demand
-7357.05483946945    -5448.471104367796   1         0.47291460230156745
3165.4811780781083   6998.757528593187    1         0.7084925626889225
-1970.953723448153   6309.049269351438    1         0.952625825988701
1729.024564286802    -5517.679258804625   1         1.1347064565279128
-2114.5605575656496  4073.0930454569575   1         1.187893585746144
-437.66015202083344  1604.1033689548171   1         0.13428822905170967
711.7617695985986    7126.22697695779     1         27.00364819332321
-4994.763626828071   -6607.760349779542   1         0.7270670338272599
4929.167171995221    -8850.336972325535   1         0.8550597344580393
-7679.358829778892   10719.778629410876   1         0.8551379552231302
109.4914625196351    10678.957942149385   1         1.1662320676651967
-7887.649684485389   6158.515918213121    1         0.8961381131953008
-6283.675024096508   -2612.6018771169533  1         0.9447036499155138
-3554.4024624354656  -1678.6240883516757  1         0.2625557566864457
778.016893079981     3294.481282138315    1         38.490048251091
7206.248167074129    -8032.100339947549   1         1.2120969694171277
-2911.9292177318835  8829.713103610606    1         0.1664795524582749
9158.789231566814    -2494.0177116266664  1         1.1684456249875517
-8132.276659682549   14378.812908338585   1         0.483577781253099
2455.680991481674    4305.971022244942    1         1.2163729186659662
-103.40969015412803  -8186.611586963803   1         0.4301130769538446
2531.3049869153742   5180.949092679201    1         1.0082878616965818
-5153.200268388931   789.0295117715923    1         23.62769862357027
457.98158145646266   -8595.856923830248   1         0.5156416880570402
-3466.399952866955   -3006.3841693465843  1         0.18760345031778292
-6241.613480574942   -6338.452564847806   1         24.450153029689194
1590.7281966900673   3236.363753019143    1         0.6438959838428161
