trucks_count 4
drones_count 5
customers 100
depot 0.0 0.0
Coordinate X         Coordinate Y         Dronable Demand
-997.4703992603163   6915.681976708226    1         0.8481852997688597
-2823.6946955630224  7998.516437235556    1         1.2218001668296061
1431.5148349590454   -15990.045287255258  1         0.6010355500487398
15163.63443936878    9486.2375373974      1         10.99879525437883
-1650.540320449353   5792.4326125618345   1         0.20731604726599284
1032.840148717043    2693.125805673835    1         13.940839055562465
7204.241599824878    -1830.724586932896   1         0.8111695497308964
12508.741239023122   -14525.13871180962   1         28.103440464462178
-13393.58387527724   10772.526932940382   1         34.163177758098726
-1799.4565464380926  1536.6995802798276   1         0.3211178096085249
7785.518189786822    4416.071684216645    1         1.242320873659825
984.0680176112216    -5219.872415154235   1         0.4865285853488053
-5191.086133587544   -6585.835284598203   1         1.171253556022555
-6342.425331692733   -7118.292119372985   1         0.5087917380726932
15480.091056564139   -10176.848517537584  1         28.571932064657254
-7875.958925263455   -2317.052820512604   1         0.9625684810853438
8458.401492258217    3672.131933570414    1         0.16301217949665317
2676.5987163615046   -4003.735471127534   1         46.73541744241535
-9881.13229572957    -15582.002018823548  1         19.85404977197665
-3393.489711693235   -2685.568989230774   1         0.14739456419601496
-9.816042405994228   -9049.114443387854   1         0.7645959870034646
-4500.952364111417   1462.9217850209068   1         1.1502783637520797
-6696.741040395227   1650.4040708615685   1         0.9862440796724989
-10742.978857509099  -12.561256241861768  1         0.1992969183466647
292.1773536558636    -6338.016870878062   1         25.89476519865597
-2553.2362173223805  8652.572596679835    1         0.8904120376076707
7598.9310427101045   6733.98289336366     1         0.22405624649710693
6789.844614211069    -2906.8647071477526  1         0.41062612799403786
-467.3199263535801   1649.5354838174192   1         1.0981459892069312
14898.57035836524    -12478.593074441316  1         5.054069148060682
4394.467125412741    4516.124757826613    1         1.077738076992703
6376.278203799297    -6919.58228936226    1         0.23052935181419626
-8132.460711155333   4127.0260570669425   1         1.0034364081980645
1763.1079434253265   1981.2912889308975   1         0.36683734830006454
2515.4890591174812   4944.249270285222    1         0.8859129036538161
-2190.899343750968   -6317.257933219827   1         0.5749965011662914
-14669.9334577255    15751.802130952892   1         0.2903755594250835
-6185.974661525759   -3969.295876247934   1         1.2288370994688727
-1706.898884896584   3748.188330139117    1         0.37468603077903406
-6924.194209731681   -1921.0270132247254  1         0.6408429592607227
2473.8970099658204   -1816.069158417169   1         0.7160098302427502
-472.9859311927955   3518.8310760767577   1         0.8287089920608183
-331.77930900477656  2490.7424886455224   1         1.1891262408589465
-2608.45406021991    -898.5882503732652   1         43.62230886757351
7898.306996718053    1482.956199316155    1         0.4438863967215789
7600.414073180304    5180.10462717605     1         1.2157517312175221
7514.683682216622    2645.7459776969054   1         0.3053718426429146
6455.476902084649    4926.206536179634    1         0.30963586301889057
-5806.710998092706   7854.151436366283    1         39.371461588992446
-6100.50690480336    1116.32222051095     1         1.216462227868105
8229.201838553017    -5083.478965376853   1         0.8681252692171268
2029.2176504874772   -10434.882311879433  1         0.34725796955790617
-8155.957860903217   -2064.5817381785314  1         0.5827335731781613
398.51787813203777   10730.588061573837   1         1.0546929866535268
4018.7122590270374   -7415.231350616054   1         1.0430106218957105
9329.633532649143    1507.1401997167784   1         0.7258111022050571
1969.9108413141848   -5709.268948493424   1         0.38929217581742526
251.2987134907291    -2821.5015557109764  1         1.0436696088674884
-11068.294024766155  -215.73014293021697  1         0.6681232487886324
724.3700768054763    -5417.703328643051   1         0.25357526107963135
-1954.4573332461641  12756.503105870488   1         0.4337884653403078
-3830.0871348937944  5026.8081213697105   1         0.646979511024608
2984.390586750945    2664.3799406225558   1         0.7275679517294572
7702.157989748633    4151.548769500941    1         0.6319379814636416
-3471.026457756696   2409.5135180267534   1         0.6614666834653777
-5399.884874938521   -3883.2763004140243  1         35.321642020576704
-7819.024068557184   6569.86396940231     1         1.1077847409269128
-8948.018277422489   641.7242869484136    1         0.7355112152135798
-12502.51070103945   13143.601948509822   1         32.860949076069836
10425.618569567896   79.99570988384502    1         26.97244234134992
3187.6294421629345   2794.3630269233417   1         0.760125424897176
-4168.949017152276   10474.696494467327   1         0.1323357055588405
-6260.763222722525   -7748.200816874392   1         46.7274458988509
8133.290358589467    -6026.518818589054   1         1.1784232644269808
7277.7283524479935   -2278.7846078991242  1         0.4131146771644224
335.09089040172967   2172.8258677731337   1         0.19911159724431804
-3888.880058039566   -10076.905846915204  1         0.5323005339219996
3485.644826006277    2858.2077057117876   1         0.7827227091540035
7374.990298326329    5299.6672978760125   1         0.6552240648709184
4593.556068147817    -2630.4588547315093  1         34.883959243976165
-2166.7685481631897  6765.478840767464    1         0.9207696773635276
501.52216563913794   -394.839297852484    1         0.1504768915650133
3540.22782495026     -3622.6627791147216  1         7.059024280104465
-1013.2322048606809  -1166.4561802469466  1         0.1292769156304222
-10098.491229772128  1056.3299287713146   1         45.54842146562644
-1064.0726352201395  -8002.096193513215   1         36.29868778509497
-12223.07739925266   13693.311636166589   1         0.7175281003880364
-5851.264753059301   3665.407886613599    1         0.5760997003452212
-13373.064006634118  -5538.310458167762   1         5.832184682230453
7230.304715840647    -5163.72873531823    1         1.211346935220307
-1088.9503044975295  9009.600042603352    1         1.2306189799384706
-2736.3683113469915  2105.297071433428    1         0.7738175217823513
10202.741544938308   6397.90598569161     1         1.0780561495567678
-1779.9100644258524  -11907.249870169802  1         14.269470932424582
6878.344881822534    1249.7222665416623   1         0.13724671342630673
9283.865799870586    -14245.838401572246  1         0.20272638113647665
-9592.328156186462   4081.8426615321478   1         0.2107667712151809
2604.434682204097    9176.717832392878    1         0.7784745792820443
-5401.48628491397    5478.805797430133    1         0.4676165562427773
-7921.304977988446   2882.30491111372     1         1.1725454467850775
