trucks_count 5
drones_count 5
customers 77
depot 0.0 0.0
Coordinate X         Coordinate Y         Dronable Demand
-5249.1305120459165  42.921087952955      1         6.072412996496526
-8083.739190952925   7209.5232884095485   1         1.029918371683055
834.4865371208074    9706.159317439064    1         1.118380719156463
6048.377033716928    -4405.368671608681   1         0.8628184908921168
-15259.023198410487  2059.2739656846607   1         0.9529874449081105
8341.36597021193     -686.6766080790512   1         48.212650209053976
2847.711422048501    -4561.426976098442   1         15.468111430393453
3181.3452522331045   7903.800235785217    1         1.2189152305553717
10561.390782667135   3677.122298252998    1         0.1657257876481587
671.4776385484794    -15.51011899867393   1         1.2440354594777623
-16555.947942254996  -3450.983795479622   1         31.907434524304964
-4901.660230234993   7958.473755243354    1         1.197725730826366
-5423.583723558609   2786.994571235428    1         0.20545631162700878
3122.2237575643694   -25.5125423624651    1         0.47899897389745705
-4583.698221608861   4591.00328966713     1         3.4781290205366844
-2543.4507418232774  5078.066235421787    1         27.201959494194654
12353.87199139277    9649.252716412277    1         38.73351231937609
5775.965981673568    -904.2804942528182   1         0.1162383106778756
-2386.818396256438   -4154.7977367377325  1         0.9994310920262278
10705.01189506558    112.81918092710788   1         26.427455304403065
6320.955196327457    -6538.404456801851   1         0.2717035833345325
3590.3255575218304   -10256.81856592951   1         17.321739113241495
8738.648070341413    4022.5117067236065   1         1.1162961544240995
480.8609166633334    -2915.5731314940767  1         41.02345286544025
-9651.27298537879    1791.742938635828    1         0.7867824480369695
6703.091582863072    -7894.638139084235   1         0.32662493261109893
-5301.746474090282   8356.109848623119    1         0.5557780064025735
-4263.787518390753   9343.137215498047    1         0.23644432791563882
-4405.533685473462   8764.875637515403    1         0.16270230144979345
3734.7487293039826   9155.150204833804    1         0.7583148914304867
5244.397794490106    -5162.695962923108   1         0.4012817945818078
6525.448100553902    3875.000788134678    1         0.6824617722617548
7183.409780138607    -5051.674780243764   1         1.0135557910489144
10905.48335030511    214.99361219886364   1         37.769609610878966
4952.981770591828    7376.804813440777    1         0.5442032381805416
7998.604959785025    -16538.200255596752  1         0.29333830897796603
4266.663842123731    9665.100403565497    1         14.838055513163956
7212.631967878612    -7359.26220455829    1         0.6193405187176286
4184.806806758115    -5655.138968443216   1         8.388902377564792
7786.249632665316    4188.0608687040585   1         0.7145727286817912
-5803.46267328499    -4123.8423856755835  1         35.303920479994815
-8965.30030746483    5720.636720048373    1         0.2979013682196785
17486.58706895913    -6438.3824714528855  1         11.039796435672805
-4456.162058036459   5617.745090305408    1         1.1295931536279795
7412.495718705344    -16476.388820793723  1         1.330042567303925
7456.616190831771    -3416.04000370146    1         0.31417833876422624
-1384.7791375329448  10786.8019845654     1         0.6325768345107874
-6253.56363120776    5984.189174573682    1         1.230156327377132
-10274.81698358867   -2087.111940598617   1         1.2351061161193617
6966.683117152094    -4521.615294398573   1         8.235208030059216
-6498.649633386696   111.5389829900779    1         0.4672481710606343
-2434.15902361795    -5917.181305179766   1         0.2645123808593465
2759.278914548637    180.92370254011703   1         0.12652957704167228
2266.970953950373    362.2878971654628    1         1.1406785371899484
2183.426201138635    2349.805840412447    1         0.8650050590563696
-2375.7666112111046  -6790.248939893264   1         0.14102379018383737
7699.433276053423    -4827.49483526955    1         26.166701376076002
-7780.973812758044   925.457431254337     1         0.9450963905861918
-7898.841974130207   -624.9960244375525   1         0.11475346854906732
1940.2889913360611   1221.9296265971375   1         0.2463728559957553
-6951.05810307116    4112.959317432207    1         0.3624974753796657
-8721.00898521807    -9604.18896997185    1         0.41555436921205857
-14103.872306880116  3021.504980599093    1         0.23076323338966587
4809.116300500441    1122.2324278479987   1         41.882731431361435
5619.081194922839    5726.302513085615    1         0.3023007480754901
7108.1613228420265   -4227.68668303654    1         0.7958876220791089
-4255.677424831983   9766.770636048726    1         1.3069336232508346
-6095.073194999519   -3327.2829037417764  1         6.673275137840086
13064.08347281133    -9908.107461975662   1         29.89460459684403
14836.446216282278   6999.3034085409745   1         36.640724908130835
-5282.219634151293   -902.1143229312986   1         1.0849897730015468
6086.183362502237    -4508.207780546071   1         0.23432962356004947
-12896.318168353333  -13539.67276934216   1         31.67212786196788
-3317.772009949539   4448.589718996395    1         1.024999223374461
-6786.108097266275   -1339.0920079740827  1         0.9646581607399847
9753.603664894763    512.8589521047403    1         0.6484828874016709
8016.009639177519    2376.7882085599917   1         0.6246803962924019
