trucks_count 5
drones_count 5
customers 100
depot 0.0 0.0
Coordinate X         Coordinate Y         Dronable Demand
-1068.2560058650852  -4710.896202307332   1         0.21162740664678653
361.27048369378826   -2121.9593779978372  1         1.0017471406716512
4081.3480106623015   1465.3436419019424   1         23.32639245881439
2119.659223968683    -5112.458425026806   1         0.10989632656655396
-4754.352045450624   3718.2515177761325   1         0.10914659997926972
4694.294764027259    4056.759562950015    1         1.120505665315777
2017.405669114379    -2715.3312090944587  1         14.683037610531525
-934.6727569000151   -1901.2097881305265  1         0.540693255492722
4427.757780049751    2503.2691418821405   1         0.7071032555220559
-2164.0133709995835  1633.68137237002     1         0.3611080215735968
4213.1712795821295   4602.4825920333005   1         0.870454119905831
616.32475240648      820.3384337981342    1         11.465510994701303
-565.4931049236903   186.48231668498377   1         29.478247002727567
3387.667421198659    -1388.6591883202286  1         9.078344750265064
76.0998157345929     -5453.901912653511   1         0.28964535196524555
3574.702023842133    847.0406397333286    1         0.5974939431571389
-4229.7853971169325  2622.8025203886527   1         0.9185574367315927
-4873.623522092247   -5027.796191193164   1         0.7999275753636242
1607.6512539138066   2078.9705966127485   1         36.4055936032369
3097.3385718090562   -2237.2668516792255  1         0.9465334465814904
1471.7461437706245   -3315.009506519719   1         7.96793738575994
-4470.891335377342   1427.075025229827    1         0.9344690703291303
2447.492597929705    540.6009650775632    1         1.06070811196204
-3066.6595363214406  3177.454955635858    1         40.297065184851064
968.1088177656429    2967.967221196075    1         0.8056620224762518
-4306.713191337731   5238.788877063299    1         0.8540845797796068
5432.433907128902    4080.4300876698103   1         1.178177361735582
2772.2745514655903   52.58189828619526    1         1.1561721187636762
-3881.5644610923296  -2434.5138534126504  1         0.9196481048940173
1498.0604956640111   3712.3093814915387   1         0.3480991566642735
-1673.436807233041   -2699.3731931308694  1         0.1727630467878779
5007.380019693161    2580.132871074571    1         0.11772607029801242
-4255.454165087843   -1.7978346225281978  1         31.440794488752186
-1941.7385502650936  -4236.251122812646   1         0.6720376092892285
-2333.3630973885934  -4965.244445237312   1         0.27954727656559275
-2499.9421102158044  4990.482775432346    1         0.9640320285259167
-139.98838525425253  -4109.016698472611   1         1.2052155253312937
2868.441363955665    -1034.4267470835132  1         23.686331968961436
-2249.873850310126   5144.52680003686     1         0.7467796245483864
-1987.2410108052575  -2004.9825915395043  1         0.7264335619555639
5065.109018123503    -5146.66577221257    1         1.2343423270611995
5053.034340705533    4688.37973064027     1         0.8336728871609563
-5211.21416401098    4200.019478228778    1         0.8930789297106513
2788.893844391438    2024.465322865725    1         1.1453118565087812
-1937.469887413932   2545.305532546684    1         20.620720557590243
161.99749675964136   1838.37246948261     1         0.970832083687134
-1390.8713220533316  4095.1685760773507   1         0.9237309542914931
1677.9986586308612   2413.9414672838893   1         0.5360625778241808
514.6299087237029    -2125.232127671472   1         1.9066438161415267
4225.364023830622    -4529.4479690698745  1         0.10644672963064052
-1806.5005018447512  36.279315496306      1         1.790256602964025
3081.464626947851    1665.0503418266235   1         0.7792072361071896
-2794.3751310855478  4578.411607845893    1         0.9311198148443635
-1083.055615684166   -2649.2365803233884  1         0.28841818244116546
703.3591219182572    35.3057064593022     1         0.6527579960415384
1351.6642097845686   2686.2056889448386   1         0.9340053985225488
4764.669798127941    -4657.392348293792   1         0.5787347674524674
3859.932439748198    -2781.8762642694264  1         0.2288751184251095
839.0975688104905    2862.116914249488    1         1.034867557207347
608.1160881107678    -985.5036033893396   1         0.948217184696243
-225.13595806705055  -4470.416650820733   1         0.5575102452438029
3606.19874956694     4420.400734075416    1         0.9072722243112225
1264.2437840874727   4197.800326687607    1         0.103350998616059
-88.35789945418765   -1582.7924668047367  1         0.15395810824304854
-2433.419407368852   647.9420989723973    1         0.6033561329355746
5123.763437900315    5022.18516239709     1         0.7249755733555642
-4699.948330177074   -2102.8613324031253  1         0.3911447289901233
-1289.6971611589297  -2483.14192780617    1         0.9181259845449113
-886.6107519236965   -5371.841591981951   1         0.4072157188173693
-3980.3624539376556  1600.3006449949746   1         0.2748057397631931
-3059.560946764035   -1279.5182141242428  1         0.3115614619330614
5046.526999724916    -2381.3137087291457  1         0.8203401266573023
-1513.2753213100818  -5255.14080765119    1         0.4167653877345405
-1351.850838039031   2351.820858514559    1         0.5903305736432449
2891.7803095717277   -3394.7011837138875  1         1.1745289643768417
-1193.2309672013375  1542.8509771298163   1         0.3959145258726948
1147.6066164270699   1146.495448442557    1         0.4304924649778312
-346.41764435460846  326.2036711138926    1         1.0296984196178849
-1111.4704308872178  5462.851632922755    1         8.296936396184428
-3637.446491200371   -1625.3235007031158  1         0.2162370243548924
2029.9657074651195   2889.10940132163     1         47.97088264359741
-2004.763689979282   2268.366226463307    1         0.27499201626136127
-3784.6919790421443  4703.018723184377    1         1.694339900999542
-3164.4586592068504  2866.566665257696    1         0.3337660800254331
-4946.0388179319025  4734.467054809691    1         0.7847330571010422
1800.1492635915515   -4254.6286311760705  1         0.6445146188371945
-830.528018286328    -5208.574522758605   1         0.8554425209181757
-3171.3950108781314  4597.921736998893    1         0.7387960597958617
-4706.720459809523   723.4841916944943    1         0.332264878010399
-4672.776839046907   -4980.993099530258   1         0.9852904469613515
-4979.3173966241075  -5331.671062999841   1         46.51591689160344
-2371.091737325746   3557.700284177299    1         0.39632699576490515
-5466.7289774774945  -1458.6992923496862  1         0.555614492014923
-5128.018300374464   501.62949702494643   1         0.8269536426880355
1290.6903991108093   -4075.2378462218694  1         0.5104126769908918
3333.530257238702    -5100.829441261835   1         0.1045507971781637
5332.851342503529    873.1180135758013    1         0.10336741322047305
2001.110067854272    -3621.590809189922   1         1.0052807465942328
-5261.730484432306   -311.5872361984028   1         0.8789457820739182
2170.514750874109    -1744.5462288023054  1         1.2452793446758466
