trucks_count 2
drones_count 2
customers 29
depot 0.0 0.0
Coordinate X         Coordinate Y         Dronable Demand
-4353.596597257814   4405.009143860145    1         0.7753989806477519
1171.5691033446901   1417.5162897179182   1         1.184632967390606
5785.615966666086    -1179.0251191277193  1         0.4617562479449955
-4891.867322762504   -2553.2288270358113  1         0.7790919974310979
-7306.84041925205    -5480.256979370172   1         1.03830277034893
-1560.2028124135122  -7644.516552948168   1         48.27291634109985
-2958.2038872227745  6987.760042036527    1         1.0982488297327682
7217.658372515909    7632.840562730373    1         1.0147470054292482
7470.782946887395    4687.645514926426    1         0.5553307576618469
-5792.947881741202   1494.2716698589297   1         1.2329476244159328
-3176.5606577926214  2770.465988573728    1         0.6086812203300409
4890.458336775529    4543.952229196595    1         1.0446558039394696
-1901.9817095931896  3473.328416610141    1         0.6126352167620736
-4565.655615801814   3958.2412676175863   1         15.268587388387967
4582.705321721945    -3279.299211980112   1         0.5785264737512799
-3225.347864003285   -4333.763298654457   1         0.44286129020222864
-2866.380037919548   -5048.861500675639   1         0.9141842495670391
-3332.911269704919   -7395.759169686037   1         0.7250542121977088
7638.477290357878    553.3186994061952    1         0.1364207637188633
4171.473848834366    -68.19478816994524   1         0.9649872942615964
5853.942077746372    -429.4928076858605   1         9.535143545651241
-3034.350329229418   -6841.455155138562   1         0.19623435375801937
-1467.4067986238622  981.0945689124401    1         0.5645980543972141
6313.195953732355    -552.767575392473    1         0.6188539772521047
-2458.6237673513056  -3756.096376747084   1         0.5286321132427866
4589.252083567542    3444.1623467988393   1         0.28893223754428526
5845.097368338851    -6364.978633012913   1         0.3669913538501022
4265.042840136706    -210.72794375001286  1         0.9666031849297115
-4345.546022871955   -69.86972297956419   1         0.29319818662552755
