trucks_count 6
drones_count 5
customers 98
depot 0.0 0.0
Coordinate X         Coordinate Y         Dronable Demand
-4684.867443696849   -9135.575836879058   1         36.495370093553
-3794.560950240387   -2038.7283517462638  1         0.8180828769387466
-9798.659508984127   3988.560283326778    1         0.9990952168717048
-8132.945029674898   2152.1266039296643   1         0.5325111882695835
7451.067849981883    5479.475718552411    1         2.7404357128931998
-7441.987617760458   4666.832470886254    1         0.5693303689831213
3809.1972444139046   9980.930619851408    1         0.5039239210887931
8173.31690780136     -1347.184614612977   1         1.1198931724893524
-6777.958909301985   -8113.195969390057   1         0.929764962547812
2272.638990295358    6661.220298864481    1         0.9261617185522121
-2669.5132243529283  6075.964305052876    1         0.895601784499329
2312.7315387551002   -9732.957711763547   1         0.16550796293775985
-4988.414161821629   5024.796964005509    1         0.13962018459921718
973.0468449205202    2191.9742536168874   1         1.1407674970508561
1177.7007683407537   -1788.1096103425343  1         0.672941791897813
-7793.8390785884885  2713.476311820435    1         0.4264649566131117
6849.057147305444    -3155.1978366167928  1         38.82578797299829
4582.83454872897     1141.2868114621735   1         0.13035428723922432
16090.31500119964    8215.970044714573    1         0.5303788064128149
6459.8387267541475   -2507.6656238228334  1         26.018594908961166
5156.8314208225165   1975.5616998035737   1         0.28278343138714845
4944.957179572038    -1294.9147307357687  1         0.3442373972565246
-6101.72699860782    -401.94427763370925  1         0.3246426813945418
-4926.873140361895   -5553.179811012234   1         0.43473791674645856
-5303.560543582741   3729.734569779573    1         0.9252288565188488
-8653.884862252773   5252.1365677454905   1         0.514117248854814
2030.5975014173928   10274.676084765202   1         0.39115251468290957
9245.589822824295    -2127.7175178929538  1         0.8552376692979169
-1450.0238138778507  -1570.195260568831   1         37.8660894328047
-6485.923312575734   -2193.8702778071006  1         1.0257610884023436
-458.00747010652407  10323.725422421316   1         0.5962545914046081
7977.5156835433345   2875.712235388409    1         0.8551765592034262
-4280.653626987426   2013.5071125963862   1         0.9462673442172499
3359.099998988355    10410.217887598974   1         22.56133214440825
8752.609552324511    -894.7973064430943   1         31.35114164143112
9314.434245255692    3974.2870449830984   1         0.3715333916818431
-8164.344294124285   -4487.614231456103   1         0.7167090659937733
1695.9600117297964   -7970.866188688739   1         1.0236253911531754
-11954.414157156943  7068.378178681298    1         5.018959772708764
-1091.720308428845   -7835.184985679094   1         3.102825370747396
7479.397785369696    2781.141564405265    1         1.221757478910376
1582.8960836702843   7807.399556067678    1         1.2068158530326205
-1233.907589928605   4618.300022166889    1         0.3072200396208044
14742.24830853464    3315.6985836647873   1         0.6727615692418866
7864.159119944067    6075.364753379845    1         26.05865573986188
-4038.785352884885   4534.094535334896    1         28.69705587888818
4248.742140676987    -6131.192520578117   1         1.004423469946003
10655.360339957811   -605.3682828224509   1         0.320270324082624
-8330.053909337566   -6991.582508318691   1         0.6771584466390785
-8582.507823000116   -7.836695339545195   1         0.19919763735281398
-2381.5289055118956  -8882.95254242563    1         0.3323919755385756
9426.559012868696    -1624.9573722189934  1         0.6163984290520998
-15921.855541424837  -17208.813954138677  1         1.983424748782333
2418.805107378456    5011.099122556708    1         5.975827211792835
-1193.4918602706396  -9710.602182414148   1         0.11060004848673068
10165.208319791196   3954.5556477286327   1         0.6559853514853511
-12914.682501868992  -10451.356012282547  1         38.431288006446536
-1098.6093479999327  -15381.83188968744   1         0.12668918934247947
-10085.33323989236   -3152.06474000289    1         0.9946588771821259
-7202.74243584434    3743.2626723333888   1         0.3768096454987112
5104.267595858932    -16023.385964454339  1         40.851717019545944
-4526.574428288912   2854.9323622798947   1         0.6527103357843907
3938.681957394244    2454.3588808621416   1         39.68231993789783
702.5990958987874    4041.711493628588    1         0.19622138193194122
-8051.313868922012   -7893.541047540648   1         31.789308468091008
7021.605335004984    3302.13283348648     1         1.0845702821786327
7411.102113827934    -705.8301536430808   1         0.6172765891285042
-3127.142357410505   6098.006329116903    1         21.31770873744689
-460.1665228041756   -8021.887033628975   1         0.3443383138738158
4535.008339296418    4521.488557192925    1         0.485163796084528
-6384.678896204413   1278.31638648761     1         15.211275949074293
7855.456229103017    -1002.9768390822262  1         0.5239024379244699
4051.3100108692433   -5983.982897722506   1         0.4541873452887977
4691.55699565926     -3733.2831090891514  1         21.55235979074211
-2624.195235876988   6859.440589188814    1         1.0558722449031466
9068.664555547452    3086.7564576762684   1         0.3660140001829786
1610.38618501938     9646.522850973934    1         0.34985300361346783
1629.0541148438533   -6680.088575098342   1         0.7752876846438885
1087.2718592087513   -17854.96756546093   1         2.3214017294705096
-9806.34404186449    4274.043769646502    1         0.10641154352835845
6496.860692894457    4072.6176606511217   1         0.9660583317358723
-8173.150840093361   1952.702384613152    1         1.123680622150306
14902.514363743874   -16227.32088357335   1         28.835873693546358
310.0684751046376    6416.517206625244    1         0.2680295575535898
-13424.699409417062  -11071.197192348249  1         19.967187822344776
3945.3459807697855   -2873.23219980953    1         0.19150589770215778
8429.45854234539     18331.77708271054    1         0.2330158894850628
2738.5694072477563   14897.04483599322    1         0.6835357702025724
-593.0072552678239   3783.692901368428    1         0.1263228308497293
2829.841688563025    -2493.5611325790364  1         0.3548434138630394
-2540.272894994814   17515.91452940285    1         0.9454374564252068
5698.105538165432    -9127.733728093526   1         0.6720489765368696
1471.8521772963352   -1047.119753351559   1         0.6351916535054832
232.93279569768532   -8242.646301245692   1         0.9858909792419809
7418.8098809747535   -14158.762834375797  1         1.5034205241685616
4652.184104172187    -1520.1435796576498  1         26.072145375659026
4024.799691971293    -10159.309079307066  1         25.2471262101018
8377.222933625615    -2694.5966842684766  1         0.7457033632337835
