trucks_count 5
drones_count 6
customers 87
depot 0.0 0.0
Coordinate X         Coordinate Y         Dronable Demand
1131.3843158114666   -2901.6682348661984  1         0.7480514732800618
-1838.1222434398273  -5065.275917599626   1         0.6826885183413207
3982.980999209848    1209.5493239077841   1         0.5526632543782496
-3806.8435112752145  4753.458859626853    1         0.6903623713284677
1864.0475335196338   -3967.2346244869427  1         22.08883142032022
-753.4984498681779   4972.3207803359555   1         0.7547791356829506
-1122.8371207895557  -1063.3874849338488  1         23.74973182891601
2429.4513851797446   -1464.885757408109   1         0.23418593316052644
3393.3124188770284   -1470.2032700469415  1         1.1460752175036815
-2941.12487773277    3842.38687195147     1         1.236712137715859
1702.9698846059573   -2370.2152557073337  1         0.3848981518315947
-918.0612328839135   137.1350602474928    1         34.58580140258496
1811.9130921211818   -2178.230295083226   1         1.0943235621799214
-3706.281460043696   2475.064861288649    1         0.7575058628134599
3678.805653411907    1941.6912764245071   1         0.6910455047965411
-799.5004949362619   -3274.3432792485287  1         0.9388820960202658
115.19310060997213   -4679.3196454918725  1         0.5835428331240775
2523.1262774080974   1268.3907035121788   1         25.110649089140235
-4973.575360167359   -103.04126952996458  1         0.7117996622823719
3597.769659194869    502.28590055839504   1         44.12297344842559
112.98171419660562   354.051359106593     1         1.0279900556595145
-3710.4871649180986  934.4939867307767    1         0.9557497305001484
-3288.3383266567553  5028.718811833608    1         0.10009134092597405
-2501.7231127449363  142.3513388596895    1         0.1946215449797093
-1676.8222942532902  -4917.606875497206   1         1.2438971090792446
-4895.628878484533   1497.4727171665047   1         0.7121236896668615
2778.21771864362     4438.071682066963    1         0.6924727013440525
2514.8387070671984   -649.2546380121896   1         0.6067568754139083
-2210.7568799686346  1131.0677232247635   1         0.8474097400824162
-1350.928079465515   3116.1962174774308   1         0.8626621393751108
62.04550417174687    -5031.375808430963   1         0.648072965715186
-387.2894699303584   4427.37885903881     1         5.218206021238556
5246.137333637794    5135.238039499544    1         0.15631991741609702
2315.093634095967    -4213.54832240937    1         0.8051567488891849
3850.711236274337    973.495677824139     1         1.1164279305686684
993.3953113102234    -1987.7525702893577  1         0.6131390218704708
-26.148000270872934  208.5092653748399    1         47.49359839927319
-4295.80557279379    1451.3264807861003   1         0.9270872644481214
1029.2391952311004   -3815.72390203596    1         0.9003045932393121
957.0329417526328    -1207.7428074285692  1         0.42789753665590013
1781.736881809633    -593.0811593583667   1         23.38824146191633
-4560.115754014034   3871.4475508620617   1         0.1516430885134989
526.9845808720249    -66.71864378068423   1         0.27798960186280336
-2441.818465593201   -4647.134476233511   1         0.18806149147292905
3337.986160145411    524.1901777585397    1         4.044247313449436
614.5028832844107    -853.9513145560136   1         0.5025220514610431
-786.6710247277239   5035.754138636034    1         0.6436389771359659
3908.743814791334    -2864.4068607193276  1         13.305538355176354
1310.6929938102085   1882.157315237184    1         21.802071868469312
5005.333364633563    1970.4389118206134   1         48.080957501880725
-2252.3703364304292  4068.6329173538325   1         1.2552127752389148
-2316.6662355836397  1704.4495398263587   1         0.9161432862143772
-1701.231267560166   1545.6024120627978   1         0.6673038663094444
-238.9161743238403   446.9852712204757    1         0.7210693482483137
3881.8945435211626   -2448.312496066993   1         42.34063500970001
-3216.3705290437333  296.1458021030194    1         0.3195141486598073
1245.7137449183153   -2768.284030672381   1         0.8762623916670087
5263.506487986233    -2678.220174340278   1         0.11026129252291277
-1928.06895558911    2890.901370105511    1         1.2377635129113587
-2992.294360746701   -2965.8698290574876  1         1.0294165564930386
-1459.957882517511   1085.2995480791603   1         0.605620610764259
-242.5627340422261   921.9919646201506    1         10.588271399540654
1164.795421222453    -163.21430115954715  1         30.954848093089932
-2594.6616683683073  4223.602662735918    1         0.2667349332313874
3642.530997008833    -5253.878861700534   1         0.5800233247819533
3412.9755641491925   2588.0951423553083   1         0.9044631934699061
-5185.655480863843   -584.5798292678023   1         0.19484428796442982
-3923.690034686205   -4027.562939230258   1         37.07591070616291
1241.6490681469886   2418.527065246954    1         0.24700221364864566
2307.564082364015    -1362.007644110367   1         0.5903980451159174
870.5647119732579    -820.2830974712829   1         0.6127496887370307
1068.304446838933    -3450.9976178697016  1         24.95514249152771
-4105.654660292681   5268.270151317801    1         0.3849092000132155
-59.64785234755436   1295.789006575149    1         0.5786932600229364
-1835.8686624150437  -11.262410431036061  1         44.53668750995638
2638.606709862742    3462.0576549933453   1         0.4050617428523542
-791.7359566032234   5256.5792941350255   1         0.701141988422472
-2929.8396493682976  502.03531020855337   1         1.136696021118289
-2289.907504756205   -1904.2766539904346  1         0.6181619544554554
4077.3579165530036   -3923.7186872399393  1         0.23671320714668628
3987.749455853507    -449.183640235549    1         18.046528122677678
-1189.0754237785757  -3798.1643967535715  1         0.5899704671689853
2488.5071637544934   4998.413168809338    1         0.8763739661776294
-4372.565892492392   -1111.1649775672217  1         0.4468336321164603
1139.2873610894094   -5109.36579868529    1         40.5036257950088
-842.3221133773944   4587.855459058899    1         0.2566149662133642
-1057.112235158345   3361.4781174714994   1         1.221258368510595
