trucks_count 3
drones_count 2
customers 27
depot 0.0 0.0
Coordinate X         Coordinate Y         Dronable Demand
-1257.9448961138114  -7198.603878910537   1         0.11689643211188802
-1701.1836537760205  -573.0072829107678   1         0.7125173490304452
7739.2837409568365   9136.509539789868    1         46.723696676504765
8580.600701311596    3991.840256018606    1         1.0095546492406717
7704.190172852709    4426.696151620796    1         0.3154476798810012
-1380.6018476103316  5727.404267563058    1         0.3482451121555521
7040.012728602143    3524.188968347859    1         0.46119105855587705
7520.495036891981    -6700.802729229964   1         0.3712187213974215
7015.786602247178    7355.342622674585    1         0.20373689809539763
-7604.444784446248   5199.224685001393    1         0.2466564473074281
-8664.748894721479   -2899.416436270045   1         0.11353415783259277
6102.447028169414    -7332.962355303319   1         1.1675380388889232
-4039.2510593494953  -7370.413896467809   1         1.0289542830628942
-6830.262987625671   8341.3452587968      1         1.090810592121564
2579.893337779444    3891.9275193846684   1         0.8675830595765002
2488.5636237955678   1535.42038878574     1         30.47646416102754
-11478.018222101393  9622.426190126558    1         0.7616075024229827
-10169.251126854218  -8923.971019095196   1         14.54829514926617
-9909.88892137682    -905.5493933443804   1         1.203517895481983
-11916.133184292727  1579.4772440622946   1         1.1265780351626222
13251.03855465981    -7880.194844188056   1         0.6508634694856251
1967.6031069528176   -4154.330913592612   1         44.2472232428043
-11771.218323262736  -10798.465560405079  1         0.9799621506296089
3494.814511478064    -9910.642476386178   1         0.9565295392860036
6556.788664884079    -7519.432375184735   1         0.8124080300095158
553.8256037779097    3136.9142087004398   1         0.39128137928577866
5670.230888602943    -6984.019757126658   1         0.7512793356430035
