trucks_count 4
drones_count 6
customers 86
depot 0.0 0.0
Coordinate X         Coordinate Y         Dronable Demand
7994.754508219376    -3359.0140527745516  1         0.7848075223962425
5846.267020507692    -8595.570433195951   1         19.353717598243726
5796.9574985530235   5993.533413354503    1         1.2396220886126699
-6916.668703186466   1153.2464014017646   1         0.47826397833185463
-679.5976522395321   -5345.04164089579    1         0.4668781536397306
1580.7293572532617   -1637.0122549956882  1         0.659190882943471
1682.6994156471499   2736.720171717397    1         1.1005887164294086
-6586.090920572531   -1285.861957644423   1         0.6456990163612998
-5578.163987869305   5132.904087658447    1         0.4438218078459182
-4614.724051225852   -3890.8058746582797  1         0.8568972158940361
1820.1368218012449   -1335.2055113176455  1         0.22164033811182393
-3433.4430253047867  -7185.073266218886   1         0.26933285772226545
-3430.716908622589   -704.0812410598371   1         0.7499835094039359
7255.596266788681    -5136.6900774541145  1         0.4314274238234691
-4779.194634112857   6157.573519654763    1         1.2350124429818718
8963.04377794453     -4829.988733299679   1         0.6461982651851714
6604.2245328047975   -1657.387716838779   1         0.3110448387376537
-409.92784915524135  8935.070194179367    1         0.8768624458221639
7581.620785542211    -5225.0084329217925  1         0.5987243334919623
8615.08258318638     -6042.001813042676   1         1.2466584798585323
6779.429066229843    6410.460058539642    1         1.2049496689824017
-262.11863454181844  7525.365459109676    1         0.38064517757666705
-7886.291727355226   8998.083927457043    1         0.29652903804629593
4288.240002273529    -6065.205792743798   1         1.006353483678352
7874.556084269217    -7226.040874592183   1         0.9409936759292189
6328.869260115454    8434.555799956786    1         1.2006984458819958
8023.032246768359    5789.187794045296    1         9.040118638225962
-3577.398101526616   -3421.115255147055   1         0.7356221693275643
-3308.7651157326895  -4338.320739749971   1         1.0779679043681973
3379.7231983603456   -8356.01200699801    1         0.21602082755392288
-7339.827940494945   6506.567916318351    1         0.4134857452377225
2630.040834256957    3861.8339031322503   1         0.7695998346670224
5136.038961171408    -3868.409904638404   1         0.9642446407656006
-965.846231539214    -1915.06121092223    1         4.228440167237771
8654.40100998429     -5184.595523365915   1         0.6272453846244894
5683.110463251094    1439.9620667535382   1         0.797074858510502
2974.6941739659233   -692.3070736676473   1         1.1011044547229216
-5033.6102680810955  2706.457262577727    1         0.536343249092418
1064.647561965855    -5320.893902036042   1         1.0133213885594547
3628.4815267824342   501.544079174364     1         1.168679189095637
910.0814116608508    1894.3183665271608   1         0.7889929680996215
-5306.268779560416   -6674.586303392765   1         1.1501290289160477
8209.777885451887    1278.0885453326234   1         1.2227227121411897
1264.164394526476    -1161.2935205031706  1         1.1577482603138292
-6383.544435491827   -730.3852604193605   1         1.0302361279384202
4905.116555319716    -8841.329321258023   1         0.22209425030382496
-585.7323088093581   5565.445610030982    1         0.8298628121853898
3465.8437862695787   6273.411193889089    1         15.133265401251556
-54.70628199982699   -4162.8560865780355  1         0.6299599027222378
6993.314831036631    4780.273406196624    1         1.2496965909294944
4592.456499412954    -1500.7738035799812  1         0.9988414926017077
5365.05710457266     3070.086737691094    1         1.0676204738018036
8806.064340625033    458.7898752850465    1         0.9735807708597376
-5261.024081536086   -5205.524344980443   1         1.140540115640851
8507.713642645736    4085.4847677203043   1         1.185517401975134
439.5072402014355    -57.22909522148902   1         0.3174024147816934
-5565.748051320819   7279.62143451965     1         0.4790074874919382
8673.681097167031    5213.490323856337    1         10.52168902865233
-930.286174239122    -7078.109552262048   1         0.23536648874992103
-6672.076519844871   1796.0515914112154   1         0.38001489224683827
3947.416180917289    -4180.519561714076   1         0.6878707113565704
945.2798445055905    -7123.162405229856   1         0.445989399651721
-1453.5822374833672  2511.4199670132043   1         0.7299705156202947
1046.2469897450064   1362.8201470601157   1         1.1426378471244318
-122.1787981493103   -702.1588037933278   1         1.034437331010536
7738.69377206522     3449.1861945356586   1         0.4231799061495005
-7925.04329376203    7196.835836134924    1         0.4042161580641821
-6672.352936733987   -752.5690798019754   1         0.5196157511511736
4477.15699895704     -4200.79902288949    1         0.6310601716839096
4396.133486258493    -7843.994667966009   1         0.3633261953750633
563.7423859959811    -7804.5338374700195  1         0.17729504270156737
5620.089117869731    -755.8724765488361   1         0.8576033067300977
7381.539816075081    2452.40795341387     1         0.5810473798361167
3158.0281824356116   -2199.01583406599    1         1.0102142117931983
7787.455664964206    -5313.315320449151   1         28.554539745769393
3688.0566898892803   -2250.361753070191   1         0.7655635904624507
-4909.560607135509   -5029.692523311943   1         1.0337180199914948
8292.163801353272    4122.169086773256    1         0.8596793451711813
-2702.5323855632523  7206.982524770821    1         0.650796917935127
-6383.587227421647   -8630.823969902951   1         0.9045112560942067
-6930.395779452448   3834.7757577633956   1         0.7703916672154075
9961.12981312188     2154.6090884496807   1         0.5624608848102889
-1751.495623414932   -8407.426367901906   1         0.5081234570299711
4837.480618734457    617.4506023098365    1         41.265637041678744
-8929.662674889885   -578.9320863163229   1         0.5536745937026746
230.42130693471037   -29.96141902473471   1         0.32861544986624425
