trucks_count 4
drones_count 3
customers 47
depot 0.0 0.0
Coordinate X         Coordinate Y         Dronable Demand
-7157.845202399827   -1238.9622017703553  1         0.8733441377710864
4341.123774542732    -1162.0313197676123  1         45.557666132015605
-421.10873008699014  8190.63923593831     1         0.5488842337967054
-5165.917957173764   -3883.722745828238   1         0.21402581712418745
6874.710318965949    3370.023625251128    1         0.70302682625516
3011.600092124134    -1065.8404553432006  1         0.8150509539929024
68.85376397152585    2832.5830431071004   1         1.067931457529452
-2373.720154190294   3516.98046689074     1         0.6435450670229121
-7201.279499560921   -7942.563974295064   1         46.56485824420414
6888.441491816157    29.27253802532193    1         33.35746486624079
7371.476327140301    5427.160614828817    1         0.7784156839679629
-3172.1045497114264  -8202.172191179608   1         1.0458513455348246
-1332.1751479977909  -4835.070800685718   1         1.0316237168802116
4034.375661669802    6754.612577082002    1         0.9884367712015741
-7456.366564869834   -537.699426331326    1         0.9247884708551419
-6023.166887767346   7231.236756052355    1         0.5151935717045496
-7693.05968905249    2436.5564812797124   1         0.7756147853427904
3114.8534144641085   -138.15742682998476  1         1.060423426126413
5248.885199673708    192.17096602798767   1         10.605015975344822
-5309.334474974657   8397.656533734254    1         0.49794946559151554
8198.768939063359    1969.3038830581934   1         47.356022463176366
4129.177313398364    1866.7059052827578   1         37.631307399471865
2704.300755431898    6977.260247734923    1         0.4840372862787916
5061.2397342864115   -6391.062568287543   1         0.29681547304571443
-5363.1060617173125  2128.6390111605924   1         8.987695253207782
-3075.6615448550374  8784.20613936002     1         0.656974832224254
1075.758155601562    771.3063184767987    1         0.25157817328033016
-3540.1702983630803  -1032.0304277357027  1         38.97656369053586
7803.739626213002    -246.16649115790682  1         0.1977613834805631
1948.3938772539545   -8369.130104837328   1         0.38889932977840136
6935.249310083418    -6951.450749962399   1         0.33135365432324254
-6586.483718594306   4686.1912636051675   1         0.10924600983641272
5497.062360589776    1611.2850109390613   1         0.8228315908659497
-9010.211966455943   -160.15750208002908  1         0.3830683043897437
-7016.148833748055   -1644.0894397294194  1         0.9329014317114167
4764.151952403578    8122.401366706347    1         0.8893855309515397
-5072.08242734618    -2991.58819856052    1         0.480116519384833
-543.4780914183084   1159.7619216187995   1         0.5009930580451849
2858.8296351015      -6770.568893939272   1         0.49147942109491516
-153.31112061458043  2394.5991735305197   1         0.23117564629639176
-5130.28484180243    -1016.7458383366475  1         1.1090863903425205
5839.3032494813215   -6744.234597082119   1         0.5653746614611663
-3182.189956605877   6281.703718193319    1         19.683564196509323
-1872.9903390712234  4847.162484680404    1         9.111958861461162
7160.736596497439    6799.961138504122    1         0.887292598321749
-6198.308770951418   -6582.934773350564   1         6.7544654508375945
-4716.176038146627   -5103.673440466113   1         1.0520482657039756
