trucks_count 2
drones_count 3
customers 30
depot 0.0 0.0
Coordinate X         Coordinate Y         Dronable Demand
4920.188048912974    1029.7268540244568   1         27.581174925242898
-2228.2010463952874  1766.5246339303358   1         0.3856391364078694
-1322.2534344565338  -2300.6031345279443  1         9.860146266149496
-828.3374656018639   2798.643967202567    1         0.2727547959904489
-4706.550515695034   416.88314264198016   1         1.0751127747225653
2771.6583466747575   7305.7155544678035   1         0.10484322928641754
4134.012393659154    -2227.4268688627226  1         0.49581859216405
585.723216944239     -2879.667513746639   1         1.1991818318962133
-2891.987421269952   -2647.892139534811   1         0.40218524907553266
3395.390790158928    6006.485888873977    1         41.48358231506978
-5609.859074552248   -8472.680568210439   1         6.717468255986003
-5220.534497870139   -2792.3699709033967  1         0.4901730400955868
8421.26691837285     -1212.4865155233315  1         1.1423974067737974
1340.1984956326612   255.2663154094132    1         29.75830084102606
-5620.6636122990585  -3331.672340736408   1         1.0745332296973842
849.8883731673145    -1111.367302335882   1         0.7648454837544397
2877.634336858193    -1660.921316756511   1         0.5174046612586924
-20.081264681425115  5573.746889055072    1         6.550686899317437
-8788.330796735954   5611.138532250442    1         0.7265272194964179
-8039.1092612611155  -805.2593911265649   1         27.244168950413297
6864.430845833679    5654.63688757444     1         8.162621652047767
9473.10908962469     6899.432630392799    1         31.16193207798237
1809.7785441825908   2888.735073544327    1         0.3179024508688021
1465.6521670613347   -7401.72122380787    1         20.963150077874953
4732.5931655028035   9188.038269885326    1         0.8190157322372792
845.2029945263333    -6908.049466392496   1         0.7216249030439271
5775.178341596698    1203.6483631367132   1         0.24899934048935768
-3356.200002477989   -6531.166851157502   1         0.5581819654977846
-6203.667024189735   5402.890270744621    1         0.5420197599394113
8367.128637832166    4433.451358105272    1         0.3624969340101798
