trucks_count 2
drones_count 3
customers 38
depot 0.0 0.0
Coordinate X         Coordinate Y         Dronable Demand
-8440.193270872094   342.34567431412324   1         0.5385486214482572
-969.514175532624    2989.724363540223    1         0.6048295335943219
-4506.527056365268   5764.807196245041    1         13.550023497244993
-3766.9841142614423  -8395.19618553698    1         1.1470393434796955
-6307.654942673704   -7087.609793958267   1         0.18626066475390146
-1016.4883319443243  6564.737688126165    1         35.61788178011671
8789.68146137905     3002.30474882093     1         40.21094158607812
-4952.500301811027   -1865.9406286911842  1         1.052206616535063
4962.86711383272     -3739.2035885852565  1         0.40285550019642624
6556.436691030593    -6054.75153640149    1         45.90619763335249
610.847492511363     1640.5140030317707   1         0.45093455311087915
9366.674858004408    -854.1837820057528   1         1.203388934154392
-6049.630534473654   -2174.8438367795134  1         0.13761348520015992
4796.123227190005    5536.010276477783    1         27.212124912301995
-8277.858137620417   -4550.064664263257   1         1.2467567005929259
-1521.7454324048242  7867.233383194115    1         0.2143199485714539
1623.8986643178214   -499.1877591296834   1         0.9790454738806934
709.2296474986883    325.2121675901006    1         0.9255820292514407
2167.5822740463977   -3745.409644042125   1         1.1961395595712518
-7885.162578334782   7345.357341512938    1         0.17030720483136771
6333.7118281697285   -6774.16639050392    1         0.5823792670744302
-3646.3727780995127  9025.105414140371    1         12.974139179610185
-6571.959492582074   -4520.2856863656025  1         1.122217796904592
-4254.643599393732   -2181.0412698645378  1         0.329916877115331
-9672.574095915812   883.5121121217625    1         0.6921587312814445
8383.956446250224    3840.9211904743047   1         41.645043691676136
-2090.456511600927   -3446.369482836196   1         32.8305776904491
-8442.872692876615   -6176.81491257794    1         14.36744343741739
-3536.3928066829726  9996.071960465977    1         0.6374447537812822
-11198.18852116251   -1896.9230729431602  1         11.63522787566772
2972.425591604814    5179.322292445952    1         2.204252901763426
1461.2619168296744   5064.905405472225    1         0.9261730467351026
-5100.665339789413   -1481.5340813340645  1         1.2369514149311018
7176.371104676041    -6796.925112955232   1         0.6653538914354787
4313.732146385959    7636.174365278566    1         0.14056926743066814
7030.9535640512495   -5106.464826404606   1         0.23070597618110295
-3531.6362950954913  4045.3514221263044   1         1.1810643751888592
-10407.069119814     -10117.447195208733  1         0.11719433419657029
