trucks_count 6
drones_count 5
customers 88
depot 0.0 0.0
Coordinate X         Coordinate Y         Dronable Demand
-6106.026379439223   5435.078499954661    1         1.2223711723822661
2578.007062298012    -1167.7798986113246  1         0.46698282426204163
8410.795566470331    6803.64369779731     1         0.9616031240155729
7003.741126373577    1363.457117930544    1         0.3176990529542967
-8352.22641012375    2464.47449160966     1         14.2033064865421
9025.223461356658    -2953.983377901004   1         9.328175537518565
3663.0543384635716   1078.2486191995665   1         0.7150571432858154
-1779.775501785498   4866.382682662506    1         1.600527779528372
-1764.4535888316668  7930.40525675907     1         0.17660377657990348
4525.694854751166    -1286.2938078525094  1         0.9520527351148879
-2839.4160446145715  -4937.597341417504   1         0.4538467706657693
481.7767506715296    2575.964949301542    1         0.8208423428114466
-4623.449812771576   6898.8910647688745   1         0.3420695580465578
7147.975039651282    -3780.1585365031783  1         1.09295050069969
-8921.859839295446   -2770.0232769967024  1         16.64720457253257
-3849.5087403854277  2192.173134101972    1         0.20274574112337446
-6110.946647512414   -8086.427518111236   1         0.9742560997913988
3407.3302541663925   -8884.041148850782   1         45.22598692999023
3018.9467372002036   -1576.0965278150175  1         1.1964404646663427
-7694.099155348149   -2547.8395989767096  1         0.34910964711171255
244.55187778582493   7632.063579675525    1         8.47734520698641
-107.33296858113135  9346.948258392371    1         0.801418275186582
-2669.178637190722   -7944.143050151724   1         7.280949983399447
606.6072083670155    4873.276457355806    1         0.8985211963488606
4761.083394471486    3606.021713329273    1         26.00087599687726
-6099.984357531519   -315.9260210336288   1         0.6970325053383207
3892.926857940704    -7629.665338637197   1         0.2722448133741454
2869.9666052577213   -9379.721723788509   1         0.8669331247104839
1248.9804617164937   4878.434562666695    1         0.7157895592234842
-4592.7992714408765  3754.631279273385    1         25.177615213647957
3054.3783169243416   -7906.663704473721   1         0.7326427134635437
65.42728184800399    -8348.904330978796   1         0.7692951300204798
6255.697884281663    -5180.118385790416   1         0.13485979966131648
-4484.746591977829   3672.1841341460913   1         0.3110224692314735
-4262.312756168329   -605.9376990101123   1         0.3439971202358868
1705.446404256209    7765.465976098379    1         0.9698640813560466
-8516.365836553843   2846.973790172109    1         1.0125378195478856
-6123.718673381341   -3716.982809664274   1         0.37741791382036793
8919.042217203474    2034.6609534358067   1         1.085783828763017
2628.750118176169    -157.4183216860403   1         28.049144129592065
-3754.1642519699462  8918.84532263771     1         0.7940844657800509
3666.338315150184    -8964.01584434546    1         0.7772376269824609
-3628.3586935821236  2941.2515817055123   1         1.058542635294348
-764.1600499178408   -2661.5194574091424  1         0.6324432921018283
-4060.128847787989   -3355.3376978554356  1         0.30342690647538245
-899.962016066113    4516.179352545056    1         1.203532330420942
-6789.27379045455    1956.3782891349256   1         0.741973861699778
-9298.499645471047   -557.4514686717575   1         0.187489856351959
-3332.3231283076243  9058.012107573359    1         4.989284102161406
-904.5336029125463   8462.928056715356    1         0.5601861037991017
-6543.176094748547   -261.0637259020284   1         0.8518846866750881
2520.4324778175023   3464.4336384717635   1         0.7251199444215867
2659.8575313574497   7281.983888944201    1         0.5457546843721572
-1781.5728388692505  6850.918259272461    1         36.913410318133835
7682.689149075545    1416.7310650069335   1         0.22279788398036
-3941.2901134131166  -8405.657823030897   1         42.61483452581858
9401.09224000017     -4451.212257187939   1         1.234427739461666
7718.765230179513    3556.224488738022    1         0.8942009924101413
9341.890571112614    -4470.488889364866   1         0.1752846894737798
4987.808238127629    227.02667334667188   1         0.20411878164911545
-4781.6454917206165  3963.778999212512    1         0.7125290811233292
8013.067932265418    9085.88028677716     1         32.54114009692721
-8072.098210107069   422.07199309661644   1         0.24214576260024911
5806.286148656607    -3727.9296219864264  1         0.9680655949148158
6375.148233256763    4440.793714234147    1         1.0836365793253828
-6169.886828527597   7751.271788404981    1         0.968181230364104
-5544.063606838151   8112.281018942781    1         0.9224213261361718
5938.740748348059    8333.432277147476    1         0.36584486193957566
-476.1554768603562   -7152.083148904655   1         1.0648775258402527
-5361.008694421723   -8144.585526014006   1         21.627370148004008
-115.82560097031161  -7280.145573885654   1         1.2305064377468031
-2121.111558023788   -7831.561728283642   1         31.500152294572583
4727.588658073928    -9079.87700663898    1         43.6108240858015
2133.645453942895    3771.8550030019023   1         0.5039251401391024
-86.17176808880104   5203.123173377854    1         43.37866341918273
4514.132148342019    -9316.056433895545   1         0.6468074175930876
-6057.556309442869   5332.388473888178    1         25.15578078542719
6515.847891099962    1169.2030665512916   1         15.226985443823619
-861.6853632774497   -7610.780638471782   1         0.11255104633596806
4311.687926786599    -5940.757191623681   1         1.040071664977566
3213.3619109132824   6659.714995731371    1         48.65104666546082
7600.225578149606    3182.7078717533077   1         0.5320541407900715
1831.4516265011316   -4439.305458138715   1         0.4337971348118994
3908.82951981304     -3125.459264485391   1         1.0592418799033791
-9163.635108206356   -443.6369781475441   1         11.074231968693221
-6222.868968530244   -1762.3744836821986  1         0.15494262958952476
-4131.733163406762   -4352.115014402332   1         0.10115899447215486
760.3186999191079    -5620.808837114311   1         41.272481776846284
