trucks_count 3
drones_count 4
customers 74
depot 0.0 0.0
Coordinate X         Coordinate Y         Dronable Demand
-450.98145687039437  2660.2405167444454   1         17.07317683227094
916.5633282379961    3807.168197281997    1         0.41573000244952196
311.1878959402648    312.6816631802906    1         2.8204434565543277
-2874.2042613140507  -1014.91912823008    1         0.2901249227866859
-4625.23828675314    -1929.6543955705763  1         0.2764688866018487
1793.4505772365926   -3377.2036705280357  1         0.5757210655701919
-1946.3899389004519  -434.4241631218774   1         1.1222015216700179
-3688.832469633045   2784.5165425487453   1         32.281402988519226
1052.3478307775067   -848.09423554968     1         0.1094841758719571
-4045.737945855098   3472.818192383812    1         0.14931897521389903
2643.787134176785    1839.1004196214708   1         1.0895065552804362
1080.8178916380757   -1238.0884598759226  1         20.619164463646428
5008.888430771177    -3695.5150942528435  1         0.4938849933028877
2323.579429246501    3317.6507862094627   1         0.8083121217456143
4811.527095147426    288.1944084270568    1         0.24670062488466696
-292.81014840529656  5013.001404159953    1         27.1213256885071
3296.3872108300375   4364.280343886564    1         0.3655212618298147
1412.2943640289352   4890.2548966582135   1         0.5648799378874092
163.98708920754123   -4894.803609784511   1         0.9478048832044883
4423.013250720059    1254.1451429265474   1         0.36795588808430046
-1804.919918260198   -1599.8399310124391  1         33.78131820947426
-4857.721119512552   -2602.462197631491   1         0.5439087530135943
-923.3671611974424   1476.3147837640363   1         0.7991997578451466
-1811.1479881216985  317.29365931584084   1         26.87261821914229
3987.5638090567927   -2521.0342073010725  1         0.9430765331452412
-742.8553451408998   1546.8025449526085   1         0.9717050273617801
132.88572419371926   -1440.3574881442248  1         41.62353241504728
3891.737640614566    -2399.26018280181    1         1.206996996430344
-1554.8303783438707  -1620.9682935056767  1         1.1638906591822902
-568.8176682848856   588.8477632859006    1         1.2364930729217851
3384.0444186143923   4601.7409079867675   1         6.018505497652128
1421.7826255225204   -3831.156290103328   1         1.0250496161208098
4329.981303941186    4928.907681325469    1         0.35571581299992605
-2094.113207903676   1517.3079456607597   1         0.15758514550157438
-2802.0098471604656  4277.562123099544    1         0.41809548869835567
-179.78797505004465  2162.6162073421347   1         0.7587016027342572
-1721.3107170940755  -266.06576860499183  1         1.034106632597731
-3256.7554793590953  -2658.1333951386937  1         0.24414745088052361
-3514.6192329169585  -1780.6158331114034  1         0.9083932725639691
-3047.068328304332   -2179.6481770337823  1         22.67920281623187
-3858.167511087545   781.8345376824863    1         0.4496944834592528
3415.2617907012923   1916.5807516363698   1         1.2383401576340787
2545.86120342537     2471.135231405021    1         0.11128707278367196
-2034.4136335671074  3939.79914956991     1         0.4188376538725943
-1578.328924725814   -3108.000491538462   1         0.5733383624278011
-596.9927174931998   -2099.4966539060224  1         22.131693321332058
2010.6535253326829   288.4002416467529    1         36.53558259652266
-4300.77293276537    2800.796120930423    1         0.5475660218921388
-3700.09303033099    -4034.9713169951237  1         0.1780844175331368
-3568.5203485969473  2189.8494726308445   1         0.6942873335045585
-4872.614919687378   742.6961044991003    1         0.7466562277150024
836.2687212118917    -981.2029742906715   1         0.3352058905532631
-3020.3081297394074  908.9398009267295    1         0.9878581110206547
1722.5128333712582   281.03207589011197   1         0.5095840168322585
-1718.480951452551   -4798.917902733504   1         21.932255435723963
1071.8701328448274   -4917.5908775637845  1         0.6584993987088282
-576.0008617600743   -992.1805032618407   1         1.24072565125453
4277.130580916918    2180.2516629323327   1         1.0825259635825788
4992.222026674308    -4749.988502134945   1         0.31676362472011554
2340.9728299977487   -817.6180826818348   1         0.7904960485683887
882.2205977877384    -3394.7261300810032  1         0.9385357597268087
2027.0570854447699   4201.127365990987    1         0.742513733770837
-759.7770958437186   -449.7156964544538   1         0.6961043755773031
4394.850207809879    2247.238736483485    1         1.2101956103634834
-2108.151204382992   -5031.207651165441   1         0.7571459654449677
-440.7636067346674   -2050.4414059235387  1         34.36475382458727
-887.1690196005313   -1101.7750929737947  1         48.04749465842098
-1687.7907490270877  325.7252623468371    1         0.9915256333248699
-4285.336959825349   34.32996502520381    1         4.190709299010802
3455.9647838347532   -2461.7215134072308  1         0.45681270754020964
5050.262020621845    670.0815888823463    1         1.2149084704911397
-2323.8815569915005  -3799.9367430797206  1         0.6029793653222585
1219.1900587921668   -67.88759725958418   1         12.89810040859721
1518.3848758588174   -522.9119796502953   1         8.819587355233637
