trucks_count 3
drones_count 5
customers 70
depot 0.0 0.0
Coordinate X         Coordinate Y         Dronable Demand
6181.602005726486    -1187.744056844132   1         22.234782826107335
250.08068277709617   3122.8560002427266   1         20.519025359956174
-8269.53132663832    -175.0091864174723   1         1.0580696513940808
9727.880292701944    3563.4203998827056   1         41.85265170385751
11738.514054210984   -12505.344278208673  1         29.509786254055825
4344.276864304325    8198.273564165402    1         0.23262727972273492
-100.99822115543269  -4798.833007487427   1         0.8320161214112051
3523.5142424333417   -1592.3879510207275  1         0.6275563703999186
-3593.6834362818786  4565.762126287013    1         0.17392675775207955
2655.349199914931    -3623.8724435422646  1         0.5208814612838751
1481.4267862320594   -1374.7114214835892  1         0.3790485720595227
-8278.191093011908   -6168.98979117621    1         0.26999983371847247
4044.7639700568557   -6151.300094039258   1         0.6378824274213016
-2577.8095521910946  2230.9197991512206   1         3.6511192056833366
-4560.208889396272   -6104.959587467972   1         0.5602006255362094
-1810.1796221185937  -4769.0367599426045  1         1.1455485086661505
-5312.910227171586   8059.5876292101875   1         18.00931987627221
-9762.140234430752   -2398.1929318297775  1         0.8087458516015583
-8104.068095063365   -427.5005320711935   1         0.786113997060829
9669.017117988447    4629.517970867539    1         0.4838383376152231
327.3771432401942    -7162.097258927847   1         0.4869319323443424
-7623.822649559091   -9.496384247880682   1         0.2849353516368247
2136.965003483236    -2516.1288958935625  1         0.9230473095726104
3795.745993511855    923.29586216067      1         1.1839283613815796
-9073.98527558697    5190.5240633266285   1         1.0367303708167803
-6136.901293262954   6942.379297275226    1         0.14325234229334635
-3200.0456948566666  7081.23711953162     1         0.7634567030956708
-6196.278354403727   -8879.459537933573   1         20.38411262311875
6246.144727446288    -4862.201772646002   1         0.19395392782786142
3391.5433553717544   -8526.240166085154   1         1.211882977549892
-519.7452628865049   10547.206352233366   1         17.454879878219113
9632.66288334128     8860.307972851973    1         32.352527801191215
-5039.625316746874   5192.576867518976    1         0.22426700338436167
7121.875451896041    4136.76610568245     1         34.50165412232906
-8623.984223413285   2020.7048203772827   1         41.6261414945067
-1590.3220676001893  3338.7150289342535   1         0.17381005881903375
11130.949684009887   10292.310186907136   1         6.345971451393862
-417.2912001620034   2301.665503541924    1         0.14663138508632345
-8960.251658485275   -2320.4041595037193  1         1.1843952429641187
-5012.813898045515   -6636.749325708455   1         0.26246946324572995
-9616.492071157863   4444.885503049674    1         0.22902089941232187
4631.099046192298    6615.62036844725     1         1.1101597849803366
-4639.547773744727   -7198.4641922502215  1         0.6144594655918052
3702.0981390283055   1240.0598703135745   1         0.47330261791212547
83.21035073477925    -1470.9387470650834  1         28.14882165847169
7368.023509408623    -1135.7745869788505  1         0.4631774798869497
7061.465236462441    2900.298627112205    1         29.227153669519954
350.5238915549533    9677.08130650542     1         0.801502819034045
-5744.551906679448   -7836.870896858895   1         19.828919804185748
4366.587884566372    -93.82942201111157   1         0.19198408892385455
-1812.6733439100408  12504.916000489877   1         1.2105528331430344
10651.997646552898   2170.26893479997     1         0.8029553570455494
9235.792534220338    -9052.492486896052   1         0.35836412311920696
-8476.081998549078   -1351.0579355106092  1         0.8828676599624375
-3190.0620703752215  3094.1814273791288   1         0.3703204652042701
-2818.6532916067085  -8263.896192105807   1         0.8943694270560021
-5198.382102853589   -9381.658357299802   1         0.6045287917736732
-2630.3113440612033  5007.461919221918    1         0.18051499145114785
9504.162643951957    -6642.070597889433   1         31.948193208676464
-125.57775082735462  -531.1609336148906   1         0.858613414070055
-10836.166771188406  -8153.430054404941   1         33.44031160920379
-189.09839110402936  -2422.2097540451414  1         0.15937757976918582
-9362.117385946478   -1433.6603350804367  1         0.30188047937360274
-7931.584149366873   6600.79150014761     1         0.12121631075647497
-1677.1552622674092  6879.085895874007    1         0.5351465089938965
6870.292330222464    4189.444067699298    1         1.0710547984600123
1544.6195868916438   -301.3369278493583   1         0.5261366194593311
-6141.475656615391   -7307.070016628108   1         0.7231839716052446
-3432.700046497219   3891.370621805557    1         1.068324449974774
2553.1480672843413   -3544.168099903983   1         19.921598693471235
