trucks_count 4
drones_count 5
customers 43
depot 0.0 0.0
Coordinate X         Coordinate Y         Dronable Demand
-3078.4887272200313  8093.240467722559    1         0.776166957742191
-5063.591722764499   407.3350482664904    1         38.59065791570028
8125.7778105838515   5414.571577745621    1         0.7979410915323709
1207.1257944053264   2797.3238387583583   1         0.4332337676410264
8470.978777056225    5618.087711203392    1         0.34180582719526487
-1359.5123909458287  8170.483022529193    1         0.68332216060202
10398.688984193599   6533.972268242509    1         46.495862920450854
338.30202929879124   1656.0496148183556   1         23.85792600850059
-5571.645140894393   -9187.579820823225   1         5.892218109370513
1613.7060703493325   10660.597036744844   1         1.001140457016703
7454.754596951603    5308.449409451983    1         0.9953388798718188
4036.4840309330507   5298.220455222648    1         0.13922347840317936
2408.3481827760797   3046.8255717281786   1         0.890290572352425
509.0092183131541    2164.934792670904    1         1.0637024181705952
-3366.7779749796987  -803.1301877522615   1         1.064219326329462
3396.6269386206864   -2857.6306206994122  1         0.5467799450117274
-9222.133479738071   -4629.426072189988   1         0.6931157929255759
7060.28483744985     -5612.620944438878   1         0.6968855819630138
5505.934441422999    9090.473121501589    1         0.591124010182441
5306.438424370955    -4536.5126170453     1         0.10589918090683706
450.81329716925393   7323.92049200162     1         0.827157425734906
903.1038917036968    -4235.79142803699    1         0.9737191208758281
2019.9954071895322   7366.478925185055    1         1.0369587191629783
-2558.224585622415   4807.688897942167    1         3.503800852697732
2919.300024558604    -4913.072259116454   1         36.89785759694166
340.2323265194143    -763.1785140939271   1         0.810323022510847
2652.1998645878643   7971.225217757542    1         0.18524295470077162
7284.817425240018    -7356.219934970473   1         0.6138188248398545
8899.625154182679    -2343.6221902831603  1         1.0134894165573796
788.6937246010184    -10412.184546938674  1         1.196977350257071
3084.172420478211    2814.610317316201    1         0.9035186819729604
-3148.0527357253545  5552.577292187618    1         0.7631086956686383
10002.951793233105   5.8636102169933695   1         27.299878595483438
-5750.890330153376   4046.705114564651    1         29.209759272536417
-629.643218757962    2593.9899852039202   1         0.8619546895515039
5267.616949001833    4546.187586040891    1         0.8206537961667979
-9467.517214679292   -2262.200001570368   1         12.428537147075064
8691.654204375373    -1519.1616667416365  1         0.35133548162720185
6491.2693476864215   -5991.476649346155   1         0.2103032932735226
7086.737609510623    1300.112757706289    1         0.17002576466815894
4219.695578315628    5634.211553280568    1         31.236855322824745
-11521.546065350465  -10820.948391013248  1         32.44423028691084
-4263.8944185768005  2972.1085724303507   1         25.856692407592526
