trucks_count 5
drones_count 5
customers 71
depot 0.0 0.0
Coordinate X         Coordinate Y         Dronable Demand
-2587.0293892972936  -1394.7020186652535  1         0.4263937782712506
4766.708345980665    -3191.2541293461295  1         36.27442971680222
-1391.640627125915   2866.9489075419137   1         0.28186725989994277
1276.821244316068    4581.736669320913    1         0.1808840014355159
2245.8477024137383   -2905.194869305442   1         0.24671044356251867
-2727.3526995839175  -3582.879103913547   1         1.138605679307246
4415.987255533195    2941.7277175774416   1         0.8483852869811624
-5014.291607686598   51.464748231276104   1         0.7267851381996944
3499.887316408086    -2224.6421408082483  1         1.1481431873808405
1180.844409156557    2908.7502931258823   1         0.5463684743176507
-1439.4743412358089  -1630.380279352825   1         1.159789008327047
2404.139082529638    2704.3736906138615   1         1.0827709034343966
4230.845847877826    -2684.5186909645445  1         43.94786564923939
5237.139365594423    -2844.671430989994   1         0.8212082226356587
-2068.189951120245   4468.332899249041    1         0.16099913647370748
-1453.5106872487702  -1437.8701526631787  1         4.300799564550839
-2237.3532019006593  -3655.567729106755   1         0.1925814353529658
798.0522768206201    4787.002820135054    1         0.8950625457635784
3634.6690064752784   -5278.224211793488   1         19.526348763352605
-4915.864698825484   -87.47452829474966   1         1.006049928625878
-1977.4709436497417  -5141.9494487592065  1         0.9504262262611279
-4294.3990270951035  -4059.6330201907476  1         0.22072679845630225
-2233.7197527858316  133.47724311044848   1         0.43190744880284904
2453.8307226005018   -510.5070597454967   1         0.47294750165089017
4854.997295844005    3487.2438316691114   1         0.16795675367897253
986.9068544161341    -5144.163631958905   1         40.395869909466036
-4977.899885497952   -567.2839233262823   1         32.081478854644246
1048.048551778854    3379.100290380918    1         0.11545262374052187
3071.7039089455934   5281.968830508469    1         9.408501505420428
812.6466178429127    -3009.491492531931   1         0.25289232383137766
192.47689963971533   -1279.253632730866   1         19.140542436557496
-263.3042530373799   -3097.0856843207657  1         0.8553798807354335
-3914.726447440962   -3290.547865964527   1         42.666098695246326
709.0778224670566    -4728.609175871657   1         0.7936104319727166
-4281.715584656698   -619.5109258764569   1         1.0454006786368428
3572.0992166669635   1931.7200930544232   1         0.21803960749578938
3369.895310730392    1451.021997953516    1         0.6587348341745637
902.5772406473105    -4857.402043611581   1         0.84703682012972
3599.6823871970664   -4960.615190472198   1         30.02282044918927
-3221.423192446856   -508.99115992931     1         0.6682454957084788
-168.11913962044673  -786.1448307178625   1         0.7311444929800812
1866.8184197590472   -2656.7278190308543  1         14.263712047489207
-3437.604876623961   561.7469348673806    1         0.14092953231079003
-243.11342254639308  -492.6930260208837   1         0.10870949553849432
1829.384635973277    4574.211081180088    1         1.1178894132300168
5087.731492683483    4713.1214834921775   1         1.2292177505035609
-3390.800691249257   3592.2353783441763   1         27.802368120288754
-4725.123699012198   4775.315220027958    1         34.16382278953555
-2165.245335948324   3444.6256757111414   1         0.8165919488095686
823.7756191260881    -1845.5446509551653  1         0.19859923549230474
889.7907511684263    -2778.78621906412    1         18.871353811490703
2468.9806524097608   5227.942984740519    1         0.24306697342206365
485.9259566460294    1536.5114406696687   1         0.8906908326708145
3949.163299400002    -578.616580815369    1         0.3690271770824828
-3183.473652749335   -753.2274329778779   1         0.9885412744045845
-4726.809742640296   721.3205001862053    1         21.290173423314656
-1567.952739873974   307.3449156464927    1         1.116412569355371
-3383.7384501192555  474.0710862547426    1         0.6677249790428674
4298.605862870634    -1877.0101283856452  1         0.28272478223334163
515.6752551218148    758.0693948752812    1         0.8458004340515234
-2845.230427163594   765.0868078508296    1         0.5787699752202932
3227.3604882932823   2101.139328104082    1         1.0013907985294594
-2249.3942993895425  -2641.5526362133833  1         0.3832422175701501
-4302.18727315266    -152.17549102544135  1         0.36385995456890996
3432.4362321523117   1694.9026550175065   1         0.9638657399632309
5375.723959142794    4583.347937697313    1         1.2163631161852713
5133.352525215298    -1968.1688255644658  1         0.4057359799407112
2741.2176159280534   -3755.9437055320313  1         0.897936954967875
2222.798483332437    405.8139840317408    1         0.50259717088905
1133.0527369772053   -1126.497592433093   1         45.62737355134781
1893.2638356518025   2225.959927156103    1         1.2347668229573237
