trucks_count 5
drones_count 4
customers 68
depot 0.0 0.0
Coordinate X         Coordinate Y         Dronable Demand
1011.0914432422902   -8128.900749201138   1         1.1753262780592664
-7322.334592863055   7206.497261963586    1         1.1855709013190927
-4132.926175746216   8043.121731424268    1         0.3987796260214538
-991.6545760614159   7032.329339116378    1         1.1580428744970155
-1339.7468920969968  1199.805874593163    1         1.6724980293091516
3775.027215211483    1832.250040349123    1         0.6597723431769429
8220.03753916797     6883.918579168951    1         0.5265294564706219
3274.2695684088244   -5447.656897294743   1         0.567102300656376
-1543.8086068838006  -6608.769121420051   1         0.784511205964811
-7992.640961960991   -7035.913204832944   1         0.9836072326131597
904.660830572162     1338.261368454916    1         0.8959273493143068
8172.037871179366    -865.2068239215109   1         20.255239433491468
2394.7345992849005   6460.882044746749    1         1.2404831423347984
4956.068622026123    4360.850945719583    1         0.6049449858018102
3398.8892609875697   467.1585396310426    1         0.6248183183692816
-47.17964698117712   624.3844388529307    1         29.80338067263237
-4543.821025863863   -6549.775623435703   1         0.839840599488508
-1458.5199529321833  -1786.4943845446228  1         1.2440605286796562
-2288.2598608898875  4426.941396593601    1         0.8255673175717189
8443.187395689118    -5682.201543910755   1         0.2918767853999908
866.9944417557901    -3861.960755116236   1         1.1323623861851202
5168.231880110389    -5113.313215423621   1         2.3006933902520688
-2679.5348682719614  -8.125393935334158   1         0.15097894657003288
-4725.460291065693   4580.189540547267    1         35.28760456779845
7201.140121999248    -3884.495367202531   1         0.19337343670752394
4006.674163984798    3321.6716855467876   1         24.09177641849583
3063.2960449761363   4810.336435425081    1         42.53026085332032
4095.9283471394824   4135.24760322332     1         30.841570985618326
5164.089823002368    411.0218257550948    1         29.590231620479933
-5358.559660293617   -7785.2254313070025  1         1.0869947713168222
4560.454179839459    -748.6220320629842   1         0.6915955294515941
6847.139702557927    -7412.822511054359   1         3.1958098833186277
-6557.6932253258965  -3900.633596408349   1         23.181766837413555
-837.4128031024204   -4206.643420459422   1         0.7375126143278886
1537.793776103361    -4711.621731232162   1         19.662675884352307
-1952.3671151277322  -6241.015613325482   1         0.13887811148467266
6350.5691236014245   -6770.078351456197   1         0.10401776642229658
-3954.4404325146897  2525.2425939357936   1         0.25723466808389217
-1963.7104269704707  7602.48734366184     1         0.9324508082332874
5812.905884369495    7412.617676931198    1         1.200847549130879
-7137.688300825009   -4720.601900642072   1         0.5281041586222205
-2085.2051355076105  234.9112679229255    1         0.8380950849416104
-4911.112636952261   -6395.211644243647   1         46.68467597339632
-4042.121353943522   -4514.953263325657   1         0.3851061364394449
4791.052666389692    -6222.063376189686   1         0.9517654513560175
-2874.6242220778995  3101.3599344640825   1         0.48450888678421333
-791.429895720717    4073.206619703106    1         0.12806413304307943
-8187.549873104154   3606.0732907261986   1         0.7780950288890484
-7249.092060352064   -534.3030286075834   1         1.2176700764561845
7988.517880363829    315.44588503362263   1         1.0876937222226786
-8290.042351352866   303.0440773121494    1         0.2099101488245556
8115.908210497788    -1006.3336999209387  1         0.15434807677905985
-2215.729148469494   -6023.556284629604   1         0.4051841673642631
-2280.903624377782   1990.2102561988982   1         0.2154038339703426
-1447.5451740176047  7852.253837462113    1         0.3014041482164229
-5072.050971772935   -1829.8798174602152  1         1.0803579996015662
-4297.638468283964   -5106.931570900463   1         0.5370756177537246
-2622.902269571553   -5079.892118056254   1         0.442585298729108
-4566.431572732078   -925.7910092771929   1         0.9327374521969091
8637.734306779586    -5892.440936400955   1         1.1092160274809106
3152.497874319316    -2654.0095983337915  1         1.0928676106051811
7497.416204205653    4777.279795982826    1         21.19897033830255
8394.689191705478    -2524.5448416718828  1         0.3870444786017594
1603.7300644930183   7917.925516091482    1         0.5298807378174741
4731.238681037532    359.8880617386334    1         0.8446776798535383
-3304.9191697427027  -4151.540062494992   1         0.6791014218405192
394.7351774601506    -4119.539555621012   1         0.17794452221856677
-3873.9577986211652  -3627.366875253124   1         0.17983872888181798
