trucks_count 3
drones_count 2
customers 35
depot 0.0 0.0
Coordinate X         Coordinate Y         Dronable Demand
-5588.684503961775   -2412.066290397635   1         9.116280884694358
389.5605038486716    -3421.9354549272366  1         1.2190508288391044
1379.4507358771934   4134.979356605516    1         1.1770282286238853
-1133.205188689202   -3774.28395372375    1         0.22367107490151347
3683.475729699881    -746.2290742027163   1         1.2003323664842531
3033.743067606686    -6133.480899843233   1         1.178319617953093
-2854.07348337655    3923.010931139441    1         0.8725189305086183
-1727.9982981674536  -3271.3390759475596  1         0.29316321978078796
-3031.322813603198   2994.0362253919793   1         0.6357769678750987
1468.9773287636579   5228.093614190025    1         25.692479330046545
-1801.4088925314368  4686.101183879571    1         6.437780423915005
4383.290610981285    -4164.502061382874   1         0.9477219562425055
-3682.831168165224   -3543.7784761578655  1         0.9860666247881984
-619.229510842833    5653.442655703525    1         0.40724970835751073
-2809.045595136245   4474.057495739676    1         4.913634350757189
5475.677260575389    3233.18764194447     1         0.43928394050760433
-2280.8521701513596  -41.14764343059571   1         1.01699691993305
3055.2941540387833   4954.455347376669    1         1.1582580837164316
962.3163716455548    -197.09323574107896  1         8.078622965219438
3716.30857850395     5613.552279444816    1         1.0851136861244528
1708.993034034066    2429.4826082941036   1         0.9517228144012355
-5199.084457652381   -5588.396302387492   1         0.2730641455485883
2181.732544127028    623.1984250995672    1         1.131376662181929
-6498.080503493616   -243.52128193072622  1         0.1260219538967945
-2520.200458434871   -402.5175165689581   1         0.2072928698123816
2574.6623941317057   6152.093487896378    1         1.0041712971412096
-5173.391433244629   -152.302479766593    1         1.0683254926212662
-4600.168967683427   2976.088304470251    1         34.015278149440555
6794.9086380334975   -5303.242550458416   1         0.6878175620999858
-4343.962556310405   -2710.3995904994117  1         1.1287851311868045
-5182.046529501203   -2374.2849033231946  1         1.1310277536491014
2411.9949429098483   4276.192812509661    1         0.6671296135678058
-21.732059698198224  -4724.969938096514   1         0.21330053104226265
2668.4151113615917   -5769.806013035772   1         0.9173583522173707
3856.252089327152    -1006.2475822554679  1         0.3546443728912917
