trucks_count 3
drones_count 3
customers 20
depot 0.0 0.0
Coordinate X         Coordinate Y         Dronable Demand
7781.499585522608    -7272.9694107106325  1         20.793672031956795
8228.718952586776    491.59408993576835   1         0.9256875757600266
6066.515026048721    -4054.7854475931154  1         1.1007409312503398
3139.272439191517    6704.631633485311    1         45.416070137888156
8479.126313480007    -4423.675292635051   1         1.034926423219952
1439.7767396315992   -8169.491775712787   1         1.2018023185078381
765.3622510289154    8488.541248784675    1         1.0589562704841262
-236.96954901210492  8223.507524347651    1         0.20454193865527404
4236.542154600597    -5429.322450357488   1         0.6108605508428827
-3317.058390482492   -8384.641321997495   1         0.3609075526795219
-1662.4120254420707  4184.867596821146    1         1.1807683029396474
5719.290041035851    -4915.046278428899   1         1.0737015870972524
3094.5813540329646   1170.970767025626    1         0.5600853919601361
-7901.723073468642   1518.986353557176    1         0.3201123140734625
6250.782700347104    5405.164913363065    1         18.11036724820903
-568.7753070065276   -6890.393406954803   1         0.22783968644724115
2341.2092069537684   -3083.2536276708634  1         0.4529635910253028
2324.8580516003904   -8524.56503816931    1         0.6327251334691063
7237.9062516411295   -5589.331231979028   1         1.01536010246786
7695.824825538605    -6050.179743290606   1         1.0983595039372946
