trucks_count 4
drones_count 3
customers 69
depot 0.0 0.0
Coordinate X         Coordinate Y         Dronable Demand
-5153.50812333751    -887.3762917771129   1         0.8782303553572561
-725.3111579856541   -5621.935011659362   1         10.31210930930381
-2421.269552368684   7858.696184659788    1         0.15686386549416645
-10605.817639301404  2176.779730107021    1         0.13769691541503248
-11262.710016586225  -424.83424771121645  1         0.583265693801817
-1872.3579776861457  3924.895201892065    1         0.5064109260158751
-8904.250823869606   16011.023828621786   1         0.968452551099992
7544.08661076353     16769.972646472364   1         5.047409844003553
8777.498846520746    4172.672114955313    1         0.4097923270840359
-9501.969605775485   -2143.782694008016   1         1.226647429839033
16591.69721894984    11946.21442538315    1         0.7805035824017085
7143.416563926448    -7269.833737825168   1         0.11914158120193874
6168.876821212123    -5877.47101051922    1         1.245058568595393
466.3427222226722    1037.3073868194938   1         0.92860863083812
1827.3359849418787   3900.657801060505    1         0.9171803803096161
-8293.804186809773   3649.612036869046    1         0.6422748619788808
7413.362319966529    -7479.189468580082   1         36.69369957942793
3893.0796632824713   8555.690280869054    1         0.1134677946543125
2751.7406098663073   -1265.641531448973   1         1.0996381877378338
1540.633384547513    325.2870989858701    1         0.3901211788136756
-4694.159988290365   32.78327570520678    1         12.184119433859864
1234.4748329711927   4253.449587245473    1         1.1440767066577342
-3577.2302448613164  4454.302583990484    1         0.3211889319137612
-3458.1497694181057  5607.230573794433    1         26.513391701914458
-6011.173881496685   3879.3821493880823   1         1.1029968078324572
-291.8654767088806   -3843.1117934113067  1         0.6349397993979564
-5302.771800995653   -475.5048363356269   1         0.10191979996312461
3020.6654226698433   -892.3695519427982   1         0.8234293038163787
-6328.850429384665   -7862.098260785235   1         18.22521729905257
-7711.759108403817   4006.16611996889     1         0.4344670104702274
2800.9223125190374   -2250.2250371021246  1         1.0115936330074076
3656.7456787800043   1447.400815253614    1         0.20521774407710475
-10995.967358317463  709.4227686702907    1         4.58817594081208
-4412.40144383098    -1616.1821555638217  1         1.053933863251073
2341.4291072619867   -4952.483589106494   1         0.3894401809938187
-4480.614791660158   8259.330604414865    1         0.8207806857405867
3289.2567116787886   1368.2855658790027   1         11.96206605591879
-8750.24707884567    13612.97682897458    1         1.1420891468829315
-6696.010562716629   -4366.686089556893   1         0.5704625488125289
-8647.74658629073    2193.5066374676935   1         28.126455788530365
-1371.3451315111101  4960.506847317302    1         1.021042195247265
3706.3771935702284   9810.9658166731      1         0.6320497218166319
-2077.2210992362166  -454.7622029470115   1         2.676678766300652
-1494.3013116890568  2394.940201240759    1         47.94611129148668
-8785.77322857805    -4481.566152123872   1         0.9804762888920203
7371.008063854425    7896.6426417949215   1         14.912142053615387
-12584.180920619834  -1175.7561346055336  1         0.6367330576061765
-2793.812858742871   -764.1496280442649   1         0.7105886638596967
10769.35460229492    670.4674129098056    1         0.7199673836452577
-1759.5431056921707  596.554592370897     1         0.4187305896953605
-8569.841295281984   5395.182538595854    1         0.6072679777703777
5735.933578449753    925.4854419917375    1         0.6390186520656915
3878.1761942280864   -5418.363373165179   1         7.639640939466609
-8010.709661538341   6828.815917761323    1         0.3192379829079801
-9259.008743973327   -16338.818255982258  1         1.0391307556999323
-2035.7444309594232  915.2156185704496    1         1.001518896635694
11269.339997492043   2659.703447207743    1         0.1255780921008663
-5783.938641720012   -1669.4483591070993  1         0.5259441164493218
10530.794033914617   -1569.7942783230512  1         1.2113099698289518
4246.333187828609    6431.2178003715      1         0.906373753134188
-6635.61030851413    -1794.7971288028266  1         0.331153984068968
3775.620788450375    4284.300500071939    1         0.7730529656677465
-5047.676329220025   4339.459219137458    1         0.6649927794099227
-6618.166842172609   7636.935665151302    1         0.34040292691180674
-6593.9887060212195  6324.87081379177     1         44.85677760376125
7203.587049658238    5844.487264264431    1         31.154234955970242
1023.1373282019373   -9813.224394779381   1         14.183165713536376
925.9541467570621    1994.8486421508203   1         0.29572890281364966
-964.8637324546002   -5546.9879197677255  1         0.6678857349984804
