trucks_count 5
drones_count 3
customers 47
depot 0.0 0.0
Coordinate X         Coordinate Y         Dronable Demand
3992.5333855854096   5259.023348184257    1         0.24532146018608292
-6719.73728824774    3549.2447089328725   1         0.36967223264922455
399.6345788771479    3239.643402566342    1         0.18608795314069482
4788.360768019478    9872.127038361876    1         0.22342585225244743
-6011.605187602304   -4338.977827518388   1         1.233937264995036
-5564.989130291573   2274.7005716635817   1         3.769159797066197
6101.845510363612    3228.359958094751    1         0.8420925890230095
-2278.0034258640803  1913.5832159327663   1         0.7205669979978719
-2666.4751893202165  9292.569260247927    1         0.24997406028424307
-9611.489489515212   9781.953497488234    1         20.928719961378533
-7968.588569678812   4063.1297030829746   1         0.7332469494044059
4577.148383713137    2282.573686141685    1         0.11553293874973788
4541.554527573205    -9057.993752782235   1         19.38654226184586
1218.597878049429    7841.074456011952    1         1.1516141531476685
1465.5740300840648   9419.000831463112    1         1.1853479084728833
-4999.232737046297   -4568.762566614924   1         33.788744975157506
630.094711052327     -618.9845634027695   1         0.9086224258344052
5298.883960144035    6621.3795492712      1         33.9955928880288
4897.862732497489    -8368.592950707776   1         0.5247975034036885
3661.9966083743734   -778.9521572375893   1         0.8647853769775792
8878.371014256543    -4223.377981105584   1         45.72521814597846
-1096.438152030858   90.87421250137943    1         0.9929793181446649
6882.0455867500195   -8022.216183274288   1         26.899817003511714
-10260.768237063498  -1299.4128539289798  1         0.517790048642968
-6028.006670385935   -6234.309422307224   1         1.135759134741207
390.1860916212158    -1437.2553749451586  1         1.0854990033179401
-290.3690081751294   -6933.110527555305   1         18.647518807565525
7604.843149917153    -324.42406979435077  1         0.6954881921654334
8889.409414509126    2735.340791786708    1         4.236248521119773
-1359.583648849701   -10090.532440091927  1         15.549109596416898
670.7040858440946    -9306.249630844282   1         0.8640218108237798
-3309.281173850308   -234.54471693420345  1         0.6884443295948868
-3083.7855286314375  -7887.124668350712   1         0.545412623554729
5079.28361366288     6452.475955508692    1         0.2042228308984792
5208.157205363419    -1519.065018577745   1         1.1100947234766658
-5750.991040281484   -8003.736402008921   1         0.9828216356813935
4276.580783242185    -9869.213291642654   1         0.5354750508265569
2037.5361223673674   8534.97978192108     1         1.2081335906555013
701.4040623749041    6984.269550806187    1         0.6538269265481339
225.430600894204     -818.3681813483449   1         0.24518013538570263
-1771.322712637648   -4204.276071013481   1         0.5620952648861204
4701.587838329193    9614.110785950908    1         44.69241697699133
-9549.828893519709   4696.458306773955    1         1.052195920815365
3768.647082152457    4165.860390178849    1         1.2202544179350407
629.7815121429561    -9353.455013182296   1         42.072070383927546
4700.063560805553    -227.36121330263302  1         0.9918452311066286
2926.2612944770794   7419.964234185047    1         1.1952944478563925
