trucks_count 4
drones_count 4
customers 100
depot 0.0 0.0
Coordinate X         Coordinate Y         Dronable Demand
-5437.7495366382345  -4714.035120127375   1         0.6803646309942352
2368.615314848904    -8869.515023859176   1         16.253265615664475
-13593.762932980175  14924.95229012939    1         1.1231946922273761
-8421.808739129347   13082.489653301462   1         15.472208133382024
-2776.482170463772   0.2548031065832387   1         0.2465247773315785
-2545.3046311543403  5076.224425121473    1         39.142719351887855
1346.710372450372    -5875.199349293557   1         0.693354067891028
-4541.76033165656    -18299.812018918838  1         0.983123660169467
-3984.8317642765924  -2463.5629960406677  1         47.32509889685112
5491.9339075740245   -14439.427192825457  1         0.9157340790953675
588.7068419257395    6233.761188860457    1         0.7639070651541732
5415.432951261957    8876.452021562114    1         0.8007442782963393
3680.0373141215796   -8414.074007859886   1         1.1329362097203675
-17620.531684560432  11089.62654422779    1         0.5865230390191126
3173.9284607316386   -4176.15509067365    1         0.5610046397406018
-3224.3291463263836  -6734.926233878115   1         10.691374384130892
7714.612796725681    544.4480386264953    1         1.2333915295006768
1870.998194059472    1183.5018285836795   1         0.2540995472371198
10326.37679094606    3215.300514917332    1         0.1738262561852576
1267.0303873819444   4889.559693460588    1         0.6486975456052113
-954.0031291491275   -7260.448378407824   1         0.6267796151837725
3973.350389045081    3573.559642473232    1         0.7668800642504431
-16857.559987167147  7529.500491873539    1         14.056075647452518
-3502.5398995284563  6555.125856328666    1         33.10970913808991
10024.133504302416   1149.9050244786222   1         0.9936958242796554
10713.41675286719    -1402.7254150677536  1         0.7985376855647518
-1287.6234104757607  -823.8162378134241   1         1.16884579864141
-7453.470871295627   5364.577054214264    1         0.22745360117576363
396.88345990308346   -8069.156255808959   1         1.2191609426302288
-2288.9026698177117  7399.731204928345    1         0.9471333368246134
6384.951437063138    7665.913544840338    1         0.49023975891900085
8897.529752524475    -5112.691831008427   1         0.9592963917526832
-9396.675926633181   -3189.7273109434122  1         0.4749316281001069
6570.104476224213    13922.69174583688    1         36.20475390903809
549.9922555162668    -2218.5636755969663  1         0.19499645391976567
-3727.032879707561   -4807.94145347901    1         0.805550712155349
8599.355283302788    -2248.206951212637   1         1.0570428432143375
-12118.131484982145  -9873.552274379197   1         0.7506210440891107
1760.1250176859103   6390.1014151869695   1         1.0607398266535464
5296.041483717263    -5292.360188932107   1         1.0067314122705568
-9099.251356021876   5784.032572861968    1         0.24716107169435236
-667.422923790511    -9587.18063202479    1         1.0781206295480876
3251.7957199198495   -2506.007756712064   1         0.8164672263915996
-5373.819826273209   1571.052079758176    1         0.1712317893464519
-6525.529041777986   531.5692393117334    1         0.8556778586618383
7015.120746058548    -7098.991830177893   1         0.21741043417445827
-10548.471171069403  2536.1136568598326   1         0.7921398850241793
1773.9467734527448   7946.651874414817    1         0.14056224888873997
-1363.7905223313655  -4479.7123099883775  1         1.087270871664103
-8832.094082114467   1035.4211801060796   1         0.22636346299082105
-3217.489139126392   4645.869798982621    1         0.18250778595443398
2138.0097570486055   -6514.728072754011   1         0.8638416150121315
-8969.28683770584    -3503.349995634188   1         1.2449355894924323
-1611.679078086563   3852.2469350986175   1         14.639150000339212
6063.084833250702    8870.50096920815     1         0.4834030417695153
-1666.995259183493   -1162.1762119873313  1         0.8932672498081926
8391.335229565018    4301.063781267648    1         0.8790648343727112
-1005.4633511434265  7265.709264918951    1         0.10286899431643731
-771.5015117833058   -5045.442554918499   1         1.1117193367491525
-2095.615970077488   8615.891445494532    1         0.5872076578254893
-6711.571215540608   5886.899933299631    1         0.36096004964337935
-9921.621626439888   -13703.03982112966   1         34.59841062581078
-3139.8987207055434  -4356.557048316747   1         29.24107300594889
-462.4581402560856   -7866.575253893438   1         1.201592813984994
806.7145278146501    -5130.356609805065   1         0.4004887876167955
-1956.8912577609028  -6965.414930851692   1         0.5942515262492996
-612.0968088727532   8718.259077219802    1         31.665247555868284
-2519.9494922548993  -2906.228473598184   1         0.8118040545558172
-2580.8897578661185  -8683.410864609476   1         45.22242247168818
10006.437984597884   1429.4779411325644   1         1.0951598473245228
4137.400568957826    -15172.139407001472  1         0.9883704191696823
-2731.7869425977183  -8905.624709854432   1         0.6209573551190647
-6298.634858086832   6941.31420224843     1         0.48638842768527013
7768.119450533044    -2927.080205766421   1         1.0707697141709553
5080.213081288802    6878.347836914551    1         0.4391602162557914
2306.322229319887    800.9470210487078    1         0.9384263564591657
5650.44732340012     317.26043221965733   1         1.0923355996947386
-7330.726554974734   -6668.401198530232   1         0.22458993998304988
581.5337777762869    441.40458523232047   1         0.25171603403268944
-3786.6079358737734  4767.341057666676    1         40.73473376522043
-4148.4125800196025  1178.9438677149008   1         0.8996479432041207
3574.6230186652137   -12327.751266823234  1         22.683784840328915
11262.089279603202   7976.929812932933    1         0.37112038073152687
-2729.901127915329   -4755.663463349535   1         0.43601762910820097
-6189.42733194729    -424.5658313554101   1         1.1855509380807392
875.6113929699131    15555.620932577964   1         0.9886232184287244
-2518.087153507712   -3860.235542383201   1         0.7172688846258048
-8677.775954861709   5467.483498445677    1         0.5666516416752722
-8692.321383931918   1603.9743086611372   1         0.8107198419220658
10082.337570862739   3045.3469391031663   1         0.16740670672077967
-10304.539147979693  -2098.07883596167    1         0.6024796650459634
-5579.346964740028   3754.0361245661175   1         0.6474501790377022
-3740.801216283677   6176.857632674015    1         1.004379444247429
6614.172877071266    8506.599240350091    1         2.943946493441023
6247.740026658478    7807.515559138902    1         38.27401247512012
1223.9722163064428   -1563.4179729277662  1         0.9647921031655889
-1234.3175117480505  -6149.732745098952   1         1.0059657737645011
16859.785800194397   -4606.238745518009   1         24.071553115619885
-3677.204440907463   -10194.019777692718  1         0.7209706548441958
-2041.53009523406    -5405.865844122833   1         0.4645369539159132
