trucks_count 6
drones_count 5
customers 81
depot 0.0 0.0
Coordinate X         Coordinate Y         Dronable Demand
2235.6182054372025   7945.8936210114125   1         0.6492470729557063
2955.3050907700276   8715.865265820967    1         0.11833313462003185
-3047.662529108049   6006.574481654163    1         7.422026606776775
-9320.988008765777   1783.8076754181475   1         0.1278540636502661
7448.158825805704    2915.1592347496335   1         0.9009798728035253
4685.991113129729    5864.053434052973    1         47.90033986493956
5265.879139740433    -3869.6569013621574  1         0.3153305827894475
3714.3234408615717   8268.79613932698     1         1.0205487434295184
13356.933212565267   5468.827959450826    1         44.22851229784811
4405.1250142232075   -8984.252823639297   1         0.3549002349780067
983.9788201643127    -10895.353896077397  1         44.00730878328897
1205.7585978605168   244.47072446572477   1         16.43882649280011
-3908.3710150185093  -10046.093528364636  1         0.1547313561051848
9610.036471510053    -3265.788258999551   1         0.8457322857805971
-2278.777170172734   7977.997213720667    1         10.033455723593276
-6785.395147340322   8436.395561191965    1         0.6755401493870132
-5150.068954089829   5657.3649887186275   1         0.8699543621025347
3732.125134727716    8893.50091559626     1         0.913367484061013
-7653.806443382551   6369.82253715663     1         1.621755726061322
-13299.12445561693   -5368.618031213408   1         2.5842588784663643
321.60726251454435   -3673.0507759914435  1         27.630875451946494
-806.0076247534299   -592.5767409828322   1         0.11128009166405595
4953.222529575936    9325.30785281017     1         0.99139958373325
4243.150074389454    -1840.4705673066674  1         0.5929257616760335
-6272.293960062288   7884.958801793978    1         0.9242850465775576
6973.645313708506    3830.1686210211938   1         0.6666490172594747
2106.595676033974    -2916.4856324955786  1         0.8675235201368622
3062.014036212593    -2776.0597361664272  1         0.5625901229244462
2620.1274413985884   -10263.781469298005  1         0.5277905838851065
-2742.9960201422227  -5156.71162599578    1         0.8412267714113553
3365.4630230710704   -5083.236449817445   1         0.134671744088166
9382.199268429891    1868.020197033498    1         0.7989652633015577
1942.2125954507787   7325.852274877399    1         0.9670850503468584
2587.7268542865168   -3046.968694176464   1         11.097903396351931
6943.8271210218045   3363.3965275594906   1         1.0531047539285285
-4907.979123234698   -11106.641063277002  1         9.286009945072585
-5426.92093263027    -5048.513146351564   1         1.091905959914669
-2952.65768743189    3777.514227581907    1         1.12935470651353
6880.480129961678    8083.733814021639    1         1.1456151716627823
-3275.24745643777    5309.934392250888    1         0.7435287981919303
-3708.8343813194124  -10275.304111451478  1         31.62109826794001
1276.9518835803954   -10781.942713307732  1         1.1079588021779567
-1489.8389665608179  -1337.1361540271423  1         17.29424195911625
-1481.7360960900096  -1897.06804404405    1         0.5662160953755432
10694.018089824813   -3194.3900382817337  1         36.68758011992926
10829.108467053586   1548.603652916202    1         25.651727575647726
922.1610270286401    6313.104677671652    1         42.56940031417662
-1894.5971510851182  9619.301342106726    1         19.613511748882793
8287.312258450645    6220.292219798017    1         0.15397472649883345
528.3624446746617    -5926.321453055094   1         8.10637913335587
2178.518526500776    -1638.82596926769    1         0.5115748650556949
-5419.912112779437   6919.338532966235    1         0.8423185838127057
3384.7370197584223   10283.160498500076   1         0.627780611588798
5051.5864976576295   4798.9108267875135   1         0.10896861766201783
-1366.2326055207616  -9194.775401490542   1         0.5511104531183432
-2799.6940902246574  3330.38557835908     1         0.7155282748936679
5964.31652859665     -5636.479298513635   1         0.5734332003472807
-276.9907871531542   -9439.37316319936    1         0.6544953463514777
-6013.115577853125   2195.9648890873177   1         0.1368758357608567
3169.29400300239     3231.425888613008    1         0.4427678935426582
8061.957902816146    5984.057948703322    1         0.5371553003605776
764.1118132429744    4057.749909079917    1         0.5524029518057305
6860.4028707585185   -6249.476934839384   1         0.43640691693590394
4126.876870889142    -4530.401168516359   1         36.68538427796826
-1859.995495954533   6501.133720561902    1         0.18291955707663785
-7253.587983514858   -3118.7570309418184  1         1.1082896721530244
3449.3032526813677   -3099.1986761671997  1         0.896959724255225
5510.92156436157     9940.139999798348    1         0.49964541515170846
-10317.436392550322  -1452.3339757394667  1         1.1810305342267455
-4289.00034917383    -6057.071875694613   1         0.7059813823233654
-5629.553151132833   4160.7859579777305   1         1.0784702226705916
-432.52346326817957  763.0333789194979    1         0.38203094253832304
546.9044007723015    -1320.8419128516089  1         17.574105659651234
5296.405710951962    -12263.163826054095  1         0.7881347066213182
-455.6107415508154   10129.800676573805   1         1.114177076951431
1280.067237899347    2208.763137724431    1         0.29976919361488485
873.2377250394363    3128.3240207416275   1         37.245237105933924
2279.686690280036    -3304.9638751476286  1         1.0198531051390443
3312.5675294170296   -7008.707528577874   1         1.1596808052842067
-5084.5132512099     -2963.6780427400217  1         0.2503912127213395
-5271.504419243159   -6270.08198849371    1         0.5986679565360102
