trucks_count 4
drones_count 4
customers 80
depot 0.0 0.0
Coordinate X         Coordinate Y         Dronable Demand
4210.4889018938675   4196.47322314447     1         28.328878930789696
5419.58522088444     6809.12509354287     1         0.9188192884612544
3293.1235609032256   -7641.479442030251   1         0.3548956352202619
1720.0648075657898   6582.417580079011    1         48.83024653297544
-5604.099381019553   -3445.0640776301016  1         0.6095901109848733
-6650.775648336577   5853.936702902424    1         0.12499501067088195
-3985.0736796301976  -2732.2929648170198  1         0.6727196011033157
3391.794661130495    1799.8963402456548   1         0.38546604627043046
2740.633555738693    2680.551447906656    1         0.9321418393187859
-4076.5854697581713  6609.578962690054    1         0.9274465908752927
1239.1652568505926   -5559.502343870416   1         0.6331974034769786
-7113.296902955022   2503.536549558968    1         30.323030227026916
6342.840584819959    7559.350902793392    1         0.5033778887548438
6455.882357072553    1278.6945218387084   1         0.20112841137168896
-3671.664090253557   -6868.493274985542   1         0.2881291923688293
6301.860432229169    -953.2034041048719   1         0.619762627760537
4687.6554871163935   -909.8956619347575   1         0.904845040342451
-167.35279440538974  5390.440451952701    1         0.17207244162486984
-2515.6109130407826  -2193.303976626392   1         1.0421331624677062
-5025.935984611134   -1803.4557727961878  1         0.8245950398264238
3929.8331504246044   -2358.78149699236    1         1.1629067049479835
3016.837070032048    5479.444137742718    1         0.5805945470590831
3188.3177760451513   5497.007275987203    1         0.7359160557859615
4898.983516483514    -2068.604651464613   1         0.18926582560645872
3011.789292945223    3836.081404933838    1         0.3219965514138704
-5586.209715617577   -5273.306136768821   1         0.15109816818958938
-6836.551208830703   -279.4345793114721   1         0.9712373629688072
-2700.4611347169466  3554.9665421482155   1         0.2495772370067072
-325.9321972729725   1357.6235170491586   1         0.21112697632070618
-1673.5776228621135  3249.2282426200136   1         5.571666452715579
4396.623861857014    7453.587849787554    1         9.187251199059448
-4105.48918420201    -4476.790822875417   1         0.7710792607313578
-960.9730674186532   1855.3210240233489   1         0.1040340876024079
-3850.1302582798708  -5437.2240152079285  1         19.22999375141085
302.76677495606526   4265.2120996100075   1         0.788455423731767
1225.344047729769    -5034.469457661043   1         0.6252613708585554
-3577.5446459126138  7425.494114150263    1         0.9758151448828566
2533.421977388757    4209.572269687121    1         0.44922786665871806
5892.841303047909    -1803.0832878158526  1         8.202210771501818
980.7105235369585    4120.427187548314    1         1.0030540056925834
7211.907700481116    -6310.27819784974    1         0.3548063823077323
-4939.545520231799   5692.3833532158305   1         0.3910668347111732
-5335.542581819815   -6885.309442681337   1         0.19162934395377587
-2914.48388494996    -2855.2264133985964  1         0.37437016802944634
-3204.250330646762   -7025.939821440877   1         0.20305737547087271
6411.897777342889    1714.0709396568932   1         0.1136481575707189
2653.25902691892     -2603.866484941653   1         0.6797531162495049
-1003.6092256947514  -4775.684970617848   1         0.20077785521345526
700.0956254191577    -3637.2237886132134  1         0.16325921224347878
-6136.582003634349   6647.490989176723    1         0.7182366722756474
-6971.6671828429435  6243.240912818904    1         0.9443976201388308
5991.674682194801    6610.803943180916    1         0.5998530133638793
6725.929226346889    2666.453478839937    1         0.5587431615268794
1139.927748357578    5416.014066319999    1         38.02192824541345
-4781.997111522485   -4369.677294309851   1         14.592472402063548
3536.7158585414622   1541.963668111589    1         3.397688600442896
-7561.977821069636   -486.02524714697404  1         0.7810134378945899
502.97046378504416   -5511.034607742918   1         0.37350201540797723
-3162.0279240066598  -4449.969102535081   1         0.8191935437774316
-956.0097351435193   5360.852558557322    1         0.5750999995963422
5883.665003037348    -4451.922315078325   1         7.235414103872222
-5730.865346238546   -2799.6271805423007  1         0.31078730858891357
157.95800437858634   -3031.8575777025453  1         0.17294892617861363
2705.9081441554476   7640.368245328647    1         0.10394741683343832
-2899.5308603744106  276.61620618364304   1         0.6429955756235906
716.1400652771035    -6978.961319203342   1         0.6834497033310284
3738.1215942333943   -6103.603711981037   1         0.6147064885221845
4103.567504435127    1270.145395486773    1         4.635961825693865
-3100.591480849637   -1115.6310092559986  1         1.0258255859694567
-732.097718706988    3495.581826220787    1         0.7272600306426374
2743.390387103448    4267.534653757321    1         1.2178811155165568
-7627.937111920829   -525.7786268956261   1         0.9380193646081836
-243.23227091091954  5694.186431803096    1         1.2395681624606214
-2912.349123058768   -6916.979061079673   1         0.6219839473904498
-5887.063164383529   6078.437368126651    1         1.1987170071832693
-6477.420275440639   3563.51206430712     1         0.1677179838856505
-4319.018650487191   1935.0972898771006   1         0.5620156508474071
2596.6633380980616   7200.494872805025    1         1.2203773849685404
-7591.869797064454   -4099.129777664682   1         1.190259592203929
-1570.7193735372784  -1851.8171319971352  1         5.699062191059183
