trucks_count 5
drones_count 5
customers 100
depot 0.0 0.0
Coordinate X         Coordinate Y         Dronable Demand
4836.7280620469155   -1091.9045700217207  1         0.4247463460551888
-1391.7144390405974  6656.630317326741    1         0.9307373603173936
1564.0455256376847   2853.521282420099    1         0.581206899555303
2284.971583814624    1897.1989953352397   1         0.3994625296045
209.84355253862148   8038.320707578749    1         0.39842599622755426
7834.339361984536    -1322.2538943239808  1         0.17119440400444202
-750.3738630100328   5586.942068453758    1         1.1717088247166618
-5279.716060957525   -7133.894706313646   1         0.5123879193106572
-4324.956453707238   -9278.730325440969   1         0.34645436895700976
642.3415349427306    -2324.439724935588   1         36.88869307239272
1884.9997065726502   9330.094670411258    1         0.16464223893551322
-4774.332852050987   431.5078253903443    1         0.32588829558202165
-2111.3427120525803  509.97724724373967   1         0.4566040871429137
5361.567925371666    -5996.020970854766   1         0.4227738170408005
4600.54101091076     -5290.48821850529    1         0.5756450995591083
2395.633481401848    -3650.9316518039705  1         0.18230988096019957
7191.658556781289    5195.076256049329    1         0.48306838195125423
-5436.944241724352   6413.688867069856    1         0.23790449269727218
5047.117807756576    -4930.1960944854145  1         1.0263237984346816
8773.164210328985    -2065.630453426893   1         1.1567662489573314
-5923.286655041224   -2140.689227574554   1         0.19827711866780734
-1551.044947428341   2831.1598636524323   1         29.728053480885666
-5507.851126687799   4182.831777750731    1         0.6892636118800048
-9538.311075656273   6137.536626512174    1         1.3645231271325209
6256.743408159687    5158.677676329441    1         1.1746743598489444
-9063.602591908722   7928.506858231085    1         1.0780360783510634
-2493.804939438874   -1240.479258474455   1         13.068875140664854
-7886.374125935916   1312.0232843644385   1         0.4457247103470522
2319.990133177703    -9411.223144388709   1         0.7294484210462219
949.4889040400485    -8106.102024821052   1         0.5673170125074735
-3730.276373199099   6742.8369831226955   1         0.9156198733097407
416.45779685816746   4470.897629116857    1         1.2454242266918583
9031.118997647576    5022.741367319696    1         0.6861234860338279
5173.8053608989185   -2698.8506068768174  1         0.2766019209689512
-5024.1005334914935  -6148.450475798319   1         0.7969784195441749
3108.764464240678    2950.0482846086      1         0.3308444336975256
-1368.6609470275596  -4141.062319244795   1         0.1937255895162887
-5701.926976016831   4925.64555411745     1         0.8890227486743773
-43.65289362468093   523.8270140011182    1         0.7577917793863626
-1438.6130924969912  -4624.181555614847   1         0.16190677141349674
-3532.8067592234675  -2103.9990376386863  1         0.10155975010914096
-9060.989515960542   6049.209345285354    1         0.6578869317171154
-97.7759316955078    -181.4966218792587   1         0.15186892248250095
-2397.016522234611   4503.345315390712    1         0.7216360242810477
-3557.1078096457964  2918.472233035157    1         0.5660005982449298
-4024.2420653953814  9011.768850996843    1         0.6270980752916648
-1482.1143662435754  4287.230953533789    1         0.3788233423402546
10.367632150457887   -1255.4697664339856  1         1.2231370162900321
2026.9843820057852   -2922.139710685556   1         1.0082313382320889
-4488.109292097267   -9564.929814486528   1         0.3304061823404727
6942.880949174604    -5249.711230724374   1         0.8402870377491296
-5616.820177991148   -3159.6454437811885  1         0.7705661226306924
-3003.962636542251   -8647.643307770079   1         0.4924660675376886
5529.466164083204    1143.4586988780484   1         0.8567746899562712
2264.7995993798127   -1009.2403731496198  1         0.27693549190087496
8477.53553781069     -8668.947090587231   1         0.6552979269587663
-1768.2780099031222  1298.622474435891    1         1.0832177680368325
4519.364773872914    -4486.679538347274   1         0.5847304513134639
-6750.126924257635   -8170.878060019168   1         12.174687387016997
-480.4169853936711   2329.8982406864593   1         0.8016530488859577
-3973.6630468052967  -293.55795620214207  1         0.4780954584284306
-1292.9355552199595  -5669.652621772884   1         0.9237747942509813
3360.237088009066    -5787.868960951238   1         31.230913387249213
-1933.4313431296212  -9561.11231610536    1         36.11678615844887
5665.551275498415    -3926.902532262307   1         0.663586820630028
919.4139166088596    9110.002382998946    1         1.5272068895992204
-6017.8668009751445  3039.5171444310954   1         0.3894094296330023
-3619.5205943038018  9080.375517933611    1         0.10147679068023795
-301.03532172408046  5836.426000961112    1         0.9638713118917346
7432.520800172641    2119.9027872601773   1         0.5689786254649774
-3505.5537748743004  8178.244632054276    1         0.9269693307442127
-742.8785657117269   6168.495029256463    1         0.25607907981932
-3287.198645468613   -7728.743097623184   1         0.5265614992249836
-7895.640723182272   2794.378110583469    1         0.48359755566420926
1230.8792622996377   1004.6209429583034   1         48.63252285590893
-5414.9514021972     7886.703429585103    1         5.267658613863576
-1537.2285719655574  -5145.652362882304   1         0.9593032103245153
-2393.959894950584   -8723.788625159024   1         0.7998305323891829
-1253.0733141130677  -7338.831386857444   1         1.0494554610172857
-5704.658875570397   1480.0727416722643   1         0.5643779354809038
-12.528745596328058  -7282.695292891067   1         0.5990813948421501
-5240.015121984664   737.9841692528673    1         0.8102897017629849
4722.000428817054    1255.4325870367984   1         0.4972589579803509
-7784.183579480526   989.621128838404     1         0.9636331828166821
-5423.7338908298125  -6110.101507896642   1         1.1141364231394515
-3893.753715232477   -9658.599284170772   1         0.22712974224454652
2753.853831123885    -5344.348835650919   1         0.6984016734626481
2217.50352569419     -2738.9378612085993  1         10.827343054379421
9492.404149857768    -4422.990797206495   1         1.1354676063106075
-3724.2694446672454  -223.59579584116108  1         44.784427557942706
3346.998421921258    1665.5007655219358   1         0.6455425319991509
-8329.69202079184    1239.2080369839505   1         0.11102034937077788
3106.2801345322328   7282.067604243224    1         0.6644108964895669
3122.5565911150215   5765.0428483622945   1         0.8718427261285792
2749.8698306183383   -6654.007493992264   1         3.337413938752609
5796.701801805308    -4887.839642073519   1         0.6191252852771733
9352.676042250498    3103.674918383374    1         1.2239289717571395
-2420.165935557352   7776.510910852704    1         0.7244776682505896
5975.324601569651    1131.7607503238924   1         0.679861148543134
4459.768479876375    1254.495131582249    1         1.0372433613976246
