trucks_count 5
drones_count 5
customers 94
depot 0.0 0.0
Coordinate X         Coordinate Y         Dronable Demand
-9440.480837216324   5003.819028694701    1         0.82529041793779
-7273.197394395834   -2882.1058872808762  1         1.0784783696502134
9302.616905129002    1057.5626521878276   1         45.33676449166063
-116.6024036521057   -6578.43138399892    1         0.8493932270191303
7895.8739844728425   277.55941239259226   1         0.5786075874306914
-1655.048496944807   1679.681585329747    1         0.9362717183171133
1983.3483277324576   -5558.938851807105   1         0.2767335090850981
-4463.746053473502   7007.778268393229    1         44.610948919053776
-3745.199827621648   -9468.632606456915   1         0.4789836480711819
-8205.840710436363   2156.8473058436357   1         0.9115750772969214
7064.991610209723    -1451.8942586269613  1         0.7109065044028277
-8707.748784823518   -1381.1551729667196  1         0.33469289499235233
-4046.033420629238   -7884.113164642099   1         0.2524434833064717
-839.5987488068217   4864.183331383227    1         0.48741370785633964
-4055.7828241935654  7140.369477676942    1         0.35120191881583684
-363.29909502945577  7986.192239723285    1         6.794036230133687
4151.304929557815    -9362.915427772292   1         0.2065789807263928
-4455.799414937663   -5766.252321489717   1         1.051666632864557
459.95184988151556   6212.540467765496    1         1.1732314253449272
-1061.5716774813654  4375.1607751011115   1         0.5928172604374585
2881.6337116566388   -4222.486459376556   1         1.133640792283222
5978.145074542188    -2858.911780019809   1         0.6496283510733525
8519.229864524686    4429.14904435434     1         34.212502359649065
4241.151966983318    2783.4658785957695   1         21.10899798653169
2190.455697858239    -2973.093451547059   1         0.4666478253633468
4736.236292834183    -8968.79602374831    1         0.25546171640170845
-3572.029301018249   4895.372652819223    1         0.3125621996429383
-4616.971340771392   -2235.348790778426   1         0.9650753499475728
-7049.726076043294   7646.602767124101    1         0.8032041385540205
3677.568363231927    6034.381255667537    1         0.6344498002061123
4439.4896675382915   -8982.429515896703   1         0.4558396434409623
5225.1739613101845   -4085.493734360664   1         0.6113015817987429
-2181.8536521734227  -8809.620699971036   1         0.13283916489289915
-8210.36740972707    -2177.021969060404   1         37.45344345915179
7357.747862724373    2297.9747737806047   1         42.80554342128403
3571.1709306987964   -8523.637798198544   1         0.24412022450819132
-6485.681994768269   6698.788022957309    1         0.46948124910951816
-1594.533377711506   -3910.299865488274   1         0.3621501678290927
-814.0042266878063   -4810.4557442415025  1         0.3248063866849353
3561.1084652072977   -2382.8527306735805  1         0.12669211130925975
559.9094679410259    -279.9951024940735   1         0.7963217084564171
3286.7984144782736   -1507.9096736530782  1         0.23120636021960875
4717.470704620615    591.4441343289327    1         4.805503695343067
-4332.281113138135   8794.503129348344    1         1.101073168583919
9620.271922326565    -1354.1109101794104  1         0.5466795572308589
-1742.5163808287543  7143.052915341423    1         0.31744734532968655
-7566.035661693568   5753.368504150342    1         0.3218904210543521
5560.206774509201    2286.2151553512213   1         34.75409199325252
291.0848148995046    3190.9265803390317   1         0.20475353958827833
-7704.580352559235   -2396.3049870933783  1         0.37113861080254684
-6041.199740425064   -7298.75442013087    1         0.9960490830003934
6429.118681095899    7656.446879151122    1         0.5194608081936722
-2012.4954861906353  1767.0652263919792   1         0.9523443249266611
3550.7424811237934   6571.941031553603    1         0.37623520717725023
-48.95158790791425   5130.451068500331    1         0.36812016016089955
3594.063932408722    5926.036003260256    1         0.39871105689184216
-301.32679085496363  1936.315251383371    1         0.39990301057669964
-3028.17918285311    4251.594630932105    1         0.17622403055669794
-8936.002828123177   -3052.4039156128165  1         0.15058114750033072
-1561.4903882596745  -8474.643522124235   1         1.0252099994424055
-9579.547938534606   881.6234459986938    1         0.6111815141538298
-2215.7953068212205  -5798.4376499203745  1         0.8728930395140189
5998.964958796139    5539.443228885895    1         0.38255393750404376
3917.920644698417    2792.3979196272394   1         0.5984879066275305
5794.411281710303    3845.1678409103297   1         0.487806961908829
-4866.675393900943   -7672.138824830724   1         0.7206300686500569
-6335.927473069724   20.554753552416457   1         0.6501564291751118
4118.267564875101    4374.927595360097    1         0.7831432686862169
-5253.719213001073   3446.499028052649    1         1.0046104412264414
-668.2439685142564   9525.969849441957    1         0.6382678980916263
-2945.2554771968676  -5290.325667583575   1         0.17001081384939656
844.5847432655745    -2690.0816581432077  1         18.310130691649864
7906.40774971383     2586.78678797591     1         0.11851488415067472
-463.55354305986907  3779.5551364764087   1         0.3633897663108022
6749.587239308352    7297.266444562061    1         45.02001929597985
577.1451985682834    -6196.137439378389   1         0.5143303098671022
5806.032706781091    8452.616310255282    1         0.8258173362101987
6678.844705313288    3612.766683279986    1         1.0343669117280332
-3985.074999225332   -9401.457128584234   1         0.8802325666253851
181.38175279674437   468.52398561986485   1         1.8338773417532352
-4281.335677638027   1727.3731394874444   1         0.11007450143473593
-2376.619270929518   -1098.7719714513307  1         0.36719254927544154
5829.534827813847    3484.8867203259924   1         0.5702278056725217
7451.529661480035    5101.201750130394    1         13.192554302179696
-7262.457309997572   1634.2113062420608   1         0.12863049542394717
-1935.0955001216796  9052.733559356277    1         1.077623855411311
1630.3263616592667   -8949.071249182682   1         0.4445379310983786
-5120.891255034103   6273.969450551178    1         0.9054396288652559
-7706.42687970046    546.2078454282347    1         0.19143332884570335
1959.713063183836    6458.868978458485    1         0.900571880639331
-7789.813798458966   -3698.997559470206   1         0.1936559788784476
-5594.913241359541   -4667.748813158718   1         0.39378382248631283
4573.844494904935    7807.534716510417    1         0.12343691289602543
-5768.817444081158   -242.76573061026102  1         1.0812060869593314
