trucks_count 3
drones_count 5
customers 79
depot 0.0 0.0
Coordinate X         Coordinate Y         Dronable Demand
292.29341583709464   8159.567848533054    1         1.0024202626045788
-3804.872704605503   -8421.336713474911   1         23.455764484302275
-3325.5168560480074  5452.26719562793     1         0.8346381844740971
1366.7950247471697   184.01405350624393   1         39.654907342386565
-4521.844943093258   8392.064790919403    1         0.9451946741518376
3034.78040762638     3329.401475899141    1         1.1457470900082618
-5771.177723812844   -3857.5044704563284  1         1.0048213017546122
8487.595760131398    -4640.41592345503    1         1.2352952432248467
-5475.849906713384   -405.13561312980636  1         37.58450842765097
15668.339197400619   647.09522359119      1         34.41207554934172
8791.746690909586    5181.001374109769    1         0.18692136498187767
-1749.1321839106029  -5557.16447117686    1         0.2157091909768365
-1581.3236262902838  8313.995272892498    1         6.729946349954771
-4469.065417323116   -6111.860020857241   1         0.8684255245648362
-281.7739213383629   11055.695790133334   1         11.464310379885573
-863.2190765336022   8310.401257134847    1         1.8208185748894725
-2553.8691902821247  -6510.227504398251   1         0.24402339077644322
-1183.0063585816306  -2164.990191674936   1         14.693284047017853
-5473.18292612153    -4840.520132680578   1         33.55667577073687
-9946.502140961185   1898.107061187816    1         7.156442663883896
3677.0453230362796   4861.765131793279    1         0.4328387370373673
8294.57472786295     3855.282746272008    1         0.3253989499459421
2916.7001006584564   -3611.219734051986   1         0.6931194122906549
-4539.403991304731   4542.950476264647    1         0.44632140251507835
-7147.048889085207   -5066.52645900186    1         0.2735796672207433
-5059.754250835344   -653.2289692415684   1         39.24525237752937
299.5469653015312    10942.883423395419   1         0.46050427086565004
2436.640090581988    -9228.087157309748   1         33.73846720953026
10338.79811873861    -5475.344484646594   1         30.29814592246079
6492.220436537852    -4177.000798426674   1         0.28877998193637644
-3678.3017259211056  -49.82030995738634   1         0.27423196141802864
4243.393058877994    1341.554648645538    1         28.251003986503925
-15395.654587881258  -7183.328859587771   1         38.09205285644144
6019.955907117007    -5597.067301929931   1         0.9993745474446151
5791.815989504725    2768.546613925088    1         0.779980047903416
18.654153183483448   -7870.325712116348   1         38.58207427188625
1685.9569068400315   5240.225681080727    1         0.40354342090839246
12713.012330671409   -5763.243019989144   1         9.250424796559422
-6143.517185908164   -14918.874331240604  1         39.82116991501977
697.3281446902772    -6942.581977266992   1         12.199147229230388
2713.417372072194    -9883.036716955605   1         0.5648621722237086
-7114.495348973622   -3465.9862002829873  1         37.356991209451756
-4660.055411712378   4464.984113087034    1         9.999370414743684
10393.357684451294   -1960.0548412702212  1         0.9850691623936976
-6278.892197326024   -3050.9360768292127  1         0.17873787245902462
3537.2701627709703   5020.859657099044    1         1.2204509956629042
-899.1823165759295   -8691.769893175197   1         0.3033997719171476
905.6247619855894    7258.186520753479    1         1.07242835718752
7225.507698708916    -6446.227998967613   1         11.813946252260077
-1776.4763779268221  5655.431111596825    1         0.43504017841784737
-3742.3420587146097  2026.495212374508    1         0.9117026804168052
-7463.663670049      3847.8307680469375   1         0.699315876895902
10037.562938921446   -1256.583437971151   1         0.42626136145029603
5083.87660166405     -5802.611212704298   1         1.0449143158307153
-3372.117727320812   -9154.945651386752   1         0.7353206761212899
2071.7016636036133   11302.537486802783   1         48.879980738975156
2182.371853965945    -3860.287584974761   1         0.635528548706456
4995.69354713818     5282.417540390864    1         0.2475569321215825
2488.928397612789    -2415.2934870445088  1         1.0889011865620801
-9808.77814292037    -4567.844500393476   1         0.1783570274026682
-8578.573908917539   2322.9532319682594   1         0.9401663231826588
-8390.012276111183   -3979.605648406083   1         35.6542654156646
5455.132368370454    3279.788048615821    1         1.0588171222769787
8045.645407455948    10253.89966010474    1         0.4433114441565216
-8629.820130487835   1709.330872004265    1         0.15535566851492685
-2654.911175761111   -9315.021269802786   1         1.0717869364758155
15702.93468870877    6479.75711159168     1         40.172998594949334
8907.42403642854     5205.475833002253    1         0.36706996161468297
4591.82548547485     6111.729103775749    1         25.231716912032176
4565.497346343437    -2674.3568420461775  1         0.27283946963617667
-7579.413747123563   -187.26575267780626  1         0.14035028596852855
-8773.885167025099   -1596.083839894164   1         0.37545856687696044
-655.8571817234229   3297.747271791015    1         15.832005154093428
765.4999474362448    8542.99534835905     1         0.15817582425271334
-14172.575127072272  -8401.745505267549   1         27.974048788821705
-5840.978953523575   -1973.474378024601   1         0.7493976709081644
-1301.0290697854216  4574.4204748590055   1         1.1054569996858175
15577.620634451316   -11496.751900706917  1         0.6076090656193049
-3071.777518902611   -8113.754637769545   1         0.7671705218658443
