trucks_count 4
drones_count 6
customers 92
depot 0.0 0.0
Coordinate X         Coordinate Y         Dronable Demand
5451.978226112907    2327.098012841078    1         0.3120868189544678
3419.214996583339    -3374.045018739381   1         0.6905347498721359
-5041.610414723082   491.6729920900587    1         28.012706045989574
-10233.758416053037  -9597.00102019601    1         15.01460178256456
5825.6825685854365   -5990.418698917534   1         1.0464836631004755
-9070.918129689797   205.6540849028086    1         0.6915306708700244
-3638.186237520881   -7023.738662005269   1         0.7444108738183759
-15236.014703964609  9979.92134528527     1         19.42508676901981
-42.465247825624004  -3903.9433710719773  1         1.065773082250104
-230.2921160006911   -9862.194900093755   1         0.1216388948368182
-5613.236944431547   4554.71564718112     1         14.197264765045214
-7292.4413344103505  -7156.093297984229   1         0.2607423467740314
-5444.562578511544   3841.2753149652954   1         3.623398499485429
-1523.5204535613204  7999.894505875337    1         0.12285919336883348
-1745.406086358372   8474.81936206953     1         0.5453612196982277
-13674.722575702823  12447.760939731377   1         32.781347388482715
-788.4971624653635   9027.384893643888    1         29.524361536396416
-5115.221114925955   -9599.665031206565   1         0.6311211821660742
-1891.1209300121973  -14025.458091615572  1         0.8952658714672241
-4195.505156405147   -501.5001339633764   1         1.130113618902689
-1797.0006802717821  7584.083200767965    1         1.1831738582261728
-6611.1757454218405  3591.91541091013     1         48.01076470190729
10881.856744539797   141.2682871997439    1         0.11919430492716226
1307.1654711784913   -7389.71051592669    1         1.0855601551859981
3589.601812547196    8067.02177788947     1         1.0682409115629135
7818.444711698137    12000.500494672537   1         7.935612945288215
6785.755508782304    8546.189133000758    1         0.4152175866330555
6399.556742211538    -4799.159830933688   1         0.5694590218606816
-3492.1465012557837  -3466.565295568571   1         1.1116136108557044
-3374.7786120484884  2864.8795084341796   1         0.6103169428385622
9370.585870843292    -3742.7201516970154  1         0.8936662794258781
7928.157642817023    -3156.9130438425836  1         44.56138464824164
2762.435440057982    508.82782782132983   1         1.2444565585126148
-1662.662950600873   8941.546241159622    1         1.188421748637455
5924.359030715553    5618.919325731468    1         0.9809024691335227
6115.5263805562545   4235.311353357962    1         1.0229230626885208
10329.16902441293    -3460.7267449661044  1         0.5573546789195956
-4124.583643251871   8271.395824771113    1         0.8601796447757175
1728.3361373957698   5164.721168040507    1         0.9487109570845232
-1660.8214551244266  9571.034881893036    1         23.852018943213043
-149.28180302271704  8397.744289192291    1         30.188081559912916
10169.330106730382   3332.6850837807374   1         0.4949096232011485
4481.320326742119    2384.528950936584    1         0.37292960219209903
3472.313710309873    -2105.190058750762   1         15.25558176221639
-9585.81689673425    -1512.851378545399   1         0.5387872550122099
-5273.6391002024875  -7514.452207418975   1         0.7982627818784719
-4109.161902443045   -7417.404188419921   1         0.1601929390603038
-5700.427112321786   -964.6312157095851   1         0.4321269645263227
-693.7062607006118   9364.827549231466    1         41.0315705302517
2379.069739987444    -2513.7051822688277  1         28.128482191093475
-4408.866101634469   6928.32098406438     1         0.4536494583164763
458.8223488447529    -10711.106148342387  1         0.21398683148672115
339.2302102041558    -3600.0130664509993  1         1.060504562332143
-1247.840876793326   3308.965172884029    1         12.316668230654772
-10873.744863928696  833.6583069237131    1         17.67451386246959
-193.81876516689726  6575.294550648843    1         1.124359546210579
7294.914245913357    -342.4584461572391   1         0.4061060362328899
-1526.679087982362   7003.434565089019    1         0.762504828966552
7156.013973776305    -2861.5171586896504  1         0.6202423649001084
-7857.533530326962   -4062.12753025332    1         0.45236770648009417
-3161.632025585835   346.6541224696898    1         26.564184860314093
1697.4306056852522   919.0965307691654    1         35.996885541685444
-1494.969866016831   3690.6557751215946   1         0.6590545665475959
1141.591418733678    -8537.511781177125   1         18.908715015470666
2000.8554955429195   -4959.739009210136   1         0.5515240112197385
3444.0118042348718   -1993.7361326565397  1         0.3282116041501244
-11128.547059312998  3708.7590707217987   1         10.637460520115555
5335.147292187216    -2837.507992933175   1         0.4267262295875123
-3725.704516403747   -7531.119070623654   1         10.927846462840543
-9243.258124603071   370.53267894850325   1         0.4084376132478369
-3203.872622204897   7680.236524841892    1         5.941993671968034
-9555.429412619185   -2634.7641705031415  1         24.568550211032246
6227.785660402341    6986.212036132206    1         0.40980741225034967
-974.7295630882036   -993.3739519771979   1         31.049725721642538
-7221.086988751137   5391.238698920723    1         0.4435828473935547
-4329.659699244666   -3511.01254952888    1         0.13203098311081496
3542.721435705289    -1269.2388014492851  1         0.2560416224042331
904.9751592804266    -7851.873152149671   1         0.10529504189681532
-721.8961622051069   -5355.474652069724   1         15.82773662035347
5086.937409144853    -6497.8540897669955  1         0.2195056183844637
-2950.893592277504   -651.8869143284512   1         1.1013502605823824
-4505.039192219435   410.98441822950207   1         1.049863591097679
-4910.0353025856175  6287.826748739158    1         0.7346339230915889
7820.052867220557    -3710.7044438402636  1         1.0381385740236457
-3614.7351273785343  679.5562286170128    1         0.4491240149749489
2926.8712085133893   -2675.9402379644357  1         1.1130020573539328
1894.033647172738    7443.6665272955825   1         0.6917182408339899
-5924.20644088802    -3670.700737283024   1         46.61968659295839
-6587.20878657358    3202.420884391889    1         0.9724969402758318
10235.084825457323   2874.7682799804143   1         1.2137496886452812
9359.99572042929     1897.9022952200219   1         29.39980605706188
-285.6293061403411   2741.4405742755253   1         0.3870782577023151
