trucks_count 4
drones_count 3
customers 45
depot 0.0 0.0
Coordinate X         Coordinate Y         Dronable Demand
-576.05905988002     -1345.9821749531845  1         0.6194490231613584
3820.1482851921032   3920.026836830105    1         1.0052514014406573
6559.433301977547    1111.3256938309414   1         0.9360162749962102
3247.7255536409766   5142.280571973851    1         0.4728137176250161
6358.937312085593    7496.4594848768165   1         1.0707981961876598
-952.4133799554945   1885.1811803087012   1         0.7132534993665415
-1729.8246319191803  -814.9043706272114   1         0.24989190413709467
-6654.70682264911    6784.480342087035    1         1.2499413246304658
-5910.727835743585   3213.712702743101    1         1.1014203400609845
5407.542219053105    -1463.5511789124457  1         0.6318638297875653
9156.574463565114    6979.218412146634    1         1.1825075868604344
3547.96191257956     1300.6897567394444   1         46.6802966308736
3852.178376770913    -9078.37051140447    1         1.0119504742927699
5246.733833625967    -2499.3426455930153  1         0.32665180144000694
6769.869330845557    6330.833305674075    1         45.47482478664033
5494.120879878675    -8528.199673193496   1         0.29076967507871
-4300.425220107738   2620.4168291015576   1         46.315247410140806
-4567.741783595955   310.31009941025513   1         0.8615818918235969
5715.55466726982     -3012.793835560035   1         0.6064818868082664
-6991.26834971111    8654.124375823441    1         34.40837196157391
-8266.93722408619    -7097.812920288136   1         7.970519712051613
-978.8737844607277   6656.1380991139295   1         0.6390372275864336
-7883.586222769194   -1332.3891434865138  1         0.7043486988638076
-1319.8859430479465  -3167.663723333273   1         24.55539543786887
1358.5070429179048   -6309.051722005268   1         11.578323861789034
1396.1975148027504   -2545.4224646133725  1         0.5930633187488222
-6789.737875634256   -4165.3137920139725  1         0.4908849548643963
4765.731168273858    -94.90483384779145   1         0.475629978673062
7209.787969045617    -2311.144560168426   1         0.6352539373832026
2584.5055638271574   154.47202618542505   1         0.5479763811567074
4133.198715784148    -5352.58648347311    1         0.7550990426405833
-7594.7713523795965  -6480.611854264917   1         0.5249381317919529
-6211.77389073051    242.0446180554963    1         0.47443218599995973
-596.0857172576337   1334.3753511848613   1         1.1122681133237406
-673.1486720886805   -4810.795968586982   1         0.540540860685802
4157.956015930037    -8453.347683215046   1         0.2878169180759402
-5985.344204341481   -3828.7647754094255  1         1.1720873020342382
3985.905441380804    -2347.3749156549284  1         0.1775612888876711
3435.8798062453675   777.0045012103166    1         0.2798264409981328
-3316.7767008439914  -2297.9298669473947  1         1.1793537659772426
7075.35298223532     3151.612111973961    1         0.3403752176389313
-150.3185006342119   -1361.5957214983046  1         0.6644305980163054
7525.395107403724    5958.512555981627    1         0.2456915652101756
-2477.4586483159055  7306.47380954992     1         0.7384181519662107
-7076.987000539842   -7190.632255821347   1         0.9898476804630973
