trucks_count 4
drones_count 4
customers 91
depot 0.0 0.0
Coordinate X         Coordinate Y         Dronable Demand
-353.7146895330463   1465.098848169469    1         0.12405122702253327
-4493.140105788512   -3245.5453307935654  1         27.248545465933116
-1917.364403188669   -2053.398940607467   1         30.667229299950957
538.8315394711518    2230.6194457423157   1         0.5362010093142919
-1706.6304711112266  3336.150658562886    1         0.27810938819281195
127.16879957525089   4193.8177369215855   1         0.8662068891273951
555.9557589268643    4647.648224237661    1         0.3420499900075192
159.3815662805       -4119.008950237667   1         0.975747979923901
4198.263979627335    -628.1009006922351   1         0.24268331501494608
-1589.7519370951995  -3693.7140610995043  1         4.895345712704963
3927.7465125520052   -2617.397551122969   1         0.8858786853961409
-1095.0575238606007  3284.3104114699736   1         1.2112610231349727
-1690.6619003974001  -2109.1310943868407  1         0.2697744841417634
1794.987630434665    3213.5359884671966   1         0.15344737165020123
-5389.229169413037   3679.555572534268    1         1.0198604318089801
1980.0325429683342   2084.9376189488253   1         0.6302282658531553
-5271.617398581837   -4045.3573009978645  1         0.18696353721177095
-4961.512772315703   2070.300178616807    1         1.0335660179088373
-1525.4795681969413  2205.7825441792675   1         15.838806525156585
1692.4629259716635   4600.4305392083415   1         0.9598202004685364
5071.04493658759     3717.408753272924    1         1.1342118596463937
1740.5309825799723   1975.5626992051866   1         39.12580933083879
1200.1884399697121   1912.871912961254    1         0.5501616157580541
-5011.315810117078   2071.3581513972995   1         0.2449990182301996
1845.7874099343962   -49.16387811849712   1         9.814011432307154
-2425.0006301120534  1311.1959836315018   1         0.10216240150349296
-1586.2555195000373  -2089.395367948381   1         0.6222633901288049
1046.4114835635532   -3480.856783645529   1         0.42795668897493455
-216.43303892003618  1861.274948463206    1         33.2875345668056
-1760.6488685533695  2524.502550439846    1         0.5735945100547377
924.0835973668709    1426.8921554852723   1         0.5145304419899855
4067.247008084827    -2655.0897951613492  1         0.9339105052765588
818.8181658786019    -3391.5751233252913  1         0.820116087389078
3209.9133603746695   4748.675190752904    1         0.8465917620064576
2109.771980861953    -2815.493769381999   1         37.97064254094113
-4922.231359499751   3309.717507731725    1         0.5252500256037964
-168.04185411146557  277.4296583977038    1         34.167573810409245
5370.6687722101715   3749.1128541685193   1         0.641319130590308
-2918.473428114536   3584.856412695788    1         0.3557110206331706
4167.711666467859    -442.1560314389075   1         0.32072158014883045
417.89190345127554   -2981.063141396452   1         30.435678811614697
1168.061663060245    4768.227028569254    1         0.2900427268777367
3645.130221486649    3518.3503057174153   1         4.167035628272197
193.93446474909615   3136.9889992875114   1         1.0928570635243102
-4502.523783020328   -4790.522292114736   1         0.549236475986369
-759.6850700604951   3055.1466108832083   1         1.0347538984843807
5319.2971788277      1135.0920928431747   1         0.4055766523039326
3444.769975844982    4215.732341381362    1         1.1614735755649255
5018.9719632098195   -3447.564948483012   1         0.9023577385962159
1382.1911818816627   1298.3294589639072   1         0.7895206869753849
786.3974165902964    4182.636378570484    1         0.8069266299432182
1402.482157913916    3906.154618890837    1         0.500088589913
-456.35480668313994  -3081.498469624375   1         0.38397765662826866
1894.502865720636    -5060.298848204917   1         0.32123879123484445
3049.342652287725    4197.022757974577    1         0.2962268258069371
-524.2476328566592   1923.2740426145522   1         20.134370954683263
-1319.836083986555   -5427.710358269692   1         0.7091317144914115
-4112.105014804446   2836.780095861594    1         0.8235011510918538
-1687.4840594229     3327.5659717520184   1         0.17405856038224768
-4000.0284580592624  -4258.148715824418   1         0.8673955934951666
114.36978391016702   1830.8191129841714   1         0.2328063852445717
-3770.278477282213   2120.448658491112    1         0.34941579856585
-1144.7873359181956  -5195.1587864983585  1         44.39703241253148
2526.1528473769476   -704.3553250038981   1         0.6485918238404782
-4913.786296388581   1214.1572179782856   1         1.079644641673549
3094.855182635438    -3187.183344696127   1         0.38395807495932754
-5369.926886939574   -462.6655424173547   1         0.34975325735642937
-4758.555983298461   -700.8427994979794   1         0.6298365279650614
2985.676941231505    -5336.382585471356   1         0.2762740707582303
1235.4439512381832   -4390.136671881855   1         24.8994277152059
-1165.7596587595426  3801.4511293856494   1         0.1266731132913381
-1367.2333320547352  -2241.9688857831725  1         0.4952909323706576
3712.8919791337166   -1338.9018665058466  1         1.0712279987654891
5359.358459527396    -5085.891361843013   1         38.00859315837424
4290.31628907385     1608.2243227676981   1         0.7082938986878352
4596.973817591822    5165.936208290327    1         12.470799810561514
5299.107998085457    -5038.499614831565   1         0.5135996663501264
-3761.88253282255    3477.4998973539514   1         34.32526969264371
-1545.2973594298282  -5492.68435073793    1         0.5587807979560715
3878.9488936608464   3884.549691889451    1         0.20681009300593017
1881.3934901667678   1542.193422205654    1         4.141231741863571
5339.638885914632    -1766.7231543103956  1         0.35930773271531846
3974.2830458764743   1394.8242714416403   1         0.463548610312415
-1867.0639273793408  -3952.646255087226   1         0.2776747533676495
-410.56717652495297  4018.478715135678    1         1.1701143465776083
4650.408583130195    -5529.559777722625   1         1.0833894977312917
1462.6497328153782   1176.8478403008194   1         0.6490078152089828
5535.20839495483     4725.257086469044    1         1.1067354057688357
-3738.2288211720147  4292.665133797102    1         0.8512044692113925
-623.7155972400515   -2578.624626009045   1         1.1784958505108398
1046.7980041760422   -4698.778341941713   1         0.9546842271105822
