trucks_count 3
drones_count 4
customers 58
depot 0.0 0.0
Coordinate X         Coordinate Y         Dronable Demand
14165.474460463607   10388.164757181952   1         0.7601991970490738
-5952.650988427873   -5637.580526093539   1         0.3714291136818586
7644.832759745981    -2148.746037847997   1         0.4766473784501081
-5215.814829242808   -9187.851133720604   1         0.9402440452359504
5832.123844317499    -7708.693652273231   1         0.8901208491753962
2433.7135276790777   -6639.6402305920965  1         0.5681287579118214
-887.3259666817648   -12199.017686336192  1         0.6893733458597595
-3199.9760369579503  2233.443912967911    1         0.9464816492725225
-15151.773574049093  7329.7055968875065   1         23.458376681694443
888.7814214867196    -2845.0575077272633  1         0.32539971420393726
13448.685932498604   5004.090511813956    1         0.669389760007987
-2196.6610401372386  3009.306914339912    1         5.147771415170084
4144.780950335449    5090.321189671811    1         0.6075742188954426
-1225.22862307165    -3200.838125837232   1         0.8638782213454906
447.73903961968176   -6558.190028589841   1         0.9097834073873368
-1774.6567959452607  -6559.682031435481   1         0.8636650363675022
-1206.5448940391734  -5640.843901271872   1         1.0204993448951092
14565.404500501016   1373.1952630696142   1         0.7344564679963989
-3632.0734466949425  -4064.147289590223   1         32.38431565296625
-1336.1831137404206  -8374.356630738268   1         1.1578183799839796
-2251.3412276236827  -1323.9802943643795  1         0.5050387130273621
-9443.906254159194   2969.3844950517214   1         0.29432505143372123
604.5638955524573    14281.813606672597   1         3.9590625165961257
-6505.4562384124665  -3995.00480622133    1         0.6212779014087215
1713.391536404673    6155.958349474005    1         0.8449063528474787
1197.789713405455    -5000.955706875397   1         0.30948300593215594
6309.55556237371     -1785.8092693402782  1         0.5856734340525591
-2.5311415692583106  1921.110821248707    1         1.1438096171241643
1625.6857488613332   2147.4116073828486   1         17.413166209667505
-1950.3435354389942  7909.964943598712    1         19.727293554171965
-4961.320794245989   -5917.9317711930835  1         3.0777610541240215
4369.537502445158    -7082.926065290637   1         35.25245891798912
6422.946729791201    4737.163037571747    1         0.4920803876349672
-10067.709046565145  2964.0436390936843   1         0.2469239112344792
1655.917005355329    6517.967151696486    1         0.8674750145401141
4193.407029256727    -8529.997498624016   1         0.5803675581255399
2857.1861124467623   -298.1820518595684   1         1.0700790692899744
-2024.1788025392862  10087.313561110705   1         0.10460369958658935
-3157.713028431766   7462.631780863909    1         0.8464078308513653
-1859.3373450018994  7165.454388280932    1         30.032272848049896
3851.5107298099488   -709.152227574245    1         1.1049934469608906
8471.491824531064    -1436.5674119316182  1         0.906615674766843
-1818.3095520907286  3590.435525341061    1         0.36859488168967747
6567.671444912755    -8743.116864335238   1         0.2772546111598527
-5726.521701704602   -4734.707342558471   1         0.519746578712283
-5790.065398076427   -10654.205959266705  1         16.92135918866527
-4571.271168572233   -3184.3371668137643  1         0.138692829995549
5866.13784055991     3012.162065279772    1         0.6560636508069645
6764.167130811755    8164.180976877877    1         1.0229495270232294
2630.84192393985     -4755.094644864317   1         1.0225769839755163
6245.676619254376    507.2315035010801    1         0.12246017476061408
-4468.956474936162   6776.716428024163    1         14.741575702414007
-7281.814602380816   -7971.096090325222   1         0.6246367256386286
-583.0446731790021   97.64985160697158    1         1.065068142500664
1671.541472201974    14469.942197112527   1         0.8842291838159086
-700.7764368437016   10479.849407945521   1         33.3618700138006
-4592.30151216078    -6963.055825288532   1         0.42730225792645726
-1139.6641101051093  7535.147377093687    1         1.8823408059101914
