trucks_count 3
drones_count 3
customers 40
depot 0.0 0.0
Coordinate X         Coordinate Y         Dronable Demand
6262.736634617721    3044.8322478661926   1         0.10364750101810197
-7303.991253088347   8122.1192646631325   1         0.8076980483544541
-422.39482570879886  323.2720417704662    1         0.2772725993783473
3880.9985340151507   1729.358279338194    1         0.4683581274123274
-5898.001522937953   -193.99601813180422  1         0.9022146798424712
-307.35551573662684  7626.875938811177    1         4.4969729861219045
-8791.134974373856   -16486.69077531021   1         0.5755311949153691
4030.4145093767243   -4463.579035526292   1         1.1189544672219407
-8473.574978630051   370.223213674047     1         1.1487635112460002
-10375.629396656142  -930.5595697603509   1         0.4799447633106745
-3280.478967513659   6346.078448779692    1         0.3499622958811446
-4763.585225673362   -7283.104752550853   1         1.1946203474918782
-1963.0858341981088  -5487.234974589641   1         0.5831644622210644
-13432.497437330614  -13223.606588851091  1         26.183012012180473
482.51887308383084   8916.214805438463    1         0.2210081141521395
2421.6004825928258   -1965.8022421653866  1         0.828848271003638
-2270.3295634095593  4176.465298404588    1         44.95813015575993
5473.739897506605    -7626.1162990459725  1         11.20740728669075
-3933.1633284655168  -3687.079972538727   1         0.1744157488561296
-2332.894395205745   7166.739407907946    1         0.8213206354206893
2368.3980287301515   7596.5329713359515   1         1.1076199246881633
295.5324128077247    6583.32522748793     1         16.47128207552943
-6009.573394363482   -3237.3446849988786  1         1.029360090719498
4744.95239785441     712.1220558170173    1         0.2450823015438417
-1378.4739237290298  2239.752671440884    1         1.137245014783425
-6630.478023082597   -3255.7624918680744  1         0.8809198188207159
2137.7461975354636   -15843.148535823824  1         0.2522396574107836
955.1780134824741    -10761.57143952657   1         0.6415346757168181
9627.018871956396    -3825.0867209712446  1         0.3813524749471574
-4549.272421628825   -9587.330835397313   1         40.08230298049022
-2410.47050804249    -2734.7756893550577  1         25.52197713778853
-11516.154876053777  9281.074974292293    1         33.30944003377522
-5734.463008627662   -8930.401998055015   1         0.7488425836846061
-10729.751987615287  -492.4180123720972   1         0.8947410321933336
-855.2710515208212   -3999.2116140888147  1         0.9560443030385177
-1535.2797289159953  -10728.14523414648   1         19.42908251210306
5413.294861461088    -7369.049161222754   1         1.0916109525629603
-8919.553862008157   1046.8453925925971   1         0.11728086849982113
505.324171151882     7084.18369622522     1         25.456289537135426
-5133.098774439358   -5272.591432873008   1         0.7555668906684576
