trucks_count 4
drones_count 4
customers 52
depot 0.0 0.0
Coordinate X         Coordinate Y         Dronable Demand
-1250.5776182016234  -3657.466154230144   1         1.2485856060518787
-5100.797300015786   4208.245491022987    1         42.86957796110366
5503.3125329953      6897.613675233273    1         1.2114200112329354
-4175.5841911330535  10618.021026452458   1         6.788963614803622
1041.7819855682274   -9685.507582083612   1         0.4736616571169503
886.3001377601618    9812.583267241505    1         0.45501212816325165
-8243.643140204847   -1939.4372629834604  1         0.42963990642441996
14585.354977509938   -1398.501020644695   1         3.3451781512499603
1888.9718790252446   5617.604124288064    1         0.9728708757403596
-2407.1277394329663  -6159.4137875433025  1         0.43871401396643417
-8651.124817619919   -439.2341532247284   1         0.7535468580004178
2224.5704417421452   -4670.6009067905725  1         0.9069752574054395
5224.586029480654    4091.2645525796397   1         0.8060981076643042
2544.56339553333     -6359.2972648353525  1         1.2079133794334072
-5475.769691281164   6980.44054988018     1         0.7953736239923229
-3828.9954733137924  -2357.5278646712877  1         0.773494581203062
-6189.044674772442   2941.465135466095    1         10.981403112059231
-2429.7471115932567  -1450.69088561438    1         1.172412538568278
6864.202085645297    -5764.566652810397   1         8.961581064840523
4048.398421755593    3282.0203429283106   1         1.2121379449929253
-2968.556554873141   1815.0594445282488   1         0.480750031774961
7276.653329967209    670.0367244697702    1         0.45251413019173825
5660.242219632595    -803.1780431256358   1         0.13526851015327707
-8842.22764135923    -2587.8643116239027  1         1.0549892773344138
4017.7758760891506   5183.9599594760775   1         0.6866965908321578
3187.849219477751    10362.249639686202   1         1.2163682216399518
9363.846955976689    -2346.55653781058    1         1.0187221695076571
6484.698303059852    -5283.25555518533    1         4.329711841267494
-11171.92062243756   4565.0668792910765   1         1.005583437075853
7134.451445546078    509.5787291288136    1         0.63362820821409
-5900.375597607575   402.355108163068     1         25.519765882627787
11375.303570643442   -4436.280203494016   1         0.988194447707123
-6474.81004596803    2494.345867054034    1         14.942491338449086
-5011.2865542601185  3256.683077348066    1         0.8097321588377493
-9912.3528730126     1854.2892097456845   1         30.47427555200037
15698.8980726519     -13511.428842274416  1         14.269260037654881
5966.9449347817235   3803.033649600857    1         0.22583604549866068
-6152.841989373207   -3155.07416251324    1         0.753449683311579
-954.3698447455296   8601.022482323668    1         1.1532687651766216
-7872.632461201572   2736.6918790865343   1         0.34943038702574747
-10923.28403225779   -205.94062953786926  1         27.028706561573163
5085.171766144496    14998.649391939183   1         0.1130645539641171
-4224.395007521168   6384.526213030083    1         0.2253350112325173
10090.964326367335   -77.4754441433106    1         0.2682296456602379
1202.589155211904    5110.987007555101    1         0.7783580877602403
812.9431953994731    10511.760425167691   1         1.0843694060847648
-4994.785824594551   6539.219152182723    1         0.6117050815563861
-2263.3825328647367  -9775.859564135815   1         0.6483504760185124
4160.144798850305    -3018.639771868248   1         0.2407671845979562
9202.35768659731     -3635.9207149098156  1         0.3512836761059267
-4124.831305003202   -5613.864243615143   1         0.7586393176540325
3372.069674274223    -4912.056700597375   1         0.19499238555115808
