trucks_count 4
drones_count 3
customers 69
depot 0.0 0.0
Coordinate X         Coordinate Y         Dronable Demand
-1145.200450205045   5752.152508185104    1         0.6548297735210884
6185.332911635565    -296.567112588338    1         0.4662468371826164
86.28239196744845    -1649.9674904588846  1         1.156608312633743
-1933.1719834357607  4773.333453071003    1         1.1411987010021873
5662.432769677215    -3749.776625265924   1         45.488572194591164
-5826.79688277282    -735.9009339502991   1         0.22097703970155072
3941.7812656262263   1195.0129618594387   1         0.6007786350529601
1652.9511573029163   -804.7190500097626   1         0.18184733855849597
1490.2802608248196   2061.4074465828157   1         0.413176658489084
3844.882832313202    -5833.040709418079   1         5.442012311674229
-986.142152602672    -463.4143707397004   1         15.72287871020633
-4105.435320218879   -3148.0338743089537  1         1.2140656837613382
-5893.7238453126265  -5028.7416969974765  1         0.3346185902196428
-2959.791595433833   -2148.2854088131794  1         1.1059503359717218
896.1219586433149    4295.474935501071    1         8.06906492486209
3749.051280375656    4114.544484686552    1         3.799258220563325
3184.807363934794    -1472.7781707051636  1         0.13947506265835716
-1861.97889842614    -2232.0843807145866  1         0.2381990394615131
6214.761901985368    -6023.26946494662    1         0.606046285134008
6251.996779581745    4671.713697399375    1         0.4611562658527949
-3950.047537759048   4638.063268369023    1         0.2948277194432688
5333.043438127654    5412.867053485745    1         0.5335223514525157
338.3248346312127    -5117.697532629773   1         1.1655553259453384
3893.5117977681684   811.5063091853399    1         0.40206517023362
-5989.89290262993    4631.108746105311    1         38.12395804824049
-1863.1516831378876  -433.3552534605942   1         0.9455072292804064
55.36941625318996    279.09720231891674   1         1.0626769741817457
1249.019704036894    2184.1290444749293   1         0.5240269072476298
-5412.464088306146   2768.776766516763    1         0.27848395938040005
4455.048431263559    5022.433903844858    1         38.989876326666696
1949.6597123720217   2695.610321320337    1         2.5800090820271313
-1194.2062237359448  -1915.2581101863404  1         11.28575191202152
-5997.0052878613305  -3216.451882605838   1         0.8508119573589014
3753.044150223892    2389.7250244763436   1         0.2888171254748041
581.5669401683149    -89.32425564619834   1         0.13316427686796392
-3100.759581325077   -4992.048725484644   1         1.0205456475485009
-3548.9032259093215  -3677.7280314247146  1         0.8956279247958013
-2029.5993515748562  -5154.130222281037   1         27.174884081830225
-413.10414339123747  -2132.428723903035   1         0.6163127243127977
3006.7650106591086   -426.3868060859239   1         0.8149567757781668
6208.242563508634    -2242.764609236652   1         0.901722242808948
3067.6517240488083   5113.238573213681    1         0.6257931002209274
2269.852368654494    3210.619090750103    1         1.1620895146370347
2604.2376997360143   3502.645721119693    1         0.7667716530051482
5999.264433070757    1641.977165870517    1         1.0454286013471463
4037.2943754061243   -6008.245501505534   1         16.513323206828012
2876.2695173310226   -6004.897441528017   1         0.16366243759021962
-3439.8786723647927  -3825.0112130235234  1         4.600790605384998
-4817.945284416715   -5389.595851440394   1         0.5722371049228924
3762.063214940821    -550.5917602303533   1         20.824030230540576
-6189.238554843654   -3289.5396938162457  1         0.37125818845310454
-2692.6329924857837  1717.6853525837669   1         1.2495376532050615
-1142.8489780465504  -5928.470695031326   1         0.7121470354812203
4948.828900598803    -3422.8345315959714  1         0.5293495375148002
4990.2442585014705   -1420.7153810304171  1         0.5726302391692512
-5638.592119697757   2828.2430566924645   1         0.13336858561696618
1743.163957671293    412.5362301630762    1         1.1860683747877603
-5736.671987094036   -174.7153298977073   1         1.2207934712106592
3122.7703913646956   5483.27969498035     1         0.760298905240215
-2797.1407360720405  -1510.9561431018699  1         0.334592069989745
-5422.036314636875   -4262.030277206188   1         0.9613261642006465
1653.9789865619114   377.0299923851236    1         0.8881941005413001
-2792.094015697966   -3284.3008834970515  1         0.9581324265127058
238.57614153634586   2775.2163496319017   1         0.372612734635996
-3693.6682979604852  -4645.448466928824   1         0.1842926699349927
4500.96910879438     -3695.2711079183     1         0.5962772493804125
2821.851353133753    4005.521716024429    1         0.5849179753232562
2657.8753530476815   -4226.543141560081   1         24.6549455313813
1335.894791082542    5341.939191952944    1         0.719588454364609
