trucks_count 4
drones_count 4
customers 89
depot 0.0 0.0
Coordinate X         Coordinate Y         Dronable Demand
-4274.6236458346975  -3984.9866211314516  1         46.868209360501744
378.1930229433632    -2528.7579995488477  1         0.8869538721741306
1301.0874218905942   -1634.0621905055932  1         1.070892610566036
-5078.505106851681   2291.1134555919425   1         25.10031715047384
-2613.6261096095745  3598.895335899499    1         0.5622093755258972
-4607.165059024988   -596.9260123138006   1         0.5385816628217804
2751.587692611127    -3284.4850805410424  1         0.5108243851291235
2851.403282286882    1974.384741777897    1         0.7777185591984879
-4173.706174926963   4624.4858569059825   1         0.4030543126316992
2908.89414247514     -1176.9018287409724  1         26.21481124003386
1483.1848277372094   -1081.2785748934339  1         0.2811637940559504
2756.5734301911825   2292.5426158204227   1         0.6719160128782331
-2146.542459248347   -2619.697483982197   1         1.2042596874123102
1906.3551473531743   45.01408820631059    1         0.8960220758219706
-268.53717472653096  453.3257351542532    1         0.7111482683221866
543.5804211178526    -1341.1605461409258  1         0.2555306074811974
2291.2379484992193   -4334.010127752339   1         0.806697237564286
-4496.144528878544   2013.9206136548169   1         0.356078043602865
17.908116827045056   98.12631961307714    1         0.9987363986489153
-390.1004802387115   3986.3231223681914   1         0.5437837676167607
1312.5129896369162   -2720.4004098321216  1         1.0598101597987055
3404.810854878874    10.339715899019211   1         1.1156887340874664
236.08940350199904   313.6877982056009    1         1.2004451233345115
-2447.449882795846   235.39131847881026   1         0.8028651222009763
2287.7340671604925   -3430.397101057198   1         0.7099497218582936
2063.709702841915    2648.999212834101    1         1.022926958746052
293.9756522602442    125.51538245736222   1         10.97229684744739
-819.9980813072541   -3417.229833998152   1         0.3739946241130352
1018.2415007608886   4436.353201988376    1         24.847189765266588
-2409.3287032115904  -3391.7383585435596  1         0.840918981714638
3896.7079013745115   -2626.3187576098626  1         0.5254282985228894
4196.478890263538    833.835268096037     1         1.0546241767359905
1481.6052233695245   -4535.189267853576   1         0.4769430544001214
4557.4246898599295   993.1578058560599    1         0.48097793435186253
2224.1296015440926   -1696.8160982302682  1         0.7380043987419327
-3427.9037457687105  1814.1686775747148   1         0.5731578350574568
5016.6052228696435   -4496.173929388267   1         0.43544399277547596
5057.551977105181    -2404.693910552267   1         0.366818451628819
1018.9465314881088   1855.9371270697893   1         0.3049952202198014
-2432.5698073875747  -1036.6378501960671  1         21.54994107246799
1276.6956764720803   3146.453158850031    1         48.22719548524656
2827.1138596294186   -3385.926727064881   1         0.45110472782741884
1643.5628805950937   1902.6764172687836   1         32.97183644520714
3055.15318691094     3478.2724347652556   1         0.6099934282961642
-4295.901154876778   -822.8752765309678   1         30.98263276903433
-1423.585534347538   2103.3084083740414   1         3.6537411854442254
-527.14162270302     2760.3500714940856   1         0.29356996642247823
904.6173984728212    -3363.406977000688   1         0.26880441128946925
1625.938487039308    1908.788051234534    1         0.778347408226935
50.93226651142446    -4829.047960779982   1         0.454525237198682
-1083.6936050338863  854.0485344103454    1         1.1650976114483622
-2003.7097569389996  2055.1465102645575   1         0.6054939294339636
3767.649102381358    4881.2645874635655   1         1.2210401585949593
3160.541805699798    -4020.3176318928445  1         0.78729718634102
-2652.754245930644   -2088.0601401345098  1         4.771461410693839
3896.2213825498857   -907.409000171337    1         1.0474528728124983
-2359.3142191377888  -4464.105977049441   1         35.42485303427234
3687.4021739946397   -1251.3462684384717  1         0.562159249886077
3823.8524722808133   4901.648401016839    1         1.1651489442285652
-1676.18538522404    -3687.844425107096   1         0.4809195622821696
-1452.593442556032   -1784.0958509650995  1         1.0238044865397928
2180.866651742972    2064.850363552584    1         0.4018571535877521
-2319.4880854291487  -3469.5051994259416  1         19.48353875789324
250.81967028079634   3550.146233626506    1         12.250696018291714
-885.3354467046283   601.2281502379346    1         0.7474314936302998
1194.5856725043477   272.64811204398484   1         0.6873469165720955
-3052.3874884759675  2688.8256821051327   1         0.7452322186269235
-1593.2615651250765  2931.4649948621236   1         0.7977296883607761
-1144.7595982118228  723.7399309023804    1         0.9651521074310873
2405.950928436257    1754.4577179907922   1         17.77889156154114
3082.8164962417936   3780.3804336174912   1         0.5172980363411936
-3999.7748442055167  3487.7466532284443   1         12.049485065806325
-66.961684956299     4885.2905835748525   1         0.97538867314898
4753.895097720352    2888.5818186435044   1         1.048976954762653
-1586.0531231043246  989.6554035144018    1         9.765707787349301
-4451.805018822342   -5130.3298753217105  1         0.7172592453380304
-853.159305034771    281.676683534758     1         0.4591204986796832
-1477.0224813367608  291.2171354075772    1         35.984679628120155
-77.74716215521731   -2874.0433501100943  1         0.9224931217999064
-2720.22935450543    3767.9447749391816   1         31.18371307202382
-2561.984806752291   -3869.5845770708306  1         1.0456925014061424
2487.82428512575     3078.0842247375954   1         0.5699926619567978
-2222.72051347489    -1609.2579764176737  1         0.45743555548806225
-2589.1094920452697  51.46155999014664    1         36.693935129098655
3309.4312170424278   711.541297037267     1         1.1791789071142307
2220.483602041078    -514.7172457999901   1         5.478034143535559
-5131.815874177644   2439.066758362479    1         0.5345731918812434
853.3407696763907    4657.463024403803    1         1.7556929282281892
1688.4807452054347   3190.676602493345    1         0.6790328321344241
