trucks_count 5
drones_count 4
customers 98
depot 0.0 0.0
Coordinate X         Coordinate Y         Dronable Demand
9959.300433401366    -3114.941619192194   1         1.7290118491360085
6893.156910517026    -6005.572721171706   1         12.825934058422707
4206.032943620287    -537.538173603699    1         0.41239098967346044
-13541.15403458073   8601.7080400017      1         23.814492315560397
-5919.900013811958   -6010.527214546591   1         1.079592751204761
120.45448747469173   -10791.707083161926  1         0.980317061209418
4251.192439988208    -2697.3773052371853  1         0.3205749398150325
2550.302679470224    3268.112351859604    1         34.753794881088226
3322.0749838030606   13961.739205561458   1         7.627663011918736
4593.566620762426    -3862.012671966206   1         40.07754607847444
-1714.5968136893455  3955.4984566043063   1         0.3369985469558813
5829.533833138904    3465.412609490857    1         1.0276811538935073
1618.4365484592852   -1562.485189789047   1         39.87146450474205
-2142.172437614552   14949.58908723954    1         4.767562140047373
6332.957209464069    -7690.548299957873   1         0.966416817716459
-4327.530976157682   -4298.771469722513   1         0.6458565089203668
-8445.799903210676   -1570.940955569212   1         1.1566901946633354
-15799.970256451714  -14914.872739697868  1         12.279906923223415
-7580.552278615143   2961.068837373983    1         0.35679451488365144
-5191.770533415653   2228.31599107835     1         0.28276492672156894
-13626.519449289632  -931.0642759280418   1         43.80839162370049
-14124.129751343566  4406.310502630044    1         12.501119460075568
5428.095230347935    -434.881091446292    1         0.9566385689700804
-8220.24917506642    3596.171920243255    1         0.5793929183469756
5928.770814968244    -3706.7473733382235  1         0.3977499925133231
-4447.016633704292   -4169.202842380602   1         5.564915321233448
12778.829254867014   3485.890816311403    1         0.9579182137205746
4635.59638120102     -2503.111096815602   1         14.63639283071403
9584.105826787689    -2026.753090633938   1         0.283677810601793
3346.250281060324    8269.528562588386    1         0.6284392178613781
3700.8736102461426   -6.738981612918577   1         1.1378158940655465
-8325.975651663008   -14079.867174748804  1         40.448912284071426
-6355.398031498131   140.52406516036245   1         0.9467223251027385
-526.5827655706889   5459.022154246672    1         1.0415617079337935
8087.54913762712     -1491.415559482317   1         1.1100198803138368
1563.4974251868896   -3480.812431415668   1         14.167061144701654
-2924.8673484590613  -9342.457571066087   1         0.7510982592400564
2728.855211784301    2619.771521029431    1         0.15565333808474408
526.7765053147559    -9295.948551143083   1         0.5745867467610697
9899.244670251675    -882.3175307840447   1         1.1994454143256958
3729.1408106193094   -3427.114624922611   1         0.31266530351751565
-1571.6701867648194  -8533.041391034194   1         0.9636015003402196
-6418.902796746704   5841.027623310628    1         1.0478838316371193
-3900.751393678036   -5329.408691675184   1         36.79961561408821
-4730.771334703076   1920.2667020843874   1         0.3285515547831219
-5732.891977242857   -992.0185510095133   1         0.41041138905303076
7040.14738967024     -765.3513053831493   1         0.7483941088061388
-10583.116525690893  -15265.505894904061  1         0.6003273457124049
3232.009613609593    -1967.3852608855134  1         0.9972319755763706
418.9832529799761    -8116.406227140532   1         0.47633816348779645
7714.287979537487    3577.1468238952257   1         1.0069223168129149
-7884.745345116484   -2264.0764922671037  1         0.20087685390239313
-7185.134568820308   -3178.6634235105184  1         0.9737013984354922
4218.8089666420965   2447.024261435294    1         37.68849190983724
-2680.6283776472937  -6202.853473992355   1         0.2828226990608428
4643.35696823964     6415.769274749148    1         0.6216696074458691
-1659.439908774915   -3000.756216523956   1         0.2976908979938779
-5775.675994851095   -4450.360696657383   1         26.32895330334934
-6112.207138049564   7173.110743318361    1         0.428951318444183
-6027.462435145733   3412.556921267272    1         0.43725559131336444
4728.830629884065    -5857.770440800445   1         0.9197817649639629
5148.652191803596    4370.105591795935    1         8.609102725544878
148.11478561299876   6303.4936782558225   1         1.1262182015902065
7841.594944398864    -2368.0185529587607  1         28.299053196340914
-7091.82407164285    -4630.73118343966    1         0.21352155159633357
-8996.822796292145   -4435.138488522551   1         0.8188129302683129
7750.9011693012835   -9549.107722073262   1         0.5512780170715431
3588.0211836862177   -550.0259167469061   1         0.8061714266176051
2122.961477606549    -2962.9651865681353  1         0.1234538327726191
11020.96515722365    -9705.864297877757   1         7.347784212864874
-2319.309304265361   3302.977059959999    1         0.9908176038035318
2802.578139133946    -624.014813971759    1         1.2134453215648622
-631.2415524137263   4740.739066423862    1         0.16564496136102805
1582.0349500043044   3428.1127773806365   1         0.8361811589359187
-923.4139450676303   -5589.685295277068   1         1.094133130823774
4745.508312727688    -4868.518262298552   1         0.47417337154392414
-7014.65252895953    -3738.965638456036   1         1.0629714854169816
4143.144421081944    -116.54843882186995  1         0.17704770418811222
-5988.30524016698    -1502.3969753848774  1         11.64640809879103
-758.5262008955536   4688.847971539216    1         0.6810841186953553
-5211.091367752567   -6157.764062141809   1         1.0193638007705423
161.01257843733038   -11449.248173370339  1         16.314260454303167
-2990.4974314415854  6853.4440383181345   1         0.545075619260132
14828.259098393624   -7901.892733386934   1         35.46183857940517
511.3342883112944    -10076.475926577334  1         0.19577249677935615
5092.969156224189    2635.1132897914445   1         0.4987498720073483
-5243.087533114497   -4650.5565412096685  1         1.031990206697206
-5882.973502976371   -3810.3468917560876  1         0.14078813630089726
2861.0689930196972   -3310.5186095277945  1         0.9127946062641562
2997.661030625723    3524.5550055273684   1         27.41034953703245
-9511.849957591672   2405.895999351414    1         0.9190768480896172
-11957.644707095744  -4047.3359521313305  1         0.6278488087583834
5074.911613050933    -1635.0485339004376  1         0.11129157763935392
-3898.0610088640024  -12070.017393884722  1         43.169692444939216
6819.263322267791    -1221.2569582945903  1         1.2060026310859568
-8567.468972218729   11433.467840001304   1         0.633842526933351
1886.21196783159     10500.854808302245   1         32.17561515951915
-5607.574948429124   -744.9168733207398   1         0.928765692273808
