trucks_count 4
drones_count 4
customers 100
depot 0.0 0.0
Coordinate X         Coordinate Y         Dronable Demand
5116.450182283606    -3255.325676257258   1         1.1593484095692492
-1965.432715587504   -10530.824178908772  1         0.1543524858694514
-8930.294224765043   -3980.3945476118706  1         28.802817659737865
5257.056493488807    5938.56773219062     1         0.1738927373105544
518.5943430493957    -5487.525695333058   1         0.43027365154153296
14671.187590712558   13478.269763293032   1         0.12777997530530405
2465.747101569628    1089.0727861208925   1         0.7711964150260339
-1961.2224138583983  -1932.3406277024571  1         1.080449939744885
3148.6915139147527   -944.4352860609507   1         7.184322861135911
304.33226194633596   -9833.953797322127   1         0.82969918277374
-1755.059346436125   452.5625781104896    1         0.38071828451457945
8570.6351834735      997.2607922964709    1         30.994228299093162
-6846.55783406116    242.80027668900385   1         0.24143750627522303
-2009.102652448692   7455.535481054114    1         0.13898023413124608
-1439.5881795088953  11963.348158140325   1         0.8844589060632507
-2077.405224813223   1518.1926027401278   1         29.463616899563167
88.25072762002404    -10617.246528072073  1         45.383769413834024
-4696.142498167707   -6926.583187406404   1         2.011321701235019
-2823.765714144413   -9364.570701177454   1         0.2474023438866578
6943.244062743672    -7359.487210187339   1         0.9873400569688776
-4631.399033208014   6073.892445758421    1         41.55715244927203
-9401.36806217521    9412.552518429387    1         0.9820923286436919
-2286.5931084983276  2033.5430377904593   1         0.384757981940806
-6304.354533827475   5428.809739076854    1         36.49389463234128
7398.851197415747    2228.6633744019473   1         0.20917011152918324
363.9804332737102    7720.210014797123    1         0.36130426270465
-974.136399027651    -4764.04232399302    1         1.1519275594693408
-5204.218973427716   -4730.0807269025     1         1.200730966763594
-3674.40900541316    9307.598195677196    1         0.9736123860485768
5169.30533201445     -10414.683362798376  1         0.37935796478592476
230.76936708122724   -2689.9414398329177  1         1.0247664007304087
6506.691785740162    -8313.27157561425    1         0.9280092376455827
-4399.64703554518    -307.8683434065276   1         0.23364739281554955
2558.639123663687    8132.192229101811    1         0.3056074972928807
5108.027687182395    -288.9327699688099   1         0.5281534845096312
-7258.283130981322   -5275.7573044276005  1         0.38162665459574563
-105.68491953419543  4027.5287383211175   1         1.1233570597045839
-2883.213088221519   13166.018206708912   1         24.765840826500845
7775.162852729049    12182.410740823063   1         47.274698565172656
-3484.105711500817   4137.269714365108    1         0.30796774464495846
-3583.5850110441957  7027.786583925826    1         42.88528184061146
-3018.774933632665   -5997.543306614043   1         0.5834417119241561
-1857.5229353890318  -7261.290706346568   1         1.1995189854784902
-12998.397993431729  -9122.830838804908   1         0.5293396921663027
-5004.454583586465   -2217.249087013188   1         1.18439476538358
0.6486100199469114   6516.109685441982    1         2.9155463542063504
-2805.4037306086675  2963.561387632476    1         0.11307933337595531
7349.751401855198    3829.371806373061    1         1.111599158442479
614.629191350625     -1528.698323088566   1         0.8004798841509024
7903.516008740653    -6235.351545975791   1         0.4710626946865909
-1387.2377818606888  4326.768334301379    1         22.152139251058365
2153.76195404523     7719.381359649657    1         1.1060347155716281
4410.920004584682    5027.304386242929    1         1.2397528551982517
6828.07721875238     6698.461434678474    1         0.5038643377440173
-82.26039563969177   9091.273872015827    1         0.12559430034625307
-10127.393564709371  7514.4669764901955   1         0.1539273178846378
9984.198663133628    -2137.924523343517   1         0.24625053091222762
8867.690540838783    1355.4337317935      1         42.68247492330424
5443.263912766692    3516.9487610691212   1         0.9517957922514348
-9888.049566208889   -5060.8291988637175  1         1.5918185885557676
-8441.271612316388   -5710.125879763079   1         0.8907931019745573
7361.361245936578    -3946.9065877473195  1         0.11922921827531872
2129.2315247247666   -2738.0490988797596  1         1.221258694149529
3595.5155085996953   -8514.843863558706   1         0.7118753287293735
4428.909526515618    9216.771172392795    1         0.553434504549582
-7783.697036978543   5246.545937470226    1         32.34969443262605
3277.230900921924    -2265.9102255187554  1         46.94966924627112
-8085.944226994759   15015.934577300814   1         17.359995395194876
695.931125689424     4174.951741418138    1         0.22029956561715142
-4857.5399575754645  1158.5545216579158   1         1.1379094043105848
2574.9035321681786   4098.716181647127    1         0.1379283671671077
5204.223542555296    6691.734202686475    1         0.19446332545824502
-5674.452612646235   9222.499742146887    1         0.7311651479324994
1106.7985382103288   -1785.5428765181575  1         0.14856470861105422
-4433.277120933463   -4756.712760896508   1         14.926271650519865
-9139.741587255452   -5666.327848458478   1         23.232098580574
1894.124897997814    206.38781462730861   1         1.1571259223417758
1153.9551938131913   -5516.35191076388    1         0.3226741778230722
6705.004545616561    -9432.742395410485   1         0.3501341007941724
-4327.241035730031   3356.644072462774    1         0.6357663410340566
7415.230675509893    571.2270189806989    1         1.0322468680855288
-3549.4235868671954  -9868.393503430794   1         22.109302544376376
315.06311456989414   3434.5316918173817   1         0.9435411231016394
-4649.511725720421   6544.6994256323105   1         0.2752374777782217
-5389.767157944836   3314.8542446204574   1         0.9958025266309192
-7573.457709628998   1131.2318857226164   1         0.5707732459850552
2578.6959649893975   -4019.7735224207836  1         0.5307251827003577
825.3356825867683    -6465.594543659147   1         0.4837521191908042
413.14543859452533   6243.181322487901    1         0.5141892120222832
-1243.101066993975   7390.137448605328    1         0.4861571126557096
8406.29674329188     2013.6485360512252   1         0.9170688648414044
4214.404145166083    -4483.4284508304745  1         0.5501631632879413
-5849.341790609265   3275.525403390207    1         0.9295367032967976
-1884.4736379202743  -8104.355191099714   1         7.709830688079048
-1154.7338612464343  -9130.342884166628   1         0.10303803241606928
-4460.877967918733   4056.946069022495    1         5.502149844965454
-4465.129190651814   -9544.018007045202   1         1.2139421544882343
7181.409261918878    -1408.8875602428782  1         0.41645476080093646
-2318.5594473262818  7074.035537788779    1         1.0950470347516355
6742.415427329732    5694.334341039306    1         0.27198953554189054
