trucks_count 6
drones_count 4
customers 93
depot 0.0 0.0
Coordinate X         Coordinate Y         Dronable Demand
539.6485051908749    15745.772007734573   1         15.181323931623133
-14964.46306429187   -12892.24128210508   1         36.028968025953056
2482.091754130413    -3860.845480932548   1         0.4602762943083514
-13546.28009265389   1350.661293896188    1         1.0398192153326502
-106.95338195645323  5798.853710015864    1         0.7618829136776538
7746.696574667178    -6431.441052776114   1         0.7582476125390608
-10423.79807209707   9101.892267770276    1         48.72813570208897
-5933.035752037895   5832.076928743275    1         1.20131372029233
-3309.2159681486046  -5622.498334570737   1         0.5190262913553165
-2452.8157035135887  -409.64852059494166  1         1.175618000056085
4902.416984710864    -2724.987338835755   1         0.1736241733675838
-8849.891356230197   11245.09147629665    1         0.8511519349975442
-8873.662550412688   5740.679453803503    1         0.5537883690734673
3454.156225135025    -2750.96663830601    1         43.43474108289992
7443.099743194642    -5899.9275580085505  1         0.8622078506933741
8148.224041557174    -3560.3176096717725  1         0.24227216816885866
6578.767813290422    7211.200088651029    1         0.6354067098824806
-1119.2591802278293  -2645.513632805094   1         0.3165194852354277
-10582.32861710655   -218.54622376689034  1         0.12319545678868057
9913.952838643141    -7644.076274080962   1         40.848709621304494
10737.686311461395   -12313.651330420755  1         1.0624414493215388
-5249.101449148449   6831.954369193756    1         38.77505792877732
-9869.948934527467   350.7449875717194    1         0.8839166860566428
-7122.593430453657   -4869.882908629552   1         0.19119453650345278
8413.767001283284    6485.2096658642195   1         0.4527316484095565
-1493.6891774464968  -4210.693191729816   1         34.442681109387095
-5352.119613966743   -5492.640521828761   1         0.3147233601104972
-2295.036475310464   -6895.901984772151   1         0.773337308515849
4778.82980324918     -2809.5888421447125  1         0.11112217370950492
-7670.352202039578   3722.94505853761     1         0.25354334088830094
-5161.731578234054   -7031.494867350318   1         0.12758372769077025
7851.114389375657    2171.3907615947223   1         39.422862809770876
-12876.922851560095  12335.175166735145   1         1.1858186261609702
9385.533426792535    8637.725433016785    1         0.18295781582347065
7245.7742334257855   -11944.722367686127  1         10.627389978492248
-4015.6596129583436  -4481.242109834424   1         0.4249750173688971
-6958.989582145787   -4745.116319341979   1         43.663365805453566
4269.206074201501    -5564.9311001118285  1         0.642951472764164
-601.8337759512297   7678.768327413386    1         0.5913738621118271
1645.90992154497     3805.0455066846403   1         0.38049128632994467
3248.4312337559063   9538.126807876148    1         0.5212515966115199
13386.430272743408   -11862.315743469662  1         43.34459336235392
6657.613317106194    1113.8039201622983   1         0.2629663871987034
2138.539771217693    5875.678287416114    1         0.6583134315002589
-15035.596008672035  -11961.672362547179  1         0.37054847969817306
4075.043647229631    -6818.270499568973   1         0.8643822844293958
-5455.318259167123   -2573.5008259403266  1         0.5567642257667619
-4234.176523867782   -8424.391283165647   1         0.5793905809963885
-12138.960252722247  3756.558367759946    1         1.004876741447385
-15576.749605708934  4259.443080950481    1         0.8269605292084646
2542.1029296964116   -6758.834029711889   1         0.7263006216680928
4002.7432560657726   918.9082446908142    1         0.33495541928353456
-10979.347703964322  -5641.70875361968    1         31.92131447359933
4110.940220934117    8185.895601622126    1         0.5806728897381206
-14707.22830954608   4678.450647292866    1         1.0593593788724522
-187.9598215197338   -6188.524746980068   1         0.9475364167183238
1449.3952623108319   -4310.670781723645   1         1.1289462964077641
-7432.999318485388   -5277.215584680573   1         0.5253291107280025
12543.698694177136   -8231.448829593188   1         45.25099643416248
9644.688898550996    -3426.2455849488197  1         0.9506782127615662
-2558.0492195185334  9494.175797112517    1         29.174881398429253
2658.7706849594088   7292.525039852337    1         0.34263762242491175
-5772.6962255855915  -3147.883448458008   1         0.25944425296102247
2647.31446866976     -10095.564831346914  1         1.2434573396091686
5254.154075281309    341.1664959435144    1         0.6923339029362531
5031.88957566754     -8653.412598996398   1         14.955212943512102
6133.681814804449    7294.827508704955    1         0.8281313379983951
6946.812712647818    7007.180221460862    1         37.363304376643214
5232.0715673031555   -14360.21893014943   1         23.94799282294273
-518.1060307851485   -7817.375561196132   1         0.39243900379041596
2556.678957144275    -7403.783132016891   1         0.7559590916329941
6206.091843725934    8744.157954433524    1         0.17504423669513658
-2765.118681336031   -10479.88567455976   1         0.4043441121993129
770.0413492151638    4347.099344791724    1         0.13191314583625413
5303.719356440387    -1616.8972979293271  1         0.6531341684850632
-12530.082289678525  -9215.960391681065   1         47.44979187902791
7503.051356556848    -4834.166235068395   1         37.21532864361599
-6689.45712719357    3119.2383032567      1         1.2101562835547064
-10844.766792223316  1264.4968110373648   1         0.2684840039921968
3604.5045758505835   2988.454058896285    1         0.8277990449079257
-4860.694346699089   13858.280310970724   1         1.2303076605793508
-795.2162060554426   9371.913050431865    1         0.3787970291470891
6141.072070554433    -1447.8872028053495  1         45.66316181719321
-3046.259335365595   -5652.985113710926   1         0.5342315646265644
-7549.208905661338   3192.8469844508945   1         1.1102006898749646
-6088.512537260407   -4225.722922795295   1         0.7464379234045796
6357.127346992905    -2028.3868804903811  1         0.24025144671622609
9950.681112201431    4206.001978004942    1         0.2668136208507246
-3579.250152895722   -10339.95970673731   1         0.2451509764504018
2606.4391231845475   -1775.4918589575836  1         0.8554134882089682
7233.012647667879    -3719.9451157684734  1         0.4094188068380379
-2737.4918102739666  7966.761606575881    1         45.41440438587272
5859.846736991774    -3322.5445915413225  1         1.179677311590531
