trucks_count 4
drones_count 3
customers 42
depot 0.0 0.0
Coordinate X         Coordinate Y         Dronable Demand
6161.905879112132    617.1165617261862    1         1.128426853890847
1999.477196030058    8026.750852175371    1         4.400784489182146
-8372.192737016789   2563.9301965996      1         0.8091983952272646
2977.505651674628    -9274.894750693316   1         0.8918004451290175
-2678.1476932974783  2806.5105806442516   1         0.9395668334224093
-6672.741916489773   -2024.7287188976939  1         0.5002234785701384
-7354.470754990591   -6569.7140192648885  1         0.9555872104083976
-10528.646065870802  2656.5886447019043   1         0.8816190809081786
-3600.2844657502123  7297.172927346866    1         0.24447660126714216
-7268.366668879613   10637.939729823933   1         18.659567502442087
-1146.4883220601641  -953.6183277821312   1         1.0938664238099616
8793.195601085674    -2574.541710122594   1         48.010380033612286
-594.4513419127478   139.8920244072244    1         0.2391771074493054
-2404.6938310221362  -10125.692895542352  1         0.41408756481229825
-10372.456530164629  -1928.8689993330333  1         45.115585585294866
-5659.868273515818   -6701.60301484046    1         0.918301831679943
60.30279289841122    -4378.351051731318   1         40.42724026863228
-6406.391249729888   -7328.220384414871   1         1.0608647551133308
8289.866968174805    -5859.580999643415   1         0.38819231895361306
9940.491944730758    -3379.484116153503   1         0.9107105831253248
-8044.948550104635   6997.738218583458    1         0.9164720443103527
134.888030161408     -440.76251858871836  1         0.28502457461894815
-2752.421575443523   -4127.870114947459   1         0.882074934493247
-6484.422701574723   -606.5886169804124   1         0.1239930055463223
1750.500155310874    -880.0340871207935   1         10.700825290882285
-8241.588753987178   -472.86332842096976  1         0.2471402985726544
-8396.223270359764   6100.544889379132    1         36.57979098096412
9037.144734944492    -5024.060181503642   1         44.35234510650575
-6886.512207196678   -8959.12925326587    1         11.413490703605833
-5405.928136639775   -943.5083418978357   1         0.6090269064202879
-2562.1285021357544  3288.726186365929    1         1.043657162568086
8394.518781894407    -5804.926253592834   1         0.22870688950333098
8030.584306124929    -186.68713273228414  1         0.6972806012489182
-4138.273961594883   1440.2080913079244   1         11.506736485324438
-6763.416247550414   -4275.714317693063   1         0.416479106768222
-9348.772710961717   3302.681266233145    1         0.326539609870016
610.4515436946624    6147.4882180612985   1         1.062720277817428
-6195.676185372934   -7448.289855343702   1         1.3619116369899193
-3873.6866972950597  1807.0648068377964   1         0.8723278611722701
9460.059664317587    5168.602234959459    1         11.966581092537291
5049.557132546022    -1045.8411104949173  1         0.3408256458883825
7225.446587792323    -3556.920508952258   1         0.7651169222340282
