trucks_count 2
drones_count 3
customers 21
depot 0.0 0.0
Coordinate X         Coordinate Y         Dronable Demand
-3860.462901912203   812.7557785078923    1         0.11900906121394463
4611.026010919021    1868.4925895365002   1         0.1882124635129893
6913.605133659123    -1079.649701279326   1         0.6288511444263605
-4242.47068170555    -4229.925105860844   1         0.5224850360843999
7752.619328923425    177.40972600351597   1         1.2195915082794528
-7472.15409930192    7106.616101957384    1         0.3830202472111327
-6396.858414331987   7346.865869633896    1         0.12430307379575338
-1515.0534118122732  -772.5439091415184   1         0.36919643820395553
5306.7543531594565   4344.414120176723    1         0.45936146476995987
-7231.927950238271   2954.534039318635    1         28.004691204971724
10326.867991336156   -1087.99999387774    1         0.6330754508315699
3286.973628528986    -369.5707111705007   1         5.228871449870661
-683.1439523011595   4176.763396887314    1         0.3548508576171837
-8895.621767457566   -3188.0893712604657  1         0.6463362526169214
6138.507405920835    -9188.712093147104   1         0.44658061985691877
4304.942590085706    5628.227100532145    1         0.27316122367365714
9530.417947474001    -2357.831280180139   1         1.0101533320636786
5785.3265244438835   -29.629063745522046  1         0.3680527397360661
-5782.9420715542965  -6136.835801481893   1         38.67240553789339
5651.530583939043    -1500.9569057888473  1         5.414308690830581
9245.183217283216    1858.4210357990135   1         1.155454449194128
