trucks_count 5
drones_count 5
customers 61
depot 0.0 0.0
Coordinate X         Coordinate Y         Dronable Demand
-4982.490574131818   761.0718210663864    1         0.14716185825491224
4040.3176057418677   -265.8946101368542   1         1.24583142247656
-503.72468466429683  -3057.90687962784    1         0.3417417762263928
1419.0717201710127   -2586.602619177466   1         0.2154598493226978
-2758.918525246866   5367.846051656352    1         0.9921247233163473
1700.3615222803508   -2262.077415577582   1         18.545724307383654
6797.886046531604    2199.171500186684    1         0.8624026986971761
-6284.5646112164695  -2203.439033576831   1         0.5891232996400452
-6790.7190851169     -5257.743199395763   1         0.3326738985566231
1969.4541909357458   2425.129088837063    1         0.46582555120228797
5430.281636982842    6645.550552597752    1         0.9224974188557648
967.6908506496532    6598.258062725777    1         0.8453506267800344
-4271.139042263846   5306.913630635477    1         0.9189966537258978
594.5094801480717    -2838.2238796015986  1         0.49880870694798396
-4504.112469434915   7097.231411542621    1         0.45426169295162266
5294.701881400139    -6721.984010993005   1         0.3545148700697076
3270.75809921323     155.4089275441315    1         46.25502033530934
3290.3485652220947   2154.6666680704025   1         0.40365606779457763
-6295.009230176844   -3998.2779471386093  1         16.666935910836997
-6184.695176754096   -4699.640035228055   1         17.540037264576004
3318.9188343433484   -2470.032700128509   1         1.174178641115085
1225.2916081187834   5723.733017788487    1         1.1592163885661202
-467.18330166892264  -5301.083772481725   1         0.3570512869419221
-611.7838887265743   -4830.748071046456   1         0.623792898947018
1411.4421079048616   -4960.608942290255   1         0.2994961935293234
4017.442946063384    -6435.3251184454875  1         0.14101700238739712
-3947.7698307641676  3635.4387148922897   1         1.1128990505279037
6611.355697723268    -6530.901751560859   1         0.1828105536063675
-764.871640002529    -4856.298081824363   1         0.3088396341922568
-5377.759992203347   3232.3905405926293   1         0.795899261252556
-6954.156292146209   2220.0339836630314   1         1.074120951464437
-6094.419138726382   6154.796460228458    1         0.6058934101410273
6977.267091041942    -5093.736651976186   1         1.1651254398340836
4484.011355674401    -3939.9172742202168  1         0.5494979863760936
3291.6837485654714   5406.463973363222    1         0.5848239724555923
-3239.7863265652595  -6877.57536814663    1         1.2097635985727113
-6680.017254317797   2555.037928225913    1         0.8114644522658979
-6891.8764570805515  234.82854365465755   1         43.368941864710045
1278.0767373422511   -2478.8560201753944  1         0.4150908386746327
805.1329470424172    5833.164008113845    1         12.420555724607976
-5124.527589079985   2027.4338823103599   1         0.32828583630647856
3798.307895383205    342.0710344370648    1         8.614653947011458
-6141.395145399267   -6776.552128630927   1         0.2048747294593425
4481.901667043835    4998.654354406256    1         12.13349063339785
1172.4759845134408   -1367.6291017575297  1         1.0861335181711125
-6477.869371908018   -6691.510343056962   1         1.0919927796952047
-1914.6954941086692  -5843.075905557214   1         0.5997622558528182
6473.015357699635    5565.328267139728    1         0.8517376534801757
6452.542848040849    5675.716580178635    1         0.1769378564079172
-4351.97009093174    1539.1643712566408   1         0.5308987760901414
-4364.671603177808   -3662.493077331663   1         0.6660486764895706
-1078.4140860165444  2093.27280503553     1         0.27578679270937995
-539.8417539034774   1325.0630435682112   1         0.4096118445049147
-2875.6227802944177  -2397.623178871321   1         0.11975372993632266
-73.92580620938868   4037.7265316296284   1         0.2104389818156736
-4185.054131324402   -3233.112952529394   1         0.1435581406666223
-1163.0593431367238  5601.617589518471    1         0.1907241933953887
4725.226698527819    -5893.510074929498   1         1.0812135709554165
2730.301408271499    4842.279451663349    1         0.20037365636904791
-2846.26643692578    -2307.9021772468864  1         0.41644970475981313
5389.361806259932    -5273.444690399687   1         1.1065826272269927
