trucks_count 5
drones_count 4
customers 72
depot 0.0 0.0
Coordinate X         Coordinate Y         Dronable Demand
-7276.30553690007    -327.74775357428433  1         0.21034104915309512
2921.511300034926    -4272.4456757032085  1         0.8647620838315067
8704.234757099004    -1652.1015030583278  1         15.891883365492841
-7651.2625280926295  4992.741596409361    1         38.19647252516965
-2098.7758939440564  8064.763814974615    1         0.3995074877192105
7396.456472872399    6962.732071923205    1         0.17964027691926926
-6084.257787075299   11474.208840925421   1         18.973755112760497
1106.5165952020577   -8529.967631376077   1         0.5463706490546335
9857.61894582426     -3056.3105095670094  1         1.1572315932850494
2026.7615393025965   9441.865088730978    1         0.595032780361247
-5311.8058463438465  -5154.444429481554   1         0.514121044000511
-4572.8520671642555  6670.03914975417     1         0.2742912275030719
7777.063866100572    -3192.4733499178365  1         29.35939744384792
-4103.360279219025   4100.039731406194    1         0.6582265885505613
-6213.814688029422   3864.207155721582    1         0.14998381322799495
7722.53762805206     -4286.253143137101   1         0.2674251065035316
-0.048690311075384435 -10426.515397055135  1         0.32230077035496985
-4281.584889627453   9299.49658856617     1         1.0499912107886165
-10002.778960727985  -2271.7258237296464  1         0.8531609641161539
9790.853687113646    1522.9509233210867   1         1.1179864690198096
8645.721038621683    5352.966593615179    1         0.30814725337794896
4866.150380867016    -1834.5117508055669  1         1.024843934129125
-8417.759848191736   5062.453775687108    1         0.13294020493501468
-1315.1929975960516  9508.826208567403    1         0.1934307695796349
-12182.57780138651   -4082.176665975554   1         1.078271850265531
-5710.148281178036   6387.568246097421    1         1.0731295440444888
364.40824920749645   -10116.456753377515  1         15.474710377730334
4998.385963748691    -2982.100899846782   1         30.249110674292183
-14569.932851119418  4162.647606291775    1         0.8628243046383197
4871.442703504963    -1621.3812236056228  1         0.9077901065681382
-4476.879042513643   3950.097123329375    1         9.811044425796053
-81.85083287109309   -480.918543975694    1         0.5587581661927268
-7600.089024502377   -6638.685305699269   1         0.898851696316361
-1214.1957018278379  -3810.813805182409   1         8.608644583937554
1693.2642601978318   5150.3741782071675   1         0.5685747088158684
9897.929946603495    -804.3101502583785   1         0.24691271620587643
5786.8357618019445   -8925.285260420736   1         0.9219911836528379
2803.5598646380363   1740.2493738012613   1         1.161203572274142
-2080.763451470545   -4596.314300787023   1         36.39026364244999
8434.66491592788     6774.834007737798    1         0.9747334514083882
13868.740797357332   -543.2612588892698   1         0.9554044787437371
-5528.755188209136   7974.280794053197    1         0.15056093218942468
6743.558590982037    -1182.0169274244338  1         39.80838795090684
3269.583579147308    -1847.2990982725828  1         0.7668022495617731
2600.4246401953787   -7712.4675541669785  1         0.4122523748050537
8832.988394768765    -558.0211121331713   1         0.460159932665109
9110.708800559041    9102.163448160209    1         0.915019334276753
-1635.5894129358571  -6945.995696801067   1         25.81774175546583
5727.342371104197    5476.328623733133    1         0.39825607214201597
2121.7042395905537   -8142.0183939031     1         0.5900027144059149
4838.635798028165    6209.612667941692    1         0.9897525543474944
439.9101877497392    -10938.181190777077  1         0.5150901021993272
-9700.009548818633   -3526.031591797351   1         0.4620805426663189
7027.879423611569    -7336.540867977368   1         0.8603172437344146
-264.64818140275906  -1629.8605256907003  1         0.8601487496920823
1946.9930047285548   -3892.1817769929708  1         0.26793351470712856
-289.40246674038156  -9381.365561708875   1         0.46666204050292703
2742.6749446701097   8011.096073253585    1         0.3020682163540512
204.0499665923894    636.8754740267624    1         1.14894326819441
543.194788140179     -4346.04856942699    1         0.9902449149719201
8105.140431697626    -6464.519465913278   1         0.8610656887238293
15316.876846274721   6246.472842872034    1         0.7054674557509725
-15827.548045357342  -7223.361482983139   1         46.0263594903549
12120.990209039574   16280.497335428543   1         6.449467872026403
-3587.2870576245673  331.1021463855133    1         0.9475483250197685
-6399.234473183218   225.7587540841211    1         1.2257052760454532
9453.605534616234    -1555.3129919237088  1         0.754971382870963
-13374.70790275316   -15526.359099338602  1         0.9976969111361293
-1775.725814369455   5747.267378064648    1         0.3801961596903306
-1344.3560871818079  2272.466809405425    1         1.0920686853965467
486.54775866032367   4222.414280939986    1         0.3328027780292417
-5361.453780473683   1563.9059898535593   1         0.7783343363864215
