trucks_count 6
drones_count 6
customers 95
depot 0.0 0.0
Coordinate X         Coordinate Y         Dronable Demand
-9651.400006273778   -2604.8402779526086  1         0.22026603278925871
5866.2022599060665   9001.696511360402    1         30.761286404552322
-9575.134735577398   4524.56826271278     1         0.17579351186396303
-9419.011350687844   13344.583971602819   1         3.9479608721438044
-7295.881909516757   -7881.808626105621   1         33.48090347024574
737.0840065465136    -6661.028693665367   1         0.5871864200463828
-3422.612994550001   -7121.815641679093   1         0.3729642025921076
673.2385814106603    10257.20650973552    1         27.79272011656717
-2123.599153425482   5457.472627302762    1         0.10968853026769847
-1920.5211082361407  6413.366060086889    1         0.632008600294728
-8506.462514936034   -5945.566365248961   1         48.5071481544133
-3800.48163305627    -6691.995461988818   1         0.6919588543049915
7235.095952809628    5362.743960754663    1         0.4254064445717983
-3112.928017750484   -2322.1214544807567  1         0.9337346366969428
7672.466571609226    118.27847618285236   1         0.807727084708228
-41.144323471505835  -8762.45207538283    1         20.94468921774668
2153.1243764709266   -1047.7439178367022  1         29.018996172820316
7276.747610320097    -7975.141846304668   1         0.6029223822745229
-6054.09914028371    2852.4477036947683   1         0.9972457393776033
-8572.70149541024    2261.022681312964    1         0.739447192607297
-2558.017576318349   -749.8097339621509   1         23.18278974598391
-6571.856387617808   1016.7127058076461   1         0.9713947420637874
220.85025464510525   4735.31704170958     1         23.913917581928885
9524.984353723537    5211.341840043393    1         1.0687617463150787
-4903.731080634582   7625.433507566842    1         0.2962307683431197
996.6033566933993    5267.077513113017    1         0.4035841583051474
-4188.273274105897   -7795.915780620025   1         34.99900016629216
5941.625930327665    7797.597733427506    1         0.1688140481801213
-13025.124495855525  -6408.26924625856    1         31.654870321798494
7851.5372433943      -2482.2498001434697  1         0.6860647582512871
8232.287782212441    -7122.519263748832   1         0.37576271351864
-8819.868266305972   -7925.86008052642    1         19.641857254500273
-5318.568899457859   -9053.318616857301   1         1.1679130701185834
-73.07638043874944   2598.101431950319    1         0.8709794139703139
6757.051140932289    436.7511075563184    1         45.239592269582765
1406.585913074945    5780.762745867915    1         12.304178099332146
6764.683624143707    965.4842257554683    1         12.442437603950697
1474.0628605150814   -2131.584135337065   1         0.9292614069634171
5255.6233661712595   -13575.085052293973  1         0.10015694684912083
-4277.1828672007405  830.6969676945796    1         0.8408767419160027
6920.098181395558    4121.969223473878    1         1.0600276426647455
6848.752336738007    -2618.4112960148586  1         0.8897642522470494
8114.496128264669    -1787.2173925921275  1         0.6319180788919581
276.2424774105818    4531.022393785708    1         33.738425550488934
-2757.7199019949367  -7958.506348737449   1         0.41416055869524726
8760.865745225698    -10922.782920757363  1         0.5438274422602581
-14010.660906700465  -6613.191014017399   1         0.8637659165388821
-1446.2690223077502  572.1062916224012    1         0.9481510431331382
3981.981585570307    -7818.579629200344   1         32.08907359712451
-6213.401860065045   7618.943727886938    1         0.8773415341810502
-5234.425198382885   2349.9221852363426   1         0.2665249219262258
2073.049257197863    -1868.2181711712037  1         0.4022792159631329
6849.179356426726    -9445.012953489222   1         21.925589659304197
5309.7010603788485   8285.544299296997    1         29.420965457318218
-5627.737214339305   8673.99070274884     1         24.72756850244461
-6302.334820220702   2456.9561639854533   1         0.37603732765126985
-6670.788979412207   7013.741107622895    1         0.14586788556422708
8869.230083952394    -27.217333769185643  1         40.43016672574792
7934.475386061467    5809.4102664418215   1         23.860701378579613
-4768.750896979788   -2266.6536525432566  1         0.22032100543591404
9352.662128524216    1222.8277174678315   1         0.4754452886429502
10395.098508974539   -11930.537163887553  1         0.8443286092649037
-9997.790013281397   -2554.5626324733134  1         0.8606190947856946
-2623.6061310548566  -3089.7444587142113  1         0.3035188963279285
2163.9522769734685   -4811.9120646972415  1         1.0466836331764369
5885.512183131454    7385.489548316748    1         0.5226042661956958
-4679.716644277518   -3265.1527298406604  1         1.143391027147728
5802.523115262871    -5694.558840929706   1         1.1196036524473922
-1777.887953058051   6243.32955246927     1         0.8769979972281092
-3909.572791902925   -11140.456425480808  1         39.21864931193777
-8133.774299675956   -5765.104730469884   1         1.1707904007922871
5852.001487988232    -3904.260744372117   1         0.7478678949053547
-3469.1604428589635  495.56247007627223   1         7.141717821270301
-5741.2298214871735  5557.064228822543    1         39.0509792244711
5575.5898182618375   7890.893184268149    1         10.235941190026958
7701.502008150132    -4400.803218944991   1         0.24733687874096993
7591.764979082171    -4626.661295139207   1         0.6540560195872309
-7930.2785785436645  -1481.0127730396619  1         0.49541333489349026
-5089.208774447325   8673.781881545567    1         0.15284901956570957
-3943.340027651189   -2285.1102678843968  1         0.7422596071978242
-6432.511272224375   -8752.968133727465   1         0.48071848340767565
-10484.051053424217  -4187.14070429168    1         0.7005111597971083
-5566.412363342502   7793.270582956927    1         0.10317341121063556
-6307.889798369546   4000.092828735466    1         0.8626369575169653
13860.29621209256    -379.4902356399816   1         0.809147081708827
-4950.278146192181   -5460.309982606414   1         0.45264811820857653
2467.314579728715    -2605.956006884507   1         0.7435701969451429
4690.117100894813    -3554.923042370501   1         14.096752004135725
12363.087087429509   -3976.464261910829   1         40.46197083087834
10466.238167370258   219.67073124197512   1         23.603952700603024
-4730.374986853515   7242.913324981541    1         2.023836398389805
1629.617122553571    -4813.464184053039   1         0.9541936741322753
-971.0035890413237   1273.2278683194652   1         0.2664189611520009
-778.4123796701266   -486.2576137366298   1         0.7747544708622176
4050.8466886841184   1539.4440962571812   1         1.2090957113051168
