trucks_count 3
drones_count 2
customers 31
depot 0.0 0.0
Coordinate X         Coordinate Y         Dronable Demand
-6594.756093386556   5674.833839946128    1         0.8529216960488425
7897.861535055828    -7387.937804387557   1         14.886287586776316
-14882.364627143172  7387.2636935784685   1         39.82269676942427
-9839.21877370081    -3950.476006815615   1         0.4338791832250729
-4129.281158881763   136.62296724697322   1         46.88305986628432
4732.390349738667    8876.517426630344    1         0.6762572324011904
2505.866943389397    9243.160869923437    1         0.12930596095794522
2688.6670642886847   2638.2495893752935   1         0.16232175617036707
8904.570714632646    16997.68728251791    1         0.1250614492263676
-5654.890026567165   -4734.6774415442715  1         0.18727010390517973
2875.4975068040962   -7480.556530608026   1         1.0018084519724473
5101.195696841573    8162.934732012983    1         0.694675584189147
-1943.4817428523593  -10309.159945102721  1         0.27535167655963944
-10839.224614158937  903.8493505882749    1         0.1279465299962782
-7331.025327454087   8095.271683149492    1         0.7880618787017497
-661.7154217085554   -1936.0918793374258  1         0.6629342672935159
-8684.68730434012    -6274.921836363619   1         0.6672745555920269
-3280.7970416336075  -9964.426997918777   1         1.173984985467475
6783.167849775595    -2997.2089289744504  1         1.096439058170743
-3690.218119432834   -6211.025609970987   1         0.658661828629967
-12883.184110372305  2046.4354215815147   1         0.7054612316833326
-4165.428387037612   -9036.421916383184   1         46.16902357676275
-626.6954242321888   8359.771322470346    1         0.6052541479001257
-5762.157923154857   -7483.432963081785   1         0.5753388755651987
72.54170494090653    7211.825194402509    1         0.22501728991974324
-4767.935990267015   -9837.543450838626   1         36.060201661970446
-1656.5582678177234  -3994.823268369945   1         0.19285281801470872
-7541.7468391416205  2517.7307281595795   1         1.2207612698625785
970.8367145664839    782.5719677997454    1         0.9813460150191553
8695.73536986109     2439.719895088896    1         0.10508194839903673
2339.388130241933    -841.0171390737554   1         0.9478088820402475
