trucks_count 6
drones_count 5
customers 90
depot 0.0 0.0
Coordinate X         Coordinate Y         Dronable Demand
-1393.1014420515237  -4321.764780101333   1         0.6615300440371993
1054.8190463997848   -4556.541033989204   1         14.463869403035318
-9901.494857403284   -213.89787732454366  1         0.6615348302962643
-3790.6702852602157  -5775.621443941335   1         1.2211272337457995
4189.139908109984    2848.23568020964     1         38.29743247002206
-1491.1653015473846  -9222.491794295665   1         0.1659285338364471
2932.125865409473    -913.0592017698209   1         5.032350271660002
-9785.821338553773   -2958.2164176902183  1         13.498688547852415
3436.6787723665843   -7420.236968467558   1         0.7242048300334623
3216.9456629751667   -9654.732607767486   1         36.58696843706679
-8024.255579090281   -2279.552474487047   1         1.1133882761884748
3090.0618645011623   4591.007246585504    1         0.2615475858634379
-1171.9187759195634  1413.9406833744936   1         38.92683145833808
-7890.329732906263   -5269.9395342425205  1         0.40437211925975025
-5951.794114292587   6283.463652717456    1         1.098384035099404
-1831.0098164606093  -3040.7083696875707  1         0.5586569601819821
-1270.0425997862385  9965.83343926157     1         0.8506701387642209
1204.6832582735494   -7323.531447002385   1         0.5024689571518889
3794.115632967794    782.6691357643559    1         0.4447146633776894
9452.429549924564    -3770.422384524976   1         0.16286202184117615
9268.22186997635     2180.4737764963766   1         0.23381310276742118
-4132.135842837559   -690.0454563614998   1         0.9169347168190769
6625.072521368573    -6973.272098931356   1         0.8185721477882555
-5087.6241361868115  202.93401403932637   1         15.36881501209577
2452.798486284584    2486.3439561627674   1         1.1072027897861978
-693.9650365472827   -5131.120042572596   1         0.7430627440381518
-5006.844568615348   -7586.621363047212   1         1.0571486222788231
-4402.886698008014   -1721.8711864672775  1         1.088443224584176
1879.97579322013     -4466.822954019094   1         0.5163929496964828
3108.183253827349    6829.160429275175    1         0.29510209318442643
-8479.442371923426   -1750.7649668789027  1         0.15069601917510467
-1556.2408177913112  -9285.41767411013    1         0.9687345162262676
-14969.460424969286  -1721.3062417618712  1         0.7679890827425349
6038.826943290229    -442.164018060403    1         1.0316738167929889
-6012.277868719859   8160.27474961536     1         1.0031390184726576
9610.855476267936    -2608.5546079724104  1         0.3943566277196221
5412.827929094718    6090.038884841791    1         5.987261304132705
-2492.2876028417522  6894.9260332376925   1         42.71216778307045
3041.037774219816    7153.600944215842    1         0.5567214665003131
-73.22360388626232   -5597.933886231824   1         0.8443168473831357
-745.4062779133656   -10596.46235013901   1         0.7427381834911978
-1656.2322187502305  -3107.643113281592   1         1.1726757282235007
5369.739807582036    6104.565355986801    1         0.3505385138234992
-5365.156998069955   9544.276445495447    1         9.291954837852701
3732.3733354800447   -1680.4553862480495  1         0.5572277104650943
8199.586955697272    4683.232654499603    1         0.29370771443938376
7562.403245181721    4835.893142183617    1         0.6767510584591884
8477.143303502611    4166.442391010555    1         20.344034551892765
-10504.509653234782  2281.336805205777    1         0.5835789082734109
3466.717934193983    6836.536432667256    1         1.1378745407451676
-7345.3180856689405  1996.2423838228228   1         0.8010672850659398
7314.703823916447    4104.947174172386    1         31.857371385902645
-1181.4469855861455  8008.363749205704    1         1.0725017911228056
-5978.742969936887   6328.619659543854    1         0.9533776698286278
10107.79648609379    2667.1527547945275   1         0.3028162327516374
-3270.463542154204   -34.18455182746578   1         0.39582583523591564
-4066.5231059861876  98.62894283607581    1         45.64386744046018
-6133.275947818572   5043.750159468171    1         0.8740550984731319
-6728.871633474343   7125.108309368825    1         0.6546798228761873
1353.301262150267    4079.518597210656    1         0.24541428479732932
5810.85242422057     2533.7222294916005   1         0.5657239650431312
-2886.7137450307673  -3017.8464869394793  1         1.1380654531232173
-3847.7764353999237  9725.400016983356    1         42.50694714484177
-10499.301732485907  -683.5028482974661   1         0.6431587074931481
-8487.216708195825   -5259.059995457211   1         0.3398221258714611
-4185.699009494646   2665.596128081817    1         0.7270432798939338
7410.348142996847    2238.048781906896    1         8.230493468693219
-2112.243041073454   -3640.3476960537373  1         0.6244452136748954
10083.004095857232   -1018.7420201772152  1         1.239740154161681
2761.6808720860004   1116.019212868284    1         0.8157492758966568
-1046.9402881142614  14037.120138201131   1         10.67073553473338
6559.800085663065    7609.724264200803    1         15.03728444370505
-5623.382925577697   767.9175478762816    1         0.9361082688002641
5727.44571920484     -3625.094723244501   1         0.25981036355068765
-936.3841174515699   2925.2744533954      1         0.8891517474807774
1041.5507289786697   -4099.447154939527   1         8.106517699137656
-3696.4927495879956  -7182.640320052634   1         0.8512164257847423
12543.036614753975   -11606.42650566669   1         15.30880749201791
-8254.852992915079   4234.74771270359     1         0.24840650288630783
-7225.215784430272   -11928.511459717212  1         0.10257092971776721
5614.4649168807355   5605.759900377735    1         0.9490108899918521
9444.255588447484    3831.3631278157623   1         0.5511762501285187
-2556.741024141205   -3684.0395935073566  1         0.284594883050128
-56.19730564318811   8241.542984182917    1         0.5820102896780486
7531.660263546718    7930.88799163224     1         0.614670138321665
9858.8380509977      -10807.668750671062  1         28.44047689453153
7504.102416502686    -2557.3527698005296  1         0.2705652361077374
-6912.707410466865   -7296.684702758399   1         0.6695680455951855
-8825.501493428865   4912.45774909683     1         1.1873212921584666
770.7410217554248    -4912.90619315068    1         0.9902772794581954
