trucks_count 6
drones_count 4
customers 89
depot 0.0 0.0
Coordinate X         Coordinate Y         Dronable Demand
-1470.861524120622   722.5753361289579    1         0.7338768195610064
2196.8141156657425   -9791.039143064036   1         0.9490424158302667
1224.2984962005942   5902.0743337925      1         0.6467265215474228
21.7206600076327     9192.916624639047    1         0.3035706577611489
9197.349892842063    -2687.1457334314673  1         0.759623524077919
-4033.2438172371358  1937.545861517065    1         0.7651098618903723
1931.7733183628754   -5632.011535321422   1         0.6702684599314975
-501.1342147211981   2762.419603372553    1         0.9229386551167525
-1351.963390900021   1899.3621085865138   1         1.1807769777901262
1117.2748982182711   -1062.5430783691754  1         8.170860041996633
-3788.622619006154   901.3119158560327    1         1.2153620470332716
8419.140240332681    -5860.744938270888   1         0.773289485046286
71.06145807417805    -9160.443952435477   1         0.8617581266567036
-5582.585625577176   7349.881893547818    1         5.895877510710081
1726.805664684759    8479.432529642501    1         0.9611049281941209
-2624.122869685563   -8241.434623285051   1         0.2819688947815093
-1791.374899471255   4747.773735714398    1         0.11112179234217222
1343.467290586045    1459.1351542732723   1         0.5855653519623221
4791.11186735776     298.92032984335634   1         0.18259992104916875
-1789.6679245139642  2984.1289828224194   1         41.298547588779286
-5622.030031250146   -8325.624732116199   1         0.25461431468341605
-7186.914733164234   4833.0339439925465   1         1.1336155207755199
2242.962881806803    4814.519317038466    1         0.7644329500037683
-6544.300235546341   5630.322285757225    1         0.440705727000514
708.3537590533733    -10273.330988969712  1         0.7090825238030389
4835.817620083932    682.7211315919158    1         1.0734062977217895
-7987.393796508035   -836.5513790144836   1         1.1140664365040607
1017.8963503406734   4128.138186801515    1         0.3771138709460411
2883.643398108955    -6457.300282010695   1         0.7837537431019244
5275.793629362508    2209.531492822238    1         0.9307736698063188
3229.435327893709    -7290.84059245323    1         24.49794123943976
845.9687337999088    1807.7978322074666   1         43.39849147209101
-2747.56605526993    11029.015974679796   1         1.2332275097876615
-9488.460245908187   3694.4486186686695   1         1.0643373695341074
-1742.596592450568   -8943.965132339063   1         0.6615460614856449
4518.983163524958    -4748.022590993193   1         0.22062485571587126
-984.8004461382071   3954.1780531370787   1         43.40690963666385
9223.592761861268    -11.679673779362686  1         0.172993528943962
-3693.329643126689   -8301.693439505332   1         0.9525223517482967
-7787.864297730083   343.3252507402805    1         10.404508301374088
-8631.38604578704    -2355.1950934424226  1         0.4563077130596225
-9237.39699154763    3448.794079695617    1         0.5162926854826855
5009.295932115974    -6754.8219700388545  1         0.2923306846593788
-3742.3110077371193  5491.465265115488    1         0.8376727839358216
-10906.344019987802  10076.177356188402   1         0.5326019744933789
-3402.8550613282773  -6506.779040503072   1         0.6649137232648499
-5420.435906685587   8018.648515212286    1         0.7329341601679232
950.4331810378591    2493.5874364415454   1         0.6846158142153251
-59.91293189457544   6656.748442431308    1         16.08456737503375
-2938.6038873131456  1434.5400279073765   1         0.348096386638005
-9578.620248129026   -422.08782897396554  1         1.2166827884154063
-5892.47360665153    2878.644356187606    1         36.10004642954772
-8723.256521696072   -237.85125696922955  1         0.40045831739234605
5241.747516199101    -3051.6694371804524  1         0.5806501834100285
10445.98347985398    -156.3247635358839   1         23.3174221513715
-733.7811019794807   -7430.58384090953    1         0.9531838816350612
-6376.34050985103    5805.36943932437     1         0.568965983881568
3904.9198116302086   -7294.301092925004   1         0.11406330410596104
-1594.0271851762948  5793.322946378243    1         10.233500541558415
3536.530937247519    -9702.631655186344   1         0.2892121412630644
3736.242249203013    4785.493165308294    1         22.959365459928954
3911.295514316644    -5936.483315229558   1         0.3456376115667127
1926.9645077438474   -6529.270820540301   1         19.034778611530054
-839.3035103240005   6942.052860637844    1         41.681191298110946
3193.553743036718    -4458.576070634745   1         0.18452529590633515
4731.826862263102    -9216.400923457328   1         0.9509162759883644
-7313.541661435871   -5954.143549203748   1         0.6984754300759541
1346.533618318072    -4015.469109125457   1         0.7148986016410197
-121.49328870380411  395.5342761811999    1         0.5406578617865572
6306.116849006251    75.22953442680205    1         0.7744819979617672
10221.639788777265   2546.6981443276713   1         0.11397892023330669
-922.7606732308655   333.52600417931126   1         0.732322307974375
-4016.292803877732   2640.6180774536992   1         17.103711187277106
-7103.428325926181   -8159.463207074577   1         0.674851362955769
9181.035358288133    38.3199588900207     1         1.1293620908058726
5235.580442278953    -11371.337891488474  1         15.24350473484556
-1001.1709243212456  6455.465805825858    1         0.9523347441819907
6047.472931698561    500.65097609065293   1         0.1958306008937546
-5780.802277998918   3895.3725482537184   1         0.6903286156815942
-1690.1262620188095  3594.166867719543    1         0.5693078504495723
1064.4881339721032   -877.6355325017339   1         28.438553534689767
1693.1201329804644   -10738.928710906115  1         0.10565792602281303
-4280.347440282043   -6971.089509136561   1         0.1641982540410719
-10042.391205683107  605.4861809437637    1         0.7614502869599107
746.0726636629747    121.11063029296604   1         0.1685118897887468
6141.793980251157    -6276.462979586181   1         0.48562492416376934
-6950.252493245297   -2614.380146634767   1         5.925170673999338
-830.9240071385648   -6593.493105469966   1         17.154113090219536
7537.731451243554    6491.437716249374    1         1.2056982734022137
