trucks_count 5
drones_count 6
customers 96
depot 0.0 0.0
Coordinate X         Coordinate Y         Dronable Demand
1598.8671033616097   3680.127931515413    1         0.9459237841947464
3271.3162329407337   1817.3403748828196   1         0.3136703910409069
-151.78095427562764  -4485.407746377638   1         0.2113977417470641
-2748.264303764387   -1881.5342790806917  1         0.6922836274308829
-3047.912762570927   4409.362525648774    1         32.19490107722193
396.7060484436599    3443.02770678403     1         0.14128969556093857
-4372.768734348791   -1405.7576220529163  1         0.11608504567138248
-1171.6402496150904  1815.5306481231028   1         0.21335413920213042
3380.688169882291    -1177.6726547549365  1         0.4114483264924079
3467.4147845455163   1433.3063703640316   1         1.0873318116735733
2536.862842357824    -1767.5039871508538  1         0.10751764520345233
2520.7050097800507   869.3025997446256    1         0.11067711916251684
-2366.5255804335807  4732.94189286324     1         0.5542380586405364
-2158.278354774286   -3434.1104724525776  1         29.493526495171647
-709.4734095119949   4722.536141972713    1         0.9800930287236403
1707.640320677251    3575.9989052791407   1         0.4531041802891914
-667.6147628926174   -3471.7510160382553  1         46.47079219613987
177.88589078704715   -1853.21368475099    1         0.26229555124789233
1644.9353779988041   -1130.320228370079   1         0.5373568973949989
189.70444924867869   1796.9615738363987   1         0.47271535088862304
-597.2564436699878   2799.5578189479      1         0.6956618372359495
2448.4777358224874   2604.3205212502335   1         0.45203368049953063
2201.191339288118    4938.269527511972    1         0.5640919057079047
4013.9434491078027   -3379.9810492643337  1         0.4380823030103179
-1794.0530638743055  -4509.505521220517   1         0.9014526771741038
3689.9837968076777   -4783.821245958983   1         48.09473514571886
387.10798698226137   -2636.5735208422207  1         0.6588773091301093
-511.6006311865965   -493.2920604725956   1         0.12325722924649153
1349.411831160716    3110.771699124685    1         0.3357569382475114
-3827.4693207158507  -3459.4746453393655  1         1.2272261744900215
4211.00052605002     -3543.337509077585   1         45.14045285642084
-4900.399675423433   -4672.233096423942   1         0.7580332315707228
4129.800664082879    1969.0528004956163   1         0.15859357771575106
3690.765412885604    -1795.2536723661835  1         19.24234359781973
-459.33487950190647  1039.987767742833    1         0.13873263432785454
2959.2690015283833   3287.5555225201933   1         0.8508221388177177
1699.6262309358615   4287.89709065467     1         0.6047020097282891
-2263.741812079136   -1917.559223924514   1         0.835239026355696
3875.2382895913265   39.72606952695064    1         0.5480144368585476
4935.287680301532    -3976.6072863652976  1         0.6278475568385993
933.6523683406156    -4695.622582093663   1         0.15716033528359363
-100.64332324624047  -1138.5075485184852  1         0.8787827627248932
-2985.3220980898936  -5004.3442460674     1         18.838977572780525
-3755.367101160663   -3841.980700011158   1         1.0742082041243648
91.27343282360086    -4581.183194748542   1         0.8734759887970036
2762.1373133771453   -2865.9729929629725  1         1.7187046357536668
1548.567533017539    -1067.4673505360279  1         0.6491100289207022
3762.642743448312    1213.93948059617     1         0.19367816464426008
-809.108770002723    -865.108491458796    1         1.059895689238214
-3716.1791586352642  -2555.393834671535   1         0.7247905055572571
1721.1465566710235   -1296.0050951703302  1         1.0602640989441547
-1580.923029218506   -1211.474101742669   1         0.6343563643689208
3512.3429096226764   -21.651507871560995  1         1.0605660501335887
4714.079692334764    2947.6992684752536   1         0.8166565336291829
-47.010804997912565  -245.28886539796383  1         26.679078055376344
764.2309283784765    210.4701640021702    1         1.0653540658075396
53.98135333759056    -2561.7438159585918  1         0.34152043013368233
512.0051957989294    1880.2413685010195   1         1.1830317796082628
-3746.0253910664765  -1088.9104955023988  1         0.39524159602823516
1696.9020380487646   3067.395940136167    1         0.2672553240234104
1786.650972835026    2573.9385767045787   1         1.105719992248618
1750.9734608675099   -4632.980638483288   1         1.0287508890521506
171.41821370528564   1008.9677623264857   1         0.9845306690970147
3080.704400747434    2937.0201550070606   1         35.13584514399746
1465.2252938667357   -2120.2200016385254  1         0.8870152369432559
680.5868460864373    4545.306323028995    1         0.3742003117167074
-4459.254746847937   -1777.875810705945   1         1.145143440871023
-2322.7979599960877  2133.2871538812706   1         0.6602393501709735
-2499.0626607767895  1662.787600803504    1         1.0406271591919964
4179.417188585895    -4145.8754307462505  1         1.0112283313281138
3402.9298205660093   3066.970293764506    1         0.5903344359678958
932.1862533222384    -4584.99372390548    1         0.8999519175597388
-2288.173659406781   1728.0898169733307   1         1.0084195861619119
-3971.1386810216422  -5031.266970324287   1         0.38871542110336144
1057.2541998087454   -776.6171413075781   1         0.5846416671795187
-3453.37841677144    1268.2246284181765   1         0.7039541351536202
-3113.499339692663   -124.76388651466239  1         0.34097706366823277
4749.961274530111    -3635.7911868412243  1         10.592134336425506
407.4607273524484    -4887.650754552287   1         0.5399385939986572
3941.1874319876115   2146.443611175598    1         1.0133233398087458
-370.7601726507821   1674.487680649111    1         0.7428607886238224
-3261.938508856632   4142.384938107073    1         0.40968332413903463
1842.5528280671529   3861.191155716937    1         0.5821048658471648
1500.1184857652186   -1946.320518214316   1         1.1511459012159995
3202.2727914120064   3287.250399671894    1         1.1216637600945099
2310.617819332211    -1208.6764128727946  1         0.8690016528694006
65.22840733997775    3319.1502128590414   1         0.8345534026820504
4691.476281021983    -2237.773276707539   1         0.5616244600200113
1978.0780499521065   2204.3916013594003   1         0.7171982664431079
-39.11477894916575   -608.4099216648083   1         2.2139611709833047
-674.1517804832898   -4976.482113517062   1         0.6274054452756348
-4667.061320927096   -3432.2957865865483  1         42.929110625850925
3165.9714666414366   -2700.600428290835   1         22.3016447961548
-2002.8498049316213  -1737.140422277453   1         0.8684930450968604
-2918.778464296222   -1388.113772636173   1         0.8288916775530087
-2319.3821800031246  999.8929634774931    1         1.2453669447618956
