trucks_count 4
drones_count 4
customers 67
depot 0.0 0.0
Coordinate X         Coordinate Y         Dronable Demand
-514.1317559156134   1533.2634720800731   1         15.662293310677589
463.31669822261665   -4792.336863650615   1         30.986659317834228
-571.7591835777101   -3570.2988908892926  1         0.3182774081727344
-1950.9180008362296  -2143.3420818963696  1         1.1557503815313521
5643.456223204287    1060.4129381324483   1         1.1823668054423353
2185.3566269488124   -1548.398235193871   1         14.218711715245547
-4689.693683390699   -4326.889244507851   1         12.183975097785856
-5517.893892217404   4990.33446902853     1         0.5474683061050708
3649.083401752934    5051.716343493297    1         0.534495759328176
-2736.752426505276   -2567.13204368211    1         9.626291333281594
-4127.348222806352   3736.3707589582423   1         1.1762136324685937
-969.8337339253991   5625.06845384488     1         0.5940704861570161
4771.826628354622    -1515.852204202107   1         0.14687917167189163
-4438.601040054857   4592.061512714123    1         0.3677360111495249
4083.91771125941     -4621.747498036051   1         1.0226076045212509
-3488.098537980705   2440.33736280644     1         1.1157815391351131
-3733.2580834627497  1563.1428969779545   1         0.8688459395319545
1265.7929101632708   -76.46071296107004   1         0.9073349926979045
-217.18066788687761  1968.147009250564    1         40.47704672589644
-3518.9494402336186  -2323.2666148717503  1         0.37574562687333357
4895.38038652875     -4.251029801291224   1         0.8017076385535552
1628.7609179850515   3349.8979822649144   1         20.580190413607262
574.981652912893     3195.756985779617    1         1.02553996238391
3426.9816155658705   -2973.3369820553576  1         0.2481236313600079
-4382.912445624236   -3126.823529333389   1         0.541495836235762
1980.6943254325788   913.8057536983952    1         0.6420431179368621
-4716.584213518493   -4591.409065720365   1         1.2369391116221358
2820.019902788964    -2483.136313151924   1         0.7772549914546922
1385.4571407359463   -3968.1786059385404  1         17.325573432943216
-1739.478201053726   -1702.6659175726131  1         0.9757639055125111
-189.69293272257994  4017.0898224038865   1         1.0655330332927293
849.6759679860097    1604.362418284847    1         5.083537169133317
-1947.4914543373557  1226.7675416459329   1         0.8925144372357002
5180.379823321144    -3384.346016562926   1         31.62348945825742
2216.542558892501    2582.9420187443598   1         43.615081054535324
-3666.97959806019    -3662.0423923407343  1         0.9621644046089228
59.43832763236901    5189.365371830869    1         1.168598313432966
-61.843842226785455  2383.2100265424906   1         0.9141374192766897
4670.125261726104    4102.837820786447    1         0.9280691946971719
-2542.2214369961903  941.4596545335237    1         0.8816427519018436
4367.188492375687    3459.000785052473    1         1.0088246557682288
3392.3312894721535   1781.542201135854    1         31.731036249306747
2574.376746233489    3661.4819338962407   1         12.842869195091584
-1456.864763692886   -4157.992915627247   1         0.9900225477530888
-729.1419256710551   4472.881007217198    1         0.3536797914489931
-3987.2687849805075  1409.0601897310084   1         0.5073764475706444
-71.12310002771837   5054.458047556456    1         0.24424074777701696
-5370.094132655045   -5281.611249880406   1         0.1509002510357521
5433.880146079291    -4999.79733959495    1         0.1631835328279863
-3223.783535640759   1377.724540732178    1         0.7714883981603061
-5604.0122422931945  -311.7521463499279   1         0.4324234947114004
113.23345655604699   5666.042717060593    1         0.7624092596058731
991.0759215802199    3890.877424441115    1         0.14942216071873882
4193.384298299566    -3715.747331921642   1         0.6948862555866938
3188.6724629949495   1565.3794670520026   1         3.994788785024092
-1351.0645664333442  -2925.0701007862167  1         0.22902690901417402
218.122345789648     3110.993693855713    1         32.05649121195901
2490.2272116638737   -2279.411710780129   1         0.4693166341892421
-4969.8029608376055  2028.0164079465867   1         0.46208118587126135
-654.2768682447219   4847.045737836775    1         23.32125204325657
-2077.4387669720477  1229.8406891487111   1         0.5685719651383926
-1817.4056409498387  5486.385274518562    1         0.5232224336982476
-5168.466508206186   -807.7654259532325   1         1.1965456756011046
-775.1465498024888   -2546.8211823963916  1         4.910788086309729
-2074.0747179098435  -320.3420139602263   1         0.23607127802270356
1585.407262585985    -1012.7560023632868  1         1.0068777424430981
-3606.9286568050393  -3088.567678192701   1         0.5293694696208466
