trucks_count 4
drones_count 5
customers 85
depot 0.0 0.0
Coordinate X         Coordinate Y         Dronable Demand
-2289.4592893844997  -2320.504673192227   1         0.90332615999986
6813.812786078341    6432.302208821406    1         0.2800420117183664
-5825.675559402664   4048.623234894846    1         0.5323450600510289
5552.124253680773    -1854.6516100418658  1         1.2339678882053458
-7275.549189731879   2239.594148509043    1         0.5942619283437093
-3046.2450768886347  -8236.504145402892   1         0.8397501221734117
-3734.858302611953   4535.660668750668    1         0.1982765759200188
1429.4704737267043   7218.04235106216     1         0.436814697489332
-6507.710237277511   -1641.6929135356959  1         0.7633334354714385
5243.785072090807    3798.0240354458015   1         1.2047136398172362
-1308.228096533924   7736.54380656162     1         0.3713389469002043
-8161.71693535544    261.08128731178243   1         0.22014201741298942
3261.107167268373    5520.80361968382     1         0.29597640639958533
-7515.0268763056865  -213.7982666901356   1         0.8203939450598159
-4291.973787635033   -503.423399679039    1         0.8935106410237776
8235.564224639178    896.5202641058853    1         0.8659067362020237
-7199.43649210607    -5808.010105283326   1         5.83026863502707
1568.2150282416678   8342.415795637411    1         0.7692419662859843
2911.914821763217    1289.7582377280569   1         0.2611265508129387
-286.2142884593738   -4484.100151710219   1         1.0527622102911618
-3512.780046841558   8190.277073822003    1         0.5602428293480259
-1920.939759133233   -7975.900415065482   1         39.28769376133229
-2334.539478312883   7871.107421854336    1         0.7107476096521912
5163.8158331318855   -4639.400484699185   1         39.726414939472626
8027.643465175713    2466.096443330766    1         44.093134839329316
-5070.271786001399   4205.530479925436    1         0.41814068818824957
-7726.077736839958   -2812.5412189155454  1         0.34357246035662714
1006.5889860682804   8034.855514352377    1         1.0714935974657482
-795.6809679306064   -8161.4086772893925  1         0.4523516851180064
-2249.3572216141633  -7078.851739659113   1         0.5439928055729385
7042.130266131447    -6208.985596208663   1         0.33319195941074725
7485.11246583709     -2831.1813603742403  1         0.7826111894479402
4093.458105320706    -3683.299795889634   1         0.23320705553983204
8312.232462296948    -6868.691413831447   1         0.9545403105571098
-1458.0688207084443  2660.2354379577923   1         25.228578048636503
-5581.449682408439   -6757.5893725927235  1         0.9671689470247746
-1937.2382133898104  3755.1025312873576   1         0.32874732321689615
-2927.5512992315103  -1843.0221991527785  1         44.84934289278454
-8421.654950670481   472.887720337771     1         19.82200442002868
8417.053365390426    -1111.6522813788024  1         1.102567640677265
4915.163634723547    -4661.798684683736   1         1.1087708673378884
2828.390397714476    -157.00572401519756  1         0.561457160713813
318.92669097099144   4491.44399259817     1         1.1053341077088807
-2930.1406194407473  -6152.048479780568   1         0.6843794076713706
-1368.1559168861195  -2556.9520660865055  1         0.5749892896378452
-6392.397705318117   -1407.6902635783729  1         0.2710628415619588
-2948.135702472168   8093.4062805387475   1         0.5704295098996665
3278.1296247894843   6426.561004807361    1         0.8406357690280096
2856.133356045102    8212.997176214658    1         0.492980122966135
6734.717619154945    -1215.7161381842523  1         0.6474157675740504
-16.49287304692559   -5056.569741409662   1         0.3844988332374438
4921.248156174961    5075.317761310664    1         0.10317878242260965
5849.506577994338    -4120.718397420011   1         0.4648545968734511
-3579.3334568110276  3104.3342575018482   1         0.939555377416895
-4126.091383805203   2995.355271277348    1         4.729534039845984
-1947.4230662741795  3110.415892148536    1         0.16703145821498078
-3514.959503517265   -3028.467187478191   1         0.9439206712135442
-5205.533694931807   -8348.086292899001   1         0.9230142210576301
-5166.095914689462   3146.3221485952945   1         1.1461180545257335
6387.436185046683    2665.197802702758    1         0.7600576538807596
3727.698545527741    7247.635093138794    1         30.288413975889902
-6191.720677231815   4870.01620991309     1         1.1471226338885703
-6693.091936050379   -6238.213140496078   1         30.76771093727043
-5980.910449044817   -4565.339772046695   1         1.0060476676829244
2172.1493888939935   -2715.7083571879825  1         0.5496081759592835
5904.790094541374    2879.8798377329704   1         0.2605064274660429
8211.4136279617      -6782.3556729026795  1         1.001812532182127
-74.10706010937986   7782.366583927375    1         0.7753018183828274
5303.191231824933    -955.7676363427693   1         9.663997715066627
7801.437435713724    -2844.0422535017497  1         1.0743028824647378
3919.5638321870774   4160.006347107388    1         0.9369341199436757
-2512.6052916107756  3887.639373010416    1         0.5804207542918594
2404.709012782742    -3886.7577835652155  1         0.19963999544230804
8485.580639385804    -2047.3701145788596  1         0.868518306175165
5279.052748522388    6762.975486211879    1         0.1861190708431725
4382.146697563269    -4752.963575811126   1         0.292157674591895
-6264.641422133376   1625.4913561989792   1         0.4855823006331994
517.1976366966355    -1106.7550052375109  1         41.89681065452277
-6981.972938344665   8086.142965009158    1         1.1871409425318622
-1505.2727878776566  -7571.1942828420815  1         37.20803028594164
1039.2277905153464   3126.7293262361386   1         0.44224864124995966
-4829.618417678568   -5809.331424482894   1         1.0693944715007626
6773.951846522374    -4591.57765968541    1         40.379595282027005
-4576.640073023522   -6968.404128801183   1         0.41364953733590304
-3965.0316199120475  6195.136565822998    1         0.39345893770705087
