trucks_count 4
drones_count 4
customers 47
depot 0.0 0.0
Coordinate X         Coordinate Y         Dronable Demand
7496.130580437295    3612.5615758022454   1         1.2409227969425494
6376.6398990109155   6174.27368298767     1         1.1337560917653122
6526.024970978517    4832.054720757373    1         0.31836199990310676
7377.795227601117    -53.32245440877899   1         0.5310636737924601
3274.6532867715378   9792.817599257793    1         9.916578328494321
3045.54623559904     -9556.68355620131    1         16.806800610258705
-2271.6570203118854  -3886.6572933054063  1         0.8948584832941903
-6160.555325766639   6486.647503052197    1         0.42456521819483106
1036.5054389252145   9043.849911008885    1         0.7418398898848257
6916.565346213923    -8043.80213500852    1         0.6819930138302459
1518.9513868305753   6579.26555940123     1         1.179470934092548
10150.070063983097   8315.708155453565    1         37.065873625670925
-7349.75842266147    5965.914775929533    1         0.17169327411943225
3662.58097479734     -9382.775915486489   1         0.8862459762565638
-5140.3468020325345  -1701.9753876981758  1         1.2321017225164375
1912.0947327017122   -5763.548373044128   1         1.115511472629845
2837.5942045214624   -1829.012101914612   1         0.6967971534101935
1985.736465206888    8750.73732658485     1         0.8973601792879081
-3858.3161320243707  -4072.889543424782   1         18.427515677814224
-7539.838971059718   -6050.841368683419   1         1.2000976989266565
7284.170480211813    -2037.6947181535907  1         0.7110998130935754
4951.930947244506    8785.246236093262    1         13.149470557557235
-7071.266550612912   -5037.542715932955   1         20.65406821977745
2365.1492689828387   1679.2906221663152   1         0.3090858435904294
588.8062455666768    8500.583321368158    1         0.4123840241786214
4368.5796089113155   1060.482254000838    1         0.4768838384286873
9757.449362438794    7740.406506910615    1         0.6801905511854447
386.87054776461986   4935.308497156203    1         0.17608922422484052
11413.30332132159    6244.692924257302    1         34.3409720530714
1407.5845493073343   10402.45816071072    1         0.9765565594630718
5359.969812140175    3287.2696704920736   1         0.33596521659862777
3039.056948677686    -7225.845572099502   1         0.1364946018358547
1590.4885091946862   1951.9321362562089   1         0.9970758691542441
1377.3719535187504   107.3373234789992    1         0.2145253927534962
-5220.891401951665   -637.6255428514825   1         0.7894294029501414
7452.553622585696    790.5287121965102    1         0.5800200781038087
-10486.903827226077  -2360.571675937731   1         1.1469975580407585
-4287.641688674996   -8374.133083603607   1         0.2752257527565658
1908.3658113635693   8389.960352046335    1         1.1624546406524727
2418.8267795102647   -2928.5441847254533  1         0.11167363818388068
5482.539061888111    -1652.2796954225357  1         19.05121919569487
6878.135902333506    -9799.353486427051   1         22.29028567611314
10183.750892484384   1694.5711219475409   1         0.6452637346521058
2212.5690687576357   9231.035398858414    1         0.39741025917272554
-7420.744802849156   -1090.616571991005   1         9.860380246527955
1709.738918225196    6449.337040908493    1         6.21839071896991
3373.184721542538    -4919.087872632019   1         1.1206678849782385
