trucks_count 3
drones_count 3
customers 39
depot 0.0 0.0
Coordinate X         Coordinate Y         Dronable Demand
2071.2867482804995   -7074.57580246926    1         0.4596427975329881
3477.0595315004425   4451.186487002649    1         11.460699629664523
-8430.866284464133   5401.299877535089    1         0.5035770522036085
1234.8852503572489   10831.705415145978   1         1.2010535342700426
639.698262521495     -12934.183854480743  1         8.845330893443297
-4448.90663024409    -2028.3116586281394  1         0.46114664725465215
-3594.9489957488945  3216.117064120599    1         21.707282447883113
10474.153950617105   1107.3818435890494   1         0.7617354466344276
12923.200551182472   1617.2970499332278   1         19.281039520271452
19.543959408239864   4059.4230537471863   1         23.328243778229634
-4150.350537909003   -7154.1646681040365  1         1.0355446547868363
10903.140191839215   -5530.860195466559   1         1.0705269435771
-4773.77826160969    5563.936931380631    1         0.2743301225951954
1072.080613665153    10777.664272646913   1         0.8546988754436811
-9387.935185611164   1861.5776639738835   1         29.83432393193613
-676.1177374884054   5064.3659310424055   1         0.3388370202184391
4378.038546865544    4238.818569540568    1         0.5296425709124514
-7245.2523677056215  7073.325562417521    1         0.31802496230753197
10123.347382647713   5612.461847640454    1         11.283790497452092
4144.9559211583655   2172.592611032477    1         0.2486192460012259
-11919.63776356293   -2140.4698158164792  1         0.34915257848586434
7670.87843036099     -1738.8761157708977  1         0.8796406460740703
-1811.9496383627745  -1516.5869691030173  1         0.6674795851031826
7988.189297182973    2747.3503951033454   1         0.9083846666902341
-211.95150825014815  8835.823132824795    1         15.790071664038031
-6109.721611569039   -1478.3458875729548  1         33.888964257061794
-4515.344638894756   -2628.32914544632    1         12.130066474488371
8081.419669233371    1611.6408943251724   1         1.215736156303969
2949.1400553445624   -6609.372094741671   1         0.8942330084452652
-7413.193099294511   2267.9709608307776   1         1.059386738652083
1896.2903529875032   5518.846571786461    1         13.719946096472965
-8660.730151766109   5754.568675587385    1         1.175945027092604
834.5325386135546    -9099.940196684225   1         0.9385324593642687
-3859.0384176403472  -7805.936242306148   1         0.693912167699779
-1202.2854162898873  8295.76995813682     1         33.10545169385608
8227.529665749025    -6585.529121966331   1         1.2035771858042434
-6011.860588418795   -5553.831120723705   1         0.5848326729972859
2647.390398370752    3966.8697755009875   1         0.8488805098371065
2166.6283247289753   -9162.582362107376   1         0.7187687940622662
