trucks_count 5
drones_count 3
customers 74
depot 0.0 0.0
Coordinate X         Coordinate Y         Dronable Demand
-4242.884106501528   4313.57939973989     1         0.15924193030326259
-10198.068156644777  3189.3039231887487   1         0.7255324399357959
1784.954492660416    -6224.185763554607   1         0.365025146370469
7704.712480737492    7452.91709900785     1         1.1686831598485519
3145.68705029732     -8266.757769952324   1         1.180879053907529
-6777.110415553403   3791.5714790777365   1         15.917096147738546
-4326.9418560768     2904.565238472776    1         0.7414003429088301
8464.017282503288    6191.095705426761    1         21.744449358307424
1128.9798714971002   -8899.023500471412   1         0.6024311141675796
-6660.473964648353   8092.325543117317    1         35.61371687294488
-10061.169362371424  -3256.305815432022   1         0.32061661216269005
-6943.292812050426   -40.97697106055818   1         29.782452210074588
-46.36002289350081   -648.5895875783366   1         0.2674410073773561
-6799.773279057855   -9449.049911736109   1         0.125059054946896
-1967.1384499968763  6979.31621648454     1         0.5767654975173647
2494.588613101294    4899.271586857444    1         0.952632229288159
130.32402374150092   10348.47427371519    1         1.1928121197771617
-1817.6945918603271  -5961.481275813502   1         24.671017608998444
-287.61179577083675  3589.9210470531734   1         13.548626846167185
5651.508924001291    4106.093565106431    1         0.46195632546872933
-801.7872344613062   -6416.879006276251   1         1.1197098898719426
-1443.5936226834608  -5679.922089684918   1         1.1727932721807535
-1778.4866281349823  -5484.167734049201   1         1.174430657233846
-6581.267756204322   7824.494132543717    1         19.90030561458122
-11000.142219690817  -6962.569737886866   1         15.97000009027347
125.88521365764427   -10565.860024586931  1         37.54874995664888
4052.7782453711943   -4294.842058608433   1         0.11402089243356664
1712.9501816201416   8956.917562934099    1         0.9700398569804689
-5692.260202646154   -8575.756584290632   1         0.6881476138409238
4080.766594572236    9024.259698740527    1         0.24145902839833291
-9828.215620650943   660.039614335504     1         0.9083860336085152
-5327.481768057909   -8011.78520869166    1         0.49046959098876175
-4779.03958710774    -208.46974006688652  1         29.882760299352256
113.74502494128319   1925.2227067552467   1         22.3673246491685
9767.034826816349    1444.7390820112837   1         0.27855590639868966
-4597.479938111226   1385.1223441511315   1         0.8877175443180759
4250.661714741987    230.79379628066883   1         0.8297287553995957
8346.612957298397    4783.322587950486    1         0.18163190061339252
-3219.904568925356   3605.4575565735504   1         0.20229313076472205
-1986.5857029721517  1817.8058426886864   1         0.31934587476382026
-3093.813190228565   -8911.416252959629   1         0.897321470625543
1422.8535979680455   7352.947658079833    1         1.1609685200247597
1957.322386920384    2462.1488782200504   1         0.5960649682998589
816.9180467078197    5825.270867252884    1         1.1899239285755299
-4101.175284944161   -4669.955820163038   1         1.0514795290223873
4653.938079907842    252.3598409009294    1         0.2215230255366561
-1246.2923179248692  -9176.539389115216   1         1.043920439314074
-2001.0988366811537  2957.559856174703    1         0.49817092181008704
-6835.119469669611   4571.059377664315    1         0.15790298047665885
5576.335639881822    -7659.405854491378   1         0.15119523893379005
-2289.122701552751   -1949.5810668555612  1         0.6625274268254302
-1675.1837156314039  -3430.6028779793596  1         0.1415275758559884
7588.6143134823205   -3010.294239659999   1         0.8826143347757002
8406.391213128903    -5923.895817229418   1         41.24605584508403
-615.4844564876064   816.0268054889868    1         0.6782397921676522
604.3686848255521    -9320.092692299986   1         0.6084126659537037
-557.918250771396    -3656.9959512310347  1         0.7957501585815737
-9547.812237905015   1848.7926419491685   1         0.924941905191334
-9669.409347255943   -577.6845115283791   1         0.1594817930807303
-7751.647880980392   -5012.3260653111365  1         40.1344221287873
-3131.844682917943   -212.23868309317913  1         1.1779537164877596
-5103.438901571493   -221.45493698571593  1         0.9593560768561391
1618.3877190397832   -5789.651488161306   1         1.0939733528202145
-3393.30647636895    7996.045692639096    1         0.3493076667841081
-520.2197283264317   6230.131650456429    1         0.8462947558985892
1704.5273453394475   -860.3864854398748   1         0.3323702582036105
7828.055383271193    -4008.0652965626505  1         1.0774632499713805
10451.33679125493    2407.5655143742915   1         44.66557179736801
7096.7691075466855   6594.05997012528     1         47.92985667957121
9450.956257762748    -1071.845563569629   1         0.7211543427403222
-57.228442391554125  -7028.9275000032485  1         0.6058527405916714
2145.7943787885624   5597.457339981214    1         1.083247942284712
2381.9478747367375   9995.696372860395    1         0.4996026244434375
4043.462947707009    526.9541113269856    1         0.8111286982823379
