trucks_count 2
drones_count 3
customers 23
depot 0.0 0.0
Coordinate X         Coordinate Y         Dronable Demand
-935.5240900882545   6271.47129517738     1         0.34421544580295793
1617.5192476767356   9303.12395270409     1         0.42932043598973624
-8913.77446436115    -6007.776617427843   1         29.59131736306971
3102.142356983234    8936.659798422666    1         1.5407774892869694
-8519.795049686298   -4279.124298651855   1         1.129698413234121
-10582.457655090466  -1190.3747993976688  1         0.23642900203132478
-3485.2214194513467  6839.275002184876    1         0.4486738321108983
-652.37373776389     10118.427668613469   1         0.8455419229699584
-4016.7788594579883  -9793.812053794614   1         0.7609200954953946
-1785.401342844242   2696.4888504003766   1         0.25546501559814405
2792.040063736997    3769.6165526913446   1         41.72404312269369
3565.271185274698    9659.132125602531    1         0.9097350564798675
6302.7939014971025   3505.1537883521446   1         22.47345868761392
-3294.80846076388    -8887.017000753638   1         0.9621983665862551
-7186.529922594335   2689.3123916943605   1         40.72437996468865
-6938.8861033086705  -5023.399491870437   1         0.41099728906511546
-3816.9503134406323  -5868.066754654313   1         10.098016782007287
3786.5277307821784   -4872.676016062701   1         1.0092642810347805
-175.3515874715504   8216.521123646344    1         0.5644971478440066
-9761.607955573874   -1607.4393955910623  1         1.1393515922407051
6042.488655600129    351.7402240804113    1         29.015056352170603
2401.6879708177216   475.7970072462156    1         2.2203302763198014
1805.8825340731762   -8606.52041674213    1         1.028556172377474
