trucks_count 6
drones_count 5
customers 83
depot 0.0 0.0
Coordinate X         Coordinate Y         Dronable Demand
8971.147510473207    -5369.745171431148   1         0.10384769901402255
8790.439054279412    3760.033635104274    1         40.51274546195006
-6194.221292155852   -5503.790734010336   1         0.6214366962850697
10457.05135880527    -1487.8432085095355  1         0.48597277816870743
10515.735582938643   -12685.998291662261  1         0.7321525681165157
10369.481302977652   -2036.3123602098794  1         1.2341827585994485
7892.367603749645    -218.40324546761704  1         0.20759860309103928
-5795.33512715133    -1502.0011188197263  1         0.13192833307359514
-10481.936018328555  -1066.553155619668   1         0.42344790620300876
1839.9411171531765   -1519.518769427445   1         1.0674412981857997
-12989.410005048358  11939.628057535301   1         21.235454278740185
-262.3884461566009   -8458.602648992382   1         1.2174866848976316
2991.6459673719396   4303.836242616516    1         0.29848450345517263
2495.3067261235465   -3817.217866623414   1         1.0224407784621041
10350.125088451678   214.1660593029311    1         7.585855641337537
-7247.202438047187   6577.525675751207    1         29.097761527161044
-8940.547433485528   -10560.689794873077  1         46.603030322823635
-2113.6871960905783  -5667.424076422947   1         0.7821989356276483
-6364.39933343579    5273.044094749564    1         1.1023589179167155
3084.2693334333635   1764.1030987293743   1         0.34392817879463017
10380.018520687383   -2094.2714449400046  1         0.966782988437143
1700.1701117513094   -5270.555693257016   1         0.5580497347591952
4493.821218634016    -4732.381372450816   1         0.3843440152792337
7693.382053772195    -270.6533257909991   1         0.8308090246120243
933.8403264865008    5457.068723007859    1         0.9062752324538477
1668.5376062462635   2761.596590586031    1         1.2281591569957426
6169.248229841582    12123.32056888799    1         38.54206436645322
4478.40183054624     -9497.34310218507    1         0.6954266333904997
5964.8611129756855   -717.7234335336392   1         0.6743589774203125
-3442.0369073947354  5799.82132102763     1         0.6103306554730316
6729.193315905395    7540.955470244208    1         0.9980423371636704
7464.930658364666    -3905.4595204602315  1         0.14785879360933266
6640.496366171051    -6469.487680719772   1         0.17977071174904022
6962.455322108159    -1425.4431324933896  1         0.15481262447167127
-2508.4657117072206  3109.202884736468    1         0.31426559629679596
4027.300564533779    -2417.5880026266345  1         0.12411776823828638
3147.279957345967    -7127.438015394368   1         47.142655864976106
11213.857278920925   -4364.782462440682   1         0.8377432917534611
1939.7106688195436   783.106537062451     1         0.9815468006187187
-2929.096825294083   1096.2546576011898   1         0.5479862022825593
-6018.851835919819   8386.479692137156    1         0.6443476890272317
-7428.020978849303   -6190.693761964442   1         0.16031589358750117
-597.1947949394107   2175.265853194691    1         37.03846462203431
8633.505826241415    4730.7132692401465   1         0.11519827107737464
6442.498304901084    -695.3551230306592   1         0.7571558905805704
3145.9330569501494   -3238.4083452401323  1         1.0739517179111762
-2952.927028055147   -4386.0990223587105  1         0.47524564317973916
-6893.228040014101   -4313.864092233203   1         1.0454401558244868
5703.3568001057965   4953.5532607642      1         0.4639615782434453
-3932.0791039309806  -2283.763740714258   1         0.6185211633548269
4063.167662374042    -6366.160018259907   1         0.7854184185166975
-7869.1671504706     7224.172040624198    1         0.34171339256325406
-4576.488658765266   -2927.722485844626   1         0.9067399982037755
-3734.916791605116   -5420.37158337925    1         17.987637958856286
4476.973867180569    6327.068280442552    1         0.27788259253451497
-6714.020363158395   -5975.681860814401   1         0.21653248083434345
1780.289741206505    10507.140953574413   1         0.8546502367123343
-2449.7810125403516  -2091.76544612859    1         20.790893021060047
8947.004437105707    3701.5116023887394   1         0.44153457596984524
8209.973564070497    6554.731582497176    1         18.00918518343705
-266.7975704328563   1911.407462452102    1         37.550059404395896
-2717.2403047609364  6669.4501500532415   1         1.2191716861049942
1155.4656888311888   10648.024521489931   1         0.6703772819719044
-12234.218199773633  -5026.57414950938    1         1.2273441342261584
-4200.879904033851   -1862.6523405468415  1         0.8153258726837417
-645.7204012734164   10376.81967407079    1         0.794860422252516
3511.562849432974    -2986.081038490567   1         0.9294941807552839
-7043.6387259937865  1277.4921745257432   1         1.0265833311243666
-8537.16175737665    -2484.7605483870093  1         0.1881871512659293
-7805.114583986799   -3276.8517752627413  1         7.496064209913579
8877.525610807137    2095.749391130199    1         17.184469041374975
5514.721166992105    -8644.917010999381   1         0.6702168274161274
-974.746561477156    3061.724966013917    1         0.6966279061216217
7054.016367162398    4130.603002071629    1         0.8937269979809005
-6025.434345910357   -8718.125650702696   1         0.8203188814013422
10661.847349814903   -5487.504117515321   1         0.43916624736152077
-3064.450385352283   -3886.1239244510557  1         0.9566045486160537
-3642.1410150402075  2170.1108500015066   1         0.366521254022412
1351.904985015621    -7691.577278643721   1         1.165763712070271
-1606.0620578972082  -1999.4007774434256  1         0.5269674965397653
4142.225468099186    7358.54504023392     1         0.6134389159166873
13100.719623048044   -4025.7711649734265  1         0.23513661314092402
-3653.2797105796453  -8179.4074877914645  1         0.6159384897135096
