trucks_count 2
drones_count 2
customers 39
depot 0.0 0.0
Coordinate X         Coordinate Y         Dronable Demand
1206.8098332406855   7066.922353388183    1         0.8272898938734105
4150.926128049514    -2987.1281262288585  1         1.034317386471998
4370.16349491686     -7577.805129825789   1         1.0277416126151948
4287.372864950248    6940.769216156713    1         0.14941334321252667
5248.856021530261    -6492.642022597983   1         0.82126721173023
-6452.341822620186   -6212.126454023941   1         0.7125042984759409
-8102.062031651352   -8894.619141956378   1         0.42532125884801963
-4583.469620476759   1920.8746369974638   1         1.1158648405392446
-9030.528928470583   -3749.854956342126   1         0.7479782632972537
3214.9079545189875   -10407.289763243874  1         1.1294156777207771
-4235.817828467895   3679.611283847104    1         0.5354877043907228
1124.6312598596403   9323.06924782255     1         0.5831049471179406
-6330.461383842983   -2964.935049800432   1         0.11287376844195021
5078.4881078110375   6858.691350514229    1         0.3844711764622444
4265.086579012895    -6287.857657866253   1         20.24906998314241
5657.980657464506    426.53426179413617   1         13.539638975089215
5775.284977090792    774.45572968976      1         0.28299549742155994
-9334.712959137838   -5198.377177382526   1         0.7547108837620645
6060.970080103667    1299.8901201050019   1         32.9226444267415
-9064.229807397372   -3272.213713232682   1         0.5216146539540075
8396.084781770693    3755.884695870766    1         0.2375862067111411
-8053.487433491424   -6008.473948782153   1         0.10246623870587802
6651.422459058945    7886.952401676333    1         0.9976737601670562
9839.047177675027    -6083.598030875767   1         47.592190622418016
8205.732353556672    -3170.8209795667544  1         0.6565377588392279
-5494.62229762371    -8681.906904875055   1         1.1240570839850084
-7635.593949660204   3267.2991370889636   1         1.2420732945721216
2211.1143640093005   6849.02034944382     1         23.604784522516617
-1397.536071609928   8719.544630466551    1         0.406519798836008
-6560.231445279682   -8314.678244564291   1         26.21301364492504
-2664.0834466791985  -750.3246459557919   1         0.9808468272161944
-4939.4570682051835  -4732.606982805617   1         20.6471964629202
-5326.113664651091   2564.5633471728484   1         0.8303386238013646
-6029.545553344021   -2986.239882914523   1         39.273216240837925
1318.9648278615052   -5350.099886624507   1         18.54936779902286
1270.8532504667642   2191.6540576113157   1         39.76852194452915
-847.7102459947982   734.6369983580662    1         0.9344003830381961
6255.541280778947    -7347.723984555438   1         0.23201442110440973
-7280.607753616168   6735.71941688375     1         1.0956378071703325
