trucks_count 5
drones_count 4
customers 59
depot 0.0 0.0
Coordinate X         Coordinate Y         Dronable Demand
1484.1671329762432   7218.880852427295    1         0.8860255511822536
3355.0509334156905   -5665.8616784877195  1         38.28310788898648
5834.793959862885    -4559.0766119491855  1         1.245070670476207
279.39451300485746   5599.726597410918    1         0.637911866722625
559.4871456235329    623.4713860363989    1         0.45606200294360755
-5429.299032195243   -2789.728081494447   1         44.67704388487304
-6789.066599846619   2641.289437875173    1         1.060368085911098
282.84011806687795   -6609.4449565443065  1         0.38782239308979294
6622.905194045737    1863.4802367321186   1         37.91242506313447
6248.824935248485    -498.561423374831    1         1.0643355160097656
-5559.980625628963   6559.731720440865    1         0.45228543058854864
-2003.8264281373501  -5066.38506672547    1         1.0797956661278545
6975.582163850921    -5911.229719084294   1         0.33225263095527074
-5427.434239743165   -2050.0810844245275  1         13.66429534801807
-1874.4064255581957  -1810.793748044546   1         1.0295819816933913
4951.636886165303    -2236.2777936727307  1         48.79366902025245
-6477.6002901152115  -5838.06396143507    1         0.6256446948923061
-1811.9915392526232  -6085.267103056515   1         0.8874814386116467
-2713.9231030129176  3182.437747771199    1         0.7169236139269076
3448.8523596892146   -3349.8460985191973  1         0.26946047729478306
-968.7610464436519   938.9084429940323    1         0.4270624065475749
1030.9353814786293   2301.319482411673    1         0.9350957640163597
-193.35476264875706  5053.891792963319    1         1.024949265599298
-3398.849976264774   3657.001326268189    1         1.115173017358468
-3152.3461242678814  959.2857492749679    1         0.3634009937096627
-5478.908429924347   -5770.432635978293   1         0.6059337662985237
-4950.576555617403   6869.177327258668    1         25.93775962259198
-4824.133912057747   4201.737102428903    1         0.4064603147317637
-7288.185797258895   -6713.4003400732545  1         0.15449929038476432
4536.092611711275    -2576.1509733117073  1         0.7143945580095323
-7233.692764215965   -6173.5099074791515  1         0.4707828333366548
3472.4767614781863   -6225.25671121081    1         39.94086809250207
5052.24947311303     -1864.110006193151   1         40.50143084462385
-2551.5998925312415  885.8737234129545    1         0.7352220673064646
5819.570569799056    2391.8538494043314   1         0.19395477988006266
1769.150256950203    -1131.8924167130874  1         1.2291329407386435
4084.1587609475214   4985.60173011215     1         0.21206625827259562
-6236.443298716603   1819.0852863834066   1         1.1553854497467504
3430.1620770582904   -3473.9127296102865  1         0.664034378773968
-1829.5183071656857  1324.991444990319    1         20.879219866485315
-2442.2572593796513  1287.0193178690909   1         0.9628878293750681
-4289.878049596971   -3741.8785199159374  1         0.2609525523411679
-2820.150734123925   -3552.6212385554936  1         0.9014211365726085
-293.5692364156052   2665.8048923174965   1         0.2195880490201576
5553.116536204521    2270.07443173956     1         0.8225084446115924
2353.99232147335     3221.5841080916853   1         48.90973192299482
-561.3630715511109   -3878.37397917214    1         0.12395123973416354
501.56219566783284   4073.6922180527586   1         0.24549893712092694
-2810.497476038556   -3569.938505728112   1         1.1805771494983253
-2050.4230303678573  4506.432980298904    1         0.3613557085514586
4285.741188265214    2304.622851395566    1         1.1899792215403413
-5266.0688338143     6818.341084373511    1         0.5410813055421828
2446.3809691335205   558.5944072364451    1         0.2517601679480229
6511.531011014147    1678.3139577592501   1         0.19849462038567248
-5628.5436963680895  3152.549601516764    1         0.9024161178524562
2536.579583984593    -1874.2048774497712  1         1.0272203690318897
5616.853957676181    124.63671151990626   1         0.520165291940838
-3465.602417142946   5871.895130697003    1         1.1659575793094428
2100.076119708691    2039.994866426237    1         0.6969406098172424
