trucks_count 6
drones_count 4
customers 84
depot 0.0 0.0
Coordinate X         Coordinate Y         Dronable Demand
4527.244454118972    2132.7682240117683   1         39.171090625808866
1230.5564484365705   -4513.405729025744   1         46.114634028169746
-606.3944434146066   3473.1604548874993   1         1.0127204324927959
1047.1008715427208   -3887.4262029575593  1         0.16875941683074266
-3038.30199848932    782.0769586994337    1         1.1163227539113394
-5032.887248859865   -622.0028250861978   1         0.8682064085972592
4443.6501797413985   -3578.3057210526013  1         1.2279391469637082
1812.9499041469708   660.6998804355944    1         0.9324411410048591
581.3452775149261    -1518.9797652125053  1         1.2028912493143207
2427.6738516307787   3191.453606839566    1         1.1493358259972926
-4574.995887700623   2186.0290269197276   1         1.2219383383792535
-2692.155336803394   1257.3049580474615   1         1.1828611227029862
-4656.150345992281   -49.585630909635256  1         5.877857351057307
815.6872607066582    4205.282349015087    1         13.570083994153995
3482.2011619701066   -1486.7416321094122  1         0.6776578705397761
-2711.304166996692   -930.9512806798232   1         0.9628958915704277
2689.3825202848766   4104.460473392917    1         0.37299473770426106
-56.280408190708     2613.6090758769656   1         1.198174076117563
-1482.127098824042   2543.078407793646    1         1.022044403468047
4023.9329405834283   -2750.834302186525   1         0.48626444359795495
3717.750012865329    -2771.905149511208   1         1.704101437548465
4747.133441030174    3669.7187841097593   1         1.015023423955477
-4339.597138083526   -1597.9632482436282  1         16.07163475697513
-5031.652786710711   1159.8755937131768   1         0.9694283837043928
4202.5076191903045   90.509907075554      1         0.8613578913549028
-482.72295554903286  147.34090042818366   1         37.5053109231706
-3118.328093877405   -3684.594830846186   1         0.7139020731326808
2403.5926032887537   4072.5546262038006   1         0.9358885315275247
974.3555433153036    1209.0730688304336   1         24.756850814213973
-1431.9678365042919  1650.5361840298901   1         0.8745262385703596
-2131.563268318578   367.47295682976784   1         0.5059929348432942
-1100.8125495264471  4711.508164342474    1         1.5384414249033749
4641.001795098148    -3600.7119092354724  1         1.1755155978829446
-1622.437590145689   1151.0790590086401   1         0.8119348267177964
-4195.774587234463   -3551.5357685863282  1         0.6602533771999023
-339.4463852665134   3848.3142744695506   1         0.5740278638558075
-236.4494767680835   -909.8867261940104   1         0.2957742632914463
3375.3861945793606   2433.681233251088    1         0.19352073695115643
-667.2053904189341   -2178.5140604746475  1         0.7575950588929361
4812.718878002743    4372.7318761193765   1         0.8767493364200437
2550.406086547271    4776.232510316196    1         38.51341597625997
2794.3383185859752   1856.1721299712785   1         0.44761715454560036
-3347.159536424162   3673.2605406212015   1         1.1437555457215942
3721.152461100003    -1611.5451492332902  1         0.7196397091052573
2769.5277404680946   787.84321647249      1         0.6416059578530645
-2942.0856176690527  4687.419113030883    1         2.428066938404445
-1684.5379687615796  -3954.599813104427   1         0.4306077919877366
587.9290349829689    -1897.112515525093   1         0.848140725315291
-2159.387414002465   -4148.731735183921   1         1.232233059187461
387.44821931489815   15.661726736412339   1         0.6405830722084684
2579.870931499572    -3712.8815765629333  1         0.5275776445016153
-1161.3408021089638  4478.932427085247    1         36.48303935990836
4525.897003539313    -4787.818847229061   1         0.20593696228346975
1381.5219055210753   584.7240415575349    1         0.46289793132952917
2782.0695929317126   1845.1029171492692   1         25.56154799664247
-2923.4800932838825  -11.000923570792862  1         1.0074381557256102
628.175754593693     -4363.161090334298   1         0.4014020058844674
3953.8593998493284   -2600.13332835646    1         0.5693997732136402
288.3706226915171    2020.4619816379588   1         0.3337047800417673
1444.7567096641028   -4495.56074669334    1         1.0656752105708944
-2775.6346972362508  4113.7366000557395   1         13.366880900843334
1249.4188739488106   -5.988254711839533   1         0.43564511453072974
-4149.004445357835   -2148.5953673132617  1         0.2742133892187192
-3153.880400615015   -3535.7088039359746  1         0.8362906909884306
4347.364644172779    -2815.345653431633   1         40.96308373003446
4913.612278761087    -1948.817623603315   1         34.31439083367249
4883.647677584616    3345.247617744172    1         0.6277892123210237
1080.6595007763199   -3027.055580725572   1         0.5560446867250082
2255.955616880384    2712.0576768017245   1         1.1104349208614162
480.28063113666184   948.6571805357681    1         1.07465788909161
-4583.8647087327345  -4717.186255105131   1         0.31407451667873665
-379.6033122629981   -4663.631275903769   1         0.558566353938222
-2726.431947830924   918.2349958219196    1         0.9515249082901559
-104.54206585492234  -515.0864631906805   1         5.410218078589285
4762.812847716302    3439.424533177659    1         1.09344712588302
-3742.422856061222   -4617.691984058414   1         47.65211663042067
-4499.757652523433   -3709.271621880251   1         0.3206865202897854
-2710.093024120783   -466.2746596487795   1         0.8449063597306036
2274.194847667425    4327.898679114938    1         1.1277097681625725
1361.131293167009    -4573.928641894385   1         1.1290135517127153
2584.329831209908    3091.8619977334797   1         0.39267757389242663
3791.671844122178    66.8885619427239     1         1.0819392478513739
1069.936250468993    3737.2490279909484   1         43.36616736149546
2458.1539425430738   4288.664009339321    1         0.19438967316880068
