trucks_count 6
drones_count 6
customers 100
depot 0.0 0.0
Coordinate X         Coordinate Y         Dronable Demand
-3535.5851790695997  10925.967519131485   1         27.215639164104044
-2076.482196858464   10365.810850170987   1         0.3412985420599639
-2923.2481519267562  1496.671880029868    1         0.8460150464547855
562.6105748025542    -1264.2424612846335  1         0.2286574486226896
-9216.031331841747   4637.03005822595     1         3.727277405288525
-4370.125913021701   6902.700414839493    1         1.136222661741356
-11611.395752259561  4049.359602819579    1         33.44421043749795
-641.583824348374    -5112.373480036206   1         41.1579935185766
3274.378215246196    -754.896839840395    1         0.9753643065634645
5633.675572673179    -5975.064634359666   1         1.0625526445917273
6663.230285856462    -8648.103493835433   1         16.351603930204135
4831.452619751362    9352.482007961562    1         0.5979843107329882
6960.72434894055     3874.731576637608    1         1.0131977874014833
-9298.944596353032   -1935.7274254223496  1         0.13384767433800487
-10312.330178205095  1213.2299575086408   1         0.11451362241816546
102.20474464213018   6295.384623527836    1         0.42845935599412466
5225.447433012706    7076.522083317583    1         0.4831566992494335
4335.431070799339    9853.371200743302    1         0.7504463200888773
695.3297635198899    6998.623898099436    1         1.2302430281133045
-19.831078683961522  -8985.194258233583   1         0.565028295578188
-6543.7574109609795  -7083.44335245462    1         36.00503731809969
3073.459315660072    -8045.062261906694   1         0.8670834650828283
3916.580534561542    479.62010693037837   1         1.1044971115114413
3063.6781086350215   10487.931880527169   1         31.921510130317355
-1420.647931878857   2337.1508808226245   1         0.5201943262744287
8873.0003085779      -2189.7573430833727  1         0.1852105195411257
-5489.504054358361   10840.278531433505   1         0.9184835186407718
2714.255135370963    7534.753438023938    1         41.7378107844317
6222.19014984392     2251.7923271343357   1         1.2075777024645848
2654.7238221626103   12249.400598853623   1         26.618911603788963
704.0967689552599    -11022.539274341729  1         0.6844355303417758
7837.531640243862    -4857.309876193282   1         8.400776933281563
-3341.157130497678   -4891.699096295867   1         0.32834252592131413
-3435.3114431680706  -2603.0010911950344  1         0.6162316735320182
-4438.600476933362   -917.4358455350273   1         0.9002781893764682
11811.90862269386    -12009.645949688938  1         0.15460427798709225
10616.265021735227   2295.6184557147085   1         0.8529066978066686
-3453.2746711982522  6171.497865563025    1         0.9036938045599778
8708.355044516644    -5162.675231813321   1         0.10639589702166559
9201.33843066727     3941.261720236915    1         0.2701889602962687
-7071.509147654011   -6393.139185242938   1         0.8225120800249948
3089.6523193473768   9323.415742895904    1         0.3916827035525443
3157.763445856189    5495.453297318612    1         0.21835473951058662
1876.1269567746713   6525.140870296054    1         0.5936694268967821
4138.603563656327    358.97993915891306   1         1.110708967706359
-5385.356076616282   9220.988037640334    1         25.470711550862585
-6560.542850804679   -3730.04145716288    1         1.0877415442695868
3398.2608681535253   6137.41218138414     1         0.9373463152524164
3831.7640162433963   -4513.818781829184   1         1.1902889485546662
171.3795896056994    33.96335452500065    1         1.124740791762203
-3796.6026140706954  3132.9452145878367   1         0.45431790325593624
-7343.044283779178   4213.306964886826    1         18.095781864993203
945.602811651293     -1719.863050736727   1         0.1560567546017105
-9445.477292872978   -99.1487229085355    1         0.12595861003823988
-10351.21450782284   -2295.7614669683776  1         0.899411101273234
-9823.721337434086   4829.787580931344    1         0.8567709486091695
321.8961289792537    1764.4305750414144   1         1.2000172031589116
8011.534707485608    7218.190945852104    1         0.10509965604023909
-4519.863396207775   8870.56707726584     1         0.8762028541095378
1178.7278136539317   -7716.441808454739   1         0.38659897163920365
-7862.998087017749   -2975.0563536955424  1         1.1218922242293283
1997.2017971156793   -8228.995164810813   1         0.2391188505428587
2521.669713153131    4674.459806200328    1         0.3183938550880415
7300.194673572842    1763.1999782006787   1         1.1575769975539778
-5987.212910517614   -706.5270726501537   1         1.072083409133864
-3999.83691009227    -12803.215464602803  1         30.607226573100366
-5662.478414532992   -3422.8106469300637  1         29.660034268264063
6369.485422733231    -2747.4026634043694  1         26.583217677894318
5364.297070469357    159.55867507382618   1         0.9829339293808157
-12779.556412741158  -6611.995755507106   1         40.556849593477104
-10625.866720800153  -37.13116305627355   1         15.454010947311557
6466.962376251666    5160.219094438675    1         0.6972560363245518
-1466.3670265755673  -1674.199909657616   1         0.15366305763120414
2306.381399383742    -8369.670391580474   1         1.0094169617315132
9410.863959278337    3753.8452854811335   1         1.0520592937243116
6542.7458521753115   -5722.197767989087   1         0.5965824915219078
8342.265774029212    2691.428994149785    1         1.1367500991329988
-7056.222240453567   2921.1595587652387   1         1.1627115839506736
-9001.563572116645   1153.7129716980294   1         1.0174424224718372
-775.7954408290328   -108.00281472913747  1         1.1848125102977602
3329.4293417074664   3118.661447621569    1         0.24869538110339184
-471.8923221313767   -1786.8351478872505  1         0.2193684473818691
-1533.0643951292186  10722.921671387903   1         0.6487008090548704
-584.1814229176473   8407.731717603312    1         1.1558012547372127
-806.915553580772    1704.3659615424692   1         0.26903227600250035
6573.888330435154    -603.6431140322958   1         0.12582790964336366
-7219.94762129062    -6654.38566635566    1         0.9860482121189539
10468.238076574353   -770.3402763670987   1         0.7860375881016894
-4627.772695506021   -7720.912697870528   1         0.16551170570109858
-9544.190043122984   2876.740939206225    1         34.56528642063244
2145.899912207302    -1382.5465090698624  1         0.12825148615913856
7577.0856581995795   1183.622207428085    1         0.9568838739330623
1455.7667304099134   -3037.380887043015   1         0.5965209733638089
5613.595960960969    8364.565364753807    1         0.6166490664180987
-7213.004859574004   -6559.4623243465     1         20.656143687732804
181.1556629137563    4906.859676155031    1         0.8429551416159746
9405.389121068425    -2967.7747535326557  1         1.0227789241368024
6104.105475592123    1793.1488035874488   1         0.2594069747767459
-7402.764717378127   7054.371048099663    1         1.2123487725012239
6000.361092530732    -7034.113510272727   1         34.31402185365285
