trucks_count 3
drones_count 4
customers 44
depot 0.0 0.0
Coordinate X         Coordinate Y         Dronable Demand
-1319.1038587219778  8763.775222129145    1         1.1295484276190257
5309.875584830581    8633.614103262422    1         0.9040379563067386
-4465.1686245916935  -6105.514909491459   1         0.18297143440422242
-4473.548158442545   -15560.481280845957  1         18.066487446414598
1838.759016849241    8916.469425823614    1         0.8775945472833456
16554.21070571128    8782.835302007923    1         30.501845893810497
8056.953894141268    2686.354866624061    1         0.294824361157379
-90.12782815794708   -13956.744125228142  1         1.5200916191769807
-434.78564939513853  -1043.0397595557133  1         1.0696280480271265
-11456.592185979576  -4836.208856631121   1         1.1450621203824776
10058.72441294197    -1871.6383017421085  1         0.10844433857750413
-10370.095568918197  3226.8482273397326   1         0.9923014016029271
-2828.8568321853954  -10472.076700951086  1         5.696448430857299
8102.465194069138    2107.8345150024165   1         1.161658983333626
-1565.0659728663336  1603.7185009399354   1         1.1628674336462956
2200.742920199573    207.95613302076163   1         0.9325283240798686
9515.361013073123    937.1548188561032    1         1.2362078261002702
-3190.528346596311   1315.6546667023583   1         0.14055834996818592
2521.3495344757685   -10415.990989679438  1         1.0499303936666784
-6266.589597107846   -7402.485672779094   1         0.5500529646182235
-4588.138991663609   -2393.8037233259697  1         12.917392744727591
-4066.107765232627   8722.862264162546    1         36.23031530898106
-10075.911711405375  1831.3204689154281   1         0.1813605912236236
-2444.853313577922   5160.6669301772345   1         47.21567433639965
-8046.8663731773495  -5790.988053528833   1         0.779891138706601
3393.5197953012525   10225.574665068387   1         0.8572323173196217
5907.120737104262    -7703.1812047393705  1         0.6651106474879594
6935.188940124019    3050.109488679289    1         0.7139742086137018
2109.8468217842656   3506.4090973265347   1         1.190658341859455
-3139.8960097451936  -4114.435205091587   1         0.39546861536149636
1361.2400705866407   -8095.550752559769   1         31.546239040515193
6067.774192397508    13607.786343111151   1         25.57103060915567
-439.1343646309523   -6907.316895576256   1         0.7550677597333928
-6529.947265300158   12115.436460601515   1         0.7675224726615105
-4328.6289339755685  6255.076422580326    1         0.2883542369704932
-9122.023209273893   2357.3965934544194   1         1.1021748206586668
14574.56049880237    2208.342744785281    1         43.45079396169673
4160.585941887947    -9755.57570858245    1         1.1344325064924692
-5979.745961848929   -2423.7347363891313  1         0.8189101956343151
-15483.167866482032  4801.568510932735    1         47.85594873593195
6831.945383055692    1065.3780263191313   1         0.4518357506334588
-10076.549877075211  830.4111609245559    1         0.7118210858706627
-466.3808446841713   5194.932265221433    1         25.361915648395822
-14229.186893737486  12423.461927536366   1         0.5682368644820164
