trucks_count 5
drones_count 5
customers 70
depot 0.0 0.0
Coordinate X         Coordinate Y         Dronable Demand
-5019.510751308347   -8946.90785043087    1         0.7394478189261058
-649.9630239197699   -8175.859637655646   1         0.59643390002568
-9163.58090749146    5624.020972796938    1         0.4629975928939456
4514.456014338801    5303.64482382137     1         0.9647870726747124
357.6599561346095    -7065.734830313359   1         33.88231003710833
-349.32524162933987  5674.887295436511    1         1.0063461367404716
4462.626571634725    -8998.69906162968    1         34.107487897809534
12143.565261402367   -3457.209243885056   1         0.20760323687631643
2139.7681894503376   -1997.8474238224935  1         0.7827205372611109
3463.0132148867697   4574.30503751537     1         0.9897135402100921
1253.3101413202114   -9258.528247331964   1         0.6316179914750041
-14772.753017407265  2962.398592247031    1         0.3529372896861017
6275.158972708674    -3156.4182315330554  1         1.170186384927222
6020.545753515815    2884.5929190923766   1         0.1135301599553839
3567.7607382668034   9211.145515464905    1         0.42485220473000773
-10231.087875577457  591.6804168410198    1         5.20274169260232
16589.011384603356   -1374.724309339179   1         41.349028381687745
-4543.631080920205   -4627.631468130917   1         1.0383375926102605
2779.7447761993462   -5467.053696709223   1         0.6993701646789054
6312.105751021862    4381.725779079437    1         0.836767327336074
8100.323135181451    7289.963713913626    1         0.8037075801782857
-12524.130361172787  -7370.421575985587   1         9.451429819248359
11541.98512916299    7697.921300797854    1         0.5127197122356859
-4616.668893179195   8983.694331744739    1         0.2494139791467482
-4352.861848028955   -5369.4755081516     1         29.669214108901787
6035.724089918305    -4188.051339945977   1         1.218352795651919
5598.036233115017    -5363.217421820648   1         40.784074609811825
9307.942888454949    881.1402797719238    1         0.14513123270538075
5252.380201722477    11976.259611778634   1         1.413890233672555
5219.11887677184     9269.39115081931     1         0.5639814043019633
3057.859933667713    2746.0991655867506   1         1.2005852532529135
-9037.095245193334   11746.546379100866   1         0.7281740875042313
7232.7055119865545   2316.812797449265    1         0.2813302407539996
-1986.7990995118573  -9286.096109316946   1         0.6303760049370948
9791.200043078787    -4428.926013274048   1         0.5417961570826116
-2040.4169540318198  -1785.478864591694   1         1.1916260535540426
-1053.7658372677706  14228.262967122166   1         0.7427300955247289
-16078.771166947467  5144.659113553476    1         29.744030657489677
-5160.286136689416   6534.69854845291     1         0.48517746594765365
7046.616273906624    3725.7870304820285   1         31.37275205789434
6615.220569707388    16358.079982050163   1         7.659356068199106
-4891.83100002937    4434.416810497379    1         0.12498250203382091
1251.480145548634    6164.55841966896     1         0.9501784067498251
1753.1868156351065   8198.559052366667    1         39.872685013062814
-3533.4021376646633  -4660.427095518918   1         0.3412741716664106
990.7123888351343    -7125.793285352943   1         9.82575422993077
346.36387811491255   -7082.512251371946   1         24.533394857232913
7492.859431702298    -9226.945545137129   1         35.11524696893698
-6326.439621964741   3809.9815970427835   1         0.5802501592798426
3520.574496068657    -6224.669025207593   1         0.38371903860864465
-5353.049292941137   1377.0384179435623   1         0.45081283093884317
-1115.630758317307   10425.036247499556   1         0.7799027662969724
748.6085346504489    4329.402755677054    1         27.394126204071245
2323.543275577328    -749.9789054745186   1         0.8879827577209284
-7378.952465737093   742.0229970149501    1         0.7945965535414391
-2213.8870962533447  -10113.021764426941  1         1.1077688651704645
-178.03881017118601  -411.9288837192334   1         0.5198992178655654
7372.085539047044    -121.80149855378615  1         0.3915256878885466
-8265.264049535846   6657.613839158417    1         34.86642480690491
-7658.321560538176   -227.62588223332415  1         0.5046572085065655
-77.1802441987003    -1939.8089498927338  1         0.7644033113405828
3919.0996440061      1155.4078452377148   1         0.8116402330651006
-1158.3212420495204  3010.9496313514433   1         48.7976066713644
6019.431690588864    6020.772521965675    1         0.1202046580292839
-9345.45711212157    -3913.8457511688184  1         0.5921856224219596
14657.755474023525   8909.137587346788    1         6.062723637089933
4308.958122363057    -5541.074537232807   1         9.841223721980857
-3198.394206599636   -5868.147064020328   1         0.5679144327889186
1836.2892429015976   6711.871675270576    1         0.3339451705934858
-11525.342221725301  14181.369072696383   1         0.40453065994985704
