trucks_count 3
drones_count 4
customers 80
depot 0.0 0.0
Coordinate X         Coordinate Y         Dronable Demand
3111.8741848680656   7172.275640898494    1         0.6428735893070101
9326.391761774134    3413.4833106162537   1         12.866058676065848
-9637.349147689514   -660.0280221036239   1         1.0054303309697
16711.363268589776   6423.56044637577     1         17.811537252858514
-1337.8064617646448  7538.3854831957115   1         0.36563284523165007
-2382.531006958793   -9279.571311635491   1         0.8094291101867898
3615.0290488734436   18.96649621365441    1         26.151028201910282
5673.80308903527     -6166.275482507164   1         20.95268046305201
-3401.723416301245   -5540.380055702363   1         0.624625040079403
3997.9278589416044   3902.030146566877    1         0.3039857308626962
6096.336819798298    -4905.411008585116   1         0.45514599189773275
5402.017513278232    1612.4424101427169   1         4.211388249663291
-9753.795880662467   -1368.8481549045148  1         28.12599919232321
-16157.085036483872  -18456.81468830148   1         0.28415444818132907
6218.020015150538    -8576.000890250252   1         9.069443084636093
1239.5229034029153   681.0897555350481    1         0.9432177567022397
-2807.354600615603   1107.4161176142325   1         0.38905166334245245
-2532.981306105593   2357.3268904237034   1         0.18941645714354055
-4788.363260835433   -13815.25354084127   1         31.157680687910172
177.8595723907214    6991.522469892226    1         0.4416901825121988
-2559.0994708641     -4406.215253045939   1         0.5655870247163818
-16061.983841054302  9014.610952462353    1         0.501981854846366
-3562.3099501557203  -8177.656942454578   1         0.7650897073523482
5079.6582099433535   6000.815403830376    1         0.8901446342054455
-4926.914367677744   18608.113411112077   1         30.538993842312525
-5015.917390649212   -6843.286754601948   1         0.9346572258611052
8052.53073467443     -588.7358677399154   1         14.309436431381714
10522.638837530401   311.3490577558055    1         7.402879471907948
8297.54265759082     714.0823332887185    1         1.0582484806178938
-5175.486150610691   -8205.951909081132   1         0.45895942838389636
-6231.928723532701   -5523.445410358538   1         13.243922660167035
9450.020682787968    -137.66505311445366  1         0.987635053698758
3937.359882196721    1159.5651400118722   1         0.40745169750652976
14484.397826729677   -1917.835325953729   1         38.56316692325062
6925.973305407592    2102.9514561632586   1         0.20346887039790523
7783.316276056472    3998.383631592729    1         0.6444726423782013
-5406.500630833829   -649.5772974293658   1         0.2745713234654126
-7809.667417941634   164.91328369116889   1         0.24353167242579382
497.60720696130375   16808.779225677914   1         0.9922587390526575
-1976.7305173943937  -5962.021278132388   1         0.5534329874614771
8361.80501003        6848.393506551319    1         0.6420486225475293
-7489.959085104342   -7501.424299074247   1         0.28279580823554096
4146.484100140271    3404.850469584567    1         0.5903074804060497
8185.727557363093    6405.665350664251    1         0.20796965257566988
3699.919096354941    -2956.621661708305   1         1.0028262867741677
-2108.2942684580644  -7256.450370953074   1         0.3078876675973726
-256.9959562096103   3952.743966549756    1         0.7877653377278108
8638.343704799849    4753.403683715154    1         0.786759734566968
-8259.968278119786   -6456.832253957798   1         0.3508638527585445
3.1290432651481925   6670.317840296398    1         0.5302594403209532
-8653.579849664511   4760.468051036636    1         0.8086697878219624
-5708.664375265688   745.3800724967963    1         0.7889103845261132
-4825.6213752213835  -851.1484199197245   1         0.4833706525416974
8867.208080405684    2465.574999819208    1         29.344540281750305
-2646.5543958119033  3322.994925014591    1         0.6664968484461363
-1707.7263956958082  -738.8632390737093   1         12.030213654789566
2744.4047406480645   2897.1507166112347   1         0.33703815411329663
4620.935287117257    3166.4116739831506   1         13.05182633145182
1664.8947383056611   1672.592658276475    1         1.063449266168678
-4177.599005197072   4057.8179250558424   1         0.6309079519033194
7212.177403105498    6643.818648173418    1         0.9431965241012362
-950.0100131479201   -9924.187474234317   1         1.061877152699732
9914.241098185174    -2375.216411879022   1         1.0261781062285875
5657.308610320538    640.1540351077684    1         40.73755901085742
-10686.356378469814  -6686.465097354541   1         0.9091307812577325
5455.787877621661    6026.27796191604     1         0.3960365689795843
9010.059362799893    5087.506810962789    1         0.19033680020712535
3598.778206537285    -11449.16881449046   1         15.884262014821838
-1748.5490577525925  -10263.62432958813   1         1.1202599453919067
-4445.998193815087   -13480.66619878664   1         23.692395830685584
-9932.591673921723   -1017.6872787123926  1         0.8673220755849923
-5241.330955745367   8512.402647276393    1         0.672693338370016
7795.875260170517    -974.1042712705291   1         18.981936348680826
3045.854887353548    -7845.353371327897   1         5.003942290976564
-9276.017491632017   -362.62735432652676  1         0.10200575669295728
-1356.218702544865   5146.610302675565    1         0.3906742211531202
2369.1313735640206   1668.3084319915558   1         0.8760717963548637
8880.955749635295    3404.814447839765    1         0.7393803482927014
-3630.4165993194083  -3797.763931441753   1         0.6077115443274875
2016.8852754110433   440.70500798899474   1         1.1587807065161235
