trucks_count 4
drones_count 3
customers 43
depot 0.0 0.0
Coordinate X         Coordinate Y         Dronable Demand
1259.1607049248105   -251.26569099802578  1         0.4787481467827551
-2716.79960956355    7706.865549606859    1         25.237110689093644
3190.103766774462    7389.94933341083     1         0.3028280122972866
-3997.0511425222994  3782.494727092715    1         0.8133022638171507
-4948.370746152356   -6666.868741621397   1         0.5114460338374797
4064.0698721801505   -7837.926960181422   1         0.3832601980542807
7291.009957212512    -2797.010280243753   1         0.22592267875633978
3987.775340597496    -4790.268346991837   1         0.5134497366253157
-8058.564744570892   5293.290295558558    1         0.42686725489995603
-8301.761403069742   663.043979273621     1         31.333203181896444
-4138.98812429448    -754.2040572847898   1         1.2277033258703394
-8130.857197033093   -5791.753575314053   1         1.0569524592767223
5148.146249436706    2623.6095123993337   1         0.20174701771190706
7529.63274481106     -5738.508963133232   1         0.9530658271421227
-3550.408188105327   6909.347534387285    1         15.466320136052014
-1891.3786259464403  -7254.162036154571   1         0.4702820958083209
6394.732838427375    12.954650080160057   1         0.4189487079820313
2648.6798623382692   -2932.2810351058124  1         0.3063069301327078
3638.333649190638    -4283.652406691719   1         0.26711590115897144
4606.435647808389    6325.414731737736    1         0.2984598234625119
6246.903301607239    -7008.306376220506   1         0.6694534212289265
-6893.046661964187   -6208.3163348693715  1         0.5275083245743255
-4777.342334533561   -5582.40213056624    1         0.286003543134999
-2336.160742383962   5112.00915692044     1         0.15107207498616496
4740.20836584635     -4946.795478128626   1         1.0757434525836722
-7036.819937318737   2057.173865533452    1         0.9668127309232666
-1396.061339788664   -7780.855223552421   1         0.4103491900473538
-7187.177877443298   1662.38531790966     1         0.8433231274292635
-2635.12226665033    -4004.455137194649   1         1.048263976938528
-4014.2566383077087  -589.9023737618658   1         45.612840015766686
4885.213921165727    7491.890827311313    1         0.15654725807682823
-5777.720284399134   -5101.277597431231   1         1.0899031210956218
3458.6288099239828   8114.609129170847    1         0.3445438211209683
-1153.9142157793221  -3509.823382284255   1         0.24285569940964047
-2583.8395150213873  5050.769791902159    1         0.9165378222032263
-7944.402885739336   -1598.1862610989376  1         0.4347772337685928
5209.532500138864    8405.961973967253    1         0.9557054181563077
-4415.815972991342   -6537.650360669164   1         1.0970938001522372
-2497.5085178689897  -6303.544897282146   1         0.980955690708403
-2983.550469821627   -6820.877993505375   1         0.7779615950150947
-0.698886452602892   2064.177480278793    1         0.5299470474544423
-472.26469353284966  -1793.0181840611601  1         1.1917568456453163
4701.219700755168    -5724.355445228348   1         1.165466888725363
