trucks_count 5
drones_count 5
customers 76
depot 0.0 0.0
Coordinate X         Coordinate Y         Dronable Demand
-3644.5697385036933  1285.0254658851609   1         0.6160034455734389
-1939.7735425091964  7036.134489991845    1         0.8944283897506917
4870.65114352696     5267.449998739183    1         0.47223806759874953
3597.338828724262    -1660.0676884183429  1         0.5315632387106966
-6364.567237437819   2558.6622759898823   1         0.3735578090899555
4198.300545331416    -6711.781290794183   1         0.5701598055855618
1812.0274146921472   -6070.843069227096   1         1.0626802949454839
2875.188589465195    -6551.388313317162   1         1.103452921864371
-5155.805600873315   -5149.472425823559   1         1.1710366151031044
-3022.6784081840983  3362.1741404216555   1         0.5628585932663218
5649.343276020716    -5167.804260565832   1         1.1452020450551097
-82.66435912132268   -2937.026093389262   1         1.111152981080502
2468.150241712616    4215.902733781701    1         0.9694300056694823
5638.753845709958    3352.475560210576    1         0.14706271119216793
3895.0183919201245   -1822.2676994398207  1         1.9225411661109204
6658.407590927922    -3256.6231258912235  1         0.33073468053704735
-1404.0430658987984  3715.084497075256    1         0.21844096821207332
1530.1036463033838   3936.9444664992984   1         7.356910647697911
-4546.667878526465   3747.488747071067    1         0.4872509061881982
-3238.0167960151293  -679.8455576453204   1         30.299156743106728
-4652.4774246286825  -5806.764645601971   1         1.1891578465184818
5101.156694691654    -1902.1377646122571  1         0.3481232532127921
-4158.471959227551   -3792.3431940356822  1         0.31793052973345276
2773.408092518917    -3573.003455075405   1         1.2188297644361668
-5177.651684511027   4615.591308667369    1         34.44524029633924
290.4729418370853    -7133.4945310264275  1         0.1101657324462064
-292.40636543645087  4939.140971083876    1         0.6816064492046434
-5453.080349902413   -2688.939869298752   1         1.1413842072363927
195.67503676523808   -6289.550192421629   1         40.82880670139013
4746.617492191361    4595.604043003013    1         0.8837069102975343
-1151.1206494046444  -982.3792454335911   1         0.1374675382916469
-2315.870507264562   5305.172279524464    1         1.2365292297892965
5500.552853193873    -1206.540627635831   1         0.5975658896622841
-6269.238219338782   393.34945589017224   1         0.5244493566039988
6029.69762966702     5280.02648596463     1         1.1475830710929116
196.6322532470681    -2737.966103848917   1         0.21868004665626373
4058.668713961302    -672.1349818835523   1         0.6570161041418983
1512.6275835810372   2979.8632269561904   1         1.2118731159486333
-4487.875459819104   4722.092600747443    1         0.2784473812714119
528.8312056301199    3484.662092121644    1         1.2030231186989826
5458.707332052643    3048.6025704183357   1         1.1014152054774557
6341.949195431797    4843.566158607757    1         0.1639879739098007
1561.7872179717888   -5897.461282707507   1         0.6504869072074055
-5514.895806481838   2419.2254259933957   1         1.0169500846440835
1859.4046659438839   6980.099411381691    1         28.423781625043446
198.49522520852926   -7059.434258229339   1         0.7570132855749793
2021.73736548118     1938.2402305478702   1         0.2733171515881439
-474.60383571053575  3321.8553247117097   1         0.6843945233943167
-6226.03851772698    -2528.163808242096   1         39.52064881961033
-4518.133853742938   -1346.406385803176   1         12.16790784356575
-5857.08278785946    1231.9362788967942   1         0.6935288092752031
1284.2876537673328   3949.2868954946225   1         1.0425666238095637
2061.055152993584    5843.620868294058    1         0.7970277045688948
-2131.1986592900857  -2314.5281869261526  1         48.369237097134864
1052.5513121983104   7054.830806060714    1         24.002015554944357
4749.20606148454     4740.153887067257    1         0.48864390733293894
-2829.1735733463865  5785.7582882153465   1         0.8915555052554525
-76.88412871898008   2267.3868971379134   1         0.6356881453230893
3538.63390082259     2522.372333202069    1         13.58213270057693
1965.9644440477862   -1281.1979774989418  1         0.5400525815008729
4252.633190506741    -3149.047753907564   1         1.2273535586740663
-5407.941343890973   3376.7498006056467   1         0.4471583011241417
-6036.511041215436   -3972.3272715288763  1         1.0847189669199682
-3730.875152790907   4612.308573701013    1         0.2843872002401169
5591.341773916326    -3194.578722189671   1         0.8894316298318243
5845.941214833822    -3369.6120728376304  1         1.1261045280242723
421.207150670485     -6502.885331282997   1         0.23997454604127733
-3053.8501976582984  -2271.147711316413   1         1.1004745758597105
2592.099157895025    -343.8579458064543   1         31.3351389981353
4370.441914545326    979.955402360018     1         37.83745527029996
5268.18463213559     3335.231079903284    1         0.7572348898212237
-5872.594325951916   -3185.6249152834544  1         9.88282427709101
-6322.562639637187   2756.376431380222    1         0.782875697776446
3078.6287824361134   -1899.4888051816479  1         0.8828177621157345
507.9299088013904    3089.339057385646    1         0.5882924617337254
-4659.6729184899705  -823.8344083290666   1         0.27402074429792145
