trucks_count 4
drones_count 3
customers 80
depot 0.0 0.0
Coordinate X         Coordinate Y         Dronable Demand
-18362.25429624013   5650.732468867285    1         32.10141008912082
-14837.634375885598  10177.577189917618   1         41.160681957198385
10035.995717745702   -4301.331777044905   1         0.47575554166893264
-15622.794180825267  17260.31148203655    1         0.7628088620924885
-10249.675318430067  514.7357923555621    1         1.0017977354812455
2762.5607498868935   3742.5042731766807   1         0.39104328723227055
-1509.6102145695093  -6963.193774965527   1         0.5018930367055225
9035.595755447777    -3421.638784407225   1         36.11536534371937
-6194.55599545786    -4999.673295027935   1         25.68251121105533
-869.63312470732     7920.304778254548    1         0.6659063595116549
-9188.994213380953   5025.656673492118    1         0.833493491881669
18019.959959798332   -5373.207611921929   1         0.6309115549551195
11201.983740569896   16513.015799598208   1         0.4312216119085266
-2667.4663762149303  -9573.93287558969    1         0.9966531144058607
-4283.30571059967    -4293.554457522409   1         0.6720195279849963
381.4485119656412    -5664.498029243705   1         0.5218000246683242
-4804.877021379387   3087.50313448911     1         0.4213382316979132
1681.1237446140985   5234.473858874582    1         42.121148118709165
-2497.9741356527     3103.1670476662975   1         1.1138638594729582
5082.887766213276    -17765.91956858785   1         0.7559418350338614
-9505.37298814573    1947.2958930898808   1         5.940090653903866
3922.091731975948    -8873.45202234389    1         1.025159827983251
3600.6203290096983   434.80789478874664   1         1.2343377613114888
-5747.267031199737   5676.873102212035    1         1.183723623497991
-10917.619187253302  -11267.77470651646   1         0.6415031210058714
3970.115699764037    -4279.255279442263   1         1.0030285016247658
4377.868487490953    5601.812744971352    1         0.9712398911513607
168.87391004144018   3620.306792016821    1         1.1272472721547409
-9858.079108430862   644.46717934576      1         0.7868112534682709
-2299.3390795302944  5797.489871913939    1         0.4074352055016548
-3523.386430191435   -2456.8948835450224  1         18.17113677065934
-5654.770713637544   -5717.847236624      1         0.33722749183731404
-7314.350959421506   7602.466597078472    1         30.804708656461845
2822.2542050182456   1947.908632913346    1         0.957699040739754
3231.7614680461493   3294.37405437881     1         0.11608199553102953
18409.799614327174   5231.394378464971    1         1.2152260172012619
5469.441829324293    -909.6915071761197   1         40.21162076853256
1783.031028838173    4351.548122625535    1         0.43942203211179476
14770.429434215606   -17672.28010764599   1         18.629631196923352
-9203.42327993531    15843.918762622663   1         0.24954259051033073
2383.7993041117697   7856.451849753945    1         0.7627446540207345
3215.3929798387526   -9752.78215378662    1         1.5476675076408775
-3388.396850424334   -10336.603053807847  1         22.90837575110714
5816.982725847731    6023.6956086165565   1         0.6843926776509455
12947.522062634107   -5381.013604435482   1         1.069586495876361
-6311.742888704177   7420.048029154919    1         1.0758907126568789
-3978.0931112396593  -909.9571457971049   1         1.0863925760379674
4361.6977018119305   9889.570578540754    1         0.7182829056168964
8685.599040101644    -4723.341267868099   1         0.2430779846316972
-3461.2385821315092  -2758.883822682431   1         0.2610892455333409
-5861.54077489892    7479.4088227821385   1         0.6781105552999339
-1189.1875985906768  -4448.431330700178   1         48.740815150151796
979.3156345777334    5254.204941155125    1         0.29805312397197103
-11905.735937779387  6949.806480095143    1         3.0379666206671514
2366.124621536713    6553.519572791072    1         0.5969617609094215
8670.787387862816    -4634.54286984       1         0.8530984882010298
5292.84641361656     17841.616428352878   1         0.4962003453216467
-2473.450266755747   1666.486439099689    1         0.236360976052348
8351.395157653747    1139.0262769441615   1         0.702821044902233
569.266599151573     -3427.918477058109   1         0.8478655409695414
-3413.681645387267   7624.498809579559    1         43.2691258270625
-3279.739506862767   -36.91879527522796   1         0.15185327242303645
-17394.375001060464  14774.740635822462   1         17.161193275238293
-938.0550338344883   -3190.9760885775127  1         0.5167404719891812
4899.287547426004    -3838.851389335715   1         0.5351417159955252
-6357.556560638253   -3203.8982328532948  1         0.9508216321549168
-9591.39560093642    11276.893401029996   1         21.848097770241235
5587.461701936588    -9268.12055498844    1         1.1936839320724102
-2638.5678883107275  1362.8934900673846   1         0.31194013343041527
-10249.160323077764  -2112.170858490182   1         0.6887948740026046
-5559.060979980499   6230.36620825931     1         36.66647127089457
17742.332313683037   -7782.708652216086   1         25.607524784412117
9834.995405728023    -3729.821740762214   1         0.14577726767908453
-16801.257074282006  -11512.13820682092   1         11.689663514862177
348.6039565464178    -1239.7281461865184  1         1.1352553588655057
2921.505268763632    8993.877916027774    1         1.2090510719580587
5196.449190974729    3242.7298766713666   1         47.983464872501315
-16782.212669196084  -13452.75690915134   1         1.0662505412802854
1114.6076509664035   7233.0177400779485   1         42.213887319377015
1606.6632942730284   -7180.927392803656   1         1.2210647820085327
