trucks_count 3
drones_count 2
customers 23
depot 0.0 0.0
Coordinate X         Coordinate Y         Dronable Demand
3517.641435594714    -4156.48601855229    1         36.8495924286791
3913.7543303811      2210.1780254384585   1         0.4401777306098573
-4683.2546673379475  6255.845913028017    1         0.9013682210076056
-6195.887562635776   -6159.50710356856    1         9.714724596900297
-4793.251346816221   -1450.607383410175   1         34.29939298119185
2127.7548586687954   -410.08916386240367  1         4.204276902931763
1984.7626931550076   2337.40230781209     1         0.35889779421340384
-2098.5427440200306  1285.5260661123423   1         0.8843410923404287
66.62293736165446    -5390.186888363133   1         0.8596393235286764
-634.2830709398922   -6272.061826610436   1         0.6883280754913853
6652.22495499744     -4064.85969769782    1         1.2084861608183601
-354.227619872142    -2343.511162912552   1         1.193998318577065
-527.0354848805989   -4433.9177711854045  1         1.094912954308145
-1614.76051945143    5190.816276430086    1         13.917954506998395
6764.88683275774     -1514.960937048806   1         1.1406364524570658
5016.445466422549    -3132.2597365476195  1         1.1993025536467128
-647.7576544591145   3317.9212937765437   1         8.199464285571912
-1300.3557243371197  -5787.565335724401   1         1.187144296374444
3121.9713588604072   4425.440564087886    1         0.5665769771368663
4045.712357174632    -3678.5826488190105  1         25.758857629534027
-52.72948704979792   666.2528814995513    1         0.5205456120661248
4498.287446421757    1233.1892922006361   1         0.8863233749376612
-4691.656327016504   -5231.135809952214   1         1.1738396744613033
