trucks_count 5
drones_count 4
customers 100
depot 0.0 0.0
Coordinate X         Coordinate Y         Dronable Demand
17691.38538454144    -6204.281785581599   1         6.627812914365911
-1021.3338706829777  4465.920164161282    1         0.7716903490751491
-10023.88391194035   -2267.439936797473   1         0.4755450360987554
4235.928291085793    -2003.174991067283   1         0.18094774242660489
4746.141617006415    -3570.698914412511   1         14.37742994318995
8980.55286114443     -3386.0895616968323  1         0.657108790091166
863.4742705624482    4953.01806755664     1         0.9450685407701989
-4634.625758122823   -4673.239708686178   1         0.8094166032451068
3155.8548266445036   3172.0283166347103   1         41.44856030487588
7087.645019184814    8338.92400550155     1         0.9389568587796513
1862.2333814070864   -9508.434744212369   1         1.4304702741261672
3184.9944756895634   -9291.966885900032   1         0.8927229996280237
343.51652557348535   1318.9274642504497   1         0.3361114196273248
-8684.151606789397   -2603.0831018470944  1         35.28264394116307
-3196.094387175947   -8713.911553234126   1         40.99326310976365
-2604.314573353783   -10242.605008630324  1         3.5435603692211255
10517.24442892763    1989.6445515716503   1         47.994347243945036
1083.7369662321646   -6311.552178321943   1         0.4467897872513873
16012.070106138228   -12175.129390436945  1         10.38928157410433
-4043.6505534395205  -5580.72847694094    1         35.69292015084383
3885.0747859998473   -3163.4978880931862  1         0.9500413808827565
2320.626624199332    8383.237812245541    1         0.6486833506166281
-456.52342738679533  -4287.740994862333   1         0.9743454372354463
11512.548106376162   3786.187623715792    1         0.40469721526652946
5911.760543296853    -8290.267981296292   1         1.209297581265044
-4354.834326964183   -4441.326853072495   1         1.1547879146667768
8292.63716179149     -6383.0276952684135  1         1.1135301822787962
9065.445043052554    10438.839511826616   1         48.57144544875962
-5854.1088389928245  -1298.5140273409445  1         0.30010818833208674
6732.192667657819    -1487.5398144651735  1         0.36711473532470196
-6492.630316242963   -1432.5338395037968  1         0.31426938444824815
-8319.73672483366    7144.805151157827    1         0.7951148472778317
-5846.592444421035   -119.91820274253998  1         0.7533170289000923
4775.484686924371    6856.180618649951    1         0.15200147602867348
-6096.505449656582   -1022.6908039042855  1         0.7378965000068347
-3048.5740395232674  -5274.523984612855   1         1.111977619571032
9800.557336583597    2713.725777670347    1         32.15387725473231
-7360.106277316379   -2484.506880901312   1         0.8148400254584603
6065.767567420463    -4860.230287068203   1         0.9200103531421856
-3629.6239176024974  1642.775474927589    1         1.0589018217766606
2011.8399377322883   1231.1949264311154   1         0.7543524005183145
3424.0724216653607   -6424.73751578495    1         1.0384809059090305
12231.353790967372   -6927.915540782187   1         0.6447779462990633
-6368.184879949708   -3522.640054077292   1         0.6054815978202426
3318.3491650219557   6110.08290929211     1         4.358127277405811
-5771.311530728348   4283.178299677098    1         0.12840726849004463
-798.8419605063308   2070.5220678644223   1         0.3015104133517291
-676.283405241042    -4893.747993401324   1         5.527834352051982
1023.2941975690745   -2729.4941783617896  1         0.2795675874119462
-5780.930773113635   4046.1394268935433   1         16.213841515132373
7719.102512141123    3407.510835040275    1         0.24624889781252338
-7399.927569933416   6971.276858028854    1         0.6423198283407447
-3473.966482280734   401.5806472611344    1         48.53790788061126
-2495.7650583962577  -10608.10720374627   1         1.006679337932358
-2691.5352894914786  -9809.035126822018   1         1.1991122583534806
8746.125951295497    3132.0333817452365   1         0.598066365243869
15260.635901215042   -3469.4216427291503  1         26.306474271298438
5902.704277232204    -8625.687986298184   1         0.4906978271320701
8499.647640029914    6180.404970116939    1         0.25609442360464413
-18903.806622333494  12834.136941174489   1         41.206344129082176
7459.888698648708    -1549.5393130777054  1         0.683970352617265
-10152.206283338579  333.37405814699156   1         1.1004980899069519
-3461.42442037283    -5517.816766627215   1         0.5145198830701704
-4323.721308847238   -8899.989085734725   1         1.055877800157965
3808.485538312554    19048.618384730238   1         0.936085460752884
9702.499197621846    -2150.1538550212485  1         0.3001108702059043
347.5947573115964    3665.983638678261    1         1.1422097497774806
8613.415621533697    -1829.7826151910372  1         42.24094250709989
-13852.954586997766  15657.828919852778   1         1.1472385615725624
-1974.2049913585288  8137.973596963435    1         34.82133293931422
-4766.475855395797   7072.531931965453    1         0.37889924430692346
-2072.9947443205074  -7532.165108705713   1         0.8115612044027858
1865.5983014146768   8453.496789703839    1         0.8387863652142611
5983.6469980500915   -3603.885037792702   1         1.0400878940390517
6121.507361023419    894.3192572824915    1         0.4787970684435553
4373.758778705335    8983.05443054768     1         0.24473834067245553
5479.540068898963    5963.078629754582    1         11.414612701736623
10270.732242990209   -2621.589170100498   1         23.961288448987776
4072.975987354092    -6237.943696732068   1         0.25562772289325486
6869.918700645198    6176.463245493587    1         1.1580222113377774
9999.96916252651     -1051.3939761592     1         1.0222275147833235
-1683.2173830338547  -1484.888117189655   1         1.023270970368637
-17574.66180305262   -4395.672370821301   1         0.9726972575268056
5293.496726342509    5052.863680837501    1         1.0921100077478854
1961.5302130913806   4905.02749932772     1         0.8966000532816125
-591.4896486578758   8820.89910289111     1         0.2923416642145569
-14248.230923278132  7621.057837195112    1         6.508420693094149
-18484.116675088306  -3618.5590976916556  1         48.939344285037194
4087.3266964980144   951.7950937252175    1         1.2402046483843896
-2263.5133357420855  10268.059116672603   1         0.5081390706385928
-11015.805221540602  1754.4446596753805   1         0.8578197464759527
4162.6964023813725   169.8896749974863    1         0.7251161411359618
-710.1051393414382   -3496.4335198194067  1         1.2049006787115182
-4765.112694286879   -7365.4515477924315  1         0.8889261319342445
2991.0907563420155   3085.08368867491     1         0.3452497337912031
4233.902717351373    3517.741037812812    1         1.061361392241586
9563.707752667286    -2652.912110186942   1         0.3431375064692931
-6020.704424357339   5336.458464614538    1         23.896554068115783
-4897.963185775062   3262.570130702317    1         23.26100778054607
-10409.885994094002  2309.173349878472    1         1.2188719416336111
