trucks_count 3
drones_count 3
customers 38
depot 0.0 0.0
Coordinate X         Coordinate Y         Dronable Demand
5024.705465351275    8715.554382563747    1         0.10618039999837757
-3735.6194987634003  4021.561097135599    1         0.849569554072335
971.6575831887385    -10885.806970942182  1         0.8934556150088666
-1182.8362574454457  -2469.128394333882   1         0.9116879040704745
-9208.911715906303   3457.608102593336    1         1.1213457086173162
4313.263016720615    -9180.141281077453   1         0.31530681461153476
8854.567787733722    3576.7201730224087   1         0.3646186406751679
-6824.427687837231   6780.393714918944    1         0.28089720792421247
7654.426583244353    3473.7508135492703   1         0.33992527670929495
-3260.2327973762344  3770.985337948189    1         0.7406479774093021
-6628.037162920291   5185.671067744953    1         0.4145104273281519
-4943.534701304714   8541.514195049536    1         29.07659957875002
3440.496235362339    -7602.255129897091   1         0.9919082795127994
1194.9344485280421   1094.444538904329    1         0.66431888595528
9134.066445088149    3248.4295714365853   1         17.876386924430843
7303.122294384896    -5288.802181357618   1         1.9543374725598701
-3011.0066191699266  -2353.64877967452    1         0.5139257278804884
3790.500332942774    5023.48795346476     1         0.7174780174032355
-1207.2158712155658  4135.3236468708465   1         0.5778051005557753
-10545.644169422516  1458.7778269060932   1         0.6710422406832239
-5300.359482366217   -4884.916761348746   1         0.9602097712673977
7625.96151869036     6655.162323937645    1         19.45433437129397
-558.3338778933847   1103.8435667176886   1         20.191366781205755
409.5687962047905    12995.837395098144   1         43.214668266554895
-2247.9193176853596  4297.137209723134    1         0.16970198656122729
7658.55746240396     1600.8646329073688   1         1.2246268449574476
5245.8734588528205   3277.2829231095184   1         0.4197714754238263
5912.529141503369    -1483.675522342971   1         0.4684449766478276
2916.404646398458    -4106.910362874974   1         0.46848108604140004
8733.679929065274    1818.2437115395908   1         1.053628469229168
2523.8111755587684   7978.218883558322    1         1.0333747807650588
9800.827672814656    5174.142167760165    1         9.993035765819338
3724.9870848537203   2642.1842934746696   1         0.9350467738745645
-3480.6187289320187  -5595.257006509268   1         0.2432807085540183
6967.503391042913    461.4809468221439    1         1.1283779264438927
-2821.149217748714   7953.9990687038235   1         1.0955596467479183
-4573.261951082948   2575.385901496455    1         0.7375142584272286
6324.428485345881    902.0700372023178    1         1.198352542503979
