trucks_count 4
drones_count 3
customers 45
depot 0.0 0.0
Coordinate X         Coordinate Y         Dronable Demand
6594.202287901745    -7060.621597321938   1         0.6054366935365082
-4378.890832565885   5464.552797674001    1         1.1709640985525713
-2088.777865169467   -1610.909801472019   1         0.8942873155788248
1467.8617949169748   10365.201398223166   1         1.2465045994047848
5932.707427450817    2497.1806110451107   1         1.0039980664831618
-2043.5067799874396  -4910.504709727251   1         0.3809443223877458
-6228.298475282315   -630.589463256211    1         1.1337779512779862
-11986.98760450494   6292.101840656185    1         6.638527033599878
-1964.0980184014188  -11288.591157073346  1         10.395554062916949
-2880.3648578932325  -9548.48661416411    1         0.19794001122931965
6050.416968858065    -8115.760791527389   1         30.512687491735402
-3615.3646665049473  -9268.28109804702    1         0.4751485554770808
10489.527231638836   -2592.7715440441175  1         0.7224566446588679
8047.659643490736    1534.308280371792    1         0.18794486105282693
-6479.073930835277   -5709.979842124681   1         0.4417320696424355
-8969.142963729468   5251.193316388741    1         0.7213276453436994
-2291.566845335213   -8814.896634012646   1         0.2886775353223509
-8607.323223233654   -488.0880768721796   1         1.1936994159211096
-3701.4860786882414  -349.99728060030424  1         0.31142893969942553
2801.608463514268    5672.115155135967    1         28.545933453585018
-537.3963962899993   -7191.384749276485   1         0.9913859308965346
7257.233130456246    -2005.4565804848264  1         20.60518051799745
-4271.682115647793   5164.590835926159    1         1.1424656002864104
155.8105541166636    -9996.104336757096   1         0.5108713497255529
-8390.649158550888   3265.1010213280165   1         0.5726890732833119
-12134.36075957944   5651.899102861738    1         0.9441175172336927
4554.021375169191    6433.639286283488    1         0.2841785062504345
-4288.364730807363   -4196.350312344305   1         0.9315897486862879
-6579.438693427963   4269.944324226479    1         1.181274306673477
7287.212352782167    3416.837063837889    1         1.0744923869103067
10811.747805975574   839.5095918604555    1         0.3170821110723749
-4271.7815504293     -3691.008432498983   1         1.2053756113231489
1012.7231181004756   350.4443749837522    1         0.814148648506586
-3053.2291035392477  8829.061319558568    1         1.2417141199930568
12259.929124308186   2143.331934559181    1         19.27971072772344
-461.06145854744017  5963.25538040202     1         0.9575548057481124
-2397.609069003381   5556.2286798447985   1         35.01562909664441
-3543.960667498526   2070.080153412303    1         0.7990261670918409
-5546.726620056632   -3169.710171855287   1         1.0364445164609604
-6055.754204797981   6235.806299147044    1         37.394737057835385
-5640.388627185548   -7798.298304163265   1         5.129781719439475
-5164.0605179776085  -6767.308452909837   1         1.1048487161584817
-9634.929719518117   3009.7111489036356   1         0.942975737238994
1442.3584452114358   7341.078639391135    1         0.29858116060172957
-9549.809942826198   -3968.396769774278   1         0.9471728444548857
