trucks_count 4
drones_count 4
customers 48
depot 0.0 0.0
Coordinate X         Coordinate Y         Dronable Demand
6335.885758071529    3061.301951923922    1         11.28912454836916
-7451.886291539786   -2161.880085870961   1         0.9460054940837342
-5941.046366085644   6546.699343059502    1         0.2681776525268106
1148.2627951482846   -6632.255784341935   1         27.211775782054932
7016.49563696608     7154.299360657702    1         0.47773229501875314
4817.503090722448    -3894.0621592610282  1         0.18845937614099706
-4468.401159969235   -3351.599273374027   1         9.424747000182725
7817.868895850505    -212.01355342535837  1         31.872966109514433
3896.3193792829975   -6612.404324249072   1         43.491854515739234
6370.55961233763     5650.962227612197    1         0.672734317535499
-1207.5069305865231  4551.830823395507    1         30.929820837013068
-7978.198954594789   -3420.187132628647   1         0.5642258985695046
-4840.281652704872   -3921.213006173324   1         4.98969461839558
-3365.7106856232217  -981.941838989606    1         1.038686030505466
-4532.140888938696   6417.068843997636    1         0.6485238412321502
2860.4773117994414   -4618.059240627536   1         0.9273999447599162
-2351.6838000220732  -4041.8897279030384  1         13.33900293640238
-3709.634175569249   -7136.177869279352   1         0.8576951158096975
-152.73038622169994  -4591.279785320463   1         0.6570627714397368
4489.528623839464    1360.5638178254085   1         1.221120458585908
-7571.703772551991   -2260.648469388643   1         0.47672893967522356
1299.7691263866827   -5696.422889273881   1         0.5706332385170214
428.75593492926544   -4752.923899456405   1         13.533544280155699
2909.5561939943764   5060.773135850819    1         0.9149019247951682
-7847.239400021197   1406.7186391371422   1         1.0377204300898533
-7438.413060732377   -6448.13141420759    1         1.2347817579254137
-4949.4215852141115  2920.3378962989764   1         0.360353918661812
-669.3312998887728   -7321.9493897527145  1         33.24548272559777
66.50078631447037    -7156.40636899455    1         0.9668403359371809
-1878.795348237114   -2741.6804415464294  1         0.4967750368313961
-1421.6925349791566  -4211.101563999801   1         0.6952180844819462
4695.721094407282    3185.143294492296    1         0.43024297645408704
-5179.441095712452   -7166.968982013589   1         1.128420961505737
32.53835635229572    -4557.681826263268   1         0.9748538636343154
7886.551507755023    5524.406812971091    1         24.16805511888496
-838.6952105207472   4690.980760847721    1         0.5188292562909049
-7266.349913509384   -2266.7922159496566  1         0.3553935057728509
366.42523914627634   -4435.240653429332   1         1.1018006543213654
-2278.506478557495   -4286.585937037395   1         0.5399702139609961
387.5692344870829    -1767.1807321627218  1         0.4334584524061976
886.4747302469809    5190.061393601068    1         0.22391200959592333
-930.1011279310126   -6227.625895041417   1         1.0657555983821712
-1199.1572383751736  -7110.8102663361615  1         0.3720812323722721
-3030.3676262718072  5120.664008623469    1         1.1876617355723473
7570.46575006013     4191.760893245619    1         0.24105605966535962
725.7035546618847    -7758.303468453003   1         22.797279826181384
6219.812730866491    -379.1645968626859   1         1.182730301200173
6289.631673590767    7621.175176906808    1         1.2050945206417423
