trucks_count 5
drones_count 3
customers 54
depot 0.0 0.0
Coordinate X         Coordinate Y         Dronable Demand
-15484.711727604827  -5645.063299145766   1         41.32966295990027
4629.069750169619    6715.759765968691    1         0.12569274632286445
10106.998526892174   -6080.62852126932    1         43.58862706343389
-12515.699841431702  6859.769257451608    1         1.2320619445386654
-2211.2632501924654  -1741.785239678072   1         0.3728601783200416
7071.343900567051    -196.7982337862278   1         0.5387140687425407
228.56419219581505   4125.025826153344    1         44.20826032402364
8225.379687943005    -6160.264333387258   1         0.7470737546232985
4160.87651915292     7565.614703927877    1         17.082467112675456
-1607.0668767115985  -3346.148632916769   1         1.238832347575663
341.4787448875736    -8102.2853259560325  1         7.495986969101086
-1126.584817024213   2145.2305271763785   1         0.32387377535145095
5785.046499405748    -3142.9492003592786  1         0.4070167702586106
-9451.813669738254   -4044.7805367641095  1         12.932610885655853
10665.682808535787   1506.6688656277624   1         0.3123376749975445
1681.6333420700741   -9719.474055156496   1         0.7004751119645343
4802.857915164361    -8085.674232014812   1         0.811406813591554
-2092.9066563364026  -171.8091632455794   1         0.6601737325937846
-2317.4161396429927  -7379.714266345515   1         0.9127947878206971
1785.049027071942    -4231.809484115829   1         0.897424907127108
-11403.403961905708  13232.356485862074   1         24.765235653069997
8819.119890461248    3460.7542589720565   1         0.916230325733765
7456.637994505092    1206.7939098032207   1         0.8223537219071543
-4591.02878671271    -7909.43596788907    1         47.63337203588418
2054.8629473161845   -4962.942810291729   1         0.9758780673596585
827.164810761293     10773.8998102232     1         40.25855671467707
12456.388926566753   -3469.0817035504097  1         29.28685003630944
-4470.302289349971   -4273.024730181249   1         0.9994865655636156
664.8455119362799    -1729.8461313046628  1         0.4178216842999155
5668.593915225012    -5868.147037527969   1         1.0670720305413393
-13946.33358775279   -11727.837110305794  1         0.5096412844069061
-6781.813360108073   7397.63275631772     1         0.3138128296213589
-11280.283262771965  8150.834582966909    1         0.9950538004064531
8964.827291927286    1239.2333556129017   1         0.19919384256363298
6784.005051100354    959.2291754397414    1         0.8768468776384342
-1311.8527687473772  2593.5814933578063   1         0.8737164345095147
7872.630776406907    97.14028985067694    1         0.8763173440030533
-5100.886439305286   10807.547765487976   1         1.0038803646846743
-9342.30524417407    969.8022100412377    1         1.455223189161056
1768.8244269916356   5095.051229020831    1         1.0241534424553858
708.1714769849283    9812.844150893758    1         47.93446261566271
-4107.0565655201335  1902.989016794253    1         0.6531609836959366
8610.146340443522    -1498.5473593359636  1         0.8249477519165286
11847.38863535205    9161.25983825449     1         47.09242007135491
-5443.504905237421   7772.107653622495    1         0.7008117766074574
-5135.069132624288   -3307.2930681565736  1         45.638450300002475
-2352.0965658018263  9612.99348197731     1         0.8389935387439856
9474.618828749966    -5475.344089156444   1         28.207179354726012
8200.921187172255    -1361.1772132777483  1         0.6230003661325448
110.87691820785236   1126.295233834825    1         0.167449589302829
-1784.6725323562296  -3405.649674561253   1         0.8788760996008584
9734.43358815527     491.289282927484     1         0.5256979993776213
-14201.027098428758  -15290.373204627887  1         23.08127071281747
8327.96655578544     2848.9321399233677   1         0.9105867784481709
