trucks_count 4
drones_count 4
customers 61
depot 0.0 0.0
Coordinate X         Coordinate Y         Dronable Demand
-3090.482920382316   -4476.784592553735   1         0.7540724219038889
-5476.756031278352   -7412.141861695096   1         28.0083489189418
-3861.191802176702   8781.388176547121    1         1.1797995084816033
2101.7594469111864   -17401.76105084508   1         28.826664004467766
8703.326907108963    4518.361227137062    1         0.6084007469791903
-5186.838833583104   809.9712362390693    1         0.9782443153457943
5993.549211912466    8436.21744939523     1         0.8170783343378969
-4102.781221628879   -3904.1890361783767  1         0.9063678490732328
3503.782417154263    -8678.880273845432   1         0.4293849661656265
4815.8187959174065   -9670.565351477177   1         0.6593176727579435
272.6078084254513    2741.4148053019794   1         0.45293018637267435
1658.1172651326926   -603.3886331392403   1         0.6833271596994902
-2816.7956051292017  2739.9353032370486   1         13.041555715451814
-10031.525730483121  13.402337863081392   1         0.40777454983750916
-835.1394866693753   -279.4160151957448   1         1.0720477419806949
-8860.6357066924     -6144.251570729506   1         37.25035522336374
-7337.646358541192   -3436.0287696418063  1         38.24564398175127
5372.160625695619    -6543.059330125797   1         0.9401117008056531
-5182.4718971078655  10775.356952121612   1         45.42900309453466
2052.5429908902474   -8321.033876694402   1         0.9451951729472714
-7261.5555308549265  6852.930758846872    1         0.9913945585500188
-8963.64998379244    -938.3347340450932   1         0.8096769231479037
4412.287492901098    -8229.54952759838    1         35.91683365132034
3977.747025979755    3424.05108089782     1         0.5980556097446452
-7457.525267982189   898.9997759116501    1         0.20966512461021797
-11497.917236613808  11750.344514225486   1         3.7692882276787194
367.00954864046264   -6078.095581213729   1         0.2993801279610938
2139.9419097942614   7799.056304704852    1         38.89875435073248
-7356.820390019291   1088.8701473941271   1         0.16867931722590654
-16941.89982418935   14964.921598118883   1         0.7615962540047526
-8566.481736056807   5962.880568679653    1         0.6585253034769214
-4539.0694401637975  -3224.4994038358736  1         1.2399601378387834
-10030.924489281017  -71.74256359396625   1         0.8585186969487745
4269.708695043912    -9065.247286542788   1         12.801947185479749
5492.62242073908     -6345.601990053811   1         0.5204489815537969
-4535.216086828709   -6477.736107612089   1         11.757400062091083
6000.711643603237    8687.584077142536    1         48.36695550092256
-7618.7263278916025  -78.31631898569147   1         48.897028412196995
-7657.867103902718   -11407.757144978106  1         0.3126430280374204
-8537.852796310595   -117.28993529871454  1         0.56373599271322
-3546.4543533230517  -14331.253037820352  1         0.6000587339702864
5385.395497947409    -6094.814706861696   1         0.5867225345238101
-1415.1673472854911  -7651.872753384167   1         0.23147841340300052
-3250.6253978314357  4373.473479975464    1         0.5722927146384629
938.2742834758574    -14227.846933999734  1         0.4484700980296429
7404.35688669629     7619.7667442217535   1         0.11797689707906041
3657.682909818949    -7572.719281130888   1         17.184853008145073
-510.80649232095084  10694.436465634812   1         0.9217029626975403
-6292.579766649644   5593.659596649683    1         0.659764392400786
1701.207837591784    8345.327959655322    1         38.76753912796112
-7574.636337626272   6482.464903222016    1         1.2337204032521438
2894.6580265442853   1704.2992727862263   1         0.30840652569084603
-3578.5685158296405  8718.865659979558    1         5.045136758961663
5177.010800055893    -5539.169129841456   1         0.6378227314272973
4594.858795668658    -2006.0135284156563  1         0.21914064319079984
2427.463058888869    1448.654855897522    1         0.7316277974661398
-11096.637965899517  -6099.755963039273   1         19.28597895088654
-2818.5761515767963  2004.9601135976188   1         1.0737181154103146
-4637.625264962866   748.0888603441207    1         6.248934064684921
13469.519885297821   4536.080996036479    1         47.853624896833416
11401.520003446261   -8864.326306048219   1         3.821266505869083
