trucks_count 6
drones_count 6
customers 87
depot 0.0 0.0
Coordinate X         Coordinate Y         Dronable Demand
3345.4970128057957   -4473.318831674542   1         0.2477201292243147
1987.2941206814087   7223.502815547946    1         0.9721170744124291
-3746.587882151789   -7510.883435611299   1         0.8613863876587131
1176.0140234131943   7232.107085881096    1         0.2984127546073412
8051.980239311306    -1406.4081318651497  1         0.8884149107865299
2240.2398542005685   8286.028830115465    1         0.7608067125918391
64.91304577607055    -8046.510526958928   1         1.1679332011205459
-7776.18561739575    -4344.3273191123135  1         1.0816445765460918
1919.4505543433297   -859.1759856402234   1         0.9884223521308668
4249.700013796966    1487.8024312798534   1         1.0128015153504488
2495.222989018634    188.01132895371356   1         0.9853159261011663
2333.522234912616    -6706.722874774004   1         0.7263270449427964
-7081.091177393927   188.66209055821795   1         31.14173318272933
-553.2980276482566   -8235.485138887223   1         35.52089190591237
2403.1634657160434   -3134.594101065467   1         0.4614612205856551
-5683.995124573885   3719.1366962495367   1         0.8845908793508263
7539.116786620078    -7856.725070266482   1         0.5532479480880893
5551.135736898695    2039.38446204586     1         0.41187167966842
-2446.1169998717255  5980.377244895303    1         0.141245874142244
1916.8464582125357   -7620.113836798108   1         0.9526273383923389
-4010.9291316267436  3734.9831597257094   1         0.5293344623941943
-7207.278764868661   -2798.0037427531233  1         0.7327177868061915
-5711.97179288296    -8361.113508780702   1         0.9224271668525964
1390.967300234788    -3948.776680721907   1         0.9035523466410212
-2036.769898914014   351.2737599541057    1         0.7292392786955858
-6061.868252277619   6941.418034518139    1         0.6441377397278999
7054.486826675771    5716.459402184728    1         1.1107448985913821
2628.588829116221    183.18184589429438   1         0.5822278282397885
-1798.0761350445262  -5565.839696911679   1         0.8501298486071373
-6276.0998596235395  -7744.539589682088   1         20.025222567238313
-5983.445994989765   5715.17934960343     1         0.4634284254575355
631.0570665627838    -6730.685165827089   1         0.7809098236615141
197.09281388822117   7509.376195493198    1         31.13205445289673
-2099.7151367639053  8387.380092094521    1         34.30751285447494
-5906.2960326873435  -7301.272473241138   1         0.7230277086088759
2611.8044250107905   51.984663271466125   1         0.9824666741186074
2287.7516080886876   -3793.8583474311868  1         20.293188502207858
-3534.319624266424   -4838.802768515961   1         1.010970550264437
2871.641050369711    -3425.1554157818496  1         0.9523993983948414
-6427.22105456039    -1261.569507445825   1         1.040072822538753
-583.1905800163149   6720.919138818437    1         0.3347509525736786
-5971.781729346348   5702.370169819901    1         0.42921885521050795
-2862.800875263279   -3244.4282250413858  1         1.0507927687222334
-3808.6149218102673  6458.171593182076    1         0.6424317575327348
3426.9874675669016   -7201.002208437502   1         0.34281931349636974
-7326.639764344993   -6557.9935296626845  1         0.7877928771973874
6346.431534438191    -7276.343178105803   1         1.043759798872284
2404.108207506293    3886.0678042620248   1         0.5832425473477242
-2823.6421326578657  7328.961215338885    1         0.3793217816759794
-2512.8287871553166  -5920.309730313394   1         0.28702664134603895
-2351.620434701671   -3589.2856965235865  1         0.2231943997158735
-1290.4296488036912  2608.9928721388656   1         20.188083815347216
374.8290631127779    8523.033035546408    1         0.6650054305768487
-6427.590918520744   -7921.236690838842   1         20.18345920494362
6401.247346756825    7429.848916477178    1         0.7758001170757014
1639.7374281423545   -5495.245100831591   1         1.0383277069042116
5238.875919674332    6363.565576149911    1         25.778724839635753
6416.491837200607    3058.587338001321    1         6.933650592680423
1614.1847828747123   5226.84381256439     1         0.7023681720536021
924.1139602781662    5960.1112361755895   1         1.0206849656263333
7656.063780732088    2042.5369908903724   1         0.20314421868017676
537.8323269319092    -7865.548698255113   1         42.68088833829932
5139.357382962417    -7549.856451415017   1         0.7239738956551515
5893.027988224896    1468.43367382913     1         38.52675154912794
2273.9168800231705   4482.712998876913    1         0.6866896469988426
471.01409116435593   2838.9695522757333   1         0.6941433014807431
-3969.5666575741957  3525.79459191262     1         0.5043478159003613
-1217.8350409407813  5194.671738250557    1         0.10560986511461073
-8008.652476898939   -1675.239281056467   1         48.195568186616235
-5682.065404689112   4298.540123790623    1         0.3512621047459116
-6496.702739786328   -2558.952581881029   1         16.2543393061718
-2986.5812207719528  -5276.510518503938   1         0.3267324874834133
-6522.48080594991    -2794.212266737608   1         0.1391572423788235
5392.138921103911    -3719.0472505890625  1         0.729871625144108
4359.5686395635175   1071.0856247438578   1         15.691861284003785
-3510.1903451896665  -8353.396051967944   1         0.10687073355115569
-1060.3147354586993  -7422.140448895385   1         0.22589479139525298
6915.8109807094115   -4298.725091210524   1         0.6404399002453692
-5960.088715531598   2884.6999000372853   1         0.7002409087919964
456.176485916285     1972.2644685287344   1         0.6870687981197731
3134.335519670444    -7558.145609707755   1         30.61288880765793
-4664.892611096258   -2965.677718191979   1         0.5509443623553184
5983.738124735666    -1131.1637466456832  1         0.380815024915524
4293.973573083543    -4353.834454475199   1         0.857713832657682
3012.682354838725    4575.098281428964    1         0.841732718812541
-473.69980640648066  -4453.627850725621   1         21.607331949275295
-6405.4564000480805  -5858.215999398654   1         0.7134237376812603
