trucks_count 2
drones_count 2
customers 34
depot 0.0 0.0
Coordinate X         Coordinate Y         Dronable Demand
6711.259835528187    6137.902754293352    1         0.9969901267937418
3478.937003134949    2261.0444782169147   1         0.373113935416466
-8450.106093540262   -5484.781146121      1         0.32141834332379876
-3866.160131879779   2672.9815727311247   1         1.0662477263060488
-11998.15804738885   -1827.6169944392004  1         32.482501923065
-6988.530295373635   -3479.9500678229933  1         0.8006387989153307
6462.38906426331     5130.810135304139    1         1.0128159690430418
5750.555539238932    -4524.35511799264    1         0.35698518371106913
-11278.729802937769  -13464.984782578811  1         27.52889623288899
1077.9826739603832   -3588.406467211269   1         14.042718673781593
-3797.2210544436384  -8865.036179319242   1         1.0894906163858966
4778.05180568013     -356.5053596022106   1         1.1742379709961153
-10808.355533330661  1343.7461511880863   1         0.9019565146590273
-3797.021177518311   10240.043373714783   1         0.789519325503085
-9.673336750066913   7986.300421103606    1         21.122820604568364
6339.387285890262    3325.704073102145    1         33.40789030387303
-3070.020139270717   -9249.257344373425   1         23.991730768703853
-6597.460822362351   4715.22019447737     1         0.8482058293895343
-9366.94360477661    4695.752305778493    1         1.1961374963082003
-1887.1463412096473  3465.1110697159565   1         1.2022226812241446
2286.3743951430565   -7566.830782804885   1         1.0667659232250843
-4152.565945691887   -9912.723872366838   1         1.0176903533206905
-3063.2384695529913  -6299.508792167814   1         0.9575544137862885
-4571.436198575701   -8682.61254070611    1         10.443799660428038
4082.2384817067223   5648.495565008562    1         6.342918296881467
-1750.0808241062614  7496.559374292428    1         0.24341518727541242
-8761.801006459016   -5862.178584076463   1         19.89722924275394
-3262.2716274544127  -5489.383477934343   1         0.3136762586371936
323.0538352361767    8085.418600474678    1         0.9106935112421456
-8201.755696778326   4396.6616853208025   1         0.7117463907942451
2472.2211310075577   9778.68878075278     1         0.48436314499736377
-2747.2173458636826  -9780.195759209375   1         0.6916818479992984
-912.076808261911    2035.318293986258    1         7.611004516063472
-5037.02419599439    -1508.337860856485   1         0.6376108972016806
