trucks_count 4
drones_count 5
customers 94
depot 0.0 0.0
Coordinate X         Coordinate Y         Dronable Demand
6804.111451174722    7418.6824003452275   1         0.46850227046934034
695.1665025737891    326.6481350157998    1         0.15069676633457066
-3510.650385539222   14013.238536567449   1         45.71427921379652
343.2442475348915    5429.490238829529    1         0.11337010791685025
-7571.950001146709   106.7998202095047    1         0.41506711305962085
6022.026950472726    5276.889361112043    1         17.45665248105902
7334.667570099914    6921.201126568279    1         0.5137991740692004
-176.69077295145183  -3227.0187609658974  1         0.46162532371152476
-11262.588512067621  4647.37751972576     1         0.10079710335756795
-16184.187984133105  -2011.2292251563467  1         0.6336819016929612
5432.303296183831    8410.670335974979    1         1.0858758025333575
1257.64852066392     1028.6854436023668   1         0.13823678478233617
3153.6192874572907   7831.441601657063    1         16.049343866145257
-16276.87411277443   500.1448512002462    1         0.49906179174930354
3915.594867471034    8614.262728962456    1         14.435884932972815
8651.11316416713     4279.121740529979    1         5.6299418440964075
6955.243822566427    -6319.868175188032   1         0.505755462240342
-4605.230963404195   4686.593322821552    1         1.1758403742122823
6361.877512125084    -11206.026831962063  1         10.924906571169652
6942.0913511160525   3645.7477712915415   1         0.2939010864481235
-1582.2463887665542  -10730.598830811905  1         0.8894862370161302
702.2287680164733    3225.432552138517    1         0.29214204722127923
3341.029845236938    97.37227450851147    1         0.30471944078267166
-1354.5134559037283  -10123.756895915436  1         5.385902888865305
6073.508821364907    -4991.822016225359   1         0.9343452642843975
-8479.020606584256   -3407.3997887912315  1         1.046055023841873
228.24677252738547   15891.052358297311   1         0.9362520711586506
-3407.603143149458   5366.003758278805    1         0.5477912753769005
13867.874800645674   15673.819456845824   1         24.112557428325804
-7592.710394236781   -1233.6232294833574  1         0.27188251765877175
6509.315547410059    8523.135512344088    1         1.1314884319141858
-3761.5153409388427  10249.710577194744   1         0.3237775052271358
5925.763257957448    8638.206194918035    1         0.9603256439166885
12110.586828192125   3472.719507419388    1         5.1188832838449425
-6959.002247590411   8109.410724154036    1         0.7135164633716545
-4644.066545729244   4245.90857764576     1         26.54472339304906
1635.7033334338878   6900.272809963934    1         0.9342584581597055
-9568.264534283482   -1790.3512158333028  1         17.71471575661121
-4406.116006940858   -4921.304025219516   1         0.8901770442218071
4954.461470307785    9200.400196166345    1         1.199714320364644
-5373.508301501243   -5428.504448493245   1         0.5903045182755182
514.4008324882533    -1618.6563989067288  1         26.240398094914955
-1769.8226703085302  6342.1622437127235   1         24.371302674803555
-7631.40903661993    -2401.9395423008405  1         6.117399707586342
1814.8487748348307   15308.484255536267   1         0.4332958962603901
842.185777792454     -2087.8429628376875  1         0.7829929193260016
-4466.461389479009   -8603.344100414999   1         0.5967819228784192
-11677.491513383142  -12052.510062719004  1         0.34240203168442984
-671.9364783586766   237.39651673755867   1         0.5353393669324357
-6501.149673344654   -3689.3714226949164  1         0.9547796170151406
-9157.611256411077   4177.256097045101    1         0.2728719854728111
-10396.983863047444  2065.023801680125    1         0.41115922115475734
-10607.297194723062  559.4164487169168    1         1.1524943151591391
-10660.342584249216  -1803.5074788759036  1         0.7363646345084862
8706.087245047107    582.8593352605383    1         1.1053595801912781
-6378.35193291123    2344.9972346796567   1         0.706600690051119
-199.08814957883587  2332.12887453625     1         0.7709189623707379
-1265.1000256282896  -14371.968048212788  1         0.38963465206973247
-6074.15317321271    -13558.960503162823  1         28.616533832628274
-3380.239482560788   -14255.025418350615  1         0.8889210434169775
3447.891108238163    -8194.206655569891   1         0.42474121228690465
-9830.151071503877   -2181.634906882089   1         5.262758475797889
-7627.95210625259    7439.074930352911    1         0.9270877422686475
-12547.098934268099  15384.097612971782   1         1.0410850893849724
17.21146644161854    12275.839413396396   1         0.5432967258468133
-1754.0766294543334  -5524.928437477953   1         18.532916024571634
-1908.458255941163   -4843.903350570824   1         1.026269447528418
5298.884279826769    -9287.228659142773   1         0.5043887437612404
-6064.201759661238   -6084.534460524695   1         0.2453084705361856
2835.4981204394135   -5055.764452405752   1         1.0072906471799274
3942.835466434718    -581.4367816524938   1         0.5511165749864646
7548.528815138809    4995.529424167976    1         0.4495129495018291
-15031.643258810642  11148.963529413675   1         0.5753340415029192
-6411.653090874162   -1275.3089657540052  1         0.9630105395135709
2541.1859179883577   6361.928785907315    1         0.9672454417343604
-10023.945496947295  3249.702255784784    1         1.1624136107518472
-9001.822607620115   885.4200737819966    1         0.6201511551101317
2747.7300934668433   -1207.518187100751   1         0.2881646505585912
6469.959510752137    -4501.524894704945   1         0.13079811719400972
-9647.831291634722   -5059.855464351327   1         11.904529297876348
10595.16147895433    512.7829379738274    1         1.0613022930199685
3067.643016889295    -9433.690305962096   1         0.8332465023687649
-1309.7313662987353  2203.0721501970056   1         0.15866748610767273
-9001.632214746938   -1507.7090882344817  1         1.1596066420150763
9063.474297811319    903.730366208208     1         0.9600501101936798
8660.293424431116    5905.560463122823    1         0.2744437203056081
4097.1808783691195   -13860.13751092732   1         18.20260707969097
563.1975778817186    -6825.189266423427   1         0.21195248045502388
-1965.4363843774063  -10873.962389497141  1         0.4134218516653244
-3394.0422785972933  -2086.138266664827   1         5.651158360142197
15753.292442503225   -9975.309183090128   1         34.836525194559506
8696.410580506583    -821.058712017548    1         0.4144200737309758
-961.0354396156725   -8773.474308018052   1         0.1594248119487522
16120.3223453049     -2285.2041617849027  1         0.17406576200360918
