trucks_count 5
drones_count 4
customers 42
depot 0.0 0.0
Coordinate X         Coordinate Y         Dronable Demand
4261.437967848995    -4541.024591551238   1         0.8844118014032819
4857.101345038344    2852.2976225026937   1         41.30211146944631
-3752.827450434755   2222.522549573334    1         0.8302888245696187
-2405.4705138486856  47.798762104733306   1         5.058858537447264
5016.396108705776    -5201.417445195055   1         0.10422744960026213
-1407.331866419091   4308.927487793452    1         1.2291961299606609
-1380.2390311508238  -1823.894609626521   1         0.5243596318948243
-5206.806382632794   -4916.121424083588   1         0.3061934973487198
4112.119003877959    -4665.642188038396   1         0.6867356976988371
-3728.117544627782   -3314.212435199018   1         0.9667271322249881
1973.2427576242935   -4702.800613248955   1         0.6555546504634454
5083.001293803232    -5560.321677972939   1         24.862850249443223
-4908.119447600577   -4418.928577009492   1         1.2339401241403818
-2870.356491730835   -5242.116790266975   1         30.724728766695556
5112.467532662251    1998.5899535460167   1         0.10772787917066992
3592.145308635839    -1506.7102664693398  1         1.2277366770979854
-124.74025986554481  -29.773102190933376  1         0.21097784203977227
3645.0791647353      -1264.7418159443014  1         9.147673822096278
-3809.393087583986   456.2598669719193    1         34.19532527894151
3792.50206867646     -5832.959860476262   1         1.0134132953774835
2152.6860750835745   -3627.3842084792877  1         0.43518533033564033
5906.143450373887    1271.2033243959438   1         0.18765605039232794
-4405.870805137382   3057.041316038804    1         0.7282123418606786
-1965.4577004335242  -2135.9414012721113  1         0.5173078435633164
-4151.99113300389    2783.747809582448    1         0.22576956781821922
-3780.807223303731   -3524.8174954791084  1         0.1324464475766851
-3432.8593120035152  -3449.0204126316867  1         0.8438191018970179
-516.5429428996824   1760.1377950002648   1         1.1575555095080656
6125.184309830693    -1792.802010441309   1         0.8164627339030454
-4078.373982609418   5469.835214991038    1         43.73268846331581
3643.355507933987    -5915.6334263291465  1         0.5497102281471387
-2436.45479953412    -1208.2128542254345  1         0.40041941957093985
4151.323565833634    1696.3417277097797   1         0.5097792927698812
-2398.237028916578   155.69944724098707   1         0.7955880896469135
3060.8109268002427   -4563.737051270788   1         0.7206390079435361
-5382.0171575397235  3447.268135472788    1         0.15813958107692855
-2763.5375539907614  -5425.1800675014     1         0.8039862478670986
586.4001211280653    2701.2206931871456   1         36.99228253007597
221.50104376171464   -144.04486487982194  1         0.8770296959763639
-575.5013300447542   -4143.918416020837   1         0.8988508627754492
1007.6668361342741   -4449.914361869172   1         0.6872003365529913
-1100.6636864574484  -633.8937069605963   1         0.27255870512148117
