trucks_count 4
drones_count 4
customers 100
depot 0.0 0.0
Coordinate X         Coordinate Y         Dronable Demand
9392.881956560677    2845.622613030052    1         0.6372685020431379
-2707.7560235365236  10350.722902116559   1         0.4620717771020717
1716.867310436126    929.4303809915474    1         1.0838306329422014
6600.251141006577    -1361.7022996232847  1         0.38477849855754476
-333.2356062775482   610.8955041881061    1         1.2207174037357729
-5553.926457447644   -6918.905386944157   1         0.9798482709562507
1198.6493416821636   -7337.342089928054   1         0.8165007032963546
6508.88282763879     3223.401700426496    1         30.69045603194977
-7863.727298463715   4838.22664350471     1         25.33464751770909
1572.1484436012906   -948.574970678128    1         45.54076815404498
-3007.949895876054   6808.503022869714    1         0.12248506326240925
-3909.647374803672   -6804.974273014712   1         0.4325058681483981
6696.15676246188     -3717.773120308626   1         0.6001025412873857
-566.6476660058958   -9737.45471132169    1         32.26122149818157
-5979.715071056383   4836.482992004573    1         1.099945951151032
-2381.21250013963    -9231.326906701775   1         40.394194952669245
-9396.010527851975   -6960.819805283751   1         28.258889171284792
-6785.2539457203975  1287.4766701059648   1         0.7113759601012752
-8454.986733884312   9722.260991349107    1         0.1580171044297397
1915.1444165926687   -3073.526174623439   1         0.4394475495055512
-5357.637333792859   -4502.334051360264   1         0.7151867385363024
6577.523644370461    7209.428327166908    1         0.5689594617614603
6588.5153865322845   -2743.026941738919   1         0.7623132253009682
-4686.8615441430275  6047.203543550043    1         0.8850512201611718
7415.441793411372    5665.972212256569    1         0.7164176527159306
3420.9828547334587   -6562.941118894339   1         0.9954370634256962
6072.227839572177    -3464.3255975448797  1         34.95080156511672
1093.120059154293    -32.82253655838037   1         0.7748347102844866
-4078.47402528195    -6390.207340220275   1         21.173105761470413
-5414.326407882469   -4335.956461680552   1         0.1523831664745643
8804.707529719368    -5217.07753319898    1         1.0575140656941517
-1700.7062918907982  9003.039265478401    1         0.9799219496740335
6119.101248992196    -2415.3542588289365  1         4.493414273011922
-2012.0527177548358  7903.808647162412    1         0.3867139415117177
2862.716931519766    -6377.721952342809   1         0.2444853555180531
1695.5937018948541   1749.0888611897558   1         0.5269898376534675
-9607.640805922485   4671.999894678806    1         0.38261619405381275
-10177.891006836722  3688.758612343803    1         0.866262613624989
2865.6854885126822   7455.875084306824    1         31.85603320920533
-6718.070894317559   4323.790132340464    1         1.1328294196958801
6075.2128237194665   -7757.948965592701   1         0.4684227458801071
3875.88359154863     4547.470928731967    1         0.9809706927709463
-260.7276590142945   -4798.506494979558   1         0.6440311124829028
2212.390776266936    9418.470859684658    1         10.450644079273955
-9332.14869092121    -590.7427861343909   1         0.8334578022699243
-4077.9406565086815  -6327.332552100535   1         0.19865397877704832
2813.6648213048193   -8012.018849307402   1         7.083025765024409
2467.8740863001217   -8471.043214733494   1         0.28155363443194276
6272.162306728104    6249.090048331529    1         0.45362708304782573
3868.3121720662816   -4139.406635374949   1         1.1047650947391998
5397.035708025691    423.7171739393348    1         0.1970414880518381
6786.60333678834     -2905.1393338512175  1         0.9679210647027942
5109.5800662885795   125.04587659073022   1         0.9366542479474909
-7462.93477050918    7528.4392730737445   1         0.20664556952901758
6407.606047228284    2814.01468239323     1         0.34858177566585524
-3997.684141446701   9038.426461347126    1         0.6672807266621102
-9291.624704339441   -927.406307676968    1         0.4775844428134016
3309.288170122993    -365.3908651279309   1         45.69353988922547
2895.0197171873715   -10035.169283218589  1         9.076688402478606
-5859.060466075152   5602.120550309225    1         1.1665522004955018
479.85995270611784   6798.672086467155    1         0.22934815281218018
-2947.3974418368643  10151.606438197137   1         0.9801181526293791
-6339.718746725662   4645.0282198125615   1         1.1348435045568472
430.7013925047552    1341.3484153176712   1         0.6305323478069891
-1600.1862793580074  -7559.102926908764   1         33.28968134603138
10932.783333871797   5536.5605059892405   1         0.10602919351532902
111.18406392080578   -6848.68284024798    1         0.23235677909086005
-5521.7401483660105  7690.418826941224    1         0.1886662038303108
7924.8863838678135   -6095.813124974323   1         0.6777351301126348
-7637.996976402874   680.3026149608596    1         0.7967654292408596
8257.378364235094    -1349.7557112496434  1         1.5117880622037294
-7475.2870388114725  3221.8376364097176   1         0.27351718023376437
-4338.38274664244    7689.509935373517    1         0.9196603969079034
8394.101140784582    -3196.5104038025634  1         1.109685976687931
-1497.1576969159723  8214.627330037645    1         1.0302268043512122
8748.722721731288    4211.357206132626    1         0.6710556150659577
5665.305620352498    -8412.846460143292   1         0.6465265417935054
4277.920362515659    -9157.571466964702   1         38.05323032282736
1485.3449072486867   -10692.614235684976  1         1.0826091665011586
8600.245507387548    4884.276022787959    1         0.3756148230149564
-6257.763402437816   -7366.97602156099    1         1.0821764455871161
360.4020025298939    -542.1526631394692   1         0.7479679880736724
-2889.254006226506   -7477.820708890132   1         0.9984521786376946
625.3949693865044    4950.082023379235    1         0.3338422147624014
-7432.52454288985    3956.5571322562446   1         1.1724624992531718
-8243.692480815866   66.14450491743574    1         0.6742687690091512
7642.392318572282    3103.162935781669    1         37.751804072863116
1168.9497352689839   -7144.834210779381   1         0.2837553428537182
5640.343738411396    3006.02306018379     1         0.5063638510066498
-10476.370086588942  -3179.4593591082908  1         25.95241457045293
3917.7944474513047   3119.4947207390987   1         0.19365580187843695
5716.246125956226    -1148.1159965197603  1         0.5055054050656402
4010.1443624600875   4373.9975957654915   1         0.9349983503743428
7173.4428569578995   -7143.638335598225   1         12.835698972836264
7500.475925076218    -1673.4159977702068  1         0.8044150880332244
-2857.7272824065526  -2758.1777689239793  1         38.14241643556959
6725.281022725245    2554.5096696490536   1         0.706672668528911
-4132.367087940897   -9307.008800211986   1         0.7597129339899666
-2700.171951300082   10397.892554898843   1         0.5218376101219375
9333.003606680584    -4568.982140436385   1         22.325189903102874
