trucks_count 4
drones_count 6
customers 100
depot 0.0 0.0
Coordinate X         Coordinate Y         Dronable Demand
-7032.393769176443   4228.5148104635455   1         0.7710748721877076
8760.81417043004     -13274.479787148175  1         0.22612586730790116
87.10443856790843    -4703.497717623678   1         0.8008225922578034
-11802.8664745112    -17927.944012329583  1         35.791867344925755
10414.457236676995   377.90540792018885   1         0.34735155280733065
-6841.234661230813   2776.1964342508736   1         37.94064328464716
8001.323999248582    -2296.9967011442577  1         0.835987290125174
4365.90886827811     -7866.401029215489   1         0.10097113048123892
-6829.916843962307   -1387.9934697765893  1         36.61004415968299
6463.690189200326    -1594.5015530926773  1         0.789611341168612
2944.9109924653335   -4522.154546862695   1         1.0586177752966865
2870.6585119785427   10088.398252140512   1         1.0451853451461732
2602.1690349905257   4042.7541647905673   1         0.55182596357787
8105.9985470112      4832.077867468524    1         0.7661562963055023
-3361.254078096842   5968.4794561151375   1         0.8967503456665645
9694.365903058335    -3763.415822828794   1         1.2023632558267359
-4932.926656869302   4732.37278676367     1         0.8121911127520403
4415.06935902894     -221.62450283363063  1         0.4475376749527957
-17556.223686413032  -4160.330332715148   1         35.3351891877577
5058.367717543266    4813.243552891773    1         41.32013290818176
14925.740779191416   -12858.68581792525   1         39.36982017729955
5171.906152852727    1967.9531652457338   1         0.527581268150502
3300.8554593670724   -6599.059920236028   1         0.740789270966079
-635.4736384627821   922.1542868764665    1         0.16379351761471356
-7593.856226255451   2849.0628314052306   1         0.10045195217805729
-2625.9506564526746  530.3229647698847    1         0.5801963347777113
6238.115568281912    8797.929169527479    1         24.011946030001134
2365.6980468976035   -5295.905287928659   1         41.312242290687166
4048.2914007665004   -1607.8633329063234  1         1.2301225290789564
3851.0336089779767   -9439.611864572993   1         12.73677889286869
4568.926954735734    -9648.155889504687   1         1.012397195264757
977.7880290005701    -8141.841996913023   1         44.530365023065514
8392.698925245397    18691.44993436017    1         0.4442621170694546
132.1220240120558    -7131.824560075612   1         0.5328378897204717
-4741.3709344627405  -7324.143799800082   1         1.0584261843594616
44.30563432920858    -8985.215381403345   1         0.4217253288045908
1487.4920517697908   -7593.216369761975   1         0.32710707755588075
-5859.332204065509   -12925.235567194026  1         0.6229390369324188
-6988.702792707476   -6827.7018556745315  1         1.0864444329422762
3104.6967637046046   5633.209165868632    1         0.12999024431977765
-7439.590947178688   -3793.9364921773845  1         47.20265286373161
-8042.363566159053   -5727.928507211927   1         39.19978029582259
2576.255089945619    9854.561256049456    1         1.0753652604730919
-754.8921415294609   -9123.889726924288   1         0.9728307389595621
-3404.0339996704224  -18912.77365331607   1         41.63941780849422
-7066.737954086801   -6345.350827029005   1         35.1277372771451
5675.730628949584    967.952785136465     1         0.6811575603096114
-7600.90607471673    5705.589246728056    1         36.97762242771285
-7026.8955517648665  -1087.6418692047384  1         32.515329131032146
8167.364259985634    3585.494637589514    1         0.3755338025796211
-2671.1585924825295  -341.08707321340614  1         6.55759103518313
6463.260214413895    -5871.615162297189   1         0.6254089841034202
2515.0127166244342   4788.191885672774    1         0.8000360938407776
5037.5898069362975   -8752.855255982406   1         0.22982489348802143
-1147.5679964492408  1753.1559517190753   1         0.6612519712363483
-4658.883114869171   -7354.661205484748   1         0.8911894010036748
-7638.7990235144425  16835.57415319956    1         15.223310492458413
-2177.8209672871903  2113.331628076383    1         0.9628236484086669
-3276.5367941135855  -8795.47331964903    1         0.34330539133602833
-931.9238045231587   -10831.458298167861  1         0.4851583298017682
5276.95578625861     -9181.539681810169   1         0.8957952347155618
-1629.9709958289668  -5433.255725418504   1         0.9674024287978303
2707.0754946201673   3934.810111522654    1         0.22972925736669722
-1987.1064112734055  -4550.906458823461   1         0.41250964284078717
133.47937920074952   8926.99121043296     1         0.5205197274984446
2340.3746882620617   -1250.0131779650444  1         0.48585390999716405
3273.0628972351738   -7622.957002867368   1         0.1871732949062188
-10240.33182246549   -3218.4608303980413  1         47.08495090126051
6361.015987783018    -5030.242820873589   1         1.2354555796291402
-10350.071727191382  508.8167642613732    1         48.18245384873338
1536.9025547523947   8919.497498994162    1         0.5088321842128203
-5811.5043739557195  -3220.2184486164906  1         0.3979703430520394
10554.299539448957   2846.1751712041714   1         0.3378185825523523
-4019.792544750209   2479.129707922454    1         0.9426411927069116
4721.033510551731    447.05871314611863   1         0.10022453597408434
-5838.0338652416995  -3152.127112549506   1         0.8183747994794833
496.52397491509373   7916.082609399469    1         36.023695492697605
-5188.255164446135   -2598.6836437376846  1         2.8325423319851155
5659.659236388926    -3241.080833407401   1         42.94595770789678
-6821.681891074047   -2079.0765634250697  1         0.10118135162078357
9823.137508859436    -1296.2560399834842  1         0.9578246102452153
4827.895993833608    -107.7619560561379   1         12.792653807727529
6123.061634125443    3013.6822917797235   1         0.27235125893009304
-6517.232093308932   7499.0619512391795   1         6.427263580312854
6307.648806350771    887.600750495949     1         18.03234011594071
-8389.502844462857   2162.203908583626    1         1.1935785585353178
9464.41390804074     13891.37962596237    1         0.7316124772423721
-14109.281319326896  8011.392651858598    1         38.47455555786086
-4227.489387254164   1476.2037887522638   1         0.15697854385439705
-3190.2073587652894  -3653.4055364730843  1         0.551186114582877
-2322.9329548723204  6608.931072977712    1         0.8170370776403263
-96.64429784265319   2088.7163438405714   1         0.7578077034507031
1187.0412722352557   -17053.932364927205  1         39.97441813298729
-143.54785925208853  -5445.921664932594   1         42.43395003995063
7303.315004382857    -7189.183218147783   1         1.23201084365886
3019.810272344817    -7097.2542650598425  1         0.8631330756209968
-3425.275711456046   -6793.342894829999   1         0.9087103381097507
14288.262432514151   10235.674633830513   1         0.8472419883961251
4235.97239848848     -7280.487773285002   1         0.17484038621388004
-19149.803671618356  10409.000320025705   1         33.589420550303416
