trucks_count 5
drones_count 5
customers 62
depot 0.0 0.0
Coordinate X         Coordinate Y         Dronable Demand
2588.669170608873    -1779.9087708439993  1         0.7696751738308398
3911.288921832243    6428.556283488341    1         0.7908407372081769
9168.443977491283    1539.1008074902347   1         42.62978365551017
-3715.5308603225285  8558.150595586583    1         0.9654191411222941
-7157.100557147937   4088.809020109192    1         0.4560255031994127
13181.898005340478   14493.204982492389   1         38.009719240456434
-14685.476705879762  5972.97762261756     1         15.467824368818754
3268.56824969404     -5587.788365446681   1         1.2321071880758696
-4086.434252825214   -4042.1097905235924  1         0.3657524730711712
-4490.206268206864   4013.362915329867    1         0.5722865955988812
-2509.2921387141805  9426.058588398671    1         0.38616937942994445
4604.487376307105    -1039.9848176276719  1         26.944944985966444
4320.9272429472385   -304.2451447678844   1         0.46863641876825646
4852.268393877532    8393.845193292682    1         25.04957331189244
-8005.574691232965   -2424.267848416786   1         1.0649409218754204
-382.7300024661811   -9090.452627991945   1         1.1518885855387633
1282.844943783339    -2884.5603450084263  1         1.1116943795497354
5315.923696662165    4264.882963401215    1         0.13412910795990093
2067.7254775174415   2086.027859326761    1         1.1823803238201576
9427.603461453342    5371.693875261507    1         1.136878106760315
-357.5308040627203   -9387.210100701233   1         1.1281869510441085
-6400.287903163858   -6607.348227980325   1         0.9278469561959732
4828.710294203743    5579.0606137084715   1         0.618854937997132
8119.080465816554    -4067.430599518663   1         1.0079618012127867
-4376.1383773284515  2703.2334366047835   1         1.15793078344466
-8656.927341216857   -1257.387067768605   1         0.5463768924359639
3589.704475935745    -6229.018527174824   1         0.8820384978008503
-2629.3738508841225  8035.97573477869     1         0.37690464491419284
-7184.449622214293   14250.754968650555   1         27.43669225629374
8130.88227072371     2092.0681958698406   1         0.5767609498773689
-7645.594028460759   -1207.733320669333   1         0.6302646007494309
-3078.7385901005155  7658.542304622448    1         0.5604274579716145
2026.6138478939872   -4069.8852604414174  1         1.0155673422825058
-721.2561716482629   -6511.711733248692   1         0.9747396374342714
2120.367350179137    4823.370542885621    1         0.7496380079813597
10754.458373992955   -321.17233901941694  1         1.19115576979201
-1106.871722357153   -2991.0982973781574  1         0.45738231463671486
-1505.6882955283872  9900.815502720552    1         0.36601096067772354
-5319.079628418935   -2310.4654869919527  1         0.37002578113116924
7593.529531874209    6689.594709619988    1         0.7719831620709255
3297.6199720199484   -7549.321921902865   1         0.5115345112847275
-6763.9063762898     -13084.957015718213  1         0.8531349733684038
7500.331296771016    76.79695788194324    1         0.6703117796706661
4421.550925385824    8352.768244755247    1         0.551638622412203
7942.110452604665    2443.4578877287336   1         0.9742589201449098
-8215.359954110087   -4633.569837598067   1         39.10036818661636
9053.887000352628    -3945.6190747986925  1         0.6386543402935148
-6728.940987368195   -1295.8063669453823  1         0.31347451712797614
4235.1343345804535   -7178.8439441312485  1         0.4161952375308855
-5710.209126117042   8723.470023681759    1         25.87265799244941
5327.737559230917    7779.193855072378    1         3.443970243487995
7517.006572671595    -3068.475381288536   1         0.841987340031771
-1949.9615931766532  6134.221167721743    1         1.1773471511799845
-1432.5804466379077  412.7381196619907    1         0.872778210260602
-6855.260499975455   -749.75861496628     1         30.485817352481963
3888.2110397238225   -4683.71680193212    1         0.719867730390679
-2996.1129790510063  -5291.7571109578275  1         0.7501224271259596
10293.401798638808   -336.374619947136    1         1.0999296281981688
8631.893417283683    176.25195540989031   1         1.1788225871071154
-7012.585309839721   -3693.0721851685403  1         0.3475817907759443
2862.8255571933473   7567.784551097013    1         0.8914330419489498
-1522.0137090606404  -1229.673735672661   1         0.3926225674788506
