trucks_count 3
drones_count 3
customers 68
depot 0.0 0.0
Coordinate X         Coordinate Y         Dronable Demand
1274.6786096137803   -12216.338399992192  1         48.14678700077409
-2002.834497659072   -3477.495511922749   1         1.0113190837837134
508.1344650794428    6299.499084273903    1         0.17140923916518358
10177.270244028688   -1734.0118428675305  1         46.34697105924696
2912.929864516755    -1343.9608885061436  1         1.1040939559458514
-5015.258955228206   7484.7022649728515   1         1.0936868312519905
2114.6278347305356   -104.44832908692958  1         0.3654394495451804
2455.7683764467906   9785.863592958933    1         0.3273186807131667
1391.3937347788053   3135.877978375077    1         0.6799149481279495
-1775.2327699206094  7342.046569216872    1         0.3094695616080573
8627.78724696482     -649.3237960756901   1         23.920235366420993
-2224.726720155051   -5047.010401352903   1         0.6293429508992099
-541.1160455490187   -10820.906305529139  1         0.262736887462526
-2083.646334351851   6997.3584575906725   1         0.6849192793184052
-16568.54993232881   -5798.814216552817   1         0.6816820619010431
258.63531883623597   -8005.061599320271   1         0.451218156756369
15381.610368997652   -5748.744137939748   1         0.36914303010225413
-495.85888948179195  -6919.997054024162   1         0.3988532180780542
-6061.123941754385   -8514.281924597046   1         0.16563168318637453
-7051.596740467166   7356.058048471033    1         0.9263954962286844
-12294.696814079312  6584.503400573325    1         26.181772041715725
-7500.844459214752   -7903.480111806967   1         0.3360710074833935
-6850.8342640469255  2979.521845027636    1         1.2021443411727615
7846.479039061741    4512.745126349835    1         0.26257882339439576
-6521.029641779925   3605.407936301589    1         0.47089071259355386
75.25834401700286    8437.419656597713    1         1.2244750796153099
-15381.372188362155  369.2436414381373    1         0.8323615222239353
-2973.0774604560283  -7594.5895407510125  1         0.275837122370024
4433.723043607434    -3508.627497500473   1         0.10770330715864374
-4981.351423012151   4054.059534614131    1         0.5964951646965024
-4923.323772491156   5681.497401592111    1         0.8828561550485082
10056.215737927649   -160.68961153833428  1         0.45435471811876826
5505.124678324185    -6539.957385322488   1         0.31994991717148547
4403.522025671638    -6697.490393403185   1         0.6495110411298711
3287.9808218976827   4537.041735576191    1         0.581573112063548
14044.259050765533   -14276.560422668092  1         36.80974070804414
6497.244877025208    -2857.8109025735307  1         0.8486421808050206
-2957.588790289386   -2732.2063522585777  1         0.7675206208573054
-7074.105143891928   3250.5999977014303   1         1.1832446405888275
687.1153388938887    -8252.821964737966   1         1.0803632994118542
3852.062098699686    2057.2585538933295   1         0.39358959310172814
-5641.597006638324   845.183932050362     1         14.51354427313701
4629.873109488355    -3335.2610288496016  1         0.8452897389248207
922.6019202120515    5854.857914745451    1         0.7262038716010302
5080.131948127933    -8732.591783095908   1         0.32295994864574024
7804.646793233771    -4132.222668599708   1         0.739928699862481
-1660.170630405175   -6355.971730695808   1         0.8659386184817927
5394.601422247765    -309.757598992774    1         0.21233654763632986
5515.635001930215    4385.088626271223    1         0.7943815462528586
6637.761309446632    3693.058032811038    1         11.478618179525087
-1216.2185025074468  14370.69665807216    1         19.198525140059623
-3780.882809562562   1808.9702289860318   1         1.1197910984065755
-267.5183327980786   -3743.4165885334974  1         1.1297003107971726
-5496.941862755978   -8432.65186667396    1         25.36157446987422
-2606.712461184171   4883.29532124204     1         15.26388330025516
6112.039847811284    -3760.429612527656   1         17.97233781279319
-3426.7898986621703  2917.054696122664    1         41.340199247114825
-6739.415956901461   -3420.2420341737734  1         0.8273735774096445
10016.359772060287   2091.1339664459474   1         1.0293656863904794
126.38140488415645   771.6444774157504    1         1.0701131228408474
-3485.570631812637   10262.83513026246    1         0.7787478202234823
7050.80662120494     -5472.348508306249   1         0.6991879378409188
-10293.340718125874  -904.5201885440474   1         15.707335895192934
9456.154261838477    3218.3397315932534   1         0.8169955380289569
593.1436406078719    -2109.1062922813585  1         0.5050421064110276
-16348.694076318521  -2893.4882334935537  1         40.3100910392848
-1849.3916890208097  -9501.708513485726   1         0.5470416544945872
-10765.604995468248  -14264.067633776987  1         0.4769339299342126
