trucks_count 3
drones_count 4
customers 78
depot 0.0 0.0
Coordinate X         Coordinate Y         Dronable Demand
1282.4004512773333   -9721.449724177895   1         0.8832436297170443
6389.644690191614    -6580.424163135731   1         0.19166080163024748
-5950.892894800093   -498.2684991149142   1         0.22154597042463947
11737.371769981335   4589.563114751309    1         0.18308282264738016
-8216.836653784989   6816.978438820613    1         40.130393107965105
15471.785166590897   -11808.49922841351   1         3.220628425228849
6054.3690226237695   3706.0118595010413   1         0.3651739539641572
652.1220398465239    4248.917172155067    1         0.9659064013427201
-14758.406688802213  5783.1442269480285   1         2.083535421251221
9057.233182733033    184.46166518888947   1         0.619162731675445
1467.9424702859383   -5833.268507430614   1         0.16261134246674913
8110.202633648278    1118.1037084344523   1         0.8253008966042886
-5762.365836969919   -6786.555802782267   1         0.11798716413292984
-1912.8590172481581  4230.68025996566     1         1.023929741869351
4280.441924217354    7306.72240409479     1         0.33261116873699537
-2132.1562385185134  10473.981158365172   1         1.068543976925897
-10893.397381720973  -17042.83505815774   1         0.32034129185550564
1555.652705692062    8174.533827774989    1         0.44165024903201655
8232.16036936894     -6420.29159760316    1         0.7993073024493846
53.20896724578293    3145.6905468356463   1         0.8730018187451147
-2475.6991746800677  7486.718013646282    1         13.269724762548101
-1879.5361854598539  2559.3326460045764   1         0.4446418540020808
-9448.822496888655   5832.894176191279    1         8.29023719989464
5659.67661716981     -6474.5201767706     1         0.35258512024501154
-3417.6630365541396  -10029.418851959486  1         9.097683945815854
5258.101099664317    7555.204618898582    1         0.13428938104616508
1033.8287930002687   7932.224960952242    1         1.2217664781738335
-1184.826182145212   4652.873518846502    1         1.2111563430817436
1340.846669484833    -7748.739890822023   1         0.764830775640684
-7916.540353592461   -6519.2134078619365  1         0.7355369191568407
-216.7190944745319   -5838.625133343134   1         0.6168257689510688
5547.351795317512    -2601.623344045708   1         0.7955160040591248
2570.8945165493324   -7240.023966874161   1         0.16103553823351016
-381.9656786217141   6251.118791742754    1         34.35526101078394
5827.078241760846    -7490.769550229988   1         0.7625715739610845
6207.323664584662    1017.139955593718    1         1.0315226814622773
-1274.7718117109798  56.55445320399667    1         1.2358007671044853
-4266.506239974167   1803.6084775129175   1         1.192257796957822
-4953.0656730629125  -3959.3113843790165  1         1.2303603399532128
2660.440682849155    -10091.168176236866  1         1.0716338460941193
19369.85083261226    -9254.624057549932   1         48.85642858879752
-3396.0870146386574  9115.750931598039    1         1.2290320142680629
-8219.421618853628   -18091.8678836617    1         31.132054732657227
1864.1497522479963   -8872.196057137568   1         15.685505861810945
3057.3647687003217   -4888.739070349777   1         0.6676139796420828
-4312.812441812996   -1566.9595364071815  1         0.697921365783119
-17924.095939543204  2938.1807165715363   1         1.2182015570977365
-6824.298374604843   -6115.7398746746     1         31.961477253497197
10816.464643617983   16732.022493901997   1         0.8990355607787435
-6200.899118285347   -5679.26745634113    1         1.1719857647839538
-810.6802102112209   -4880.187103315872   1         0.3616613606648612
788.4049397617478    -7231.118115774029   1         0.1268816822442234
6867.429732490158    -925.6265641039238   1         14.350273620615921
5978.401194079955    -1612.7004159577393  1         35.59630110852808
6944.7281943436465   -4215.316458867412   1         0.18470511150113522
6902.543852162441    -2217.649853761469   1         0.793729644075045
893.173024820424     -6590.933607989454   1         0.5724005076436643
3786.940409490696    36.56080226150722    1         11.345745712519664
-4806.111030839116   8356.167373542776    1         0.6175827220678042
12295.047796505572   -3945.14233292469    1         30.619549782700442
8430.25716629373     1340.865458747086    1         0.7352453644290743
3858.6900149492676   -6558.187685600279   1         0.3246690153780514
12431.647981556987   -9915.452067205773   1         16.057051410348457
320.5718203507572    -8971.646204644163   1         0.34400246493350994
2272.271069657413    -4091.190086925639   1         0.7853157171921558
-6302.479368905857   1495.4145931107394   1         0.7511263379463116
-7621.170600498919   3607.719995672335    1         5.53835630960404
10416.14201403886    -2204.9530151065446  1         0.9730268647648729
-3580.849179618965   7422.517282622762    1         0.5825035882783285
-5888.464911461674   -7181.561017161469   1         7.587220703264624
2971.364849252772    7542.730285367268    1         0.5447468310541185
-4540.490364425523   2556.65513648675     1         10.791768973371996
-4195.1667023805685  -8324.607798145089   1         46.92346561435119
-6008.522837744711   7191.533499120525    1         0.662752572611622
-10700.417461027799  6859.208358694457    1         16.25764336827273
-1866.6462893256005  4507.840847386334    1         0.3020772021195779
-5124.561703048663   -8261.436157361237   1         1.215975130027989
-4426.168077098775   583.9187876361668    1         22.317591718529687
