trucks_count 4
drones_count 6
customers 83
depot 0.0 0.0
Coordinate X         Coordinate Y         Dronable Demand
-5207.830030023033   -3017.5320736329522  1         0.4033401627884855
9960.780603120651    -1120.3808985231794  1         0.27105454406953494
2210.443086827944    -8109.7431647413005  1         1.0526563499806016
-12318.484969611709  -4147.201432781183   1         24.41162388331561
-5628.215555943536   3800.8455076327064   1         22.793928909053633
1927.5741930199092   -5429.3078050172     1         28.026682145385823
-3375.6041668645557  10175.804565670343   1         0.18797844818325748
-1576.7475037475513  -4566.427266074978   1         0.6566817105747305
488.76281130886207   76.98333176916628    1         0.9685306321855367
452.8242623399063    4132.931539633332    1         0.8952583679328243
16168.99704047431    13886.907098453521   1         0.1795967412708234
10153.351385121196   -1830.9987337063403  1         0.9425346620767954
128.39766154090086   -91.3498625040657    1         0.734381438339919
7343.292482909172    6116.543836279211    1         0.46787724223078764
9879.116002499208    2233.219212870398    1         0.21805070935270088
-101.39587954134524  6385.840875571225    1         0.7033910077569155
-572.3749618626333   8005.919959906032    1         0.18667122720591084
3171.231611859147    -9338.948982291326   1         0.5775185740441859
1178.0345768694945   2004.6226968067192   1         1.0955481267565723
5735.775240611377    -5312.820301870144   1         0.7489666635002667
-6573.321708293672   5146.7636497207395   1         1.0976170419910258
-1745.2962687884396  4406.550514887991    1         0.9163048592362462
4259.791740731164    -2307.569117066318   1         0.379129001296872
-3519.8112089425754  8330.898534677377    1         0.9827368909182911
7947.473480497887    3236.5820148191815   1         42.902456813257146
-7199.136167289549   -3518.31167700017    1         0.3594668950967719
-692.4102086843667   2906.023885274828    1         36.58371463549939
5580.9816395960725   1875.661988490268    1         5.852672582431818
4688.08915343149     -9738.327677393383   1         1.034211372677836
-7689.850230246979   5852.5589771587365   1         0.3778588253508779
6719.308781957321    -1746.8543809654493  1         0.37470876893979166
-2978.5600306787956  -2989.104445997008   1         0.305739077760693
6881.9987699834      -4976.552695830405   1         0.44630236321583383
-13537.355773294456  13213.736502453721   1         0.9133929187775571
-3438.9094051986463  -1068.9978570074202  1         0.9054747083393099
-3741.69044382998    -1699.2723815710028  1         0.9004497473512895
13135.598570966395   -10210.10301014553   1         15.325818516638154
1257.480235228726    10380.042852306042   1         0.38873165518172803
-5603.982424722495   -5538.362526373871   1         0.5984878758309535
-10330.454316734325  1633.7314146995138   1         33.147749961911714
-5858.897761253185   -1709.6689263858652  1         1.121379283855096
-1215.1899881181087  -3771.9401269410614  1         0.3332044451236955
5989.078245642305    3284.294474587026    1         0.7338641841674448
2303.3406543378405   3640.055628075867    1         0.6799161830361948
-5519.2619060420075  4181.746717941594    1         0.46632044033347386
-1008.590585611354   -456.61347562567846  1         30.91769745101878
-4907.396855294984   -7426.803546439812   1         0.35154811639302197
-1713.1721544446084  2672.438683259002    1         0.283544492863404
-10581.906133968581  1662.7216422810386   1         0.5376462674303566
5222.481410795077    -2093.1771225545544  1         0.1780432422595356
1285.9924296513834   -5879.24403828949    1         1.0388334178588001
5517.7067342043465   -1771.5557601897265  1         0.5262805319354568
8434.831352001445    -4965.091146406484   1         0.4846752775718598
15394.370839155294   -2425.7968550229216  1         8.58422296735149
-6783.911032688286   -7493.871952938592   1         41.58484037353037
6113.13894481022     10376.18329623311    1         25.472194136641225
-1605.8584322036888  2779.2326843845017   1         0.1412011460193078
-3310.3746962717864  3166.3011969401996   1         0.48178660867581946
-1332.1495245273804  3171.8054135428524   1         0.42583376999671907
840.3189084994884    8965.161716540068    1         0.378027478030841
-935.5506985336087   -3567.534859257      1         0.45644908392340333
5501.481892460845    9465.74110704659     1         38.46977693023344
6852.352192261651    -6433.57713498884    1         0.18581183152736186
-186.05300661740316  499.60708746868755   1         0.3966808529590353
4753.155149688115    -5749.732458679353   1         0.27965771239703174
-2982.8884778437045  422.3604147806388    1         0.34869093309501625
-4745.774187616109   6230.480680878274    1         1.1810340782835507
-5752.6722865264355  -6488.917126525539   1         14.149487585712704
-8605.04795314515    1737.083054234103    1         13.557406612905867
169.8335199781127    -954.9088581968064   1         0.5939941035201073
6478.281160498044    -5529.520557872641   1         0.8565729549378602
3443.615743649269    2040.175719983346    1         0.609623355409004
3578.044402006032    -7672.88804983516    1         0.2220800031436088
-7868.827586925762   2173.472952851981    1         0.33582902509508084
3847.5147377039793   -3544.906434590274   1         0.2632269569115683
-7334.017731394528   3115.144203484722    1         41.637619453338445
-4502.857312816219   6024.139459071004    1         18.317573199505564
-6064.683071172468   8140.513704982743    1         0.6830423207263271
179.38240491019866   1819.0944315576257   1         1.164762748643797
-76.33733527071577   9159.547904567416    1         0.47162159998512243
6513.861026206296    4007.445927696878    1         0.9024150642345058
-4085.392193114951   -7432.6533089851455  1         0.43952747903399314
389.59809205246665   -1008.3374900654092  1         0.3177023939456985
