trucks_count 5
drones_count 6
customers 88
depot 0.0 0.0
Coordinate X         Coordinate Y         Dronable Demand
10261.164026571367   -5700.505856736395   1         1.177650735519816
-1731.1571865913984  10428.679447863415   1         1.195863790866562
2943.814507435679    -3044.776599512707   1         0.26008883209858835
-5635.523158699489   -6957.453584842906   1         0.7493395430694739
2548.038500556608    -2758.9945870714237  1         0.9686930795603207
-2139.3381100805786  -8628.300514425058   1         0.9395295526194718
-2482.6098569190667  9202.442342080065    1         1.0678701513825832
-8230.631271843631   165.56646224845687   1         33.79450195802318
-7291.645811571987   975.2776732429859    1         2.6192038458401825
4919.37885477238     9923.465782698006    1         0.9840853055945082
-2283.919728086549   -4427.620749474371   1         0.7085281583185454
7544.538779278007    7726.987083807488    1         0.6686552084745733
-2533.412385255676   -965.8121702218241   1         15.197309118598827
5210.615119728829    -6488.170700524474   1         19.1700718900664
355.4654762103214    10093.023451925788   1         0.47414633172320186
2796.325666151024    2774.867095276351    1         1.1451100242273196
2789.832212778343    8187.618020870623    1         24.751191967530033
-1209.4431979500423  9314.771393459054    1         0.5840607001518774
5753.446922439169    -6798.283741583779   1         1.178407965528614
7466.612791926169    6322.53453535445     1         1.0363632995048557
-9418.312700570823   3089.2565611860355   1         0.42282348176432083
-10006.154297115736  3027.416380794923    1         28.724971427680295
-9734.821967203967   -2573.1177999984693  1         11.047015943237579
-3823.8284990663465  -5264.280537605109   1         0.9120352782567472
-3398.456866435357   -5856.593099770724   1         1.1704702289949627
-6626.148305960452   -2685.07653808642    1         0.1551396972831088
2250.3000067281555   -1827.4417816276175  1         0.16152066432837256
10561.581033554756   -748.0746095856175   1         0.5780478571779102
-9096.727400053684   -1359.9242028312417  1         41.513307687111805
9377.768443411062    -912.8180885912134   1         23.459202373134858
-3145.7663576188415  -10206.639693667898  1         0.41439651961246937
971.4690717043613    2179.395731211398    1         8.545977858364695
-8457.748594497922   849.6089559753774    1         0.9660850311597295
8995.727398819954    7022.780462102883    1         0.514334800190525
-4800.48955316452    -1399.048751015394   1         0.7216054293576674
-9947.37242296449    7914.049896986266    1         0.14601682944773822
8735.000726172808    -6925.392482637934   1         24.74472724383856
1202.6975840602897   -5651.280040473312   1         0.32277348003977535
-2418.516263769274   8450.093057125097    1         0.6288868073416866
10482.454855899527   3032.178984164268    1         0.9349224420849852
2576.8628689430097   4266.95071054608     1         0.8849548786446922
3190.439865816389    6022.680561057982    1         26.34298218177813
2912.854190023505    -7223.282746615521   1         0.864772861813818
8727.85888257824     -3662.7250403672583  1         1.2295144124573465
-604.4199305527578   4105.909983784706    1         0.4987819029518673
1195.8593125858981   -10406.84183144022   1         0.9597846708341733
-4353.252516399675   -9504.20647025694    1         1.1480403353437452
-8723.13020312834    -5277.084625879005   1         0.6337543471627098
-6581.190305420764   -5583.7305989310125  1         0.6480977986931667
-388.8727593887734   4766.825655304598    1         0.7554036682322249
-1053.3426560422245  -4731.6471314001365  1         1.2190727341432999
-7149.757128160361   -149.996874186104    1         0.14311902751365627
5106.768452905969    -8139.128285190488   1         1.1245643681609259
2112.501229137275    2378.0334770981917   1         1.0388912205596206
-2449.796476921822   -6407.772603854969   1         1.1695871221239815
-4154.324097079891   2474.9642080959716   1         32.747177619577116
-1021.8670078401744  -2731.853051043788   1         9.61247589570833
2612.6581558581197   -872.4281088764271   1         0.3055604605767248
2602.8115646409715   4826.3627213841955   1         0.607482638331986
-10196.329625569268  -1541.0900965560486  1         0.2521398817515193
-6950.658944865533   -5258.750946744759   1         0.8572564255012367
-2834.9212916078113  -8184.36795041101    1         0.42157270898343524
-5630.843454419052   2344.9430595880394   1         0.9210852112854482
-4081.540526954941   9373.892917762185    1         0.8583034808995765
1385.2775784727412   4216.964379027818    1         0.5129805186305125
3128.6764775056295   2883.2751441377586   1         0.6262819190430388
730.8894683616672    8719.487036623597    1         1.2066611957998303
-5173.225456910352   -3954.4152438134224  1         0.6252426450689307
-1126.5694994305286  4714.425779009277    1         9.769106444362647
-4762.518306013952   -7999.397975374396   1         30.527219844381005
-5172.5127784567285  7065.918440373889    1         9.283361256495885
2706.432016373536    4962.02369346581     1         43.51505181510766
2727.2481234221195   8098.924724957969    1         0.9957665931404807
3618.734166544353    8046.249063198916    1         1.2253928315365676
5545.73797324066     5236.708550450883    1         5.605107399192249
7831.111141314207    -2861.346452355106   1         0.9360976609710135
-7722.802550086265   -4243.150405568608   1         1.1468095001423935
10068.081591076449   2860.654101140341    1         0.8314690372493008
-7879.0957126541125  -6740.692131932469   1         0.2615473353278849
-720.558767075745    -5744.853016071347   1         0.7114887585227341
-1726.1355290043807  2407.6853605402066   1         5.178265351416767
3941.903559319871    2671.9983952809225   1         16.258174939882565
-8809.370476241827   4393.073009639534    1         1.1730369938455893
4517.287680257366    693.6607950107318    1         1.0160326683722978
4194.294490555937    -6417.367730172364   1         1.1475457778220983
6480.871845532118    6579.252517364384    1         0.1591779556167664
-5131.7976128132805  1184.1898883519434   1         0.9066136504810092
3511.1377413846526   -6592.836882121535   1         0.31629235171684944
