trucks_count 5
drones_count 6
customers 93
depot 0.0 0.0
Coordinate X         Coordinate Y         Dronable Demand
-4961.436426636431   -4693.674040763893   1         1.0778395211377318
-8563.013826061697   3577.0553121499374   1         0.19492039859901744
6879.278500703089    -7031.018913360252   1         0.519046017487138
5691.670567119469    9152.991858676633    1         29.026720490383887
-159.87342036545306  947.4730951999773    1         0.8373343233723383
3030.869135906052    -5733.296280926199   1         0.6246264524958468
2409.7090046809417   -2463.5613354112124  1         1.0837520397260014
2854.95569637231     -9102.328689748278   1         0.8689639065130003
-8752.685409431504   -2309.7983707684025  1         1.0336584059262162
9474.730571022114    32.258973953408244   1         0.3207165162884154
-5866.215492137152   10135.888458520642   1         31.399853612848265
-1104.8918665654487  -5233.697280669939   1         0.18249277048017515
-5843.192186217873   -585.5214527672326   1         0.6965369946802927
9473.346722529564    -204.96324228899618  1         0.12245930020168029
-9348.180832899185   2225.8563617082755   1         0.7543054555140379
-8804.89171075259    539.320521680771     1         0.25378739996571553
-2917.719929440214   -6790.230652103775   1         0.6015462440602004
3219.0199257330846   2887.401807655512    1         1.155850996523622
3356.075939635391    -10352.670164412786  1         0.5430512511918413
-7350.63523386361    4582.721416207349    1         0.9052577004831961
-1942.0095646632678  3806.6481483101925   1         0.4696173886729472
-2849.190956597264   5158.409843726249    1         0.5582887053710485
7809.136213859638    3599.8998385154628   1         42.435615609284454
3212.6221080974287   -4446.085941262823   1         1.1556052390219222
5551.730856525919    2935.5156502572554   1         1.2331154675788638
-1193.4866962489093  -8488.890183797386   1         0.7947762626837372
-8018.0641789926185  7149.189731992649    1         0.481374510921871
10161.905345453348   3633.8749436196726   1         0.26603436137306125
-10547.296363545467  10541.031337666971   1         0.5979650243869611
6128.174382190216    7704.277762458476    1         0.4397244835440517
6640.623422689745    242.41900447033913   1         0.3663508455607756
-1319.5762370888679  10166.651861673474   1         0.6326053833075493
-10239.703090797266  1225.5010072004648   1         46.306805386410375
-8956.016942934853   -5694.402092452892   1         0.2700576269195255
6216.822133665428    -2735.4793394100375  1         0.7761522133404449
-938.2563227544842   4299.32708417523     1         0.5499662580584574
9353.329571035787    -3407.3922070017716  1         0.8906559250817655
9782.151217853223    6443.320970650273    1         0.9906796844368244
5397.606520690332    -6841.005410904225   1         37.392244879139305
-8336.731894885572   -3937.106329140546   1         0.3776874146502396
1619.1807844543735   2064.921281692538    1         31.06533841624354
-1555.5460751564387  -369.5202871387914   1         0.9266143146939811
7610.329610842398    456.67814752424374   1         0.20824066650278378
-6543.9731641533945  1160.5409307527134   1         31.53066394109798
-759.7945578517555   -3152.1154818829154  1         1.0348402076788825
2515.187101607054    -8350.3531532912     1         0.7087039556907562
-3495.673791404167   4916.375688479591    1         1.1731345788109437
-2589.0592514365085  3542.6034667615368   1         0.8212708232436822
-10103.783581835864  843.0404365515535    1         1.1091375079039034
-6809.05280232237    -5111.8772858809625  1         0.27693432052917843
-2809.4049280101112  -1908.503348391151   1         0.49574055296546715
3639.9801555903055   -10169.012968027455  1         0.6879621656142526
-3696.377106517402   -756.8108004531606   1         0.24230483822369953
-821.9303451474923   5253.632004425329    1         0.6434945997048566
770.5450112200269    4211.849349746111    1         0.8110769840022697
-767.8540971021379   -3509.095922059609   1         1.2311353557940077
2055.323218129999    9528.515938636794    1         17.555294294431345
-3567.713830441187   1011.8346829768469   1         1.1595521937887159
-2107.7305065229184  -2062.10573245058    1         0.38427705083951613
-4836.9751983151555  -2020.4031995485484  1         0.7111994980291654
-1036.049251469301   -1060.6539206392893  1         0.14507814279463765
-6860.572242655891   -8827.166716297686   1         9.542206812683421
-1501.6531666013625  -7082.565985739316   1         2.328005105620787
5376.785330455566    7836.907854261507    1         16.160860487189765
2665.152228858479    8615.640363182007    1         1.003542154723441
-7203.55946870825    2705.3114022896225   1         5.456593854216645
-3866.493955545668   3660.1748016173497   1         1.0810284893933024
-2601.745597904118   -6961.423668275612   1         1.141027392195284
4762.39284477576     4122.988701488902    1         0.3335290074937288
5335.9602352362745   6058.656478234896    1         40.54569785638971
-2885.6529680564363  9251.17338061285     1         0.9532712541333703
10581.402515142103   5352.866308717368    1         8.354556373162321
-2767.202654795576   -5142.867991550862   1         0.5942031007537348
7914.805068061303    -10712.777831877776  1         42.524348126343995
5717.094048298824    9889.823566177407    1         1.117190072876476
-7287.555589529902   90.24892411951835    1         25.983184029896265
-4766.837695499614   9549.917771365976    1         0.10022806166189266
953.0893586782289    -6180.900696665615   1         0.31609477935244623
-9947.45000558199    1888.9021349156321   1         1.1811420640624337
7031.689717552001    -549.7342408196563   1         1.2380270512465363
2153.600131616495    7046.355101058354    1         1.0602269254463907
-1715.8443772655503  -321.4817039994467   1         0.8982302829208537
-6622.345483482838   3598.3250614620315   1         0.7113571470233753
-3954.8470225391725  7795.078588299346    1         1.0919496233424406
1394.059360453488    -600.7484971017948   1         0.6475810859095609
-4997.654415089894   -8397.89323135917    1         0.7763970065250457
3596.9280272158444   2581.2016579383294   1         0.1632748587916541
-1579.8506441306179  -2231.04211410776    1         0.24748567572685498
3497.1069286153934   -2836.477466832099   1         17.15881859521997
-5126.706418815842   -4180.945779097515   1         0.9606602382396768
-7734.168106501087   -5776.021152248167   1         0.7369739184296172
6601.362391892967    -3839.145052656025   1         0.20736990913812536
-1285.1258716523953  -5451.0708476776645  1         1.1445299641922855
