trucks_count 5
drones_count 5
customers 50
depot 0.0 0.0
Coordinate X         Coordinate Y         Dronable Demand
3172.57069905198     4785.9956764409935   1         0.48277506342183385
4947.246580317053    -8077.476908734193   1         1.1360143742581734
-10706.205038865775  169.86952895174124   1         0.7888773085239634
-2463.914010991986   -6998.398315530985   1         0.16949139794053125
7705.916722882889    4583.402776449526    1         0.1976385316713662
13817.236687242017   3313.188309720146    1         0.6603939328029624
-6530.359895409833   5508.996323407729    1         1.060222345836081
-13683.997868136155  13046.248304642693   1         23.976138311985252
-8147.19336253875    -10447.858034413406  1         15.612627314474684
-8455.752549368235   2927.0437879527035   1         0.5896489998135411
-6629.3610536063115  -5265.746666582254   1         33.41277447715914
5897.231367306218    -8266.87664004247    1         0.8617823835423221
-6960.713794143932   1781.7125558191367   1         0.1722524542808121
10076.125444539455   -4271.597561753605   1         1.2349539938204601
-803.8865575729452   92.2262578656727     1         1.1089572411169542
-202.01079965136697  -3517.496174326012   1         0.8269922769907033
681.6274301657668    -268.8530623640345   1         0.43218299616247724
5434.015449280816    -204.32360892016675  1         0.4706865022981408
-7116.232198576533   3379.970047350183    1         29.86539052830395
6135.745778130625    -7547.800258566184   1         0.6370463325537625
-1351.1691441802234  -7196.9270735145965  1         0.31926894519979704
10758.03682550184    1347.7441673083736   1         10.53712265825169
12803.004841483114   12834.852912876813   1         1.0027782407109505
3141.7262808989194   -396.4128037665963   1         29.693616108763166
-8565.025062536657   -5590.545716147154   1         0.3698233229894611
8945.853867647975    -1742.7831100597712  1         6.398851184569809
3408.1398915689438   -9584.026099651475   1         29.08386164206036
14251.129304619564   778.806866858642     1         1.0248433432133583
-9868.682420637964   -4084.640173357793   1         26.764254516621527
-7847.921831693805   -2175.6887872034754  1         0.7987186637298033
-3712.497983166794   -7767.5161674022875  1         0.23025156395378216
-4247.276924875005   -4831.050854640139   1         0.8225072131098744
-5253.879251085326   3805.5143287850824   1         47.26990680388313
8144.0955943559975   -2195.9533254099956  1         0.9710469362788481
-2008.5173308654835  196.11149664816318   1         0.17584817880829112
-15000.190338485281  13731.841446962706   1         0.6369410719104722
-10070.353137874159  3547.053456645267    1         0.9417101481407248
-6440.259816803669   400.77757103057974   1         43.34134908036793
-8251.742755026728   -5771.01736772341    1         0.742158037302714
-2103.686827137258   -2233.3247373364516  1         1.0932840294010304
-134.20846327681687  2911.120633146991    1         17.972753597316668
-5296.856507145507   5187.653434001816    1         0.7971372777567671
-9132.983083283678   -1469.2673585791217  1         0.17321218659844848
14813.660544456288   4582.97940363505     1         33.62901794154854
1334.4028023626986   2519.010604535673    1         0.9211662886469891
2135.3241722664056   -4649.397067593662   1         0.6803034809679702
8710.939568064088    955.6328955963284    1         0.1976199380260617
3156.093964263619    3597.945291609482    1         0.24043217742985554
-5789.019723183035   -3023.7048375528593  1         1.146192316947942
-1906.7453556322403  -1396.9631409525516  1         0.5666351444780884
