trucks_count 6
drones_count 4
customers 93
depot 0.0 0.0
Coordinate X         Coordinate Y         Dronable Demand
-369.0357590587053   -5042.0824379122505  1         0.8494205268630471
-12458.279317317425  3845.2964785651257   1         0.6106084781358811
-7351.9784678847545  -4337.859936056112   1         0.6235808132303186
1892.7490413120554   -6902.329516935398   1         40.03476168459658
636.8086437345119    9833.352403596784    1         29.14773031845785
-8733.367520892432   -828.8308924303433   1         0.9681060259823053
-843.0141792625574   -5019.134438147252   1         11.400695717369363
-4149.756437832212   -8147.208736493922   1         0.7671450741017763
-2339.7608946021373  4295.48464750834     1         19.752520463775575
6822.702810140438    3593.4567140879826   1         42.67262056423964
9806.661421660343    -1479.3997877129748  1         0.6473091571922968
-10411.933302028843  -2335.652289500231   1         0.6371045731728125
-1197.4802154535976  7801.430850958924    1         1.0117254757775174
-1221.6652177175554  9299.666032931562    1         0.7539639885081131
-2142.412185396582   3218.5794387966394   1         0.7301731733280846
-6352.5419663222865  -3111.6114929373184  1         5.268705164534871
2601.9956012746634   -3339.9965205315148  1         1.1829267036135556
3699.5128355715774   4770.761241141827    1         1.0217641561609552
4239.978543937238    1670.0397208476045   1         0.8881537173611265
-3549.8632124260125  1417.6679095506324   1         0.7636093533148813
4383.02578405145     9958.951033625492    1         1.1234932006528129
-5913.568336228547   -638.003146266677    1         12.57963734149631
3382.560133981951    6981.9100798196105   1         27.778948026451776
10245.616016590042   3133.6532381866887   1         10.948444694270568
-6106.9025822638305  5652.347011192765    1         0.2821685608804472
537.7110475644366    3044.005943409506    1         16.236770690701434
-3913.003629609811   -5260.746231174228   1         40.535687174648345
-6775.597388854149   4310.5504167626805   1         0.8467844546528087
6890.473375230767    -3996.4281805653513  1         0.7228361278592719
7884.764932435648    2947.5866110718202   1         0.9041306505034858
7309.624477609473    -5776.481474755471   1         0.9348544192253367
-2892.665592080933   6548.026990186217    1         0.7254497785858407
126.9406463031048    867.9450032348402    1         8.14069404566428
-5272.899519970749   8040.282743256643    1         0.638726962329461
8221.293971133386    -6375.617948386796   1         0.4820988601576597
-7335.713771329132   224.83404861201714   1         1.0070950080448706
-8122.855325361083   10607.808700733533   1         29.657041652339032
-3683.000827411357   -6314.164100702399   1         1.3225325365436928
2687.7906085216455   -5493.649884286535   1         0.9468686784010283
6518.272003506909    -4925.3903782365005  1         0.3140105222121823
4814.5447941794355   3095.5703550375474   1         0.4303904847354151
-5860.471933885643   8127.279385981334    1         0.6185802646715886
1020.8336041934601   -5836.425653098733   1         36.35932476896918
-716.0566115621766   9337.342633102257    1         0.9426544509276625
7466.759666100613    3570.255260226688    1         0.1806397191953603
10061.948418456335   4069.2125049088336   1         1.164148993838843
-1325.3143874087302  -1929.4710887692881  1         0.14444002184957944
-10575.656599329452  -571.2959974384576   1         0.2918821474898695
-9583.715455556438   -3899.0142774242167  1         0.7219556343621807
7720.775672417762    6465.70608226764     1         0.42225571957275254
-8417.270799271671   -6467.622898435049   1         1.1249716087555417
5117.914380731045    11804.208038924537   1         18.051651404194555
-4365.611376607463   1094.286037957477    1         1.2295148883792322
7729.77022865262     7217.582294909193    1         0.7909484372406025
-5927.773935557313   -6729.07808237476    1         0.6362167675955932
265.8556649189504    6898.114590045191    1         1.0163211739410414
196.76802375657175   7617.160308456193    1         0.40964429264915614
-6855.716799399385   8505.258437436738    1         17.156945848453205
5291.150444863335    8746.483948633133    1         5.351183202870385
9231.968787638873    -3685.97363737601    1         1.1122731292458499
9399.829112809892    1377.9988493569972   1         0.1916860881291562
1414.691455096813    -4060.254804475717   1         0.6887985144434178
10166.159912777988   -3728.8790313565246  1         0.4294322695302689
-2986.019824178354   -6722.853426658907   1         0.8963123251433954
4759.816706213105    -3027.730569101863   1         0.8716787216819157
-4314.309266180957   -6048.499481023768   1         40.96059622226241
-6381.422006159009   -3533.425958766902   1         0.88562692098405
9177.25919514148     -988.0299108971459   1         15.52931302081491
-3225.843736275587   548.759432255493     1         1.0721401694028398
514.3292348473511    -1331.7934910310726  1         0.788675307090273
5588.751752635939    -7316.594783133238   1         0.3030784379502879
-5300.604764607834   1774.018690654115    1         32.07859381376729
-7856.957162034924   -6511.561011539874   1         1.1397956659705197
-112.14610881937188  -12438.294891141124  1         45.20851168237392
-1503.014556551313   -2885.0485460066966  1         1.2310412479474344
-3188.6071784062738  -7000.39062871091    1         0.24517524861857282
5854.4800975204735   -8337.477031954475   1         0.979128530229626
1466.1947766394683   -2851.174517482815   1         0.46143278271045385
-759.6441155247753   2151.5675234354603   1         0.349194238542819
-5718.856845221969   4757.050936413573    1         0.9602946865095481
-5063.797371641946   -1948.4681180782736  1         1.0790447035931816
5327.1911210046965   -3660.2355782312166  1         0.6526079169792627
-2161.8833917496268  -1721.656834006566   1         0.8327459471285434
-6478.058148466512   5231.228613671619    1         0.2997582823426092
4553.770000804095    -6795.992001040718   1         0.3814948929150136
3776.1294445911076   -8590.493204360904   1         0.18877918432799423
-1834.1436287071729  -1311.3497649555452  1         0.15346967243371473
8989.934823407697    -2376.6419381607875  1         0.2763010769022414
7882.608330593813    3462.490602134164    1         0.6811481986901922
2483.836914653899    8483.26605567398     1         0.519393785116361
-4330.91257015275    -6259.91620848887    1         0.23338222195232247
9335.44580561779     1814.4571133688503   1         1.0994542349541132
-7428.2837343393185  680.3875676004227    1         1.190859075051448
