trucks_count 2
drones_count 3
customers 30
depot 0.0 0.0
Coordinate X         Coordinate Y         Dronable Demand
-5766.0901225007165  7517.8667695891545   1         0.5265346285879942
-7029.894116437055   -1782.4580575771934  1         1.2478240887810599
1528.8063979430679   5049.828941568948    1         0.16254286106432062
-3029.5442124066653  -4988.534594410931   1         0.3122655117588358
-7885.45719959432    3768.793924331498    1         0.8490808114302992
-3415.913247113368   5896.804343866126    1         1.2497735313143916
-4615.502211809798   2698.04392906553     1         0.19116930641948493
-5483.083970111715   7592.612208504175    1         0.5771727563643779
4191.431544713618    -5168.384710052081   1         1.2088714198911195
5555.869031758315    6803.610861832949    1         0.3184149630240717
671.8888843645944    -3516.051399614977   1         0.34224957629373765
-7566.042482364243   -3575.1347890972447  1         0.8891610403955204
1567.9358426724693   5020.815942589059    1         0.5604957927518986
4641.886708281246    -554.8120222989297   1         42.631571620078134
1610.4745074286197   -2603.616278795316   1         0.5781433797011748
6334.028125555725    6404.703240400051    1         3.364047232677371
-3712.216176709416   2454.5651246623706   1         1.1267688928673367
-6324.704792493629   1806.0502828325662   1         1.2066418155514773
4013.428674166567    5604.278712113146    1         41.83123409487521
385.2168700876619    1389.5910129621845   1         0.842662384905495
-2664.143054192172   -2925.8249161868807  1         0.386338566265766
3284.639072608985    -275.3659308479264   1         0.3336607139575039
-866.8802240938318   -5366.368766051614   1         1.0887047521412954
-6181.20966359636    7175.3309748640795   1         0.8301487459456339
-500.0891004746824   3408.915822840357    1         0.26619503320043203
7205.2231562381985   -3614.602945731519   1         0.8242084520952946
3512.29170084634     -5160.954517427964   1         1.0968377725405791
6011.002565301391    -1153.7839763673583  1         1.0337063702707114
235.0111493096903    -6429.2032858436105  1         0.9266216176569854
-2364.5643668632483  -3957.0339855205993  1         8.199392169199763
