trucks_count 2
drones_count 2
customers 36
depot 0.0 0.0
Coordinate X         Coordinate Y         Dronable Demand
-7052.45822256013    -8136.028230989819   1         1.115636006504429
-7128.802953278686   7676.566985756446    1         2.4625678703031295
10407.872674915647   -3080.553471394126   1         32.11605584495669
2708.7122790009344   -11015.06110326197   1         11.363957467217705
2871.7609013813935   -1556.5808625344787  1         0.8784519000423548
9319.257669630208    -3551.2057118687258  1         0.729785443995771
-1107.450120865653   -2845.6565518956177  1         0.8480751526449488
-5381.2291678962     -1640.1077049894661  1         0.9392632221082274
5226.587728201841    -5908.240966803802   1         0.9706030749854991
-2382.7710533782333  9469.479413907695    1         0.39349022569366254
-4290.5651857780385  8158.080807677394    1         0.5560858639898927
5930.627629669154    -2987.3191716837478  1         0.8151368999922992
-9400.414255324828   -15932.65222764145   1         0.4998957831563007
5368.871160555618    4064.3129346823853   1         0.7273775499263325
751.8073559621387    4477.296723702403    1         0.30370028603589333
-8534.052259823948   4621.250739676898    1         1.0407398882845758
-12054.044562676132  -7100.302529510895   1         0.9311351848725218
3395.161948330193    497.87327838019945   1         0.9386644821426026
9603.462791056147    876.5417622451689    1         5.003104268446544
-8317.481405179344   -465.8877977414602   1         0.2443519272563587
1558.4588700595812   -2112.1004385243027  1         24.34442089623222
897.7522501722481    804.750843828048     1         0.23105939334777204
-4122.672065621961   6897.672901502782    1         0.6934332294436959
2999.5462524412283   6354.127424057301    1         0.4972248858773576
882.5696334832293    1113.5654440270273   1         14.703260364651081
1268.4414920030395   79.37787199696172    1         1.1318943051037091
-820.6187314549513   10154.125647060015   1         0.7370765244786172
8051.755326426763    -4967.932602323739   1         1.0793842084343663
3268.3801434471666   8516.570985363094    1         45.85333875902739
5269.075802992782    -7236.698377765062   1         0.3255308288957812
-4863.970234321488   6265.832654740317    1         0.6355445909383566
-11549.941544019375  -79.76462448303573   1         0.5698597962096518
1097.24690179784     11516.203439056317   1         0.35610937767353523
13931.723509682768   10518.121700292799   1         0.9588401820252029
-10106.944308920232  -3034.123938700852   1         0.7218108857665917
7938.024032768888    15360.56144131763    1         0.9370904880269424
