trucks_count 3
drones_count 2
customers 20
depot 0.0 0.0
Coordinate X         Coordinate Y         Dronable Demand
-10562.763839837422  -2306.2086097517426  1         0.7554127754386037
1059.348240782612    9140.724898988845    1         0.4591265293269051
-502.40330101536574  -6638.036679019175   1         0.8397477287781647
-5379.311176528214   5299.58392385368     1         16.26920498909929
-1368.0980156798257  -2874.6897063290235  1         37.77697938848806
6849.2996989469675   6120.194035268171    1         0.7717238853862802
1715.7962841363305   -8560.020139521175   1         0.6792832467943016
-2922.8733742632594  4765.47774676619     1         26.210485453423104
2507.1861874263136   6444.3022455017035   1         0.32725668487279014
6184.252921869078    8843.516536792375    1         0.17460762642090183
1554.2954684728952   -1664.7711819816302  1         0.5971166299595727
5150.47252165845     2158.2069641790313   1         0.16473442017378465
-8254.34000195539    -551.9377533985579   1         21.036524252111942
-6501.3535108666865  -6739.1994313163505  1         5.954573111525968
-7981.765054866767   3444.391504355412    1         0.771107843130315
6604.9039584783695   -4147.49244466267    1         0.9239441158865245
-5626.704681958497   -2616.466478814022   1         17.979793279796745
3158.654210393503    -5778.927574498418   1         30.45939735345872
3257.6235432034805   -7344.177911790893   1         20.136651990062845
1338.2139092292316   -1233.7888628123874  1         17.454297154990403
