trucks_count 4
drones_count 3
customers 75
depot 0.0 0.0
Coordinate X         Coordinate Y         Dronable Demand
-4340.548392304521   -6664.157948979472   1         0.32373984965151514
5228.707340067961    4846.228682500177    1         0.5749944658510773
-1706.6170987770274  -2946.404634056891   1         0.2092731082374311
3697.1898178784045   1534.21357539996     1         8.200532033581514
7848.672295962452    -6903.449843972618   1         0.22908747327298004
2425.584194334414    2083.241188888219    1         30.853496313585687
2212.252371945904    -287.44186794964844  1         26.79745282216243
-3240.383153548024   -1003.9395965798157  1         0.6842829845681558
4741.203770672805    2363.801380791456    1         40.93458591301618
-1053.1964829562098  -884.4022902791569   1         1.2499173407240587
-6549.381497774063   5713.058679994284    1         0.8764214871039455
4903.83027996316     -4388.20995935337    1         0.3727417493406523
2340.411931028693    821.8595691428549    1         0.9727277221960078
7814.077856089871    -4171.897658412003   1         33.55333545498715
2691.149205269065    -9002.72525625152    1         0.9566500386753143
-1411.3889490818651  -3327.702440153805   1         0.525438448499124
-7746.933647567881   -3408.187461218409   1         0.2512966811205854
-6460.073076887784   -4618.477404827501   1         37.110825618175014
8133.582875879651    5597.969480770022    1         0.5923481179250125
-7188.448885716448   -5496.429408256929   1         24.962400180433143
6937.231205188874    -6298.224748969739   1         1.0347152899150105
-5787.900950841079   -2033.618255773491   1         0.2438817711391639
4042.5786038045203   -8529.282099217427   1         0.909287476508123
-726.7065829530319   5191.046064096083    1         0.7851244313772613
-1777.8369801292138  7202.483423531651    1         0.305790332136583
3987.4877424911892   -7164.888538117927   1         0.4242978205946679
-489.41683195453993  8148.158504600772    1         1.191994591518697
6281.564395177134    -8198.617637736319   1         0.263819424774296
-2128.3964815063086  -1854.9228655925601  1         0.3784567828035579
2769.7621554120287   -1302.6074791715364  1         0.2165305679773542
8749.107728931409    1726.8621635599316   1         22.844703359954828
-1902.355467799552   9011.233786722201    1         1.2195767927257188
3723.5002268645576   2307.1479120266463   1         1.0954221321066968
6244.419854764274    -1242.5488718830093  1         0.15699325358966865
-7655.704331759486   1386.8151470991886   1         1.1071323334240804
-6867.195201506739   2704.7108584568014   1         0.2647893402992837
-1100.8380353240975  -5608.344237500227   1         0.7777978991719389
-5246.366316525753   6847.754054444096    1         0.2931397147595274
-7621.162763256436   2836.8523347948394   1         0.421006847610908
4577.709301377428    2260.5827125966907   1         0.14662650393626014
-6035.742840520567   -6288.578225838421   1         1.0396911553302008
4949.433192958744    2847.892509348552    1         0.12449906327292976
-4851.476590281979   4098.502815601406    1         0.7771461429995992
-8774.212641310309   4034.290224695584    1         0.8875816651625481
-1444.9790369070906  -7975.929083298658   1         0.7131202574960429
-6563.246636063194   -5651.101225291221   1         0.8296746722627782
6442.452376192701    -7977.437884517385   1         1.1049417152132681
-4787.053424660372   -3517.3904057614654  1         1.663289811008113
471.70759620638273   4804.542431713278    1         0.6247371938101631
4936.930286511726    -5133.98947549392    1         0.9896386110280498
-252.3271756467726   4808.319961744046    1         0.3693718277017467
-4501.911129176411   8390.976681141843    1         0.8233790363492968
4781.067178942261    7714.769055008461    1         0.26097143227475583
-1314.094159021423   1397.0998839271215   1         1.0488586960438648
8175.497603551769    -1638.6397525903271  1         1.0741453850336091
4831.308808158146    9169.367390708265    1         0.917426245319915
-4171.385871311215   -857.7419169155595   1         0.9828996964070843
3826.544928403102    3015.98485734664     1         1.1958372207683234
1094.7913649486675   -8682.771105311424   1         1.1067491231563216
-7664.16692771714    -4424.962418474471   1         0.7758364884096114
-8353.132062324139   7644.622623544021    1         20.664358483225925
2631.6161503630437   -3037.638205328276   1         0.9208765762446447
-7875.437755641027   -5032.364151182595   1         0.6799493321445294
-3482.937538293342   -3381.557407440688   1         0.8135324143061969
2128.352609225829    2876.7297605642125   1         0.5251041477481716
-6046.8676774186815  3518.293270497209    1         0.612731592545383
-7895.932299890062   5600.004814650692    1         0.9855102389400873
8405.853369298178    -1359.8247003757149  1         41.8253833501788
-5295.777383875331   -4561.33230393457    1         0.8117214577874687
6035.894551390178    -6105.892821774285   1         0.946031330151767
-6933.590176141732   -4111.721690722476   1         0.1692140563793602
125.64132336916373   7723.590362524139    1         0.536269609653922
-8002.48239720691    -4721.773493056823   1         1.0022342076862425
-3387.7351872885138  -8754.454198108355   1         0.8081650989601002
5172.163989777131    -66.04725408827471   1         0.26045415450122883
