trucks_count 3
drones_count 5
customers 79
depot 0.0 0.0
Coordinate X         Coordinate Y         Dronable Demand
-7591.41666833397    -7188.2958293385445  1         0.71623868667592
-2397.8132524105863  -6113.529660972413   1         1.126867828204982
-2228.0355008199326  2445.935143929178    1         0.18680607449054396
-4589.5167088265425  -2287.815397041444   1         0.10953553829821666
2695.515390772449    6884.691244892297    1         17.56201457107061
-1976.9805714942136  -6544.188560253987   1         0.5099919635253649
-3211.5436478353017  7290.295960624169    1         17.739812119054225
-2355.303361810826   5775.379553842013    1         0.21439381783922762
-5165.011552149531   -9651.492122183976   1         0.4378596955679821
-4871.839526746933   -7075.818017661468   1         0.9958492223857904
-1417.46943079989    -581.2220365409909   1         7.979415536282613
-6378.181215532218   7816.585177680277    1         0.34412008762822477
-925.848997011404    -6140.339778467291   1         0.3097196529607289
8407.341208191821    3343.950709376948    1         1.0326538137698564
3921.9864449462707   166.35560472450163   1         0.9907863396030514
7474.961790525111    3480.7870443760803   1         0.3193227907543471
-2735.072757858412   6269.5094451739815   1         0.2778317362030134
-5164.300897743793   6298.9970523027705   1         0.37030148085100567
-6430.741195338991   6724.01839115697     1         17.02299852342485
-5755.687582407407   8764.135275201981    1         0.9945562720747609
-5490.602641709615   -959.4690776943951   1         0.9502827174255646
-6384.383018449904   -4739.795994582324   1         0.9473097210336912
6551.232954963908    1895.2913298758785   1         0.5738485594584894
-151.14458673704576  -1033.13197544572    1         0.3898063873973
7242.506270475943    -1556.6862410075767  1         0.12292967494958965
-8574.773618625306   2318.1307279399025   1         0.9685927572237202
-5388.212469167645   1290.2610940900297   1         1.1702762996701896
-9194.767734406472   -797.3819706337459   1         1.1093437707228258
-9107.535763820675   5191.96109660973     1         41.99811259251231
-4818.820941626745   -943.6282302715911   1         0.7730903060857087
-1306.3158879180924  5408.722783800375    1         0.9208191419299983
2130.33422860199     7789.879060630693    1         1.2248929759135803
-8344.334787550222   5915.498684666119    1         0.9592233588298282
-915.5245707896486   3129.388365791682    1         0.5253340634545345
3585.965852305944    -6203.335516975644   1         0.5665776095485916
5656.558774896269    3963.0494900482636   1         0.8734641393718513
1020.5467621137799   -829.901334573808    1         37.314219308307585
2288.162099286567    -1227.7692127723112  1         7.220296960734989
-4376.601768397417   -4853.188978417579   1         0.4697519342951587
-160.8071447030821   6563.085026159262    1         30.060436090474603
-1377.1857165411834  5975.373753054911    1         1.1423211235641935
-2649.486459599641   -646.2425351651408   1         0.49601380521172267
4044.699664156384    6615.689231954621    1         32.34423762050241
4351.800750766915    -5342.96726689235    1         0.8560758008360441
3543.5640960556534   -5585.095887882089   1         0.2078573839779388
-6356.902234750332   2512.429239769937    1         12.129598896252272
5418.662880406781    -9046.65931196944    1         1.1987134147256153
-2048.6177198381624  -8662.06988999391    1         0.6319721345697402
488.92096946272045   -8642.614576757214   1         0.4225196191155485
7481.381224528988    2053.3334018046976   1         0.18160239526839322
4408.884113382389    9804.811528387103    1         0.12929508348340246
-4841.34086177967    -6859.431462470715   1         0.8069452671138939
6479.993259244497    -8758.762297912699   1         1.1238408699877913
6576.148190188378    -6283.917845097701   1         0.5261990670140319
3393.758379745781    -1447.2165026028251  1         0.9335647978506092
-3955.6560068166036  -1983.2056184293726  1         26.90840326238018
-7355.719732530167   -4441.635807695935   1         1.0630203537018157
350.2274693029849    -6895.807718063426   1         0.7837837636702544
6952.701609398901    7246.6463214005325   1         1.09093026068633
314.3426433871864    455.47471685712816   1         1.1844262206535545
7497.910808617902    -748.5351296532288   1         0.17777156200724953
8133.057898307828    4927.247017581023    1         0.42769798276438464
-2272.076560993304   -1057.0216035227936  1         0.3624573980333675
-1091.395048519696   611.9338035444747    1         0.6812037341640881
-940.6390798843986   -3604.798372398707   1         0.27768747918189873
7869.438026300928    -4745.630053985186   1         0.17101350753361633
-4362.057824112901   8147.844381436691    1         0.9325700473304931
2745.4737819452894   2566.9641725418614   1         1.0653055594118048
-3041.897275852484   -7584.634483588752   1         1.1714496099924576
5889.240664137047    1982.871421367538    1         0.3112663159280361
-3941.536277083952   5897.659679337762    1         1.0192133770920278
-221.20327108314135  6132.979813682126    1         26.749943623702812
-1886.6906040475155  1162.1662785018925   1         1.2484434605073957
-196.2247217169391   -4671.160121980122   1         0.809071786685462
-186.8004778341549   -937.3305373464281   1         39.24736155636111
7706.447455300879    2000.2250098328384   1         0.7171171282228649
-9613.882926337781   -4538.412662445725   1         0.1612209674676724
2271.550545379588    8372.359921960484    1         1.2334333157051922
-6313.444875864075   -1965.6956784480217  1         40.47411263873602
