trucks_count 3
drones_count 3
customers 80
depot 0.0 0.0
Coordinate X         Coordinate Y         Dronable Demand
7856.918732265026    -152.81300723500044  1         0.17508592735137074
3740.687374447906    1122.6228595875482   1         0.4700352427933826
1846.0280211073348   -7224.555093562676   1         17.443859052956274
-4375.731571585052   -7285.7623624788     1         0.13643790139056577
-6508.976604656321   4799.132187590599    1         1.1678690659586015
706.0729368636377    -7568.284483065917   1         0.9097865933877624
4831.616943787815    688.4758362671027    1         0.6222231026366034
7635.044491006393    -5113.062484882275   1         0.31861366775996247
-3640.6049104141557  443.01193870008973   1         24.233264392362482
444.70652165564275   -3614.23855074389    1         1.1971036723064385
-6008.152152290781   -971.6643922983785   1         0.109592879825583
-6642.525228269239   -525.8060804879265   1         1.1593271603325013
1968.9314595888584   7377.692216123778    1         1.1010765982382051
-7503.8623887969625  -5882.737327911604   1         1.1630323718664375
-2777.084098912946   3832.176494787921    1         0.4778354800288841
-1274.4218654397175  -3214.90722699744    1         0.9641635118700218
-2195.4224117029585  -4108.4510783456835  1         39.85717948614753
-5357.04069724915    -4547.313830912954   1         0.15856431021835413
6637.615040286346    -1557.690180301541   1         0.7604565323481767
4687.206166112282    -2973.0184877529596  1         0.12021153684619834
-3088.9832430946963  -2569.208331451317   1         1.120623437252067
-8028.306720573616   534.7513028858087    1         0.7721067690526981
-4404.371589292633   -5769.172678009199   1         0.7981571192382195
4802.561505418858    -6500.247192338931   1         0.3492543218760961
-1471.667823387459   -1353.183992393674   1         1.0041610713748141
-7442.882043747443   1617.5913234464251   1         34.77446888605028
7802.110067332401    5448.934052354146    1         0.6773141350067647
6660.6470627560075   -6037.565967543644   1         35.40126817882449
2690.471470718886    -1196.3350398784514  1         15.818465303412014
7641.403495258888    306.15257799065154   1         23.177264770221715
-1402.114293781458   4488.941041360189    1         1.0473176559754043
5498.197896433571    7918.761124814596    1         0.5212865098204148
-2960.829416534009   -7142.990522681768   1         0.8679028932706204
1186.6714776480962   -1137.1039543645522  1         0.5655692444804553
-4939.149403426831   -1364.3652363955023  1         0.7753253878142795
-4940.258384636926   -1785.0625311994686  1         1.0318332678877475
-2575.2199357104564  591.5386000698413    1         0.3073036814353338
-5419.600110128303   -1232.1769407820284  1         0.162096616363859
-2250.8412217741206  1966.6073858071277   1         0.18469307467356105
1978.0872411767095   3979.3298361143598   1         47.57940049216194
-6555.9759080289205  1075.5477417908924   1         3.6782077539947435
7294.3409959233995   1369.492808352284    1         0.2164259425991405
-2635.3051988681755  -4908.154692561935   1         1.0558800656013043
-361.8349444302529   6789.485505561592    1         0.9892408953802703
2560.233033542063    1621.6251382037321   1         0.618410824799448
5450.677238974508    3399.432490502927    1         8.07626600040246
-477.5784952370068   -2479.945523109428   1         1.2494475830993759
-1771.847295184341   -5488.719580388736   1         0.24898023144751685
7660.529615275104    -7694.491807913879   1         1.1924406668275906
-2697.176469297522   1000.5520237381816   1         16.18448653773659
-687.6009876771906   5485.039306539189    1         1.043963399349655
-3977.466040693883   3767.5042306414475   1         0.21599333866784276
6247.329442144654    -2679.2651568922174  1         0.850846880660203
4938.620729841564    -3437.5805704747445  1         0.2684452633387836
6330.615836692603    -5977.76205088668    1         0.2655976850061095
-5798.663324282387   1681.8274626428963   1         0.4922780374322835
3525.406825551529    -2998.3526931140295  1         0.11355305320390319
-3410.9609366353634  -7932.888122362141   1         0.47466877725360856
-6994.032131630402   -8028.838181997898   1         1.0161336948676727
-1658.9856515038277  -6536.094383108111   1         1.045676936424186
-2256.832298839685   -5506.130341912061   1         0.41154389676603864
-380.0517737244194   7656.979570318046    1         35.02591684393356
-7742.907040858493   -7111.879739676004   1         0.15119164872933782
-4700.404117296998   -281.6327270776031   1         0.2401705558879767
4367.64984032853     6261.822977958153    1         0.7638616064963649
5828.910641235742    949.5288395213809    1         1.1133728515006998
-4428.750382273436   2263.698506787733    1         0.363866878321056
3929.728849248534    -3457.914384155577   1         0.3084842026423523
-5475.62399969916    -501.1826798328274   1         23.529964893065504
59.458555899627754   4149.469516783966    1         0.4339942478892931
7838.644880701873    5267.17146479734     1         0.4459578252724704
-7600.095165885026   -2214.2762952584653  1         0.3441915594589563
5531.971950347727    695.6606470394523    1         1.2001064615795443
403.6311989090316    4729.95452753978     1         0.6480379561119342
-1643.7283469218635  -2106.896820870492   1         31.096268986680492
7242.792675497624    6621.90515865469     1         0.5897943883166308
3276.9101918006663   5636.213043244926    1         1.0768414891476594
-7548.8605570847885  1687.3805181439739   1         0.8062803572533779
-672.0955116172124   -3382.1326442498857  1         0.4336308643310758
4477.96535932999     7707.597913163206    1         0.5939347467162353
