trucks_count 2
drones_count 3
customers 24
depot 0.0 0.0
Coordinate X         Coordinate Y         Dronable Demand
-3416.9885575956723  -13392.58306207859   1         37.85962979286553
4553.090613453023    7312.350887532286    1         0.637901132387164
-4259.120028742812   7268.101402188038    1         0.48568845653378256
-6867.09472199717    -6091.962030926937   1         0.8608883553795291
-6253.259136900086   2790.583708779832    1         42.72323580420493
1486.6713751876703   -3888.3017145709423  1         0.592993371442811
-6634.280009143112   2525.584681337167    1         25.061703342363668
-890.6220528824457   626.0658069613099    1         0.48469568471809144
-600.2667966691668   1588.2993738376224   1         0.8398118755280415
-973.4854153949454   -6884.174576963756   1         23.18397174090667
-9517.785166837546   5182.6033254685535   1         0.5338596775343974
-5571.403127059615   -2754.4360248270073  1         0.17018814975028412
-881.9527351709748   288.74086840646515   1         0.9043435714661098
1578.6822799097731   1211.9098110220905   1         1.187724653725809
-5166.940322353381   -27.695723712287283  1         0.7636650542026391
8236.33485931727     -1340.3054903190177  1         0.2842902398621355
-8287.04085958337    3936.415531959717    1         1.1261466984947919
6495.808728572264    -1885.2789778309884  1         0.41446183090247457
5931.14366893445     2832.6048328714733   1         0.8151118500383628
-6396.090612835753   -7103.643957028685   1         24.06962179422545
1964.2742318145501   4575.17280442743     1         1.068498496794959
2207.8155177675358   -2027.590990976582   1         29.937644247782785
3172.8916746925393   1480.3948657251808   1         0.6713947144439588
-7603.065006059827   -3446.530757393988   1         0.24422655810644084
