trucks_count 4
drones_count 4
customers 42
depot 0.0 0.0
Coordinate X         Coordinate Y         Dronable Demand
-7403.255605796902   3571.074724040739    1         0.6136379005112914
-3077.348588346133   451.7802449427146    1         39.81704453311336
7461.176129471027    -3169.6845845156117  1         0.34968721105928774
4989.4715689210925   -6681.913451726193   1         0.4848666522581635
-4640.335029047637   4678.474179329978    1         0.3847547635356834
6417.267837268439    -4496.716706954946   1         0.8729871161189899
-2849.3566775684358  1744.2677664558546   1         0.6119412111764626
6021.770115381498    -8794.311344873866   1         0.2514599563184251
8262.379980111948    -12068.808257754577  1         0.126143349581953
-616.2873500799403   94.39987522350862    1         25.637553844760337
1804.8176102337802   -1189.2041908782048  1         0.8298445434694468
393.1384199746611    10245.776396613623   1         16.665483267291272
-1590.826984419033   404.36577625619395   1         47.1885168778278
-3094.8096367242547  -722.0943573582971   1         0.43694946058154505
-3570.3843523752557  -683.8886327133134   1         0.5036656412020031
-656.99635759228     1524.2901250277962   1         0.13826062979193454
5812.746584760996    -8571.405174298712   1         0.3123619462467051
7676.846155103482    5552.491470145976    1         0.7326929263266272
6436.135874262855    787.0127571895717    1         34.03875271292763
-11127.81380462367   -209.54367998931775  1         24.33123181028347
-5929.899780706833   -5109.952313029113   1         0.20698932701802614
1384.2167157075478   4560.073517683584    1         0.9472341192918974
-1229.0954332446418  -8747.72268024062    1         0.659408469278792
-6659.33930589554    -2223.568088773971   1         0.7193920718072309
-1316.5213748396675  9604.268293568948    1         0.24682181025546407
-6874.13219035301    3471.857336605381    1         0.9962655008446415
-2359.5870005711768  -1102.3628120746528  1         0.3510211335535556
9522.298352842468    -4462.999380773355   1         0.15900992581803433
-866.3748480388404   12102.75948642444    1         0.1458797674521259
-8403.411550777848   -10579.420961498603  1         0.7454863697790587
-2235.4156248874538  -3576.0171998570127  1         1.1533714593655569
-2496.030290958625   9664.945474909608    1         0.22694440514656894
-913.5016149992714   -9176.602744078566   1         1.1198162714548683
-4666.490211148971   5636.462583383091    1         0.16523502405755075
-3130.803923791902   9451.81520089577     1         0.11482076583489093
-768.3044483604084   -5860.68453313305    1         0.28370319712599523
-7171.752414055647   1911.0562620713752   1         0.2531451991020807
6656.9396966004615   -748.1993845317892   1         0.6507060335005471
837.4169929265315    -1201.5889431899386  1         1.0040106212108442
2369.5553220388006   2626.071333511755    1         13.618844171213013
1558.4091722996911   2179.211672108186    1         21.274176068672155
5815.069678505465    -2380.177503867655   1         32.27965493041765
