trucks_count 3
drones_count 3
customers 21
depot 0.0 0.0
Coordinate X         Coordinate Y         Dronable Demand
3641.726770128461    4813.59341617354     1         0.6333956741376372
5149.08298225824     -5545.095676886383   1         1.151212690735732
-3871.6911761190936  3074.7537426571366   1         0.2911723962824252
1164.4778213030968   3535.991650291863    1         1.1472456857517972
-5407.044047941867   3427.320879805641    1         40.997302332614495
-4823.674796001575   -4858.638268083394   1         1.0386846729676649
-4598.317051602285   2796.1203393881615   1         0.4875529010977677
-5597.907780060781   4703.250211851375    1         0.6058165634357815
5643.274692531744    268.98543365472426   1         1.1258845098332486
-4373.346613119055   -4683.45009705193    1         1.1540624207394212
3728.967082648811    -3234.520534783293   1         0.33473560432760757
-3042.93614039207    60.14276024259936    1         0.6960901838409144
-3513.927069012142   -2043.3366533668936  1         0.3912152144195854
-377.0546305839098   -2722.702809701782   1         0.5299681300892978
3667.8421094780406   -2437.4654672306783  1         0.12465965142237852
-462.48750487285986  5310.0827114101085   1         0.295415904768897
-4284.968118519682   2525.0422350017398   1         45.54960289860343
4486.5551289447885   40.89325990209274    1         0.8516160682467225
5037.961413506145    -4589.482477509248   1         1.0370593890521147
-2032.081470331134   2401.834939933757    1         1.028857337955997
323.04128804413943   -680.9745608401394   1         0.16451379987184991
