trucks_count 4
drones_count 6
customers 83
depot 0.0 0.0
Coordinate X         Coordinate Y         Dronable Demand
4605.577815121943    -2994.613593501526   1         0.3078591395486493
3100.557903870502    6398.312222420911    1         1.2208204965731266
2431.716144703773    3664.555621132632    1         0.4315782042938996
4579.687380928568    8318.704308105569    1         24.623390224900085
9351.94149593221     -183.19445832175552  1         0.8938702589727674
356.2670268515579    8851.912017913008    1         1.0098702966905848
-6082.017739752333   6154.973438693275    1         0.5362734382986484
540.532164755197     -1351.075767103287   1         0.1260817063098606
3452.1581376499003   -8602.820044406413   1         26.274850641550923
-2704.8537523651307  7956.525778342542    1         0.6051897505433905
4119.179273773765    8828.199251026655    1         0.4696173138065616
-7626.425833576046   4435.382602107751    1         0.6828142500664309
484.8331302913328    7785.1237852803915   1         0.7280966975365735
8165.277302693115    1292.018948247176    1         0.5418710390979846
-6349.878629319876   -8808.876080297501   1         0.7254598821732129
-2335.0856289818157  5555.456168618558    1         0.817812640325818
-5109.7328004127985  -3025.4705114068856  1         1.2097904961565369
-10038.019763664828  -1546.5845308928513  1         0.3970661545651526
434.7158531326435    6407.010869333637    1         44.27735395613045
7758.991265729916    -5586.573335959155   1         0.5630045026967333
-3985.883212744008   8587.990131911925    1         0.5666273477829377
-2846.4707146262126  -6745.752271823918   1         26.504861793241776
1992.6922285568346   -7048.490691367096   1         0.3471917703000942
5467.380113694016    -1013.4546075494236  1         0.22990547369539707
-963.7065312568413   -7560.959947139551   1         0.6012468093090797
-6198.866514807231   6284.77431372835     1         0.6926545322392966
2990.1061030682667   7438.535471921146    1         0.24728377276259472
4333.572258778616    8882.591651055744    1         42.86620499890675
-1764.9669372984376  -4142.891261399084   1         1.6553618750237211
2172.775297533788    188.14117778296867   1         0.901570406798969
-4876.777881730617   -6591.055465784486   1         41.26099343292996
4929.390226579888    3704.425992186646    1         0.5935335141858177
506.55875201925517   8803.14204993028     1         0.894713464653507
-8026.07774931951    3852.4982827896442   1         0.21061109177800585
-4824.835793724809   6078.662856235006    1         43.88171210357933
-3341.446157531387   -7535.0518230844     1         1.0296327142817128
-6548.242683611277   -13962.297004593469  1         42.8839457250687
-944.7415239733623   -114.24575560741589  1         0.8100392878310149
-4630.78844118232    58.76005610154061    1         0.5834146839266028
3422.3840438302805   -3022.422149485465   1         28.878532237837064
7867.491109242991    2835.9125671978386   1         6.093843040610884
4572.913847942193    -6717.519536809743   1         0.635159075677176
-12516.043178072012  -9583.013475053209   1         47.30524167901045
-7893.835034956607   -4120.516218036097   1         0.5367392272275838
4259.356334941134    -5152.468828959032   1         1.1703068878277059
-8708.541076585645   2086.6921309350746   1         2.704431490205736
2582.3822205452893   -2710.530303076373   1         34.792217486423624
-3926.386919122351   691.6657737261371    1         1.0314416636146166
-3342.7011123099082  -7614.3266711335955  1         31.139799045448495
-15193.26392820328   -14580.349422314674  1         0.46180264515839053
12411.486635906418   -6003.869422831749   1         0.625774640883725
4562.364617050709    1262.396674677999    1         0.6570889975234896
1896.6644733801768   4363.934490677213    1         0.5659012493615134
4712.560867010587    1654.9701492937586   1         0.2532253405105722
-8737.51933304937    3141.485818832052    1         0.6543506112577318
6701.828972892445    1739.4964568933244   1         0.632098702660788
-5760.834165385917   -656.3491520979278   1         15.541214786002913
-14238.173641416859  -13362.275245378938  1         2.927551996614281
-2761.311788293088   -6006.076806830537   1         11.085101540533692
-8898.027831807642   -3741.8461361091545  1         0.5141973726451797
12727.03339426214    -9259.480410409511   1         1.1515612459985496
2551.575915297033    -8108.042022179117   1         0.8168476173940508
-5797.537023204246   -5892.1973998501435  1         1.2199546946919066
6537.95406261573     -2142.9871939580876  1         0.5770102410759583
1870.0604138958536   -9939.194227342723   1         0.2696885190275953
5868.023804326606    1112.8006459347664   1         26.670085299471104
3314.4203992264447   -3346.729215346401   1         1.0574308625250533
11721.534662845534   -14617.440677522844  1         0.35564149672265755
2520.4426696953724   1227.2422946713073   1         1.1698201026746067
-3712.2352591542635  -9851.707060130055   1         0.43624967901200873
-13699.449106056145  -1585.6216521108945  1         0.16991718183253415
214.6609714013222    -8434.24294076276    1         34.767409742508846
-5705.3291309072165  -5161.661790607348   1         3.030649031686089
3542.8550705973867   -5294.055245359061   1         15.205190641963432
2877.910362905989    7670.955310431655    1         0.4597623715776602
6864.900770574345    3057.6489482688626   1         0.9976557609123798
2164.282930173602    4449.0270440311215   1         0.15899567794899835
-8541.589276501158   -1462.2749116387618  1         0.25264125191917486
-5499.808502231457   754.627574870432     1         1.014170453725154
5016.689495896567    7759.226509757663    1         0.6597838686311694
4898.36287729702     6754.200739237479    1         40.61074828207634
-3666.820576937144   -10007.259114272385  1         1.2063416483934344
-6690.005301230632   4712.36220048974     1         0.3623224093084745
