trucks_count 6
drones_count 6
customers 93
depot 0.0 0.0
Coordinate X         Coordinate Y         Dronable Demand
3844.6187151795725   -497.6463546314163   1         0.267539106995939
1076.0183660562423   1150.4468465252628   1         1.114059874473898
10022.785298973664   -3873.484629862429   1         0.4743675263161802
-1097.5236903373514  3751.9159905369606   1         0.35015954059411025
581.6356604598631    117.26488221086859   1         0.8947831481306374
1873.1176921320214   572.1339960348886    1         0.823386789168735
8060.948959762281    -5303.422648245278   1         48.245930201290264
-7241.4328342957415  -6342.697183412161   1         1.249623515361881
6442.914848218262    -7330.4820326265     1         0.2539963611428376
3311.29926169848     -7648.742362056933   1         0.8659127107657829
-5618.5875206505025  -4550.774709505999   1         0.46634140703509974
1791.6701582534147   -10699.472234177549  1         0.8903725279454523
-1433.6840686106289  8585.577925789452    1         0.5236632763201462
-2598.436839592491   8480.270234732641    1         0.9797209624566913
1858.9802544135441   3136.1261630826516   1         0.7925808349446535
4814.948256643547    888.8024754595771    1         0.23654654134900413
5612.238429600011    5670.293038916173    1         0.5726797195847235
-8625.22762627289    -3455.6733795053683  1         29.50098519860384
10697.068347851427   -1087.3360008581735  1         0.8949393449028056
5511.436271298703    -8925.064328636143   1         17.409564174331376
3817.804472821013    1472.6931842854735   1         0.6500976497049947
664.877500260873     -3809.9246626847284  1         0.7284776687106393
3550.281384613098    -1476.8803420362333  1         19.16328073339273
-3246.357056752191   5105.9939129453915   1         0.4218082533812141
8539.63160658856     -847.5353743026343   1         0.6495431396896346
4290.464411049333    2499.341181850957    1         0.3786777845014211
6062.379825230077    -3026.390069277937   1         0.2939343266686826
561.515307848916     -5539.29164908323    1         0.5360342365578386
171.6508168251863    -3453.4517231819486  1         1.007551278475999
-572.0867379677246   7068.0487122143295   1         32.19813492493384
-1765.479261946186   8351.178024996705    1         0.10716528509979012
6312.751043588989    -15617.0479775668    1         31.725582413454898
-7356.449272183576   -659.0456015914981   1         10.70784847668005
6997.593209997301    -88.58858051889985   1         0.37191040614959225
-6101.8750296879625  -8693.439262376718   1         2.0453701748759245
-2350.5518369577544  9144.334115003758    1         0.6492559583180751
13396.266918274105   6435.340006876424    1         5.411089177856278
4172.848012868137    -692.8582741056275   1         0.24075794553514065
-7789.729708174889   -6898.925280047206   1         31.00533718310362
-3650.7131141293635  -7000.310647690791   1         1.0737460386414437
-15420.565107379109  2568.490362380573    1         0.36618535548220654
1863.5200673631061   -3127.9679057075605  1         0.8320956495805083
-3877.2096304563147  12147.781538500683   1         26.801154224798566
-9988.17517735493    -2281.1378453524867  1         1.037766502274896
-7127.847569284773   -9285.300158871292   1         15.9081735783163
-5473.801009688943   5958.732071405343    1         0.18663670288826997
-4446.712052104191   -8914.57925186409    1         0.7021071446643696
-4040.1034072881203  4656.170240543723    1         0.37565100032361787
-12797.352051862237  6343.1989319908425   1         0.7559199547256928
-3153.6342750620356  -3142.284100486473   1         0.988829281836728
-3786.9859458798824  -4359.858361687441   1         8.066442800193194
-4270.945006317268   -4126.522137854306   1         1.1856804246201313
-15246.398567881055  2287.8762251400804   1         19.804464582473397
3806.247247691787    -8067.34598594914    1         0.4965727918631556
-5672.230322971575   -7247.436203289301   1         0.24688224998388922
-3190.288643851984   -6682.665466204326   1         0.7932648802139297
9218.69921103109     1977.2804001965687   1         41.48744659735214
9559.889433045108    4022.0700844939392   1         0.772433075131724
3737.201442612045    1979.4006842627632   1         0.8947218098477386
-8766.713145476504   -781.7614409959801   1         0.914812686435703
906.8427428675457    -1914.2383760898203  1         0.20804120825980102
-279.3975504746157   208.87888861716254   1         0.3508984434923369
-2979.7766781067353  -7459.497832785881   1         1.2188428893545753
-4370.393585280931   -8136.673180330242   1         0.9023591190406308
-2601.6988792446045  -8862.653878710975   1         0.37942537280160493
1813.3656497905363   -1556.231255101525   1         1.0734167441389655
1957.3814148718466   349.3879101712032    1         48.74469843448624
6020.215345258545    -2333.6526042404503  1         1.054000065634325
-13980.761777896107  13384.384943555793   1         0.97003067330412
6600.061070182461    -4405.964873511502   1         0.3201118548915173
-4342.16166938756    -2596.9062977409217  1         0.15500373359297856
-10453.037412401362  1589.8946585120573   1         0.718093142855398
5724.667203159281    1924.0017961530814   1         41.58475303843165
9145.165480228688    3439.2534176005115   1         0.7613766530281533
9764.042077926157    -4135.602830430782   1         0.9884569340067333
4238.706698105043    -3945.337337477028   1         0.1558192659871649
-958.4212304970233   -2816.4763330951287  1         0.46247239679085017
4837.433424651367    -5509.244632098318   1         1.0249681987794537
-8972.417941842239   11185.757810026058   1         0.6511966485552045
650.33771474148      489.96317747872774   1         21.261386986092134
-1004.6230979703549  -102.34968894914863  1         0.64107522124793
3330.924629324479    -1907.4678218786419  1         0.362575818481748
-8920.540898367828   -2455.7197168074395  1         35.81069900977418
-1836.1348491123524  414.2350694679625    1         48.577898577990524
800.4416191716939    -9068.224126248022   1         0.7352188405202187
185.78798160092802   7095.76599397431     1         0.8019875498587278
-4897.4289926644215  -1969.859047119522   1         1.1995261528381422
1220.3833396260925   -1628.5728708475258  1         0.23999270200149878
-7702.688835713758   -6959.090064944252   1         0.896258094923135
6871.198881773303    7492.6917608142785   1         0.3274937361493768
-5580.38823705031    4568.047975692295    1         0.6498384131709066
-2377.6466895054477  -5721.185946952466   1         0.8991573125368446
-1357.7695652270017  -8113.239476055254   1         12.884745523146558
