trucks_count 3
drones_count 3
customers 67
depot 0.0 0.0
Coordinate X         Coordinate Y         Dronable Demand
-4375.120791107905   1954.7496180089565   1         16.528975620520832
2028.4476376179975   -6058.849890333094   1         0.7167737261951286
726.2157886727781    -5892.940821053722   1         0.6500562751722669
-3288.957634117351   2541.726986614476    1         0.22067079677435714
-1237.8675150153283  2556.3038351767505   1         0.95814314104429
-5349.298811114704   -3166.974019400023   1         2.4223380950382034
-143.02799558310423  4899.3142092391245   1         45.663124345453674
-2372.9958337517646  4871.358759512667    1         1.4877500169653397
-2305.039908252321   -6368.45087116221    1         10.1085274632825
3488.3364457699568   3221.7267778040864   1         0.15713867017241026
-5819.970522291386   3941.1713628460643   1         0.16091859930749441
-5056.132760945295   -2936.27327533935    1         0.47688923989109033
3585.0999114406386   4128.707407084004    1         0.4411473940459768
-3494.9415822941014  -2200.5942801141077  1         0.7341855278862036
2677.9631733420333   5966.4728182258      1         0.6624636297971274
283.7137494601877    -6120.407364236702   1         37.930888805886426
4924.881221612921    6131.354337249322    1         1.241337055150097
-993.0296938449667   -4008.509170438596   1         1.159790732181105
-6629.990339181812   -1362.5730475782375  1         0.4304640569206981
4791.031643857312    -4617.869334136611   1         1.1411025381534041
3892.537604284896    -1528.1485091937816  1         1.0626862178139191
-87.5495503614515    3688.6796069771544   1         0.28808063368697684
4295.572483066957    1033.352310775267    1         0.28195384743252405
-2272.963118584752   2123.376485690355    1         1.215397315072739
-3172.5905752664366  1030.49174383571     1         0.7807127679962348
-4505.976760941343   4381.154529252731    1         0.4873635140545578
6229.157260115931    -154.20224106681133  1         1.0772572054990404
6775.206088794246    -1216.9470341750175  1         0.5865802884074599
-2501.205522581159   2681.6729058092446   1         0.2684434623089293
-2586.617359901399   1649.8518205459789   1         0.4378951435527366
1808.8380075111659   -185.5158649581065   1         0.8790331920769171
3600.503229963223    -1550.7608295307857  1         0.4293349664296946
4353.9409022556665   3913.918252020898    1         1.2299765064067738
2951.603384686321    55.455794995065894   1         0.6211887711487676
6073.801280109119    -3649.726938004806   1         0.7055713381517575
-2506.669107244431   -3364.3427099542214  1         1.0617929141504823
-3992.2851933940838  1415.2498830293607   1         0.12484106688996142
34.15991121946536    1901.6716122335674   1         0.8396137649369657
-949.7468657989848   -4456.105279939466   1         1.0916331817207028
-5779.775448396122   3871.9731404686718   1         23.920932037848157
-2790.007684645257   -4441.908266025417   1         0.5130776734226481
-6128.179187091711   -4143.830490463796   1         0.40643478925554466
-6622.122729867407   -721.2140873268265   1         0.6698799301477028
2040.0088047413362   3443.9987903508336   1         0.783390525337821
2716.8037868916667   -1944.0046657707135  1         0.27087867794594167
-4689.74541534434    2746.377707534248    1         0.3983877660856455
-252.76077640442782  5947.271164147369    1         1.1374563065916552
497.3572215023536    -6281.838423073404   1         0.9300812817860329
-2385.9496649607063  4287.810751231076    1         0.18868234960897873
-6558.048513353782   -2474.22938329169    1         0.5190183694149254
6360.399706198763    -4840.57449038895    1         12.823322079639077
2263.4865275275724   5877.364728697418    1         0.6616184241605296
-4384.498627369184   -1951.8107333939554  1         0.29998844051534146
3976.761643244919    252.09403416900523   1         0.26515063591351407
-3828.6253659744125  2586.305682746189    1         0.2179191671108674
962.0201559521773    -1412.2116662733679  1         0.9891430081318848
6123.043101694032    233.66176926862997   1         0.5992522252027628
5860.336629345251    -5942.283395119991   1         0.37210641742597295
1700.3564576493845   6362.563760901602    1         14.534083230947703
-4557.376199356572   1492.5829013485607   1         0.2292593989865677
-5629.994943337526   -5192.736835938322   1         0.5620965653096197
-4113.114679545382   -5502.591043289324   1         0.32750400384333644
511.91007895577053   -4937.519089393106   1         23.14888270792754
-1880.4789739468858  -184.4118781246661   1         1.0579008593156232
6161.432354692442    -2218.6884442633686  1         0.2226142399372577
-5856.099234162373   -2570.7225687355294  1         0.13090033356584205
-3043.4487040962576  -2029.9082245730165  1         24.30218541428094
