trucks_count 4
drones_count 6
customers 81
depot 0.0 0.0
Coordinate X         Coordinate Y         Dronable Demand
-14257.050670975843  -10009.69679216557   1         0.5135519552350685
1209.431287316683    -2390.06389486933    1         0.6605904457733476
6826.034958634554    -4792.766231962389   1         0.3180927501229102
-3554.0078486068865  4974.220827302053    1         1.2209694737717078
-3633.5984777688004  -706.6580108427585   1         0.4749883850303632
-4323.158920528145   4346.728606858124    1         0.781911492639243
-760.3576959134965   3050.6601298714772   1         0.18837490866057738
-8846.707806536977   1016.1928549760135   1         13.8327522801789
-694.7226237919596   4255.547741581077    1         0.5906544793951158
-3214.4330420309952  -4580.026543281671   1         1.0610215589118024
-5403.848175934996   3993.8036141718603   1         0.7841723563311493
9436.262440310224    3570.956550419174    1         0.6952256471832888
1764.0990163828294   7231.023366104559    1         0.49727118306224194
-10557.024003842205  2106.620778429509    1         48.48228473682679
1500.4348626193155   2069.1988577951256   1         13.068567921418593
203.28442257231762   -7160.820700766156   1         0.9909249340235287
-7153.391189645998   -1779.132057110749   1         0.4514384783771629
7486.5044984213455   -439.3626846739534   1         0.7389226958152666
5842.720930402176    -6614.302164892448   1         42.8423998304415
3382.552681040324    -4033.8746135631227  1         0.2373222446679084
11473.834106414108   7772.062362337207    1         30.124104729116603
11426.485689642379   -1922.4330853771244  1         6.709640766860594
2308.4641402484626   -3512.181131399346   1         0.928275169955765
-3169.5470819982115  -8607.382814052942   1         12.528604188044458
8338.754061870543    5144.029865034458    1         0.32852555292485197
6158.53598961486     3590.711205620695    1         47.86002660353043
-8124.60030517186    -11943.480027939666  1         0.3185319626690094
-3584.1520712874026  -14751.810251744877  1         0.4388381544023341
236.43063702104277   6764.895083061735    1         0.6966329626977589
-141.47291177588934  -4927.0150295720305  1         1.0599730246725936
-5680.594884702354   9636.69504573491     1         17.483745138254832
-6995.737203817102   7256.1912561262725   1         0.8702680440818015
9500.665776570342    2834.9851878530544   1         0.4112454249095989
-3876.4341583006444  8897.89797998845     1         1.0784949847677496
-10186.127542093658  -1312.785197754419   1         0.7000581734004034
-3050.0789172781974  -8497.674220089626   1         1.1223125564115644
196.18282154174642   -10240.60015347372   1         0.635810271762567
-7614.8777660955775  -2229.25359170282    1         0.805001866469186
445.20955145099106   -8167.546030777271   1         0.7777536985834856
5967.299645477793    -6322.139963730021   1         0.17660560018000895
-8387.530907528944   -2830.910282145953   1         0.9942581189569342
-4015.064636638478   -8496.99862865918    1         1.0394044837609728
-4465.895203532124   -8526.360353609862   1         5.065560219000648
3577.331672156637    -9160.652009459192   1         0.4371754920719477
6892.844174964705    3047.3483004139084   1         19.51624312784964
-7215.38042422178    6742.744169039651    1         0.4412989092343623
4163.522563802725    9358.822000984575    1         1.1770765632510007
4957.510182584613    761.4883657364492    1         0.5673677778288697
2355.786907389792    2066.429321897881    1         0.6792233338858257
2645.2556145486824   4108.017218726874    1         0.44988626874494164
-9098.930235515194   -2763.478571666311   1         1.1967191407950637
10384.22943303154    6701.199370399607    1         1.2005094700418704
-3620.08503670112    1255.2540278619474   1         0.5344877002653111
-3337.4605810526427  8185.079606830534    1         0.7711833622384415
-1481.9379621573214  902.5498156042427    1         0.4329632840477343
-13667.586199216441  -10951.954693400643  1         15.659709731614248
-9035.319973053103   3048.519875448247    1         0.38468156760666494
469.5120002149725    -9640.26496788747    1         39.34572235299735
-4807.709567495016   -8425.206332529948   1         1.0790240428245408
-2144.722852906016   -4783.987425232462   1         0.7628620792838483
5404.915721368665    1658.3429207373283   1         0.8002701266937315
7200.244124491395    -3541.632735314188   1         0.18669933168320857
-198.7938958151491   -423.6649493284885   1         1.1733189830216124
-2573.7994405090676  -1333.5775091963883  1         0.16853629433161205
-2050.2089887287475  -349.561570202464    1         21.047552681035896
1044.8675231429102   1119.4076352648615   1         0.5115171949226514
-7497.793135371698   393.73990314275085   1         1.183701378973792
-1192.962132733905   3740.084698134295    1         0.4129938826538092
10638.920022006358   1193.1568240911176   1         9.879292618299774
-4160.775896981757   15338.699748647747   1         4.188910257777861
-3077.6616319348286  -10814.237530164653  1         0.3982857472569362
-968.1553097871965   -6658.486450057631   1         2.1104391265891627
-2387.105655938717   832.1852545368481    1         0.9453923949350537
-8948.622381179493   2831.1627998906156   1         0.21711276779472702
-1095.2679577464035  -4677.961155447847   1         1.202968997744674
5948.663758212166    -5.784972812860753   1         0.6125574298303315
-3311.060705270349   -6438.060061446129   1         0.5868080114132835
-5877.341258357598   7961.578326955483    1         0.5940892801968907
-9478.218468666075   -1705.353991728301   1         5.706067423275487
-6880.124573329217   7143.810230357005    1         0.19877633460525557
10639.637885276055   1226.341193714461    1         0.4095104321275769
