trucks_count 4
drones_count 6
customers 95
depot 0.0 0.0
Coordinate X         Coordinate Y         Dronable Demand
-3337.274405324581   3111.3888832775783   1         1.1009499785932348
-2287.3479619262307  -10096.975144782708  1         0.9927228530951961
949.3645228525195    -3607.0624733860514  1         0.4272269036626636
-6876.876639247804   3529.1078107061144   1         0.6721193837027458
-4509.052175886998   6905.251450291872    1         23.278137474771178
2752.019993391041    3045.7232344221898   1         0.1843633352371232
10010.62056964844    -12668.503352501146  1         20.328805877015533
7450.877128277094    12486.436020791054   1         0.3567967959818389
-1557.8884083156092  -4076.954243010339   1         13.319721673554726
-7053.753734184258   5831.566818607593    1         0.6976468611605645
-8378.302723835106   -7901.78641765052    1         0.3813609169335721
-10579.227793704442  2384.8003463231607   1         11.793208699621605
-3997.041180150364   -128.33006049417     1         0.9056501898028647
-1893.8067477563498  1887.9802546084807   1         0.5172261559566165
-1306.1084942079494  -6623.567560841101   1         1.0043540892808973
2612.4596935262616   -8759.640007139293   1         0.10177216409647818
4703.862344208573    8516.40034831497     1         0.5676301927669274
-1626.413396109789   2086.3600080328342   1         0.9773145247186174
-2718.3713459365276  -3795.955656232552   1         0.3249834137875034
-10365.98816229405   5153.010053563939    1         0.6033293049709416
-1630.8305853431266  -3677.079640476382   1         0.2054244758335083
10256.582797843545   3116.569808717604    1         1.208621852788642
3556.376015641478    4819.046324009349    1         0.20628044736012896
-298.7732738713299   6393.961903355397    1         1.0618892369672297
861.8966129947878    -2508.175685963356   1         1.0632394604246436
7012.710918883266    -553.7836179584064   1         0.6182520319812329
-2672.817583762614   994.124820080089     1         0.8225814862229831
5342.188171537089    -1863.3601145032937  1         0.9527668608377446
-2939.872753999893   -9842.065307028608   1         0.23663261662118582
1211.8948574238173   8264.162843652328    1         0.20347676905878181
-2543.584195503687   -10030.214147181141  1         12.242694284107412
4556.630995193511    -14889.683550460624  1         28.491531325155677
127.31447906618185   5869.930764501519    1         0.1615958438099497
8552.422831628499    -5729.230756549854   1         0.11978598979649684
7043.175814772454    3768.4263967733      1         1.1793483922126347
9849.570815473533    -2070.7634480507672  1         34.33214980224838
5397.71418253841     -2396.133842688626   1         0.5087764247525907
10661.16559504937    -710.8683047325146   1         1.0282821334224197
8020.609854295523    4928.862914919962    1         0.781619137962725
7737.494814961214    -4940.6336446604055  1         1.0997379330224941
13222.837231647958   3452.0136702242125   1         0.4661874393210127
-15124.05597415599   12703.358849056916   1         29.858407961848012
-3050.707011322322   4306.228431009989    1         0.36787230582870845
-2523.6001942839357  -9272.789232680956   1         0.3626729107191521
2051.544243723631    8649.390480619586    1         32.82515128998695
-6799.555392925748   -329.6084694713211   1         0.881855285369646
-8450.019894051125   13377.454558774367   1         3.871410283355197
-8940.05656456024    2228.8110893730177   1         0.687464846376556
-2195.137471886683   2825.587746594456    1         0.6793505689472864
4722.924726654726    846.5371459283148    1         0.11357059641702458
4043.9638239315273   -6509.948074578891   1         24.60744844054918
353.81144544498824   -3310.056701221439   1         38.76685711648861
-6258.139205904785   5856.529774735656    1         0.12377827929709227
7075.079759697675    -7378.611588548689   1         0.31936816680453517
10234.43795323041    157.91818612971804   1         0.9143941708719264
10728.665898185522   950.539932636709     1         0.45950999559907624
5134.604357918331    5891.78832234928     1         0.7886918739093505
-3551.8030404985234  -690.2197332191647   1         1.199825884908646
-8544.007464363955   3110.9575968452928   1         0.49832361333638564
-963.2484596705295   -9126.992427447733   1         0.3299731774799086
6740.250187318435    1810.4576606322887   1         38.364532291401964
-14757.11468889249   -1872.0498032825308  1         4.228008889679142
3640.3568298654627   -10215.092071950885  1         0.8074748238622257
-5176.90910937299    5499.006640111448    1         0.6328665550725526
759.1342271680072    6110.871045170738    1         0.5047442180272882
6862.88632445053     -1458.8572076682842  1         0.1839852352502861
-1954.4755174492354  1508.5951657391693   1         47.07718142370607
12983.35498897151    -11830.791583886015  1         9.36163166742015
2622.9866770700874   -9754.192382010582   1         14.372005022478822
-4332.276051396442   9884.715602132605    1         0.1522463810907619
-11613.674782233884  -8013.692173151882   1         46.41447815891503
9119.15945836432     13040.006530355251   1         22.68884842880323
-5299.902668835333   -2846.282925529343   1         0.9931040562558008
6193.83551492283     5552.991077958341    1         1.017137468351614
-574.4399054459547   804.3765414811229    1         0.17617215450699547
6580.59907924915     -4336.5457596919605  1         8.381639105140174
-2871.9609079918773  -7619.2132752608695  1         0.722136034507692
1292.0432471303425   4696.508864439656    1         0.9985224080058437
-3114.38319308218    -14651.287511916984  1         0.5833586030256653
-6800.785625667325   2457.988509723925    1         0.8532153934475384
-5281.008820172252   7636.041907387195    1         0.6146638460417748
-1575.5440434398065  -10221.696898482263  1         0.19584768185690754
2106.4997918201734   -4205.905189075664   1         0.7703705236409314
472.0663527225097    4413.211850504242    1         0.45027492483782783
1313.0962899698702   -3180.8391512164444  1         1.0109273166544923
-4732.579459656967   140.3601765806914    1         0.8517645681960518
-2479.73311902668    -5196.692176596798   1         0.7002756851544834
4862.576921431988    -1268.4735915738443  1         1.079813248200365
-4267.736094400013   7820.985281047695    1         0.18802819526230546
-6288.209646622721   -3219.9729000753205  1         0.3143601615430854
7362.490209701449    11676.684189412943   1         0.7232446856808512
-683.1156105510694   -3314.632105127504   1         0.43322733238945177
8311.277855705124    -1492.6475947851723  1         1.0060664849328749
-15682.05112347532   -5456.285534230392   1         0.6982380990283468
2080.6096873389833   -2871.011653356485   1         20.712020355166022
