trucks_count 5
drones_count 4
customers 60
depot 0.0 0.0
Coordinate X         Coordinate Y         Dronable Demand
-73.67940238948991   761.3388472539194    1         1.2317062527232316
-739.1769534235991   7337.12575775983     1         0.38370611834397084
2720.0773667903522   11558.834637679924   1         0.5116768210781852
-3089.41075908281    -705.9184539549962   1         0.7099521036634502
4173.5860070041945   -3804.3985703870712  1         1.0183724487213135
-1194.027249754494   2161.3504269829673   1         0.2999220580350608
-230.2991975973619   -6960.991032246015   1         1.1735500949444106
-2091.5105000858075  3924.3398963244686   1         0.6061290305922687
-8228.382062156894   -3591.194417392457   1         0.6504320557892277
2769.9074372402238   345.0119796399745    1         1.0823530059606679
6703.272950297781    -5312.929930736698   1         0.7734995334155983
-2841.8930296208646  -5849.64627818255    1         0.18677397921196848
-3600.593952905224   5862.7558426672485   1         1.1248700225735024
3062.5618564451197   -9070.431816338523   1         35.891320962426384
6554.392989133899    -12733.727113816767  1         0.1549546578766139
8222.605439347983    -6128.146317035669   1         0.3220862094928227
238.30307321153134   -9214.012208528371   1         0.40235382686143406
-4951.661932425953   -96.32075174567764   1         0.7469142813423238
-12627.004750285196  -12108.94548296877   1         38.60581139190747
-8782.32624191016    -1601.8606937986185  1         36.89248420936803
-6826.14947212932    -8391.840329430199   1         1.1734938717084344
-9067.407366456999   -4083.4642533533347  1         0.4409474659136893
-1505.9940445907353  -1486.574301556189   1         32.06769103940328
6349.452696584231    10863.554004603793   1         44.83216526513603
-10778.484028197896  552.4867522987795    1         1.0956034968454282
9500.811623907908    2489.9782034764207   1         1.225916464776687
-5787.158847665825   -417.777261167871    1         1.1594781237926326
7203.243905477225    7750.370200703251    1         0.7533413320423664
-3510.417326853189   9173.274906078113    1         0.7403536495204952
-5295.337764854904   -8706.564241924103   1         1.0361887942069556
186.64328593600007   9345.888513469066    1         26.227217143961212
9578.055918895478    -3665.3387202909485  1         1.0780096598587035
-4676.2003826651735  5584.574546669771    1         0.20321473931396442
-373.45062546043334  1325.0392935117527   1         1.0297867375897845
-5355.827444475103   1972.7261341684195   1         0.353536908796492
6187.759893038241    -8186.2317327817545  1         0.9354343552923904
-1965.2426938190067  3742.3814528395706   1         0.7512459147386287
7479.802050791645    -4940.155498178902   1         0.8897931902597879
5327.147953325144    6603.452351412134    1         0.6050511091961266
-7524.061868064191   -6455.473265781236   1         0.8654378449970114
-4182.4125676516305  1026.130435993541    1         0.8903289041265419
508.86833026331334   8521.826843292005    1         7.356328556613654
2581.097234174388    -2571.7034418735416  1         1.0974336559191
631.5210722251857    -9844.075262767119   1         1.1691054698860173
-12061.19655945293   12224.676107058975   1         4.202464436599142
5161.333855734254    -5558.53077865754    1         0.7735427318346361
2459.3495298444955   239.0250782887161    1         0.49348279794739613
12726.13191749671    5851.255203149238    1         25.627552253516402
3231.5216566493373   -8646.530261342887   1         0.354367124249223
-9680.019711002551   6350.117568353384    1         1.0212035832294686
4713.623919803634    -6748.394736325119   1         0.6503798354293842
733.6070465240392    3714.7434831804158   1         0.7864728135504157
-10304.47922246546   -6374.451830761412   1         37.13959537550805
-3613.64024086397    -7810.573257288042   1         43.622859889711066
3351.169486139627    7836.687827010223    1         0.12051393356298369
-1974.5044433816201  -4355.514985498554   1         0.9091655310837815
-6516.685672093736   -601.7175383952596   1         1.1282260073998867
-4889.200648227207   3146.995635645104    1         0.6414943227833777
7499.10759074302     -3679.781758978014   1         0.45388960800117173
10036.153673639012   40.36851741699005    1         0.858879674558136
