trucks_count 3
drones_count 2
customers 20
depot 0.0 0.0
Coordinate X         Coordinate Y         Dronable Demand
-4570.921145891908   8335.745150266353    1         0.19120134706388064
-8201.434995304193   -2959.750342915869   1         0.8769153702801968
4814.847148272466    -3609.0595826491376  1         0.941277876326775
105.94270743561356   2411.863104342152    1         0.3578227007547302
-7981.09143940782    2860.137449238198    1         0.8082267385212984
-1022.9665501015562  6790.363522325259    1         0.34413398532513895
-66.51852403126244   538.4451237866153    1         25.294781811347466
109.4073381769563    8525.869253248778    1         0.5992991265223171
3543.722184050441    253.09484533303112   1         0.4019640804227924
-1266.2232247039956  -370.4378744616206   1         1.0721596478015138
-8739.386876960254   -7936.045637622182   1         0.35300890112967465
4797.114011111466    8651.822824628685    1         0.2132507490675994
8200.93298559553     -3503.3397384450973  1         0.33958128448480734
7580.936191559471    -5666.7859343031505  1         0.22021549015424363
-5194.775672544281   -8174.3301158186105  1         0.974943204875611
-910.5619971316211   -8339.557500915253   1         0.21653200069007247
7235.194395390303    8175.627090436199    1         1.0698454440988747
-1692.474430348042   -1732.5325114745983  1         0.4788472065210332
-1318.1381167840664  4423.03447947713     1         0.2942196934590161
-19.653053062886272  2154.8911463259446   1         0.9954834976396576
