trucks_count 5
drones_count 5
customers 100
depot 0.0 0.0
Coordinate X         Coordinate Y         Dronable Demand
-2574.3647676349897  2003.9287907128169   1         0.3221963583257652
1330.6820679550533   904.8408136373001    1         0.5512323564409939
3368.902862203339    2140.201513131004    1         0.5204598273111942
328.27301828774216   2785.9335745261014   1         0.803415356840234
2397.3545629322434   3726.847812654093    1         0.5140859501554896
-1142.6659240173722  -991.0094160804811   1         0.6523175240948871
-6190.75755220822    6060.090802007834    1         1.1998152539128584
-7007.233383929618   3987.9238317143027   1         1.1768942121154398
4084.44101907242     -520.8780189702088   1         0.1475476704700532
1374.8198408181543   431.1943973074148    1         36.585945684772376
3487.7773880416535   2001.6468567847157   1         0.7232654332044909
-4397.715477984507   -4935.712631134366   1         0.5428464940478754
-1073.6469524922816  2089.580189888192    1         1.2138285688387234
-1830.4022253616695  -1946.5086287470053  1         10.723210613120495
6634.883622271967    -4284.914178081524   1         1.1750546756363303
4282.604248134707    3880.925025673141    1         0.5471225651859047
5090.620573725689    -1723.67883732998    1         0.43305042300110186
5988.121416937602    -1554.0531147027434  1         0.9081872911607798
811.3441466572947    -6568.507778084413   1         20.15357149651272
-1511.9170021196696  1785.7265348162412   1         1.0180681900870847
3018.9264902409413   -3331.231201680562   1         0.21438911052379916
-318.1729239270396   -1753.9768215368306  1         0.2519783716569277
1535.5770226533746   -2461.9180530346734  1         0.9411963978865543
1668.0874998801494   3435.878052301534    1         1.061147769667213
6352.365706348074    1925.9081554546867   1         0.8771375883484107
-1616.973567004111   -380.8937761728657   1         0.5882959034454541
-6646.25997972406    -3826.3512415779364  1         0.7021168570465095
7014.19465130611     -6576.428085101835   1         43.65874529885503
-2689.9627615986124  -1308.8953087492523  1         0.15419072448696086
-376.5559674091772   1611.449259274836    1         40.96937189636962
-5750.4904245679045  -3909.11285044607    1         0.11430757131465911
-1168.7130912236353  -6948.057783071097   1         0.34955042502764866
-5533.2636738477295  -2369.411994841738   1         3.750681335166318
5665.2504051993765   4651.987118049735    1         0.5422668143175207
2823.8875384160483   -2100.1168897498646  1         0.36721100524348405
398.4944958944275    -3071.3453499505636  1         0.5110742382046998
1633.5743036633598   -5519.846551959678   1         1.0157610628558171
-5725.904471567282   -3679.8253468459548  1         0.8407545980432704
3808.6121974896246   5430.275340216555    1         4.804660369986138
5043.293727123568    2531.5429928780163   1         0.6751329016221438
6758.620017732085    -2651.6119728281465  1         0.8117750664870658
-2123.68847613597    6689.358242758206    1         44.42665476771717
4532.734408219901    -4147.619870481307   1         0.5749398202377324
-172.71643457419214  6321.871787314101    1         0.6736183146281337
3375.833720307953    6865.433051847329    1         1.1834900102995942
3020.294912690606    -3962.1610544961304  1         1.1881935343018672
2555.8698798110518   3421.2719060309514   1         9.81183038652004
1594.981853977286    4557.755862083505    1         0.7036707191550237
6718.846708037233    2675.073400071999    1         0.6697920180055088
-1899.6091640252587  662.2576919522108    1         1.1702738002160027
4506.393802137394    -3719.0678596310026  1         0.5953981290641408
-5187.962366524236   -3800.605254130638   1         0.9861891748624741
-3208.4510427264727  3003.3708319184843   1         28.436409692235525
-3474.190080609105   4855.443297270597    1         33.572174519939225
354.40249467852124   1882.4128106485214   1         1.0085580939076828
-214.00512197860186  5877.343809384388    1         1.1009023384255148
3041.115114617828    -6448.432463085544   1         0.2775328229479793
-6123.697378811746   6933.823565109325    1         0.13970799719032828
32.74060143997722    2380.1869573209547   1         38.685920523129504
-3090.390284603825   -6120.030258948474   1         0.3670414977884151
4370.770158372044    -4551.555318064189   1         0.3526663462597174
-4627.099336434518   -3073.5099212690193  1         0.4053225453208613
-5461.933482245613   4877.060947286976    1         1.0225588850597873
6711.458774980948    -3341.7349417031564  1         0.168697122003194
5527.635794713509    3260.8666738746588   1         0.7419641627776254
-2880.976210298437   -776.8233927861705   1         0.2786887893498064
864.661895568095     3628.295929063917    1         0.8658270478195973
-6523.449761183512   -5243.1899856311975  1         0.9308214440642125
6998.688533945831    -5167.4979531346025  1         0.4215221332942335
-3586.566261206548   1185.0264432594581   1         0.6138731246822494
-6108.780486785012   1375.236591343397    1         0.49610943615346437
-4338.3235725793365  5041.711062518955    1         6.822507995471345
2235.466518975171    4943.883938473529    1         0.9336994812700132
-5166.502090374958   -2757.9846240505417  1         0.5666636104169648
3374.5915041888784   4227.046571440536    1         0.5734675753070494
-430.1815143613213   6201.934028874369    1         15.802562742705254
3188.4313573365407   1307.5581710684344   1         0.8640239969921996
4286.236213807579    2095.836872461688    1         0.8543268417504283
-5582.15614892688    6464.3551759375605   1         25.914950055204503
-5398.049814430818   -1672.6454648830297  1         0.8782404201877368
-987.3647178548956   280.89084473109017   1         0.2541820360328597
5800.75794493705     1341.9981170470364   1         0.9236694923567462
-5822.942087222435   -841.2012000895502   1         22.311782599963884
3846.256805875863    -5405.820433887562   1         0.9453886181394857
-6399.747995332585   -2000.6139528821027  1         0.45019647550109443
-4145.330338775487   16.229898937549166   1         1.0195476974777193
3271.825460932549    -5464.4026305359075  1         48.688953384601724
-2.6030398754639625  3528.2952740177884   1         44.28460977351093
4514.150022457232    -2876.371393582107   1         0.658173656551019
343.5164770140482    -3966.6507570187887  1         35.56878294739632
5654.598561737174    -4904.531561887819   1         0.7301193418307932
-1243.0379937807766  1736.5634668553812   1         0.9060657235587262
-2064.4439886623777  -5352.965196523552   1         43.856195838641526
1501.260444820902    -1960.77641466065    1         0.13239090656295413
-3252.968510020245   -4667.237101951304   1         0.37638261905824777
1904.1436936174618   -4061.2111091864303  1         0.8676111717176057
6392.030376375299    4571.147369952964    1         0.8761853585926173
-1460.4551606503246  4983.4910902569      1         1.1088423788933912
-2835.045918814227   -4708.073916564476   1         1.2044640812578349
3285.377344746108    2762.124105232626    1         26.124868740570424
