trucks_count 3
drones_count 4
customers 50
depot 0.0 0.0
Coordinate X         Coordinate Y         Dronable Demand
-8301.123230893669   -1420.4963351575482  1         1.1896169538894454
-1948.4781600679762  10197.20907468464    1         0.3160002749879973
10226.610525694809   3518.903724715122    1         1.0690711681689038
2343.9638966877105   654.0705914184923    1         0.885767425764027
-4075.807631587084   -2104.4912623537257  1         0.11707162358884528
2940.7074997349587   -2536.0505575281563  1         1.1822895064406875
-7829.3875448692415  -2723.766082123221   1         0.8308223906717547
-3655.8032482974468  1161.2577395511842   1         36.89252433959524
5724.294076095343    4936.609574134647    1         0.42739162680370346
-9945.959311533348   -981.0966645766761   1         2.264730603709733
-7958.998681436173   -4320.578814123105   1         0.3460685050224256
8190.647917742292    2132.772085560946    1         37.86268899280242
-10737.131915529446  -1854.3173709983632  1         0.11267549259102444
330.70775135782327   2857.222493742697    1         0.8733049733852759
-3159.482702349201   1115.6743999970345   1         0.923819171849426
-7776.8124622338355  5758.071589096377    1         0.4892053691747952
-5967.290887233254   -2723.9671939319824  1         0.7587848408879272
-6276.596493938902   1078.7835421119598   1         0.5540747296870957
2324.8835032668067   -8.056625893732416   1         0.4957561023374869
-454.6545427089095   10179.18141578725    1         1.1259957966405092
-4872.735388089571   -5559.539116052034   1         41.341135183639146
10550.507189992883   -1959.9404267751634  1         1.7295422469812647
-950.7183327818243   2740.0456487664214   1         0.7871994109453686
1829.0263895012984   -7377.906618375258   1         1.1292364796778955
-2225.493406427574   5992.855092257944    1         25.315158939788954
-2755.755200683401   4836.6454085800015   1         0.174755606924664
3801.096006891781    74.82021382915597    1         11.599072816412416
-370.86813039692424  -10575.70209258749   1         0.7600482076200543
224.51813152987683   9500.446683655975    1         0.7922342352201894
5107.753076212285    -2751.2297813475793  1         23.412875010257185
-5695.395196920173   3408.9893750617416   1         0.8754047240625137
-8677.046025934553   736.1217116058319    1         0.767178035325006
-3062.9355323551986  -5475.693287294965   1         5.206406593737919
10158.526108429674   1556.4656739086793   1         0.9881404575857051
-3789.4007043920788  8386.720024055941    1         1.0139715665480344
5404.959919373186    7006.157736862906    1         0.7372555405291537
762.4836286108958    -7735.755062523312   1         0.840558580534458
277.08651636637984   -873.8159743813715   1         0.7467434137736334
-4688.4112242975325  5692.593432704991    1         0.9383592743786675
-7024.614365026248   7523.5896878490785   1         39.2396424539672
-1449.7033079921312  3446.73409224806     1         0.6319845388048517
-9517.872398061247   -3011.6524134800543  1         0.8477092196884278
-2261.6658507867105  -1838.26930920805    1         0.42867014830870864
739.2234899625       7409.568770340928    1         39.760678505037504
-4455.323534291219   4145.129183773546    1         0.8580742770931692
4153.603804537517    -3910.3210159119385  1         0.5270541183030245
9411.162183074412    1318.7186010905425   1         6.161344190819736
-6883.214066775107   -7150.426063282173   1         0.31864479643173477
7600.728116735062    2546.4895842418177   1         0.5956802154756718
-1646.2521951434574  -3819.0306683397753  1         0.5932645946538428
