trucks_count 4
drones_count 3
customers 46
depot 0.0 0.0
Coordinate X         Coordinate Y         Dronable Demand
-5515.82182580318    2523.982273791986    1         0.3944566023487437
-3729.9978962262994  5453.489140893239    1         0.47436718928242716
842.874484447278     -9044.484392381868   1         0.2714017532957747
-7843.138614897832   206.81169925579096   1         0.7177677344580233
2520.1327079223224   -9137.151743418508   1         0.9727945390844025
-6215.476047693633   6805.701658419143    1         0.11223863308857589
-6381.656158255202   5429.105880410666    1         0.6778078213785586
1515.2048822813395   3753.8124090304636   1         0.9631451327251123
-9565.114676628195   3310.309241639785    1         0.6924289720164284
7083.141163492242    2458.7059435908395   1         0.7284623493806979
5927.754395968328    -3305.0424575714223  1         0.7966230150776441
9390.499317224136    1477.5366435931132   1         1.066590268440317
4259.124299268486    -8712.89938579913    1         0.9820223911312624
-2349.883328446976   4686.2700275141215   1         0.8473718301903477
-7551.265945731156   1904.2173147030448   1         41.03753800595341
6131.51979518248     -7939.550055646453   1         33.337722810127616
4645.2469017425565   -392.5219533753561   1         0.6104365754336757
8976.250145469436    -5575.263171155958   1         23.856989207200765
-1195.2898554492372  -6330.216024171209   1         18.05299039012291
4232.3161568172745   -8248.014389175345   1         0.9672169987954927
3574.8082871694046   768.5225730696001    1         0.2438665260731071
1924.0959918852116   -9504.324012415556   1         0.4556539588929829
5882.3752511955345   -2289.205800812587   1         0.9088250102861585
-8063.839775388061   3255.1834945808214   1         0.5655639038247061
-7804.174396546138   -6633.866531609323   1         41.0721308303075
1636.679846158011    -9576.886753338198   1         44.23470784337693
-7375.23885616469    7535.216729814907    1         0.4163201384733939
-1039.4031488688943  -7730.625568675912   1         8.945987456371785
3753.0836190647115   1830.58057753928     1         18.065789881601393
5024.531373995046    -780.0549911844455   1         21.7421973266086
-227.88236591331273  10202.887581667826   1         0.242058565973645
-996.6434971852627   -7129.875034663397   1         0.10034154565466555
115.25076501582771   -11611.474319380055  1         48.39467458048777
-920.7735682450299   2323.910545487334    1         0.21960602743358315
-8078.540145327417   -285.1114093007785   1         0.754615003743908
205.59480822893966   -7112.218391907005   1         33.83778713455578
-2903.6229799021235  7536.723620275592    1         1.1785685553939105
-3364.569419838097   3111.672035688058    1         0.19743880479452652
9189.22902031685     -519.5589692998966   1         0.4741082239341201
4153.588322883344    -7425.978961203555   1         6.132690299580787
-1824.477400260753   707.4902820639686    1         0.36020004387233484
1154.2809256447906   -5851.849931284456   1         1.1634416409452448
745.587178345171     -8248.512513658223   1         0.5047674877070523
1413.6539266835532   9319.656443311515    1         0.9298574774164414
-4881.693598518581   -9237.50577311082    1         0.8589800059347295
-11307.089392455866  4033.704387648537    1         0.5686375745844705
