trucks_count 3
drones_count 5
customers 68
depot 0.0 0.0
Coordinate X         Coordinate Y         Dronable Demand
-3525.297276527481   896.2378894578978    1         12.93286277841125
118.67873836290923   4487.471211242505    1         0.27563057941516556
-4245.030102531352   -2000.5710453273616  1         1.0854031960152841
-2658.2540919370995  4229.227957665959    1         15.428081552464993
6232.146921875836    6762.958863390373    1         1.1856243436506613
-7295.516165624978   -332.24983759621693  1         1.189815124858418
-391.3964969894397   2158.3033310595056   1         0.20845873961297418
4970.0845815421535   2734.0340275618473   1         0.518004775350279
2135.9011080828277   -7086.613202499667   1         0.4912891311320011
7490.42857621099     -3173.575007060838   1         0.6105794581299224
-5496.0912180081905  -7158.649525869164   1         30.42399207279251
-7607.118979889216   4085.836888864077    1         0.6838193342708051
2206.0896070279896   -4761.044909057272   1         0.3269020330272142
-729.190132346738    -5451.588552795076   1         0.17795679666339712
2425.8858612721706   1148.3591849520271   1         1.1863856146353358
-188.45872171627917  -2171.514336683278   1         6.731442163699079
3149.1435187600946   -3097.5804476972908  1         1.1187123171974902
5619.306837285994    7239.528032346372    1         20.118990226893253
-5719.960047254924   -5997.7942610825185  1         0.5900231630666072
-268.0388093674263   -7519.783468029165   1         0.8065938408972738
1350.968721950867    -5640.332140455501   1         0.25508922471869183
6938.233237666334    6611.618245458563    1         0.6073817542127278
-5166.6498970024895  4188.783115881371    1         0.24093352412958952
-6514.642579867387   4793.388919246214    1         0.1753683992093853
3540.4626423688073   2307.7370832533243   1         0.4497594442069255
-5757.397643577152   -6518.248311366737   1         15.319861981993482
-2142.948095401602   -1097.225876867955   1         0.8547724883658655
-7127.6539606320575  2293.703682576315    1         42.87016847870017
-6439.790894699096   -2016.276945199742   1         1.120040209257359
-650.1818259923176   -4472.767191741663   1         0.2749386769633719
3666.360708367916    7100.564287218216    1         1.1628398702713454
-5189.116955058794   4397.488461901783    1         0.3360788029291221
5441.713519610421    1369.7829285071844   1         0.6194731911362753
-5097.565190383384   -5993.2238148058295  1         0.3957986400441619
2866.161833306659    4069.2191817933626   1         0.8129797939758205
5873.557414847292    -646.6381479089374   1         0.8314573386330524
-6088.099094697306   -77.00520072537404   1         0.49379701422069067
-1225.3593741018992  -332.55547243524535  1         0.7022884428626855
-6244.230787180314   4734.612253766588    1         0.29903473642642586
6036.510931678542    4288.856977360477    1         0.9421029444977916
6643.407657492515    -177.52121652838832  1         0.4364892523078031
6480.165510344675    1833.6758107804842   1         1.2462379784626503
4849.455834030068    -3200.890065036764   1         0.46138796244024416
5388.1920852267      -6607.596936054793   1         0.45959924644319916
-2577.043695339668   -1049.0227484953289  1         0.12047196884481444
1051.0917527064653   551.7551487555891    1         0.7934008454512459
-4196.642927423624   -216.2944884499695   1         1.2067494710146354
7363.609993299916    -908.6710659242411   1         20.990352822706946
-6428.861010730069   6001.3707637972575   1         0.914148658424494
2550.8267210822164   5286.87054703831     1         2.1567264830926134
5210.8645509056705   2352.749820193615    1         0.46444956213219624
303.2852222882748    4979.223414349088    1         0.6317168952806291
490.9327098162503    3243.7286699199685   1         0.8810280904184157
-3447.3166183804806  4330.006493394187    1         0.26668639369987635
6684.060677093735    -5033.120829541156   1         18.04876865891441
3751.8163876565445   757.6773720433325    1         0.3853059598170818
-3392.740526113548   4057.2853336189346   1         37.828989034756916
6790.197002524132    2194.369233142627    1         0.8585558363566209
-5000.725337237223   -4328.347719984144   1         0.39438720727158727
-6693.099679541116   2753.458618420111    1         0.25286742185826877
5288.451101886565    5141.751216083867    1         0.431482208999008
-5744.807659307688   -3175.90791302993    1         1.0508279835903171
-3553.353993576516   3035.4880819533473   1         0.1534758084377711
-4903.3697785093245  -6209.04616689932    1         1.1156474985081029
4729.744659851789    -1132.9102346713184  1         1.072917564247188
6438.634746638165    1090.616467415235    1         1.1141775457044896
-3342.092998136497   -1138.7874521496735  1         0.18738579600294694
-5200.631662306416   -5865.052184606338   1         1.0471863058167319
