trucks_count 5
drones_count 4
customers 100
depot 0.0 0.0
Coordinate X         Coordinate Y         Dronable Demand
2276.0541313522117   -3461.4059749474163  1         21.740164285645093
-684.7638107024441   5509.955407732985    1         1.1363880773043953
166.48234433769807   -3708.285442661798   1         38.30949348775534
-1774.541651046909   -688.6413239167583   1         0.8594259267667832
-2103.2891030572637  1185.6061033331735   1         1.1976238621034037
-964.0752519397727   -5143.72488259002    1         9.269767450268851
-5568.826825906564   -7080.127930543047   1         0.32384838746610856
4898.389153094003    -3578.7584093874207  1         6.850799878710453
-1490.8542165737874  -766.2081118523241   1         1.1401697634194954
-3674.552937981545   822.8248330200803    1         0.9234454891266989
2727.7270972210417   1045.6196839640932   1         0.5618231090653866
2237.1758448471105   4106.233363801608    1         35.004723233188194
5149.7706989485905   607.5977901020339    1         6.766170120366463
5652.276738028336    -3401.9597254332307  1         25.565542081172495
-6521.499639661811   -4696.417496362044   1         0.2804357456577586
5405.908185782328    -4983.975778828473   1         0.26552382530233565
3992.946067277896    -499.25791022135684  1         1.095295979378378
1772.3101065063915   321.92136933185384   1         0.47729339800221204
399.1224564486065    -151.34197742581273  1         10.805727790044708
-1285.3883428577014  -4934.430155733268   1         0.7567249548981025
-4744.085303062154   1352.2783887893313   1         41.75493275136502
-5098.886996799348   -3324.8418416111167  1         0.8370804542480081
2122.3126544813613   2341.6349766513767   1         0.8371173624586413
-7143.570484439511   3431.754949440907    1         1.1149629214950638
-1385.9697867786547  4550.223346377543    1         0.20284846860405908
-1352.3081219599203  5937.424746895916    1         1.1094506484853495
4198.47960395635     7527.596025509626    1         1.012849517657407
6370.276569269363    -215.35729282470223  1         0.9831006998184548
-4185.821114332663   -7531.659200235891   1         1.1991214348565424
4201.739459567428    1054.2277307348227   1         41.98085548596962
557.568577138206     -4844.626060174047   1         0.761461724926721
5447.949141200695    3189.022630343639    1         40.25217459288766
4794.813872790815    6471.896477934137    1         0.28724952438457246
-739.5209686886855   3996.379731890171    1         0.54571160961587
-652.4346560817792   -3180.0936930334647  1         1.1052051005909305
4798.417095238858    -2976.184530227145   1         0.693926965036054
5074.572495399432    2294.1905314903506   1         0.38737844143565847
-4355.831634601611   5497.230379211299    1         46.83356099553613
-3118.833394845745   -6929.610967455845   1         0.8060217216422875
2554.101096505706    188.73109530830712   1         0.750557682548677
3631.4581903445064   1726.4608025309287   1         0.21631208091661663
1377.0811221597519   644.0583430030177    1         0.11971241761306133
128.2144623979948    449.6685032161886    1         0.8272915830676443
-6246.856205298867   4495.9150479422615   1         0.8022888515286941
3078.082159893762    3508.1483779044793   1         0.9250612182660901
2972.490576769539    3401.8583016563157   1         1.1278939942986614
-4197.185432204921   1298.9096925299043   1         0.13169316694683442
1774.4068965480035   1969.024332560544    1         24.368387751542848
-6229.02980213985    2076.3023984901283   1         0.5469910958447299
-4567.288000501864   -1067.1212313794583  1         1.2463853270145442
-3195.178587845008   1040.906625610706    1         0.5806228479131691
4770.028847024588    -3049.4428831415767  1         1.2405334915415727
2176.0607564292086   -5250.707000701942   1         1.065431774257329
6420.7053550277515   -1700.7642541429964  1         0.9305999445853068
-1325.770155351044   4594.53035336339     1         0.8511379926834003
-3711.7621660033356  4213.762049309704    1         0.7938028877068828
2685.0868306232946   -167.99356043521286  1         1.1252655362896893
-3469.595782787129   672.8171375169647    1         0.947879022270277
-5562.418190657371   -2598.880694664803   1         1.0194241760806242
-4316.893148981941   -2948.128014460729   1         0.5291668220028964
6614.022331239135    -2501.4248518287677  1         39.61347217141977
-7185.69245486682    -4228.235429801947   1         0.38817191098409953
5925.040226299518    -5875.057867725037   1         0.3798540387717205
4615.256360334234    -5580.138781290119   1         0.5021795598485942
5584.0039755535345   966.6560560044218    1         0.27157001788175394
-628.5658782678929   -5176.744960482023   1         0.17075561689923277
-3702.698629552489   6552.9926820023      1         1.1672501935998407
978.2135564657765    4372.0337212396225   1         0.24077598261926816
-1227.9625234036023  -5065.238277448605   1         0.7055163964229102
-1427.1314497259584  -999.9202787323551   1         15.883125667721528
-2058.723572442607   -7159.208825743031   1         0.7256985343521819
-503.2429006573807   2659.153184573686    1         0.8276268403674698
3331.628286749907    -7243.979341113596   1         0.30619050168322126
-5170.839001270875   6390.877082764194    1         45.493897009771885
-6139.6950476125685  -4363.85234992472    1         0.11662345877267323
1699.796732190551    7045.88708003952     1         1.2415667826085208
7460.203981792373    -1214.3300321583786  1         0.370460594844235
-4930.626778139018   1210.24707682995     1         1.198356085754515
1094.0413188226084   2717.2355303185786   1         0.3605104357647221
-5597.001568929536   1379.5543861097954   1         0.16523663006995187
6143.281774666232    6411.870204733036    1         0.7531859559009166
4380.420880764094    -1763.5478303076266  1         46.02884789075421
-3483.4091347679177  3070.4343153310188   1         1.001442937974176
-565.5040894381185   6650.367378943076    1         0.32148135210208106
7564.356341588309    2054.472727093       1         0.33517760054864
1315.8390171045812   -481.33342328908657  1         0.6167170678390616
2737.523816740505    2558.048175581135    1         44.32126002817089
3883.9930820992      3891.497913487962    1         24.930077210341043
3269.2075352548086   -4097.484412742091   1         0.2905053865880917
-2594.356982486458   3826.3420262999953   1         0.7093788219087535
-592.9163856191221   -3436.7246739069965  1         0.8981486475851139
7474.685074707769    -941.0878569580844   1         20.695174453997797
-341.7912843895928   -4953.254280201714   1         0.29383102685168583
6553.000940122431    -880.5904191019296   1         0.7522585336197132
-2337.145195774842   -5180.155223152955   1         0.8527997783680298
-840.2177385451452   1413.2142430603885   1         0.7291182456416158
701.5269665636305    -7287.228475933191   1         0.2723729464501826
-5839.159887539188   -5557.239686007275   1         0.30517002439310204
7103.150112036262    5800.731307003159    1         0.7233365070489977
3331.274946269489    -5775.952748607431   1         0.44538777873706326
