trucks_count 3
drones_count 3
customers 46
depot 0.0 0.0
Coordinate X         Coordinate Y         Dronable Demand
-4263.238124847751   6328.417292616377    1         0.3598502312151587
2311.96699479338     -4651.051381848344   1         0.2808759225115467
2560.2273110340957   -6788.25462303747    1         0.1192777708803906
7995.248169560301    -2530.171007196974   1         18.623378798238395
-4280.472605411723   9428.720265688042    1         0.8671492729800292
6834.954901408661    5359.316757706154    1         0.6387538790718191
-2091.620382159947   -3607.778563099884   1         1.0504734689796966
6198.600931390416    -8030.768058076734   1         0.8636313167850619
-9479.957282330164   -3514.347415073121   1         1.1303291921393148
-5220.537553813558   -4914.0381702750365  1         0.8876944239156777
6781.214012799569    6925.3897097544705   1         1.063444087119644
1762.8249310686342   -6837.388884074954   1         0.9635949334033553
5050.439768706645    2812.73667665504     1         0.10546457223681323
-6805.5987769923795  -6113.637698189484   1         0.9141719207626366
1017.1199421655015   -3096.649858952521   1         0.4141227601134946
-1941.9623818661394  -364.8061175119856   1         0.8498649927771271
-4757.271743152081   3201.2149183963525   1         0.10649481653583442
6753.764106779942    -5055.667474370302   1         4.503065753393752
5470.505546098225    -3790.251331302853   1         1.2121397141448502
8375.14065051897     -4381.142465900463   1         0.3319564048528406
-3552.3185855909824  -2535.8108688562074  1         1.073575527433244
-2798.362974320059   7035.190178782438    1         0.4076474145862432
-5610.925936686847   4144.295648902483    1         0.6820545342997498
-4392.389816343282   362.4757664313347    1         0.7300294096648137
5891.241647647208    -1053.3522928536518  1         0.6239957790514443
5004.438719437555    -165.3986389402181   1         0.7309291740318699
6408.713679654671    -6683.761373584101   1         0.20254017343838304
-851.6308631004939   -638.9091915669717   1         0.9901517696008729
-4022.4530235948064  7212.247279439194    1         0.1361565827530649
6788.70571998721     -1718.3002786903005  1         44.20061555940805
-350.5566481788992   -6443.01219014       1         1.0806744229655105
-5133.804123695848   2224.1157715470354   1         0.6397523471946841
389.03910973377145   -3586.8095283972325  1         0.6968775458855092
-9077.52319903036    3949.753824300022    1         18.29574801733735
-4230.351564979237   4888.516718210552    1         0.44692724053188315
8200.876079034993    -814.4218581227651   1         0.8171759849429779
-1260.8239947261404  -952.8775827145823   1         18.224181622979444
3979.028807903312    2702.5639675151174   1         0.3247058248402339
-1395.636536314755   4782.551782088868    1         0.6006089898719387
5955.895189069015    3145.6603628735243   1         0.5110279225519406
-2813.964008281471   8851.902095632131    1         0.6196099393181859
2624.0186018527      -5672.945637832136   1         3.9543570048928522
1623.6960134361902   -7584.835952246492   1         0.901790400846813
-2018.6028657550544  -383.17306222118714  1         0.8576663966050914
9411.44840205114     -3921.248442243866   1         0.5488555511269284
9655.05818196279     6729.187780020549    1         20.693171304423764
