trucks_count 4
drones_count 4
customers 47
depot 0.0 0.0
Coordinate X         Coordinate Y         Dronable Demand
-5800.502540579814   9190.288966727381    1         0.7418940058519964
7056.345046495974    -8279.97808142034    1         0.3466378760341601
1812.3134615086906   10413.09293305385    1         0.8164171801259346
-6684.984840673503   8586.4365457429      1         1.2441030756302762
5165.961740259363    2138.974813010957    1         0.31059431792684766
5699.556163662932    5551.314094264985    1         1.0111911110941083
8866.840668347399    -8681.94365177843    1         17.369654933138012
6859.045270006837    -5482.364147309255   1         0.49066715823352536
-906.7832859426265   -3925.708576688756   1         0.981855842557325
-747.0773348461173   -8487.917326060342   1         0.4820721096193994
373.4058649650618    3874.904963311219    1         0.33505779617257236
-835.5227975536831   7540.027680697649    1         0.40432026209569116
8176.970141583203    6432.828990101435    1         0.31598718073780757
-119.70848118683463  1026.9031865170411   1         0.7734145825158286
-5132.277834533503   -5994.857607872626   1         0.909767377143868
-9452.410196919322   3893.640631236529    1         0.6434412902889604
6114.106562877721    4664.24094932803     1         0.4304588071288292
472.42151684656886   -3292.2369963400843  1         15.789476442023046
649.3167993571033    2056.0423782161065   1         0.7744966691150014
9673.699149359509    6120.949488301423    1         0.6949027596684295
-8901.114189098318   -5339.660949100127   1         0.51178287951101
8810.442782106287    -4932.74913912105    1         25.87907708833872
-7302.213009716877   6039.339049132541    1         1.0585239676962834
4178.292117865847    8756.804246514543    1         0.12322889595720946
-4385.312403607592   6240.495718419591    1         0.2966657148277707
-6049.625215613915   -6106.651412988959   1         0.8245830683903896
3631.3776379196293   -7047.221105229054   1         1.0574089913171305
-1285.3541856358236  9169.682016734241    1         0.6973614015750791
4114.642775281667    7445.765148797367    1         0.7406901191796674
1368.4059765479535   9328.34372368519     1         0.22212273781546038
2752.6445427765407   5509.204247009265    1         0.25555373763959166
792.5238172554974    7386.050727912753    1         0.3728492057113856
-8393.82767438929    2903.600132242595    1         0.18831756454570736
-4623.5286341182955  9201.503558165403    1         0.3853617388539148
-268.70340760480616  1121.8401640919997   1         0.8048732672611545
10116.440122108717   1163.964571287981    1         0.8785572353323533
-9716.861023213458   3081.569677491737    1         0.7798384078316666
432.37522964229913   4977.289881770025    1         0.7161981878247862
-8392.688033538338   -7296.56970889676    1         0.17071808369453323
882.8295077357407    -5391.531169573753   1         0.3180347402092445
-6241.363380418204   2284.247285359308    1         1.0731907245088093
5744.747656832714    1967.893587401647    1         0.7058990170435421
5339.702546289129    -5516.807599027425   1         1.1376696015970944
12278.66946879113    -2927.046622362186   1         5.4089482648452085
-6882.690444317335   -6173.416106916684   1         0.22076384508206248
5411.5325963078685   -3111.6844286898795  1         0.631131939443994
11942.04107679726    8817.613200073163    1         0.9739373585629744
