trucks_count 3
drones_count 4
customers 47
depot 0.0 0.0
Coordinate X         Coordinate Y         Dronable Demand
-4847.755934824828   2396.1768399894063   1         0.5670509308937582
-4869.862106419995   6112.663560715422    1         0.28629386898797293
4138.284106108811    1208.5173054256238   1         0.7199004416654291
590.2438178646543    -4716.243111481609   1         19.67962298025259
-4780.064328283863   -2835.833084708525   1         0.7938952901088918
-4703.913535506396   -8268.394513712625   1         0.817876493242966
-4423.088905382238   4599.396340053589    1         9.02795080895036
6381.540076842434    6330.9563945724085   1         1.2334889710179442
-7790.581626559422   4687.414266580972    1         0.3273675462689979
-77.7627071482384    -5990.604523519524   1         0.5903491490478927
4691.931656239692    -6594.229177864815   1         0.7644125165949566
1907.954295509779    -4155.102045000314   1         0.42299035285317643
-3514.0520916105365  690.3060601837614    1         1.173957187909612
-1474.049492435512   6503.465842032426    1         0.4928293080211683
5590.531115291674    -6765.635841330159   1         6.727280208105449
7361.511876844219    -7946.969406305036   1         0.47035603266403125
5591.615841304421    -8406.57476506489    1         47.139262667024504
-1986.8685111407283  3121.8015043050846   1         0.40078987009938494
-6543.669455441754   8242.642143785804    1         47.257170526819074
6876.892959067934    -7889.501951579213   1         26.809289659919273
4913.057170263302    6682.876278903378    1         28.053237430734008
757.2278759217446    -3428.4271637888182  1         0.49754371574729295
5820.692275139623    5069.696622538587    1         0.7199645462453189
8277.007625461869    -2924.6148263949935  1         0.6256215122275685
7410.203015953764    -6469.18863190746    1         25.46452966959496
3873.3284158630468   -1627.733342009079   1         0.8207648310724902
-3036.359718916486   -6171.608954308265   1         47.99718588699821
-3528.864885632732   2388.720111512923    1         3.9669405100027086
-4651.278100901666   7535.348609373534    1         30.606902008066815
-1422.7677203736578  -4667.887041862398   1         0.6730724907762458
-5433.760542126417   -3496.408933564188   1         0.5408721472413751
-893.3869223349784   -1108.2148117432985  1         1.1440333546479675
-6549.598584898294   -5372.5559621776965  1         0.9778657805807219
-8066.107413226679   -5123.929829190254   1         0.12066180528894803
6217.59475209308     -8223.143927592342   1         0.300571575718866
2716.558292148213    3435.940472010652    1         17.043306712254285
2128.394329880602    -3414.647711246788   1         29.720056989961577
7054.9678190744335   4252.804007949089    1         0.17924137705441273
6038.618290880201    5372.167881914345    1         1.002226636668856
2709.0915258843906   3234.5356407451386   1         47.122436015403096
-2015.831245282658   -7940.852430309541   1         0.3743866948291087
1632.9812258736426   7372.2894923890135   1         0.254057793517269
-2175.7308550915955  -7807.416485125567   1         0.46136715518161286
-2476.542573601383   3451.55744318886     1         0.4959217540913057
-2495.6061892096236  5493.15170828404     1         1.0112165979747623
-2162.4609855981075  627.2584131916968    1         0.9227378791842803
-3862.6015036318213  6273.514702441487    1         0.3559024911434331
