trucks_count 4
drones_count 4
customers 98
depot 0.0 0.0
Coordinate X         Coordinate Y         Dronable Demand
-11370.662140829381  698.9439262734777    1         16.87116701444843
2971.1893207224452   3442.8808696403175   1         1.1105184065155256
4288.332827645614    7447.432147834494    1         0.6344567683205322
-9278.700651729445   4715.873863216392    1         0.6188442586662722
-4188.250626755119   -2612.7373819587715  1         0.7074371642010148
1020.5335250863673   10617.283294250694   1         1.0105140028435506
-7374.395815575415   -909.7946222451793   1         1.1544577311929909
1147.2929429205021   10352.48775661698    1         0.23944715299049124
5582.429386561532    -5199.290554131991   1         0.848077432474295
-5143.25061502837    2354.5697529840327   1         0.44075571647970524
6831.6200148434855   -833.1401812040822   1         23.129451964248414
-2258.805336418414   378.4293894632527    1         1.2033583908425936
-5558.518206574682   1076.9016396022942   1         0.6171069604696406
-12474.73440963392   13634.877243913632   1         17.73105045784342
-3460.8388912465207  -4531.449557531813   1         34.42934263651663
-1518.4159547166762  3011.3380771800853   1         24.358983902515487
-6935.454951032479   4773.511475509408    1         0.7665589936269082
12288.860950330303   -4529.708463901174   1         20.92619248867749
17.990387231766363   11172.870226105302   1         0.5555208149282331
-791.2200977449245   4180.844248450563    1         0.22354569555673368
9802.759786927701    4396.659044802069    1         0.4317928807268432
-3209.562117133345   3340.8326384215825   1         27.130417602485238
9073.628416164529    5005.523544401719    1         0.8419530789743155
4637.682264936741    -3599.5023275406547  1         0.12081379368622379
5050.263821318078    5485.304943891359    1         19.998413298340115
8419.198487393618    3390.2869953511236   1         35.88201670271872
-5672.042277343339   7621.532302624438    1         42.889015077324345
9683.09663900564     6286.215684448829    1         0.8117477881458408
-840.1775716492366   -4998.263815105657   1         1.227395928841396
5473.256673780052    1537.9802539298912   1         37.44886412566545
576.7249350622957    5838.82410749125     1         0.1630267497678272
1032.0060779533155   -10357.548557599617  1         0.5784826473732221
-6574.461526574794   -8404.498844981328   1         0.18096829414673066
2133.6668317818803   -4371.714146094655   1         0.3883226849280663
5336.556618244347    -8759.916148144113   1         1.1318309437765883
-2943.841517532822   -6204.571054990189   1         27.46453252585636
-13746.374432429739  1555.2473410788498   1         40.84326665839871
-3122.48913696295    6848.639532068453    1         1.421257068955312
-10246.322573154546  -13114.766154104758  1         0.9570058339837751
-1336.2148784633446  10057.36002975662    1         0.44332636604248254
1064.2342022086098   -5468.269020455567   1         7.257931566798797
-8191.943682392712   5200.1533756535555   1         0.2962064206438014
2531.1701440808893   -5052.8283262294835  1         26.943213732586177
-11347.596248499043  -6995.975619096527   1         1.1223628278906708
-4854.909375968255   3622.331728350558    1         0.6011366056393507
5574.784813152811    2128.7583489628214   1         7.462261908577841
-3298.674754097784   -8665.83381343942    1         7.98132940314435
2701.114348849061    -7471.191999877496   1         0.3470230518060974
5760.059786715328    -9004.46633529063    1         0.3944705812196778
-3806.251417271901   4756.732935693385    1         0.31370457466528323
-5887.988952500043   -4270.1423574192495  1         0.39203794235747047
-2809.8237129257122  8203.379321281858    1         18.493085735426753
-7759.7389934228795  -4678.208979618754   1         0.10409838491952725
-269.7565201935504   11047.85654464253    1         0.6494203892915237
-812.9291050653384   9219.527780363305    1         1.1291845178512008
10880.165074539762   1706.7471475415514   1         3.556504552709093
10953.11679940091    11005.115011710872   1         1.2082231209615
-5716.442667623235   -5539.308538312342   1         0.9527975284987866
1559.575279446991    -7256.917606161689   1         0.31986618819547374
2554.396878860124    -9187.98914737907    1         0.6057038927867434
-3893.619921354512   2928.24337257059     1         44.70687340510608
-2410.348897051686   -187.88716415881288  1         1.1866549597331544
-7866.72193880368    13555.344692253528   1         42.69451353327931
-6772.347173278359   -2133.9973338439086  1         0.44513233663832064
89.11517614065859    4349.052077872917    1         1.0350486670275036
-2301.358927688783   -1879.082228276493   1         0.9011168891906101
4987.586085313335    -9680.606833711203   1         1.1058179782356132
-2401.2319652994993  -12446.357114559116  1         0.44989525594149826
-2134.643329222804   9873.46005300737     1         0.5718047387800104
6019.645794369142    -2502.054865005126   1         0.9614695234124141
-3368.0992843835566  -4593.571927423914   1         47.773143345108025
9883.779054152908    8914.40612709262     1         0.3439838124146072
-5237.579598759847   9509.747302577465    1         0.44410444695670126
533.0474788951517    -5272.170982335333   1         0.7419249048933478
3462.280152582903    4765.314456562574    1         1.097654498672829
-5859.062049181179   -5593.2098931872     1         0.20753797604342428
-6670.218703906035   2389.1865888741863   1         15.6035515741018
-1237.9354060060248  -734.149011312581    1         0.6801009266188658
931.3546287648995    -5437.144283518504   1         14.614943485281966
-7343.886267012018   2350.4485922162535   1         0.3977872152445444
4245.216172073071    9253.239341914317    1         0.9167415236706714
-1188.6217671964157  -4078.242529494577   1         0.36880722657551723
6856.318654046513    -623.1982874035065   1         20.202270802280538
2467.1365722983933   -5321.939847473698   1         0.4782715371614449
3467.2661100871896   8515.358899493056    1         0.14782880437041937
5306.225724233665    923.8073960380713    1         0.7817912971608487
7261.955127057663    1043.4225099233952   1         0.6469697946962005
-7640.782752687355   4614.280548798963    1         0.30949959898774115
-437.74796831790036  5488.513509195916    1         1.001564925241944
6006.031453308499    -8156.794937220077   1         1.199368634563526
2557.9689638976997   -7250.397480889363   1         1.2249584230774775
-12732.51017191237   -3895.0502278767963  1         36.69850246395939
-486.9127226342681   9809.699327671648    1         0.6971365089553431
-3351.617766543479   -10229.683504211565  1         1.2307105027740106
736.0902189827203    -7541.061956373528   1         0.2100989820338819
4946.618062442711    -5873.089117013294   1         40.4119363520412
509.2650214480246    -478.2217544410874   1         0.8490682868830328
4096.751451039672    142.42363825595936   1         0.7224092485613897
