trucks_count 5
drones_count 3
customers 52
depot 0.0 0.0
Coordinate X         Coordinate Y         Dronable Demand
7689.532735688099    -7330.001642808289   1         1.0114820235980106
-1253.7666401097886  7830.074220327817    1         1.207768465435724
-6036.82205724637    -855.0395109476335   1         1.1510055214137287
760.7159989022407    8639.806943754571    1         1.2161051634676616
-5334.570571733949   5715.67974779947     1         0.6973077221297586
-7309.690931320948   6975.690170428303    1         1.063647462070201
-4683.243887406821   -2927.527760350364   1         0.9563915333600266
2587.52499751242     1381.4370705342703   1         1.0340482277925305
2962.908629842584    -1005.8334856265066  1         0.4405809497745793
-1296.5175064174387  -5709.149763976273   1         0.3704029807001328
-8432.985020628868   -4677.742832760248   1         0.33567534961141443
2662.745923063558    -3164.5199227937255  1         3.4899995424608936
-5611.586902554221   5299.905310419075    1         35.15553045209661
-7983.565320757525   5206.6299051951355   1         0.5039752793401272
-6317.107551439214   -698.5533859687823   1         0.9756784322483186
6938.929089971578    1427.362493035537    1         0.43336767831300593
646.0592308362261    1390.027159042962    1         0.2891666163334564
2525.387374604811    2853.1755198292285   1         0.9879428387458067
5168.921044210508    3471.2015990310847   1         0.3118597470048882
-4093.9863889058615  -6324.404398082243   1         0.3240784561405813
-7372.2122021395035  784.4953686428101    1         1.0191548846616878
6958.644328375183    -1429.4770148418838  1         0.22102446171817247
8417.41567842116     -422.616584799308    1         0.8091229233307425
7230.094174544587    -6891.40901807837    1         0.6910691457936178
-5489.554644529565   -3097.095816022873   1         0.9233363868481225
-4000.754815921802   5634.977307325907    1         14.098849993086983
-7897.017922302126   5602.883102790625    1         21.09588739030125
2922.559962054316    5541.968830421195    1         10.368968044897628
-6599.185706222728   -5718.363749106106   1         0.11836249045705907
-7235.722757650183   -6879.563447503272   1         0.367334796533202
188.36050906723702   5539.496077106148    1         0.3847485656982067
3552.675399533092    2253.1326355644883   1         0.668519030889087
-4192.689213814553   -8581.850274751407   1         0.8308799216010518
720.2646161228483    -1240.6339860113717  1         0.9230409667271038
4467.798131889597    -6555.486216605329   1         0.6769130622216365
5540.380559263651    -6629.212690695487   1         0.11319208292300227
-4378.540220166115   -5182.606081758728   1         1.193584990943521
-3443.583660583584   2385.101152053222    1         0.36028076749262894
6766.493885468095    3564.239170329959    1         0.8152672201726693
-2616.1490501595745  -4221.035276870319   1         0.11109780048465204
5607.4242627848125   2722.491316685859    1         0.5578928375769706
1870.858304238487    466.3858129473851    1         1.171712926994074
4049.757295058662    3765.4666133195756   1         0.1462664921823312
-1447.1871106423916  1070.4868177291432   1         1.0672483208921706
-4938.493143057631   -1567.737331353083   1         0.17564699111240795
-4970.83060968774    -2257.6883885914713  1         0.6343483914771718
3562.580772929328    -8251.287511638157   1         0.22041112312146754
3180.2175771025136   -7955.312941684052   1         1.1715253233949348
-445.2418679725821   -2105.4455329497173  1         0.7036023830105116
2958.179536422703    -8534.019721962091   1         25.098301019350412
1276.0634449888398   2527.4215474107755   1         0.9730732789360397
2192.06384116741     4046.719134218601    1         0.32757968882010746
