trucks_count 5
drones_count 5
customers 74
depot 0.0 0.0
Coordinate X         Coordinate Y         Dronable Demand
5431.412289125132    5704.293006889808    1         20.324794204246675
313.7824281687439    9012.937156581425    1         47.40078285552334
1050.507603509256    8951.939477805774    1         0.42509039461650133
2656.490288370185    -9846.659773541553   1         0.11542625021608958
1414.4290768221897   -3461.5773538990816  1         0.302938700617011
4585.82431252395     4808.998330163397    1         0.8441345784752979
-9205.81591768063    -3580.7513715486702  1         1.0789948996425631
-477.0777046959279   -351.23717398704224  1         0.5621624780426514
-9450.951488829638   5303.3278172579485   1         1.033851093118165
-3240.821820322053   -6668.976097542468   1         0.17580936519186902
1458.5865609060893   3743.567207724837    1         0.3433827166291769
9688.637179373673    -2405.0032036746566  1         0.5714408378707552
3507.7728204900777   -6773.84100395423    1         43.14475788765544
2595.623870352178    2346.7438833949172   1         26.845905178692664
-5409.590784274642   -9141.918421984552   1         0.9071855819056117
3215.1826211122925   4837.472235048212    1         0.8848351209503813
5661.520606701467    -4064.028906006061   1         19.226165242168538
4137.500392349316    -9124.848705325698   1         0.27095817382843546
598.6376604164465    1593.723039759376    1         0.4216474241610796
4560.039033113096    -6263.129650380982   1         0.6754520768149125
-1924.8042410604842  6884.800252812147    1         0.2681708220162659
14881.19963040913    7155.977023473282    1         0.7608999621795695
-7866.07873613584    -5486.208870879384   1         0.512179460632713
-6447.852134918198   -2865.986176338543   1         0.21237706739466666
8378.98720348685     -2814.118893373842   1         42.17214519800148
-9801.613323723614   -1308.1598526893004  1         2.187595988309539
-2666.0735725797276  -6027.203474337303   1         0.2640432783860098
3609.100744237542    -444.30860282269924  1         0.43881151023753795
1358.1709461947787   -2481.1415513612787  1         0.8857277503660731
-4920.33865984666    5457.926226357178    1         0.27207507454701774
-3535.6414269445495  -1078.2667419346456  1         0.3128806639649232
6296.5713213323415   -3209.9619020401315  1         1.1169705554364004
6171.267959819611    2951.1075582998697   1         0.33872742656873456
7352.338571338343    4424.229487323141    1         0.30084999843633
9707.813909606091    -3728.4709847708727  1         0.8680676488346123
-2836.5509947540195  1305.7121221853865   1         0.15398913468964598
-8931.489993659761   433.12633397351885   1         15.077534072729186
2482.213960945199    -3749.884878928419   1         0.6389977971686457
-5956.897718175438   1833.032080840066    1         1.23964860212336
-8001.412966940107   5773.413203094918    1         1.0759111658305422
8804.434254806252    -927.3006447549029   1         0.31659829057799144
-3242.253835087005   -4677.3285958852075  1         1.203780191342344
3675.56861636509     -7509.694057128298   1         0.22905220572061533
5050.330038719176    7486.496046671596    1         0.35596857784131897
4432.219115669072    1783.5025512809216   1         29.691979464924245
-2891.1387330977805  -6588.797379604061   1         1.0875957729764834
-7731.9764699371235  4282.446852183101    1         0.8261576310659919
-1167.8063389222534  -10280.524484280722  1         0.8155090492416591
3182.6498057467197   9122.372198297655    1         0.396216364651249
-257.8055085909307   -8930.81834669678    1         0.16262097698635442
1215.8692086142485   1549.1078762423447   1         1.2162719529629444
6825.273654717483    -7741.188117878634   1         0.397658514277606
-10766.109690561743  -3632.081226703742   1         48.83509902004833
2174.563942900684    14009.296869192742   1         0.1516726154711328
-3896.7041304477534  8115.629183865243    1         1.0144859809956819
6002.535386986166    -6247.202041596089   1         0.3609358767900561
-4495.247934850741   -3327.704167576512   1         0.4054489688137509
-7860.58238051889    576.9453113652227    1         0.5754449519115777
-14150.431611604403  -4031.232618462098   1         22.748447003250508
2488.2056400785727   -731.022278655374    1         0.5355712030690554
5355.698432174259    -6309.8439162254435  1         0.5839806066377489
6272.791898482425    -8789.175076429601   1         0.2914764079832769
6213.539622148661    2281.71722489399     1         0.16562785252440793
5501.424837523528    -8465.170889732868   1         37.00598946239737
6178.984805052305    -5187.546520299263   1         1.1535282280527788
-3011.8290715529165  4062.6632138314712   1         31.420271996191772
8543.584153902852    2975.551749716319    1         1.0039876649956643
5024.389790027464    3709.645935865694    1         0.8763926740998345
4569.14251618569     -3893.5508007752096  1         0.2030428093100214
-3079.153809716538   -10135.990366005928  1         0.5280220884905691
-1002.0686001028581  -9750.893042195907   1         1.1546462314941792
8504.471624528174    -13760.954834307935  1         0.6157513495545973
-2182.815532943629   -4789.078262564378   1         0.5406428855356189
7308.103374850873    -264.44895023881946  1         0.5898948328546566
