trucks_count 3
drones_count 3
customers 32
depot 0.0 0.0
Coordinate X         Coordinate Y         Dronable Demand
-5850.455943771068   1318.467489110898    1         0.7009859616770306
-3479.191815257817   7876.147756012048    1         0.5843343849448511
9571.057606848015    -4678.172436910231   1         1.1592428702692965
-4069.3636168810644  766.8431919031318    1         44.84618897082322
-8279.339953776494   2637.082506126171    1         0.5294743505837802
-4452.367634565885   -2633.7730646956434  1         0.6933847471095324
7305.924460315454    -5436.568274637191   1         47.14406218462504
962.0534854062283    -6954.207170441721   1         16.73091412671479
353.72135782073786   1992.439351515755    1         0.3145286189392634
-8276.259315798652   744.800515525765     1         12.859396307981031
-9298.030604693937   -5756.430346260841   1         20.24677374219265
9901.610499692055    226.7316642176331    1         0.7137643166168265
-10296.095104236843  -956.3957975877757   1         0.6577201996984668
6570.840845935484    -4370.817783079649   1         1.1228799985746702
6675.770425537467    7519.2650928477515   1         0.5995567696470722
-796.1877924327578   8534.230250914914    1         0.7026450388479336
-18931.441175302956  3195.635428395508    1         43.725364207757075
-8459.898698140534   3804.9542417735634   1         0.8255550415650637
-9645.662800528871   1402.6039620179072   1         16.903587740972633
5058.138851404044    5057.7175975845375   1         0.6120450270258745
-7242.6899846376255  7375.988016370758    1         0.41207732442160494
-235.15458910370435  -4012.3260099901813  1         0.8766169474628287
1267.8734654961772   -968.9823192025979   1         0.8954951702030889
10842.907138090253   17391.137575148095   1         7.245119744307113
1189.1311325800818   10733.285880787249   1         1.0434753673612251
5931.412054756386    -3582.5555825869596  1         0.48672544193685663
-3718.4283779658517  4270.944369470508    1         0.637507498902405
15673.397010059438   16452.900714622316   1         22.161625422624784
-1178.6054230045413  5492.283953662385    1         0.9748550481947521
7558.66416742491     -4970.092493606511   1         0.7204477454508509
-16078.70584656659   2700.8028229573356   1         8.143492243938567
4094.3430937660764   -6610.073008949505   1         0.8949969168428752
