trucks_count 3
drones_count 3
customers 41
depot 0.0 0.0
Coordinate X         Coordinate Y         Dronable Demand
6138.769663655802    9056.273129897556    1         5.228987441217857
7441.801237257994    -4298.664830818306   1         0.17864872909099172
9371.091067253074    -1975.4239562086436  1         0.5019916891633486
2572.1644824377677   -5906.996527340356   1         0.9875184846061539
3475.7243611583926   587.8616108793435    1         0.4809290849857103
6539.001745300476    3641.4370885806766   1         0.8000848169420965
8347.707612934577    5742.2045883964065   1         0.2326564529458476
-5514.83271494988    8699.128254957468    1         0.7270132934679854
-2923.5944954947054  7438.00725780515     1         1.2328690060679894
1145.267100998546    5839.675959652694    1         0.9937460174270184
3097.129138719069    -1642.5352348464176  1         24.322235498477728
-4821.43133975627    8540.546099863932    1         0.20270237248260078
11374.01638070128    8588.19505154359     1         0.6813900861996746
7273.830114389192    5364.575708468938    1         0.5077337952488167
-1576.5821138936387  -10077.009480468698  1         1.1641130763306873
-358.69419335376733  -4644.381627769896   1         0.7885219154355211
3542.8839233781414   -4241.051297456251   1         0.13370649085394545
-2584.946593489069   -464.0445107659256   1         0.3505135917084826
-3170.435971701798   9910.05960006438     1         0.9503864761610021
-8438.341921620791   4518.164151276753    1         0.8732772433956184
-4240.152118074066   9852.774412927774    1         1.193076546137737
-8952.09747472625    2383.666928826892    1         0.4836050232388126
-7003.844150295397   4619.222436107025    1         0.5884816757420444
-1132.8676431839485  5164.779227020987    1         31.91566319993107
4411.495773738939    -5822.736932596253   1         0.7909852519085226
7589.6216474404655   -4593.9717726985145  1         0.5977730573350629
-5293.570631097234   -3379.2113625674065  1         1.1253579876548774
-633.7306272526646   -10241.370768553059  1         34.09274237818665
7529.460246883509    -4068.582694665969   1         0.5296151224486099
-8655.562531145202   1992.9677099852709   1         39.57983720415918
-5410.731900086492   9027.332335834344    1         0.6074460414848989
4471.572261655335    1563.675952468277    1         1.1868875468409594
-10326.407097674923  6681.4656688107825   1         0.3601383012188465
907.0256570412441    -10640.025510953425  1         0.6204062023954224
-4702.50894422133    4857.35474840817     1         5.8118125203673445
3832.266729383986    229.794481480405     1         0.5895103488281869
3726.1419941695244   -10089.8993210989    1         0.7261542133392109
-9727.851903865392   -3115.763287980728   1         12.409331306501231
2655.11482783603     -157.35322155423367  1         1.2071674500157443
5313.443069387929    4819.699769433744    1         9.212279590807398
-7070.193878183642   -4023.3470184508337  1         0.3976899445828652
