trucks_count 3
drones_count 3
customers 28
depot 0.0 0.0
Coordinate X         Coordinate Y         Dronable Demand
-4128.688273327774   -9889.192391739489   1         0.4958763729059198
-1394.2035659734427  -2915.530341548172   1         0.24815093586302184
1958.821296060037    8508.616599182411    1         0.9157877503298111
-4384.2636929598775  -2118.936262906713   1         0.2536956425364688
13887.53348054432    -8541.69394512206    1         16.0564200421624
-2534.810041602664   1390.8005757573926   1         0.25369433068939995
-3834.647783370834   -3681.8462561597257  1         0.11599311959275804
-6714.092214076368   5930.642329271852    1         1.142471757875306
-1552.8358258138367  -10755.186765823244  1         0.5710660404346454
6637.825209132453    -3521.261548458924   1         0.6685479443298253
5848.200003335073    3504.049854968122    1         0.5407326361855673
-7629.612119294378   -1498.9203062179845  1         21.980907356846465
7322.237621655791    1480.8934276521654   1         0.38749591697048613
-5498.529882571649   8860.43335740536     1         5.500608170059202
-7770.576609287179   -2267.9971066340213  1         0.17025655903217582
7636.242988285676    4766.73022166127     1         1.1718268786432025
3692.8459610298814   -8863.10787823861    1         25.952304168005263
-5871.810445399907   -7602.277793436597   1         0.6847545545331537
9405.783473501877    8398.153395219408    1         7.596182799596162
-6884.702317033395   4204.156203609514    1         7.231227512967207
9489.74795538308     2317.79579282403     1         0.3421668669536245
-2286.5883960326005  10032.528407700665   1         1.0888413835021433
-595.2366097082527   9790.970877525895    1         0.6773052634318508
7025.1601874738235   1402.393253553025    1         1.2111849937496502
3904.7603514835996   -3656.7771651587223  1         47.244358639059634
648.6175456176218    -6311.009803105668   1         0.13651242614932596
4485.896893818237    4137.614789884529    1         0.35888620641068947
2981.8425571147113   2154.7249620196726   1         0.485031164304759
