trucks_count 4
drones_count 6
customers 86
depot 0.0 0.0
Coordinate X         Coordinate Y         Dronable Demand
9879.555695110115    -2936.3243597351484  1         0.10542248691926431
1507.2725996581023   -3869.70962033381    1         1.0426081110298666
3658.5157039996075   -7996.872805657955   1         0.5290898950561668
-8607.063213792162   -2077.9727004009465  1         0.11809213587552198
7260.621314414837    4029.2695213449642   1         0.5462802260169348
17569.094374009488   -5841.772358652663   1         11.978745047143377
-9118.189034933508   -2515.0767916209224  1         1.0271855775729755
1605.037560946729    10276.872231246263   1         0.14196660679210588
-8633.488136258165   -3047.0780168482975  1         7.710921970166337
593.337122481306     701.5551619615959    1         0.9263585356928162
-1887.5162878685348  -3408.0337309911606  1         0.7257689108577292
-393.1337504501353   2659.123909444329    1         0.17030251829293183
-4548.450391423606   8876.863101713709    1         0.5462615923198288
3500.0746159708906   -2758.2656705891177  1         0.6104725179568425
-10377.552893427046  152.4697388010965    1         0.7868092555286954
-4663.29194413895    6108.008973665544    1         1.242566201743501
974.3330437092254    -4788.404078582013   1         0.6908345500242976
5480.135049549357    -19310.312862715567  1         0.6085304297132759
12612.858609411644   3536.6831818412065   1         1.0416234623997735
-10120.230852102763  2176.1084678127772   1         0.8191069794239639
7048.066966770856    -6408.185236390768   1         0.8779046008050594
10074.056525595084   3628.265732826832    1         2.7484382555233076
879.3823214181884    -10027.297582519002  1         7.6917349717816546
18520.418394984903   5965.88102329247     1         17.305202373730232
-5617.156186309059   -1893.15115073583    1         0.41280146363524695
-6667.236606390965   -3317.1639901154176  1         17.49234155859106
736.1508368725516    4412.048994353001    1         35.77134129750042
-8479.05741825796    8135.358908758346    1         0.2118980627836825
8640.503833099045    4065.573389762923    1         0.8346631415303482
-8958.634175471105   2958.8698947046396   1         24.05877979368734
-4622.548578062152   -9282.732879104076   1         26.049444075850122
-10579.515470965764  -1966.0188876347415  1         0.12429120431749024
-5592.554559414062   3765.9158398071436   1         0.32380479179198873
10308.06554087322    950.3596987911423    1         15.533615539704295
-5675.415730171985   6932.445305597389    1         31.672338149599025
-5790.8848627221805  4223.36180943364     1         0.9729096251808398
-960.8848887421394   6306.337821859294    1         0.7838621495061845
-3421.804615308291   -3057.1018855747784  1         1.1507833293228613
-1424.043591198491   -10447.197882853909  1         0.29952878737755506
6552.213521658568    -5584.51647402909    1         1.1315644630333783
1667.6243116375376   -7292.424975957541   1         0.8475160350446113
-7828.141630872867   4242.510530907296    1         0.17771117497818595
-1207.6769022620515  -995.9820110101869   1         0.4363874206337899
-14739.610253180264  16959.84029328198    1         0.28407282150152025
2502.871427981195    -1477.468952575815   1         1.0027825121417413
-4623.067004888103   9804.113259118632    1         0.8763792666786737
-8276.348296728984   -5338.347590945121   1         22.236020907375504
10079.58417528433    -16870.485893705325  1         23.692568033393265
9962.494391458975    -4181.423707645404   1         0.19738986857869026
-8827.232376988479   -3105.7402548037317  1         1.04176221876482
-9482.958918044129   736.7392371821069    1         0.8199170982471975
372.6167093628807    4051.8216751816826   1         1.1094764226517095
-1574.5624645438077  -5611.597612427622   1         0.17926486305042627
-3269.6966876682113  -8435.512955367474   1         0.18601502056553948
-1061.0256907692196  1748.7758014064045   1         1.1157349676190578
4960.1087268013      -6644.6741923490545  1         0.46594801434534816
-6738.352060849377   6324.603078996898    1         1.24379071181004
1134.0729099722155   -8506.15149644514    1         0.9969892239239173
6702.575544598832    7075.7390707270315   1         1.1904097283741286
-6231.89399683786    4367.761709492606    1         1.0117200843218894
-9393.89337863214    -487.5650268526486   1         0.25980223869289576
775.7940209578846    -1445.775314930419   1         0.1500578900890917
8374.54467187184     5191.384691527787    1         0.5445974539108478
4643.878520503773    -6647.663072571715   1         0.965033451360356
6942.696277780808    -7079.116602741129   1         0.4000473929135283
6513.164543364349    7850.054732373147    1         0.27313918521991076
-1999.1181733246283  7475.617192082917    1         36.456728358955466
-8414.1429612242     5598.9043589494295   1         0.392555800419802
425.9208646484243    7796.835144556104    1         0.14671946944182415
19607.32418145032    -10071.619401901557  1         17.578005995303368
1240.416081288352    -5739.562194223909   1         0.44773554011085803
-403.32679189032723  -1953.7719096859048  1         1.1044950144481622
7331.8974228214975   -2157.0384152351185  1         1.1128937227535916
-5830.757889222602   963.6858060990087    1         1.245137036990848
7102.532747050585    3139.465401891416    1         0.6083730295746007
-1754.574442868142   9016.566925448768    1         0.6708433218969574
18771.08936225527    -1180.2435092587766  1         1.2488589797969356
-1397.228156587791   -6221.410270518236   1         0.7850308746754449
-8346.515815724777   -920.8817904775506   1         0.7378306896878409
-7906.096218828438   1982.235912011968    1         32.84715662325877
-9316.683506109113   18.57890529792424    1         1.2305044773022
4546.91271996948     -6871.776567130924   1         1.0908241909374063
-361.4832656604469   -10889.85913605501   1         0.8940134958705692
9749.639586842055    3893.1377176362025   1         0.21044984794319993
2222.823669006099    -3959.702713276604   1         28.788146898641653
-7457.156571687766   -148.0277916954599   1         0.13678312086842556
