trucks_count 5
drones_count 3
customers 45
depot 0.0 0.0
Coordinate X         Coordinate Y         Dronable Demand
-9299.761305710172   5159.49586536747     1         1.2342135856659229
4883.355089998195    5586.259347892108    1         0.6686520778224877
3012.003981433622    6283.72657058429     1         14.453091191052513
1584.830138456798    -6261.497472763021   1         0.7768549769451343
1298.5832582527196   10806.780060944215   1         0.6389304994646259
-179.82760059790388  -5590.0496914961095  1         1.0098186983252841
5318.919162619769    6049.7197514902255   1         0.7930034575661322
-6102.647174646121   -10242.67559883207   1         35.27525976518865
-6719.401315483996   -14056.018602675274  1         35.94493283802702
-2196.9937137205393  -8713.54471221525    1         0.11687654809908357
1271.2797220395516   10724.56222111246    1         0.9217933430945492
-8472.872185394783   -5022.537185191021   1         0.202399501319412
7425.484510690587    11450.101425319697   1         0.6829657441824779
-75.62149937603232   -1735.4363125973393  1         0.993715221820514
-2825.989256825658   4068.1919402820026   1         0.2711885715420208
9004.737432501306    4525.131943215352    1         1.2115203608028353
8931.608364472288    -7303.966988246815   1         32.7576813098118
-4932.639239457249   -6421.075184042304   1         0.9413305700537091
-6302.853446771355   -5675.158184388884   1         23.50247240105565
3832.142645688844    -9499.99973337179    1         32.20478086789609
11131.43807115338    7564.222523961029    1         0.9755061761522514
-7218.971015886398   -3027.9711215836724  1         31.331702400553738
8068.992663137741    4594.784942347445    1         0.16643792631181956
-988.4745606241354   -4183.83168368212    1         5.476934873258554
6230.769198985117    6159.85951734061     1         21.512929583560965
-9601.538609442461   7271.089862568917    1         0.2684015052050923
-4157.744546602417   2952.480240971228    1         31.548933312056292
5340.654396658451    1124.7730993212142   1         25.97452507658975
1538.4825670614453   -8404.588734682007   1         1.0542904592334241
7808.746649717827    -3072.14338673736    1         0.6900947706526664
7587.140451398562    854.5515335057643    1         0.5359754372181771
-526.695663858641    6513.219662580985    1         22.887004720896893
591.7528290908767    -4985.328063924827   1         0.8133983409329459
1648.4194014180082   3860.1414756842596   1         0.15762765323701855
2439.9649460485048   -4043.331830968503   1         0.5209098732182371
-10568.874532635513  12337.289900649603   1         41.509052394995614
-4947.880756057333   -7573.149586990277   1         1.2095847540320186
-9350.756173784832   714.4583500609498    1         1.1577827043700408
-3345.4690863806195  5978.35751409238     1         0.9167564887531152
-8219.10116480648    -2668.258364750629   1         0.4142149038409224
-6465.080242057507   5426.41755249699     1         1.1926306016218853
-1699.5041312939074  -7150.061165564952   1         0.6563468328565929
5213.7795808077435   -9155.43380918884    1         30.871242422063897
-3831.277057065559   4901.2591958084995   1         0.8883926447179701
-201.5365015634415   483.67087068291187   1         1.1145912104437414
