trucks_count 5
drones_count 5
customers 81
depot 0.0 0.0
Coordinate X         Coordinate Y         Dronable Demand
-2511.3559646391327  4366.365209720787    1         0.2734889897337845
7660.109413089653    10919.164030694232   1         0.15959757449549533
-3646.2467788103013  9979.25344868153     1         0.5267803725595449
6616.2848148199955   5172.045102133292    1         0.8358148284009141
-4825.047083081966   -7599.394394252145   1         15.460828775449393
4214.480798507382    -6708.907778088731   1         0.7348496496403352
13600.565839743991   -2656.2064522688306  1         0.603510717403824
-10817.23056507159   2012.54676670946     1         6.675991618592945
11571.980058724886   -2449.0388348125107  1         0.28637861806638254
-12366.21769674843   -6654.749426350732   1         15.67537673012844
-4384.791475764685   -8310.199953819723   1         0.6105525262884908
4702.529335094651    4849.892810357868    1         32.5127419538986
6933.8341146384155   703.683436480375     1         0.1432550752850784
-598.3004326062427   -7184.702944748131   1         0.21046560083802013
738.2377786143455    1256.2373735563424   1         0.21140214593904572
7196.323271914354    -177.04519658767947  1         47.07259691648638
13160.281716448197   3450.992923158192    1         5.252129171056859
2365.4396487512977   -10279.920524776997  1         1.113689904003728
-13810.213215217533  -2043.0772769934156  1         0.21385033517747926
1556.990492909931    -8714.851294613192   1         12.87269773943517
360.0059845410707    506.10717733568305   1         0.7001805486762402
2620.8881249427805   -9314.39755071029    1         0.9015418405228995
3293.771648905425    -186.12130752829805  1         20.001893443267715
-5555.5822970605805  -8022.412678865961   1         1.0453286093523013
7337.228787084754    -5077.696545570781   1         0.24737760601671271
-6496.560045145383   -9079.250216195534   1         41.737894562803135
6364.177016634395    6412.4342847150865   1         19.223417275777805
-3018.275637290498   -9320.532659164088   1         4.699558874299457
4043.794207920176    -272.32612977823936  1         0.8928095647997363
-4400.864152184545   -7085.996456691903   1         0.28157001112837415
-4597.670282174164   -12446.280741966213  1         35.12097242579925
-7568.513771730891   308.57695123085983   1         0.5063512231756865
5658.62795524902     7664.786665913012    1         0.8110143021147607
16116.762881962153   -16747.408128961415  1         0.6326499756456014
4444.568761587296    777.6444341844222    1         1.155733094957812
3329.7543304834103   -818.7725734912933   1         0.6115499492610381
4913.1225900835925   5064.038970223934    1         0.8620683153489853
-8648.129744482841   -5507.419479651757   1         10.153542727187785
3223.488980717546    11914.122746668654   1         0.29729578202031126
-4835.953066700348   -1938.270172513221   1         0.5834637366943982
-3927.1666865276898  6486.133957343802    1         0.304199822047423
7806.439067791476    -2613.1982012328444  1         0.5433525555972939
1789.0781461180359   5651.094225746644    1         0.20780004597215768
-358.168638878615    -7891.025098221026   1         0.12149581119028248
-8833.572273262402   1495.6289734845361   1         1.145234360674964
-6464.566463961503   -4330.736857678873   1         34.06051522721345
-8762.54778112399    -2410.9350866106383  1         30.858840045201696
-1700.2291202210583  3402.4650641167427   1         0.14228148696490545
-8324.602038557989   -1278.172629368418   1         0.20498588889921954
678.2045259297978    5565.106545089089    1         0.9461141933165631
2802.3099594346877   -6226.876530920426   1         33.020288565221755
-468.698657320066    -1164.189856659026   1         0.7179077321276871
-2936.790576314544   -10398.954996408524  1         1.0301432916352975
-748.1053397175942   7961.1984854367765   1         0.8751064361930037
4692.626431742262    -3835.677731522251   1         0.3119523696642956
5093.7110453182595   7674.178668833026    1         0.11257815194415169
5420.7716718388465   -6643.80561934661    1         1.0885431611947625
-5994.621184879665   -5425.231492034204   1         0.535051974821158
14523.339727299426   -6209.304818570747   1         0.5678202455193861
6841.001385234798    -1824.64128966857    1         1.2338938339917935
-6349.944319731446   -2922.2895642900303  1         0.3878175213804652
6602.945627651305    9205.275320546214    1         0.453176804266746
9118.20364905403     -3299.6625480388298  1         0.8258836039185478
3460.872573592391    14887.782766364337   1         0.26580369692601324
-2207.3468177728755  -5569.408803435845   1         17.686764267569846
6034.54743603909     -1766.6810296730146  1         0.10398835550755688
10774.402662252738   -4098.0246569818555  1         0.15210101204476445
3623.0690622172574   -8667.826102061368   1         0.5848325011252269
4815.511776820346    6950.907337841413    1         0.3655951034231981
5075.340712672578    -1533.6413730479785  1         0.6744481749762604
5263.269132810974    3788.1571178263935   1         1.1714684979097856
-7049.862848686575   2208.179023538615    1         0.10094275242575967
6016.288961499303    -8941.90023598681    1         0.4935099851336394
-8956.135325326799   -2106.040166079386   1         0.12077758318823306
-5873.992021157739   6724.288661265688    1         0.8368184317363422
11911.066863212793   -366.3432214326058   1         0.31377914122178213
2225.3463598747944   -5222.978579707791   1         0.564920208639821
-15792.908695469949  6457.01700518882     1         1.0630919676750181
6266.0178280176815   -1240.4313761786439  1         0.3259471896318497
-2740.541365068511   -7446.627167320432   1         10.193067376111193
852.4161612969643    7528.613876037964    1         1.1231980216703576
