trucks_count 5
drones_count 6
customers 91
depot 0.0 0.0
Coordinate X         Coordinate Y         Dronable Demand
-547.2752960194542   5503.938511848436    1         0.25758580110812224
-2485.052044149526   -3188.040979241422   1         0.3824012536266548
2178.4515414596895   -8018.78336805152    1         1.0201682130344558
-10463.771438322638  9117.592307576888    1         36.8808487799213
4585.074971396385    8416.30508799211     1         10.07380619853664
-14464.25052038106   5738.177222769293    1         20.697253091663672
-2702.020348415069   -5067.997168972349   1         0.544919919931204
-5277.204500008507   4496.878701754147    1         9.22279495739426
-10387.888814764898  -10120.960492356138  1         0.19278685288448172
4911.262781042591    7621.822146685423    1         0.9167569235741253
9870.206036339518    -2208.452192489608   1         0.8982012519274754
-3263.268263737791   -11290.366471122856  1         11.516952294486293
-7706.143620608051   6567.137606406842    1         1.1282371808092364
360.8067795970892    11813.75362440752    1         1.0370644272650622
512.2496075665571    5534.168583172964    1         0.7486560592397145
9809.85963672152     -2719.3029003378265  1         0.839265031274744
-2428.648870170573   -6838.376304571945   1         1.0378981866223267
852.1846867422335    5618.313162055372    1         0.16412823085017775
2595.113170330192    5113.220373547583    1         21.57187610966908
6385.985755477801    5994.665869907644    1         0.7417934752330979
7910.507307513751    -62.31918992864652   1         14.82595813335737
-3333.318221779254   3012.11499174122     1         0.23543059554234746
-8443.445088689543   -2683.696888402177   1         0.760406065245976
8454.580499688858    -1351.2056196885223  1         0.2794680673353561
-8817.0117529653     -5578.203843464498   1         0.9062848386699979
-3321.30175015912    9016.136692591817    1         1.2222967612197664
10863.48674047723    -4730.015754056205   1         0.7154888838263501
6342.947352208309    8518.916568590785    1         0.8736698238324577
-9040.859954572046   -3098.5869186538444  1         0.9891026963229109
110.29401479123226   -13429.576683479198  1         0.24358263125443735
-2292.318887759239   -2586.1217327853774  1         0.9585740253704963
-7468.19582756707    14242.908721493168   1         23.98064879422309
10206.783684705371   -2750.678556083721   1         0.22079821581028136
6807.870993644508    7104.256357085771    1         45.3184444922127
3676.2323674624113   5535.4041839224965   1         1.1729064954868322
-7741.749136886187   -3060.772295773356   1         0.3342454409225256
-3531.4982974188424  -10736.866414511607  1         37.15318125461543
-7412.911860962157   5397.942283093275    1         1.1940783445948053
2842.27674852694     -8335.231037358384   1         0.6264334349849434
7745.747460994168    -93.14235417313779   1         48.53000870193556
6748.276708073656    -336.64353031876414  1         0.6492139587665049
-9804.239527903133   -4658.783703064303   1         0.601183768037029
-7603.739265502423   6024.945779986221    1         22.600947984787624
4473.538016257755    1297.3632789287988   1         0.3767807314157118
11465.2222894999     10670.923355944822   1         0.24470660149338133
-7606.008692628709   -7495.846180760214   1         33.26635338120216
1940.935175108408    6184.660605918906    1         0.6532754426966633
1560.5644872914875   -2511.433699919789   1         0.3567579091614098
1193.373042909072    -9225.38899621251    1         0.9063900112989517
2793.0882037217357   3730.4632398080253   1         1.2356459782072242
4258.516246612848    8402.815025210813    1         0.896937521097841
-780.2783921676853   5528.3423880781465   1         31.620991088628323
-3942.636051173314   -6865.56678471142    1         0.24093146751327912
1563.2197911293515   6395.83977413853     1         0.6702073169033895
5978.175376329859    -701.0066230238      1         0.7777653991956224
2954.1888377719365   6933.598459000526    1         0.6629544553997531
7653.433541543893    -5407.969480401719   1         1.1514223259630607
-10655.236076428322  12958.261323472005   1         11.881529899676822
7384.963475848529    -4823.518599338616   1         0.8237802980063427
695.4573441337028    9265.469337602533    1         45.216204671593175
-4208.517173667655   -7354.071321022107   1         0.6243711278285708
5531.467071092727    4418.302751119619    1         1.1934278005772392
4595.822876338592    -2843.222476708943   1         0.7283620261559236
3217.6185421072732   2704.2958646807165   1         25.40608333821409
-4105.21567867741    1151.4345685296469   1         0.9144295074419079
-1300.7241015493191  -9667.379484094303   1         0.864345865324177
-4830.374877413944   1886.4869471259683   1         28.66730114476933
2816.2927893641245   8964.029471153777    1         1.032129099514849
125.15326770910862   -8366.024729271196   1         0.601866530016596
6422.737971799766    1516.1502147747917   1         0.9010940973764845
-13664.09561619724   -7702.220744098412   1         0.76193918607522
40.50877103715902    8187.6596994180945   1         0.6967801441935482
-12623.802474622575  -6446.825193573019   1         43.6456473475434
1966.1034500156818   -4520.425918731466   1         0.23092850695658962
-496.86018560620454  8149.602638994974    1         0.33222684097250055
-835.7875849007917   -2164.4306474991927  1         0.4543218296036444
-639.2031834483496   -2458.4445855476024  1         0.7757419736165327
-9491.819156346182   3748.3432200888033   1         0.6321255769086846
7799.8991760883255   -1232.7112558570989  1         0.7531002438184455
10518.874505203123   -2162.2327792840383  1         6.921544260818865
-3887.1482652869977  -6370.462376167215   1         0.6672657071881445
-2359.83137671305    -2556.8729779438418  1         17.29858014087327
-7440.400613833958   2780.643817295725    1         12.111309117431325
-14509.457276371233  -13572.894536992328  1         35.27707685491449
7271.895514569114    -7486.218338864496   1         1.1937753080882791
4892.988960086524    -6026.282293297722   1         0.7989467639779134
1309.7005710118094   -3620.85378183443    1         22.78490306844294
7722.469065565254    -6755.680391059596   1         0.3714213457572322
7494.647745047262    -759.9286353365909   1         0.46291638314139827
3810.4279512130925   -4896.459219070819   1         36.83742356798086
6730.898053553197    -3358.4988103034225  1         1.035938672069951
