trucks_count 4
drones_count 4
customers 66
depot 0.0 0.0
Coordinate X         Coordinate Y         Dronable Demand
6388.993052132001    -558.4719401613771   1         0.6453321342922105
-3689.2876396471843  -1950.1143909207385  1         0.5348847868760429
-289.3836865240946   4584.1203916729555   1         0.2892904863363779
7061.575416259841    4892.405809678655    1         42.25515455510034
-1823.6416319659147  6401.220042227113    1         0.3599927855116849
-3324.7225772244137  441.0677522287788    1         26.828834272048937
597.567398604703     -6328.218565424095   1         1.2312611076307334
4718.539740027538    4708.802105465802    1         1.1209547807559197
1571.1136956941364   5744.14435470572     1         1.1447961435031897
-637.0386405327164   2759.079625708025    1         0.1973384791435252
-5523.180835284888   -4488.529936015194   1         19.85005742089061
134.45858626688      -6038.219743696271   1         0.42358078003247424
-3384.000668741754   1189.089301518461    1         39.05068828147434
6759.8247383350545   -5905.059493982777   1         1.2367282863796603
-5118.833388357449   -3666.792620814118   1         6.505198472424775
-352.0557557376815   897.6902360952714    1         0.20057513103042696
-4290.214740692737   5677.5989236018      1         41.35564847885641
-5092.185398103763   -815.0166042185898   1         0.501082024413283
-946.0867909332151   -6978.6539199974395  1         1.2087171550303393
5789.398695390777    1356.6851022524388   1         1.233349441946334
6.919239828428002    4455.27076981563     1         24.94192809376878
-4626.362527528972   516.6173499386574    1         0.45542990635239167
5227.10245568861     5124.781944177314    1         0.782013536286516
1226.0608187557973   5703.862524079985    1         24.799146613186174
-4459.70921932557    -6507.5642740928715  1         0.76234424687082
-5078.454114295396   701.059479008255     1         0.24293309131695134
3081.009431565155    -2003.091434832717   1         16.976098680719566
-4178.68336063179    -2135.8023594973306  1         48.243205892123804
-2737.613762462174   512.2708550651058    1         33.88739913668501
6811.640455001621    -3665.0103526281187  1         0.5010051265548713
-262.1593457899028   6441.659810320678    1         0.9958185772260849
1728.9110162221352   -4144.449515994032   1         0.5225273383926308
5928.227821907225    6777.65221632875     1         0.932197674927299
-3433.7830854706226  -4327.966860217155   1         34.70560928795535
3762.423799326075    6246.57750503003     1         0.7222238619096062
-6743.928534394506   48.39592641775042    1         0.22676994008311097
2066.854507163665    6751.370653708811    1         0.9449528002907472
-601.9626094866821   3376.756252739603    1         39.056875119496404
1818.489552013927    2168.0568598986065   1         0.3332666374795622
-3623.84723703366    -60.56400365860513   1         0.9426158431572332
-6833.698042642341   4834.220500758228    1         0.7074776940551617
-2231.1301544948856  -7080.327338004764   1         1.0957435422587953
-2655.9486796240403  5569.0536271279125   1         23.050114073556696
-323.2036083781618   -4244.53032476853    1         1.2401785801278622
306.0692578644983    2951.473365943657    1         0.6582359829462613
-752.8942646772781   -731.0917990281055   1         0.9121160118811231
3897.1163459958807   -3682.8476428826216  1         0.10291929164646843
-4929.072591528944   -6164.874760515388   1         0.4278529065689629
-846.9800430981834   -5679.929233634808   1         0.9892863261289928
-5798.589022115977   -5138.1629594435235  1         1.2228941480831275
-807.3058918928382   -4146.374566606991   1         28.344847076091764
-4422.422498046748   -6523.341617749739   1         1.1751910889270392
-1114.8007523829117  5270.111191308098    1         0.3433349425169644
-6511.096317967819   1451.3206459499243   1         26.507438692951535
-1039.7859574844433  -5364.079270211297   1         0.3066416846443636
6388.502550116556    -1795.3494317969717  1         0.5172309915203003
1955.857245507406    2238.2306481294595   1         0.8331499822290995
5958.801427459947    731.2571530499843    1         0.5095845906989004
-2436.2877462052     5575.743895264658    1         0.6837145108436973
420.0948565277626    -2802.5916404650184  1         11.961738013293012
4208.000079014236    2337.493558849424    1         0.8508728397897068
4094.1668023816983   -5379.165914990686   1         1.0454055619164728
-3555.5552485418702  -4058.168694618399   1         0.44136416223500785
4965.87846960241     -3889.508092772086   1         40.78847533148622
-6110.789844922262   2898.00446112018     1         21.042906555374582
2289.588498817696    -621.7035552177502   1         0.1575376498973298
