trucks_count 4
drones_count 5
customers 80
depot 0.0 0.0
Coordinate X         Coordinate Y         Dronable Demand
850.9861032851488    3206.1123835017456   1         41.82399502213256
-6805.531180017985   -1064.0920065030298  1         29.086587552729714
-4018.2686672238265  -3165.073042514996   1         1.0601928260372528
4294.255583335267    6892.915139946954    1         0.6125560797536099
6140.849003297289    -2763.651039584516   1         23.64664418086948
3768.995293655851    -2405.373314926641   1         10.68386082740938
-1744.1486262382043  -4711.898844027548   1         0.18697298903205012
4553.645894318439    -6059.540957267408   1         1.1186122796288394
-6818.752076965287   2378.2984663774023   1         1.2080796285752586
-2520.9751782238636  3534.7633066674643   1         39.586141263781904
-5226.635647851062   -6660.057255903518   1         0.38651818431256324
-6852.390563805631   -4934.372576012255   1         0.227419305880475
165.3304450498454    -5112.647191316622   1         0.9911908180568577
7306.718509849763    -2763.1348436155504  1         48.20148310224711
2960.047848306618    -6961.538082363927   1         0.14316903947199316
2022.389798344686    562.2878137190692    1         0.3218973217528657
-5237.9927006904245  -30.060110692345553  1         23.067554563848145
-3301.2049134368463  -3177.1679836617036  1         1.141296330514939
-2002.7363889402345  -1133.0897520281271  1         0.6337898263113783
4149.692563202954    543.9382126384198    1         0.9902240928793162
7088.865601252144    -2789.111663473448   1         0.10462803402148999
-3157.6003196379593  -5139.861082697535   1         1.2076024117798099
4458.304256688202    5972.9599397495085   1         0.7957966658039635
-4692.4784095587165  -828.2959528095581   1         0.7412211060533073
-6433.229943215289   1162.489777052792    1         1.2439031468261912
-3645.899698943346   -4003.9020908978346  1         0.5654859763013568
-277.75276488233806  288.22320497555575   1         0.13341114868378898
7020.134914436314    2503.9193896901543   1         0.7367999568520189
-7466.541489375942   4516.677333317674    1         6.915436160552685
-2264.7445791670652  3362.401924642991    1         1.0723482574067376
-1361.1702371560493  -7249.109801796906   1         0.5406308508676366
-1339.2843129750895  3247.08177743967     1         0.1229131062664825
7463.467848227749    -121.70779156673143  1         0.557551286862271
-4153.731170037306   3774.9107248665423   1         0.6095911813195559
7297.189913701487    6553.415085109267    1         0.4574506936669379
2578.1841149261413   1164.428777219457    1         1.1207652833457709
-2484.3661992913276  90.97003637728625    1         1.241206081243802
-6692.922403961601   -3832.87613336628    1         0.5174002967891966
-4964.654632388854   -4512.820614770586   1         0.13957199066517764
-1285.6880949659326  2132.5111409738774   1         0.9145169078080903
-954.2560060333544   1460.8492256145473   1         16.248027374083385
5041.324906263279    -2689.0037675777944  1         0.8298117067959093
-3568.924972678643   4119.734312830606    1         0.20959629646679578
-3576.8812092240005  -6700.961640770497   1         12.337062315243223
-3974.8507538156005  1598.5164476356065   1         0.518051051716613
-4094.3328599695037  5336.673150347321    1         0.9424920532500295
5115.541343971642    522.1498242430577    1         0.14333106824333425
2121.5801230473453   -1273.6328934925991  1         0.5216712903428214
-4400.994292935803   5672.576824782759    1         0.8885879121497988
-2763.772219055739   2723.1206390391835   1         0.26519191128678266
-7116.6130235092205  -47.826783269370026  1         1.1916046278121375
-764.7784785825736   -7233.889714622564   1         1.2268402392433002
-6338.532212232796   6226.052242336269    1         8.12802935611532
51.53721292805237    2921.208859402787    1         0.593948765036139
-314.0910388449945   -3524.458338089747   1         0.7484065036662401
3553.7612350441536   -7323.680774067889   1         0.1917782129128396
6837.47466528888     -5582.17185343786    1         47.64238202152542
-4904.376958343896   4141.422410705793    1         0.3678367963716558
-6196.717055653629   -3581.120252823127   1         0.7918768641615812
-1637.3808165072305  5441.83751915131     1         1.1927834378085627
2105.6166577160984   -5678.869112166927   1         1.0548173734038357
-2170.935939950346   3111.6188697044063   1         0.3484406755279195
6337.227390121203    2766.731222458122    1         0.5851774017047918
-7528.4674319468995  -1522.481855619746   1         1.2351452190954733
744.7957031798355    -362.42350791914225  1         13.72501261956325
-2766.681635089251   1019.0569244026439   1         0.48507899452291603
-3791.0895901070558  -6517.405059349605   1         0.839285812554592
1992.1975810687234   -7409.11868674321    1         0.7839199559489738
-356.91503154593147  -2518.9044428059638  1         1.1533596619350295
-403.4420792082326   -4502.555383844108   1         0.9906530404599311
784.505839150093     -7421.622006446017   1         0.5180906404829623
-6614.268148356215   6094.55077062768     1         0.4662600796459041
536.2947244063159    -5782.3404037054515  1         5.392659819644213
7328.638954215826    596.5384997053612    1         0.9168722957868148
1448.6482112809501   4875.469267064421    1         0.9075560768194333
3927.1888446381035   -5147.238260454809   1         38.46889677648697
-2457.856635655066   2204.418154649506    1         0.9981834883740989
-5112.008355373139   3610.7422129865363   1         32.467952240550375
3041.960162730349    7438.713167752838    1         0.13300726012893646
-3627.4472484514736  6677.781611570415    1         0.8747975588203308
