trucks_count 6
drones_count 6
customers 96
depot 0.0 0.0
Coordinate X         Coordinate Y         Dronable Demand
-7909.816672035775   2788.4320148594343   1         0.32792585534352003
2566.3731152080823   -185.02690327693188  1         0.24592397193463522
-788.7849086589443   237.22987622404304   1         0.423780515009033
7734.524845278946    1176.9428655341037   1         0.32894987527903274
-2623.9311762385196  5470.190441435694    1         12.96151229018891
321.5823516461192    -6074.653534462548   1         48.77797711348375
6389.357211563213    2340.9814138951488   1         0.28421697277356195
1123.7118596887356   2558.2684473825498   1         29.073286812744357
-912.5551692857895   6902.448778789271    1         0.21312470770288583
-1356.262442180153   2951.937542526135    1         0.2973009637372307
2316.1152137598015   2165.309599750484    1         0.16181795841699875
1250.8587686758872   -2661.5086115650756  1         0.6307115930789245
708.3068782720219    5829.427124517102    1         0.7836974511647014
6895.089328091826    -5641.55923264013    1         1.1515631431314675
-6679.976557344899   -5367.92944950578    1         0.29909862238153495
-893.058620806024    -2178.5323666568593  1         15.162810743721936
3366.1092970121845   -5524.04226988735    1         1.239545801253503
-5973.057004512463   6269.315493512436    1         0.45222961102868586
-5154.178424813919   4045.580690542544    1         0.9570625556251988
7739.705270329205    -4892.540053611196   1         0.764488301048907
-2507.143081424836   7247.8766235055045   1         0.6147435070401133
-8211.795674255583   5802.310690889008    1         1.076345010442239
5868.554165927459    -2123.7106238849956  1         0.8301778879003955
-4078.7281790916572  -6915.781197401511   1         0.43330240376053386
-6525.22268389267    5703.247277938216    1         0.9292242562691394
-1810.9983318238155  -7477.423335795626   1         0.5253001108832673
5569.318374860449    5590.646956026571    1         0.836691792492811
2605.8123790736345   1670.3767368821843   1         0.7667975870753198
-4716.977699341405   1411.121279804849    1         0.5783106982393825
7981.862629980035    5462.603507800651    1         0.5569103283718294
2099.282876085567    -77.83342879024802   1         1.0769543637563093
6510.074757187884    2485.320475583484    1         0.939561028616567
4537.856689566525    -1669.2020087583198  1         0.5441133298982497
404.10046214572094   4911.99584958533     1         0.10766773955172518
-6422.1069562345965  -5002.2026899959465  1         0.384954571655715
-5647.030669381179   -113.05254902903665  1         0.14054656034631727
-449.7098570474443   2683.6702786431624   1         0.7954211574528587
-6974.031628615175   4906.800324200657    1         1.2495146964815795
-4568.883841231846   3474.7999664262547   1         0.14874109087859366
5633.624412984499    6704.576493832189    1         14.30725468803854
7244.1659219930225   -3551.0586742356263  1         0.14041223838005876
2503.0041258406304   7137.3337040211545   1         0.6657172889612668
1491.0288955097606   7006.671701870774    1         0.8291712553682968
-5575.956540195923   -1497.6922138267598  1         0.8869129100999774
-3341.334128413224   5813.2293290055395   1         0.32569778794664084
-577.9297768888682   7088.227360030181    1         1.2052243865746568
6043.275820127758    -3827.663316849338   1         0.8930704737089803
6037.724548123532    -474.0875072832186   1         0.7308214399595566
-1953.3240550370444  -1014.1141610229002  1         11.588273595206191
-3225.6385642410564  7101.48057350195     1         0.2506101217711477
6674.721844930002    1398.2418500588574   1         0.6553216964510372
-5873.313934916702   4683.847643804823    1         0.6424196380904165
1548.663796127119    -2683.145571587059   1         1.2274669607419852
216.85130249044852   -4162.614849309563   1         1.1566010618429499
296.12864633048775   4459.2821157493745   1         0.1890531890103047
4941.46938622869     7269.125125945326    1         15.007869988760719
874.41988612723      -887.9052071327782   1         0.2869392718410967
1204.6927938169679   -1498.9359403883977  1         0.5338808289798284
-4563.470306121649   -3135.7140766783946  1         0.5558685434871689
662.5132800020419    -4798.3868536077825  1         41.466232861282805
6195.465924859078    3725.012919919458    1         19.745709279394337
7979.287150788452    -7204.675705730863   1         1.1088257450576147
2279.5834451713417   -4784.6638751858845  1         0.6719838779194041
35.86716339590259    3173.669190044005    1         18.976429020316672
-5886.254807045787   3832.8946587981854   1         19.648323594533487
-381.2140304602385   -3147.229093418437   1         0.548342751297253
1844.9019967617317   -6371.594274713586   1         0.4866446806995752
6768.458432651387    7702.804958229428    1         1.0013643729457933
-3541.193796039986   3395.5003503762127   1         0.6804104822154958
-4709.791441663619   3349.68091694523     1         1.0716872718500583
-5213.297157076092   -4221.469418200944   1         0.7135326526563139
-6982.946550073064   1617.4337802774753   1         0.41268870636352784
4540.592031898465    -2065.9904431526134  1         0.7694987673649967
-1713.9087445954924  5959.173515202654    1         0.912615159717571
1743.8605898745564   -7077.441575551921   1         0.8937508118747132
-4244.918085174504   7032.09931229215     1         1.0620067535928464
-1329.6903367896468  6001.192831524224    1         1.142639311672034
7628.390480016471    -5071.977819593548   1         46.68378962261136
-17.219338866013594  4769.581914464046    1         0.786056441250173
-3266.8132253709205  -5069.900028545164   1         0.2095118926367489
-3630.788725207598   -5020.257832984809   1         5.88762617206607
-530.8368322396047   6725.736243732196    1         0.8027946053558693
6448.309698644376    1081.379457563838    1         0.36970207465893357
-7544.832877857557   -2920.39303787314    1         20.19934544818497
-7546.086846881133   -1615.845969210011   1         0.8856508674342654
-3677.492024179718   4004.975306456929    1         0.6642874849610957
4730.872607929183    1289.365769227823    1         0.6821346178435981
2573.2070570356086   -197.3386940149302   1         1.0821669287205986
-1271.4604246191411  7681.95136921801     1         5.8573429794752805
7975.039223903115    393.95603547776125   1         0.3256365947160058
-1234.9857214758133  1582.8007543293609   1         0.7515254972440699
-4559.513336701415   -1310.3835780252866  1         0.5398755546769961
1133.4258221023313   4471.570379454858    1         46.27577128376599
-3314.735442737334   -6813.173969736851   1         0.11620949481267852
-475.5779626495926   -3993.119251488446   1         0.19605178485659847
-2948.130683356183   6978.0243034105915   1         0.7273468556190272
