trucks_count 4
drones_count 5
customers 81
depot 0.0 0.0
Coordinate X         Coordinate Y         Dronable Demand
8002.452992927473    4693.364024432558    1         0.3007071273534228
3556.519768319622    2390.1915476480444   1         23.721855686372074
-999.0112377911286   9340.68308399064     1         0.6956650647369524
-8481.92700824264    6239.703426020122    1         1.4475244991811056
7404.170026954383    -6559.254736262973   1         0.20393251692032405
-9187.797929251257   -4092.621441632046   1         0.9107503619363806
-1603.7543993010088  -10443.821739545285  1         34.247204744269226
5644.47101330178     -2631.30644629502    1         0.4294202804146616
-1317.2692146156478  -4511.185416373039   1         1.0381111182100142
7497.081171132481    1417.069691784973    1         0.30202794170984115
6257.7160282617615   -2682.737753442471   1         0.9332926392255455
-3665.2804179067625  -392.3273585854407   1         0.8358796897894121
10448.942894850601   -2180.861253787649   1         1.1444417095098305
4382.12603417955     -6389.717842569494   1         31.814480949330733
3009.004397003712    -7648.883239767399   1         26.73238962511604
-38.547688427493604  -1903.201187061682   1         0.42753121094422264
-9388.154568404598   -277.58540494168477  1         1.0954838906070763
2915.574299168349    -3884.5263948533957  1         0.10261964568815041
-636.9347871047489   -3784.587665944471   1         8.55639185631318
8441.353090451546    -1154.842070409678   1         0.7455149918645614
-10532.807651543504  399.03696295736154   1         1.1058013649002805
2065.6116946811244   9977.91143250751     1         1.1564429710890962
1310.4634782490702   5092.818524776706    1         0.42739083986781334
-9964.44674418034    -724.300588463272    1         0.8608496950064106
4437.678369956067    9801.161677734672    1         0.3943363499641437
-2137.926164524125   -7230.564687364202   1         0.14880571148552607
-4232.922952132253   -6134.73588333199    1         0.7873579971817292
-5537.802063690718   1773.691818912492    1         0.6316858646897644
5587.286796935306    -79.04945996416649   1         0.29894150839869216
-5383.056938401048   -1139.3792992289327  1         0.5774978172695084
13346.672742285382   5246.502261220683    1         1.234886386014005
-138.77604547545525  11269.216973431428   1         0.4435869185209068
323.2714116872109    -1765.9538432278184  1         35.04156152156169
3287.5133518950365   9550.214693333008    1         0.22417295505032409
-5547.0480462042615  -7817.557811451988   1         1.1830103151197453
1133.2829536164195   4588.0780775979465   1         27.96903627384
7974.367439581976    5711.75335693602     1         0.6604701729942696
589.4307861261315    353.3812310931247    1         40.81464358228334
-13772.83844821813   -6091.117593141473   1         3.260887573892998
-2222.5442558676536  1196.9877043072565   1         0.9725500769067968
-3767.0580182732115  4445.52988483624     1         0.4677439912218607
8552.32918672366     -1805.139541631694   1         16.23420784482836
-14271.418410944147  54.87943119661031    1         33.36819020157746
-1620.750313460911   7079.9066138834105   1         0.9403288604878757
6995.79793962096     3037.294955912721    1         0.7003609997145356
6347.498627827454    3519.3613151262234   1         0.5915283008318337
9845.413333959073    -4731.557901996535   1         0.4321001119963689
-43.751249900105904  -9423.950456505705   1         42.35212947404827
8377.149300076568    4814.0047802616955   1         0.4737535402530183
736.6921363553945    6927.173816552851    1         0.9725225546297549
1827.1712962458992   -9739.357321079577   1         0.15887442867334173
392.2636992863365    -5306.784872352172   1         0.7990542230300103
1264.0813499945966   -2506.223924484787   1         1.0833542655874635
-4198.6069744997     -2261.362152084861   1         0.9025299580574349
-7128.86200945488    -4302.055769165495   1         33.17650953040801
883.1672143260147    -3106.11434112865    1         0.1515966398284117
-9571.02354651083    568.2587438102711    1         1.0405668846083835
6178.739366417912    894.4429873363094    1         1.0121237016091156
-1082.6949821771104  -1777.0252897589053  1         0.8328468124873907
-36.67687532000402   -2918.542007247835   1         1.2200022731908042
5417.567477742494    -6297.513400453567   1         0.3147428222218975
10513.70738407953    -10.061214540958398  1         0.6525654722617997
8771.152831887039    -3105.083382103673   1         10.205158892379552
229.3819515336414    -9939.176022281774   1         45.393484483488045
7206.8410406640605   6724.030894635276    1         0.6339014911071187
-6968.0727570249255  11276.932528134605   1         18.266026017629425
-3870.5859703049864  8076.491291315111    1         0.9765151125507254
-4704.047239548958   -7789.176911293527   1         0.2046592021314835
8040.042738244659    5757.314324412946    1         1.0908966430470315
-591.675794007262    2013.9562144644995   1         0.27231021192953
-9655.122882429943   -1530.9360311666005  1         0.9949974932931884
4177.16243111804     859.5291647308624    1         12.567932195599779
4583.033047866125    -4387.090340089366   1         1.1510932228645507
-3545.88751853664    7562.474197925224    1         0.39824544703713105
-3136.6026888660526  2937.0547059563814   1         42.38753962176948
5197.646543155667    -2814.673359095969   1         31.177234149310014
14686.925605010116   -4589.188382185774   1         0.9511039699315609
-8737.649959495142   1628.043978719587    1         17.780063116817225
-3719.660978019002   6968.3258599210485   1         0.9233779549001857
-2773.1363247962086  -1457.1968908438425  1         0.7766256378320591
-9764.576803172424   2406.305581115771    1         0.23374341802381013
