trucks_count 4
drones_count 3
customers 61
depot 0.0 0.0
Coordinate X         Coordinate Y         Dronable Demand
-3691.4038334619963  2406.9415829560417   1         22.813230296183264
-2202.960675669247   -7271.479933709513   1         0.14161610903253422
-4976.551226458425   7041.193065235835    1         0.7007140398434631
9570.66520425755     1865.0889692016024   1         0.8351216264623449
-2813.6300077505052  -1360.4871757990454  1         32.609926170418234
-4380.171611381032   8234.437223383518    1         1.2152527322790978
472.64827254054035   14065.712418924548   1         1.7073475341532869
5374.47989161277     5290.0545327936625   1         0.17537709229616766
-4486.648830703599   3162.259693513394    1         1.1997356712549954
8073.1614178161035   -6338.474742788393   1         0.9016219017355405
4138.495368504264    1563.2513853188443   1         1.18500384264239
-8023.335895573262   -5453.619046183604   1         16.269251475106934
11585.088193491127   12836.517669253808   1         0.28411889616059866
-3367.096964048939   9902.617359541393    1         0.7621969475110897
-1167.6603746517092  -5669.840717231814   1         7.766058009691417
1681.2020236465505   18234.92817866617    1         37.37719114475492
337.8584935802518    887.1228383463616    1         0.4053060375297729
-6585.157560316225   6760.094520554906    1         0.2554784692325842
-6965.896106387639   1099.4508847155805   1         47.41114419605075
-1903.433007457863   5294.066944767778    1         0.6503422710630469
2450.9982604779793   5205.977906778599    1         18.87446606068426
-9264.919435028869   3475.332805704782    1         0.256460386767526
7942.950094162701    4537.518842067212    1         31.304582556729436
4184.868958058606    -4256.090366713834   1         0.7523733831767164
3066.5702538089863   -8558.988717413518   1         1.2335761207804714
-3211.4018851666287  9611.955437168428    1         0.47193062698554966
2322.19035214711     4720.925172000718    1         22.083706634126983
-727.7255292179397   4793.257132591365    1         0.7129067137296277
3418.1584723484484   -2209.196251447528   1         0.8000801922483658
-7869.084652441412   -3001.8240289794426  1         0.24951097655469653
-17455.937525732315  -10347.843323654031  1         7.071397802149936
-9676.440469751818   2757.991778071446    1         0.7926226788956929
-8430.062013446057   2028.8070316423489   1         0.5238186658798822
8128.662302690897    -131.38177278265965  1         0.40311662532813575
-2419.1637785591493  -7849.5396731346955  1         1.187537671662498
-1050.2242258770475  3643.922921284786    1         13.460496177700481
5211.126200269655    -932.9111722711282   1         0.6543271112620687
5687.370637703276    558.90658098719      1         0.767960977278944
-7317.86401994665    -5900.301350133825   1         47.19103800440789
-3471.4186167737103  1475.824127726512    1         1.1636104429926055
-3195.7824425403396  8701.930018594152    1         0.9430473551618165
7872.390786887834    -5234.714566246761   1         0.22346423177339192
1110.725038148566    -10061.350963873832  1         0.5195536794680111
-8788.199956532213   -2968.243343796221   1         26.55057028336296
6057.472504446019    -6118.8732612281465  1         0.9183574110248421
-4011.6545668140952  -5372.19767212953    1         23.75418429581649
4179.398136338472    -515.5301599832178   1         21.90038968824561
1331.5190233508977   -10082.124076711634  1         0.44186291056412985
-6791.696424905049   -6901.708815238724   1         6.484617857261552
-329.4691768914966   2152.5563542824125   1         0.18745028232136454
2116.615444063621    -10655.958391929804  1         0.9652253464245593
547.9448868775577    -10759.883000225942  1         0.8786832662781608
7421.3458279874985   7096.921197568315    1         1.5417868317458523
9376.95418025175     -1465.1374164548781  1         0.16077091132657487
-3742.4452200552605  3031.5026896264862   1         25.516244135059026
6223.739840985039    -3914.0074664569693  1         0.44613306303544153
1419.2246623230167   -8924.390082935057   1         0.7674512368818751
2224.0316738826264   2740.5952893389235   1         1.0238057961189868
-6978.038030184778   -2257.811623376911   1         3.5613059221158965
-4629.7334146633075  8188.231852502535    1         0.561811962922881
4741.894744987614    11561.102482317845   1         0.4542679186554395
