trucks_count 3
drones_count 4
customers 69
depot 0.0 0.0
Coordinate X         Coordinate Y         Dronable Demand
-163.67893331097366  -324.5112865072316   1         0.8463470214435692
13027.455873661744   -15981.466851179046  1         1.1713004867675119
3495.2037009203787   4558.181755907225    1         0.2674937598764035
-11094.902553242242  5568.605982831679    1         0.2929495993192962
10283.08011434449    2227.756911262433    1         8.799714281003524
-7004.1647046328535  3749.4271107946947   1         48.923070704768925
-7870.9758587306     -460.2748356331285   1         0.9504072832418545
-9754.118500385195   -676.8507046429149   1         1.1879005717737405
-4758.307019250897   -6091.387032401339   1         1.1965327226249973
6204.142391794941    -2642.9124635454746  1         0.7936846009346993
3320.4275600545507   5507.849096778089    1         0.999824046695104
5261.534095615417    7067.69811408216     1         0.8452029357707539
-17753.46793432574   -6957.759030226849   1         3.380414744359873
9924.551623043883    -2129.672794522827   1         0.740090889892955
6086.213858182051    -5401.336872876414   1         0.32412979371814166
14090.477079968256   13593.822078100537   1         41.4530011877178
-8481.085927134842   13962.414802862164   1         25.56884991831726
5853.333633768103    7180.114355234241    1         22.591548904308823
-2311.331120748117   9163.766201670738    1         1.1540109803011982
4403.951452912738    6902.872591311036    1         47.89769067914091
-4729.895461853242   575.8623451161067    1         0.4978495927841904
-9746.945816802992   -62.76449541200317   1         2.9964658496590992
4268.946455807161    -7157.309604117352   1         0.6454000267577202
-4141.724628539134   -498.5560244397118   1         0.6233475790395849
-3711.8630268081297  -983.9703483645808   1         0.3391781974959806
3729.807687121945    -4823.449929225294   1         0.11515231212039372
11559.214946441476   -1547.0075460449352  1         0.7804108625948675
-10733.434151522599  693.1903298838672    1         0.3614523304418572
1807.6020856817504   -5570.4879921159145  1         1.206627816384935
-629.9208380450406   8774.693148346116    1         0.5493081592080306
-7916.790374162591   -4496.5474236840455  1         0.3256547326203069
-6799.375347940093   -996.0788193427444   1         1.1986676770096496
-10787.77717163886   1013.7415060818223   1         1.2085418818016167
-1286.852436531589   8469.42521805499     1         0.4151382651982687
7475.171693507056    -1725.3918620922045  1         29.543463306919406
-5347.354335694594   8132.073934939567    1         0.6309886399780839
1580.6528828899518   -1910.7447674910234  1         0.5088224869837447
9955.251045386904    233.4098012164389    1         39.252928812059615
968.9570145017627    8320.051351326723    1         0.13307114308821286
278.86785956740266   6922.199315405291    1         14.276425388616836
5153.552178192549    5249.614215169981    1         0.14651581892488844
-7240.77723171922    -3891.28511847787    1         2.1119451866034784
-10192.260196567733  3877.6930668193      1         0.18177763933046331
2372.1831277058686   -5381.376520630164   1         41.70965386483748
8024.542845017786    -6395.657448789524   1         1.03303082158252
430.5255798154006    9652.824797988485    1         1.2161248671163938
2075.6229592297555   6265.275766006239    1         33.61575993508207
7470.11054639524     3909.406932659064    1         17.544050857649747
-157.2455771331997   8208.399714389907    1         0.6295690004760401
9530.196728630588    -4963.12753034185    1         13.798022019116342
-3006.911680553145   6307.308840113008    1         1.1555040125706328
6373.384123535399    2130.5950681495824   1         0.7864760214297456
3957.23344253134     3299.3969296112978   1         0.5858321703266193
-4486.476714077091   2694.7829057630966   1         0.3553347300937456
7781.746722475865    7265.926134272858    1         0.27046782634336075
12899.334178365174   -10214.163193260232  1         1.0169162722665348
894.417907333337     4942.934402106855    1         0.5674613157328332
-16161.628020032513  16330.560075745678   1         0.22892588652697596
3262.972215680742    -5995.000351203812   1         0.5633288468745818
-15663.82574436372   -8954.756862308577   1         0.6746897420650082
247.61023281981406   9038.312596708753    1         0.6369222419828644
3061.550232799341    5084.522877015975    1         1.0287280255326399
6208.737671409341    -11209.501469024548  1         41.85439479640203
-1429.4909183691143  -6918.1581202288235  1         0.366589951339204
14321.551012516808   -4251.809941818568   1         0.4516867069287033
3800.8056864239093   -7672.26025610287    1         0.9811963563415865
17357.185978172536   14976.588828789005   1         1.2488014376820118
-4325.9299307527635  -4331.789121123761   1         0.44063932345246193
5848.690630190579    -5434.985093168033   1         0.2570408151819243
