trucks_count 3
drones_count 3
customers 47
depot 0.0 0.0
Coordinate X         Coordinate Y         Dronable Demand
661.8989109519433    9925.429048505954    1         0.7391731460388979
3766.025639057827    -3458.2875495340795  1         24.140641398036184
6465.318880950211    -7238.673524895041   1         0.6314776791301375
-7580.678131643056   -10663.0113680265    1         0.13827692693582277
-2331.039223684731   -3411.6512401308573  1         0.8541239904722037
-9273.820804740677   -5208.255442516854   1         0.5962012221661162
5752.622085882635    7131.442497366741    1         0.10775622610261437
-8365.957063287224   -6762.438850356448   1         0.584716317399836
5096.615125217158    2527.5003658835785   1         0.7866967676485914
701.2431253067637    304.0154647415536    1         0.6813451187419391
-7691.463063427351   4555.978049206277    1         1.0395746108095125
-5622.464621077007   719.0050986071025    1         1.1629433875253898
-3408.083398539035   556.325740429987     1         0.7816945354223562
9910.532615630607    -607.2278423667151   1         45.4336817219922
-5974.533336176126   1984.3383411671605   1         0.6237331112948041
7925.237095489439    -2344.7994332142134  1         0.17745343773683037
3994.8109980336667   5438.571228424396    1         0.8016471246526252
3623.3234933118297   -3677.557169315325   1         0.3491842039477976
1958.8155497441908   -1555.8970131030514  1         0.5371052386463042
-2615.4589868134576  -1223.5748648722451  1         0.6921377652233408
-2563.3149270992158  8896.274866984484    1         0.4412439627470752
1738.5578932238514   -9006.377840058978   1         0.5630549303294297
-5700.209210830328   -4969.111801202318   1         33.53241514356267
6275.009449553196    -4860.19088979896    1         1.1486059403957782
-6417.779741698884   1115.6054654520897   1         0.4868607273855755
1952.428516257561    -2362.2969671956353  1         48.68164856299045
4959.456248389687    -9541.875602484146   1         0.5642097068170941
5489.155805984312    -4749.4677929407535  1         0.670992726805101
-2321.060168806757   -8262.720647421793   1         0.8705478168563787
9977.47623056679     -5280.410005993608   1         24.092148916146893
-4910.30520067767    -5844.752945639424   1         0.1407246921009303
8976.644270623772    1537.0823747243933   1         1.1519744970559853
-3750.8527598103897  -5386.53966141668    1         0.4905397078101775
6882.781491328742    -4747.761357554939   1         3.628390854066745
-5574.596848639762   -8375.884327930142   1         1.198725951397072
-8236.91154983944    -6466.766153266558   1         0.35815926372430595
6116.483913206255    132.20262339981673   1         0.8945220310356677
-8181.890435251986   6993.108328506897    1         0.16833939937535158
-1259.419588681355   -5374.964805800887   1         0.6337002720050263
4188.546053895432    1220.9079453822806   1         0.8992058652194362
-608.2540759054299   3659.4120685807106   1         35.71157402399601
-700.977872754105    2063.614042396167    1         0.3122563648126262
2910.5853439701095   -5988.97596263926    1         1.0751232441188747
9292.397632895274    -8377.022770850941   1         4.034452545582763
5.598230978285841    -4926.833528449376   1         0.7271554465933956
3889.2228733543193   -929.0772683644011   1         18.751819410776324
8005.43509345095     -6082.085627054733   1         1.0881679625773413
