trucks_count 5
drones_count 6
customers 100
depot 0.0 0.0
Coordinate X         Coordinate Y         Dronable Demand
7348.563802308228    -1911.656568389313   1         0.7499514281606842
9993.474100959027    1289.3304661155814   1         1.1230596380318796
5956.112295575027    1150.4911425685061   1         0.6746106377665175
2743.87926515792     -6505.523234869545   1         0.20490699298426435
-5503.731095354749   741.0153837339658    1         0.26357998296917373
-1089.9080400149496  9401.608644638349    1         1.219299442134042
3466.2697905178993   -10367.851262718139  1         0.5914134441872795
8745.098157721732    -11927.187698311369  1         12.811724969210095
1654.9037346381788   9678.160954744826    1         1.0298781447245926
-2952.475236111121   -4970.449435621353   1         0.5276115894767406
7747.306303694957    1768.5561291822141   1         46.553068995336446
2500.750476613712    -5758.0234527415     1         0.11698750353820814
7183.8664917830265   2382.28579747409     1         43.66863784878568
-3914.5475421584133  -945.0690792108999   1         8.062020954760467
7148.464714700949    -2645.1010533656854  1         0.6144572496820875
-5584.990777942816   1650.2750419932247   1         37.352758765788934
232.67714483866075   3360.432848902743    1         0.5507598418557186
-8961.458506503472   -4437.221951009134   1         1.109844391780314
-6571.34317115379    7095.427538954557    1         0.7109208356062674
5332.316552907085    -1389.889837153229   1         1.026988386734135
-9589.276940640013   -5677.314610861394   1         4.424409466292165
-9413.172096450055   5496.350321110179    1         1.0601147015304475
908.7742960327895    -3531.1346535901075  1         0.2536099255261115
-1584.3300137747592  -2596.8125070653696  1         1.1573618054154768
-6225.290154542556   337.5716002489296    1         0.5158842732753032
8644.321360945685    3429.453227718469    1         1.1593058762917576
-5636.385885115412   8140.155646482743    1         0.27033364379129443
-5056.929815374778   -7680.3554609683915  1         0.447164183318454
-11642.567753067333  -11498.706682361186  1         47.585574814057544
5403.801612402925    -818.1948524700236   1         30.35578883324078
1859.7031944553878   9069.949959824567    1         0.39757957380060993
417.20968133661313   2507.402064534415    1         44.69572320739846
2246.6520007176255   -9769.017823885832   1         44.72828072821184
-2328.1081890845417  -7861.49232982849    1         0.9315140147558355
1310.4979224174663   -8067.160954971556   1         1.5994053685612282
4435.724311646813    4966.875634026916    1         0.8212068335071535
-5168.001773878407   9357.419072197312    1         0.42468187904853105
11744.035113187885   7790.790864366314    1         0.46450848923542676
3564.4407326488754   -316.8054781428908   1         0.8245779183745486
-2566.8264748444126  10893.69482077979    1         10.772446668787008
-9304.62527986464    -3213.3594142861966  1         0.5941765003718708
1889.789693829815    -8121.329688288088   1         0.22575049718265253
1590.227981419439    9405.665042151271    1         0.7492772678635372
1183.5288418760572   -3150.823351282672   1         29.90451300058445
-1473.6030560482723  883.2003929924067    1         0.597037047440181
5808.094296306972    2051.942159941118    1         1.0828213999859169
-5371.003267001553   -7118.149488355886   1         0.44296901971935254
2305.8998264395323   -1716.2283764528734  1         0.205626540602938
4831.446682091486    6242.057048906387    1         32.24952290345488
-7253.410758157765   3840.8720521571886   1         44.61249934560852
3823.5246987841138   -9245.931989084089   1         1.2390810531647212
-6686.836020646519   -6990.827743647502   1         0.2862782762981049
-1055.4238590401787  -6211.274844933324   1         0.5670355065413816
-10070.464063553098  8270.95190192707     1         26.006680309641947
-9032.194640028094   -4734.317921780967   1         0.5629584178992334
3050.194003024438    6671.368683914578    1         47.0589796531397
6939.1642102557325   -4977.720544675806   1         0.7986765625752473
5279.899722596677    -3020.047275850706   1         1.162446821822491
8527.947709453394    -892.9218197370113   1         1.1526089886323911
7178.188812415466    2030.5938676222693   1         1.190492984630115
-894.891266768791    -5183.824923972289   1         0.4074394756040418
2354.282423205858    -10347.799977280674  1         0.334565940184844
-5441.105202895539   3152.6802946686203   1         0.4076919436930315
-4263.925594686248   -3291.19699413468    1         0.5412518301537093
7905.245735786826    8134.801669797947    1         24.941435345535194
6789.174050154212    -3356.8967470230486  1         1.1708940509374637
-5356.5025026387075  2542.805961389022    1         0.5311870854233047
3081.9391422862554   -2139.5869136928777  1         0.1911235484709013
-8813.14219278       5894.193510177053    1         0.3979635017714175
-3111.2460308448813  923.3742590721073    1         0.8402243071355302
3431.504310397153    6306.177423598194    1         12.02610166902365
5531.122527918992    -8532.882951883154   1         0.8065838130060831
-788.301131322145    435.5315195813255    1         0.5430160872299534
-9135.988856362399   657.660691252788     1         0.9750870152677217
9511.953461963556    -9530.308584899149   1         0.4393833110566684
-1133.0818259889743  -10418.5774507517    1         0.16260356229482548
6128.514736966997    1172.5646004291089   1         0.7600935597967103
-7099.792957819824   -6034.009921557324   1         1.2474294936501251
8007.318075210332    -2795.7810857395316  1         0.624310113936389
-3196.5552015813755  -9199.959062070464   1         1.2229474838019863
10286.817909217847   -2117.793169835772   1         0.6918031953576568
-3577.57381758262    9371.51408786785     1         0.4977209229276667
6093.534149825987    -257.6709228509816   1         0.5469013013265552
-5195.768631794609   -3352.0685136493603  1         0.969188441697014
4185.231682533501    63.33614842912277    1         0.7654450063431795
-1704.941978500266   -9144.53379078433    1         0.6913285115099446
1731.865182723157    -5963.262424099135   1         35.483106988013596
-10080.901950054944  3001.306038836452    1         0.7855208968168146
230.639397272934     -7587.75384663537    1         27.868454665218643
-4270.584815244054   -6808.4074226318435  1         25.162033521488
7078.5156177496      -5014.238973144635   1         6.591090328897809
3258.9361950088837   -3863.195477056802   1         0.31890023860265815
-8345.260363523184   5142.321169814851    1         1.1172526857973635
-249.89854118869334  -9040.167282446375   1         43.05068073268463
1066.1152109767618   -9028.518042792806   1         0.9941286003377117
-2781.824436824665   3308.9788808812173   1         0.347742086230203
6186.43021221802     -6823.615568768854   1         20.345545681257263
4689.981032283127    -3414.3932717680213  1         0.3075894966061894
3752.923236482187    4883.235436914693    1         0.5599702108819892
-6489.641461624995   -794.4745575094075   1         0.6793037617472263
