trucks_count 5
drones_count 3
customers 52
depot 0.0 0.0
Coordinate X         Coordinate Y         Dronable Demand
-3624.8276100158355  7980.624103604475    1         0.8376849120988764
15074.770089323469   -8625.965717909825   1         1.1580758091000205
6614.478661994076    3592.475513054136    1         0.7069218539611746
-9355.827600838227   -2320.207593311332   1         0.8155715808328385
-210.80207716973104  8565.851797045943    1         1.0319143148183931
8894.391157378222    5927.831867595359    1         0.13446393950922264
-5256.005115623582   9030.137245320717    1         0.4296609322437941
2627.408236830079    9776.599539749088    1         0.8453413279216055
855.6323517984044    -422.1846395385354   1         1.235246737575742
10010.632947585207   15707.386101515891   1         0.809319758936906
-10631.448951880444  1307.545954953137    1         0.47455027571412844
-1913.5172217988484  3375.857500126797    1         0.4732469963690863
4411.993385899961    -9895.590188873302   1         0.7955154372924133
4482.240728426935    9939.459064935949    1         6.460959825352753
3318.398909184165    -5778.815559305016   1         0.19436265562479366
1831.3023758784125   -2089.226647354881   1         0.9815247508254502
554.3862707523309    -3939.0862379718747  1         0.49661045274386084
5324.15545711025     9087.372246292434    1         0.4929118107487762
-12.691473794532047  5959.178272425916    1         0.6253191338556632
6112.014506602965    1865.48247387035     1         0.933460223318333
2403.6946232534124   -8221.965252154907   1         29.36258102660355
8901.724547787571    -2101.7551745645546  1         39.4747819680987
200.31398498288442   -7364.358676029076   1         0.8986946105354346
-15554.02419562677   -8226.84976659049    1         18.42024636859453
6514.304881609791    1304.169904308604    1         1.205556983374699
-1643.764541583851   -3101.2010548870335  1         0.2400879158807552
-4743.625394965315   3168.2514005484227   1         1.0022368974779583
-2549.0004437480648  3965.630692037907    1         0.166359458319993
11348.164971306243   -13214.502780862658  1         0.6084836582997111
2019.8111577688735   8750.168684195218    1         0.1018818799696066
-2411.1657950205818  2130.4191676026753   1         13.346057791916934
-7929.813057521255   -2116.0336155867935  1         1.1977672603759393
840.5885859456946    3977.056255284682    1         0.8733535885137929
5165.532480422758    -7295.941416351697   1         0.6543567514769139
-9402.443273832178   4988.509559942164    1         0.37670533327664624
-1640.187365592291   -1927.0703495657292  1         0.33296520799578333
842.5692418712717    9242.848485074184    1         0.8500892927647111
-4163.7702976262435  1275.8699575730868   1         1.1423162972269791
3000.8844030667524   5235.493042673736    1         0.9059582316420907
5080.599821165395    5165.256338624253    1         0.9737318418452575
-6486.5567175315055  4130.948991855804    1         0.7697431276456138
-7662.47889032083    7192.22708489549     1         0.9871006194089834
4683.810570618152    5502.472264127498    1         0.5415215762685922
7691.815388955405    1798.1989545010556   1         15.247841725250751
10304.907532395613   -3596.692113735232   1         48.706095554231
-3957.0022482693435  3054.240485533839    1         42.337105351538156
-1726.7206252521146  -6475.743278119208   1         0.23138393941464716
9861.29800344475     764.7938196525101    1         0.29879328877329714
-4925.802937079045   -7844.206624219623   1         0.5522793693292696
8372.926293977423    -1336.3057799051496  1         0.5561869191227428
-11787.572417972428  9924.903235986782    1         31.02450372528556
10127.250338208642   2240.9197854679815   1         1.1294173646496717
