trucks_count 4
drones_count 6
customers 87
depot 0.0 0.0
Coordinate X         Coordinate Y         Dronable Demand
-6788.865612727418   -6539.886665916288   1         0.8518932987268915
-12788.296293786894  -386.0360626901838   1         24.35598085519285
2750.687438058518    3148.2015557034447   1         0.22541362654048014
-5550.129186956129   2971.243323926019    1         0.3463467808578273
-2364.6536689700256  4465.707359308458    1         1.011496710094757
12494.960107880837   333.3550975922608    1         17.646839567892386
-7676.747656844715   4026.106572617879    1         0.7939878882872039
6108.536610762301    -6686.3404475189045  1         0.223580161893916
-1028.4718314103736  -8456.23439749789    1         3.0376656028569213
10931.665137155249   118.82458878156926   1         1.2397529093734927
3875.7952789890887   409.4366721117359    1         1.0540895607161624
-11454.410725504817  628.0490854091822    1         1.1222514540924893
-3846.5874210041106  7952.643362923434    1         0.675027332491072
4188.420191292724    -2254.7734291630622  1         0.1249203645867379
-5478.933767353702   -8441.270630946368   1         0.34500153775992903
1621.3337327677457   -434.4130740302537   1         21.03285863643229
-345.1702352732323   -8772.675109679138   1         0.48102312303960093
4621.186558620601    -6140.4242181879945  1         0.6565141253650051
-13694.33904203607   1248.8498446805097   1         0.3046803457763878
7783.444897564552    -4624.62860941692    1         0.5142587605195316
-12074.340004773037  -14063.067158800268  1         1.1038097801747973
6848.333688933959    -100.95921688829277  1         3.918894754712573
4086.13267057516     7991.296220748891    1         0.20800227149959544
-1564.941212541085   -6591.837439328336   1         44.4168797063518
-5792.725566795734   5154.370371761679    1         1.2367135703179715
-198.485410634291    8923.424777425273    1         0.7463066195019663
388.6137132827241    -9094.139103791364   1         0.8855755894620464
-7430.307198944324   4437.347711174456    1         0.2885001913450973
7003.820122032166    -3455.147945232131   1         38.19328284706514
6159.664655113416    1378.7046028206175   1         9.960906673039508
2717.7246797460284   3766.404257936271    1         0.9794241341144635
-1038.9332218227712  6064.985393401444    1         44.96656290571648
9194.561470274544    10171.054770356997   1         0.2538176601821741
-1503.7227696402074  368.2465927369656    1         20.76217694203908
-5712.42082267025    -4612.353720771413   1         1.174553641528324
11703.099875812342   -9476.742622062944   1         19.95734393423953
-4258.70242472362    -2269.4446341773632  1         1.017254628214051
-2905.569095045132   4157.659512524508    1         0.6359405713943809
-7532.51220440509    -3995.7338330481057  1         0.6690299785240071
-3859.5484707790115  449.12287864497796   1         0.5503277720967689
12699.257497478233   -12066.631947545888  1         41.488662754156955
7221.488272664619    4327.963159395864    1         36.089147886090046
8469.172684834517    -4539.658121793951   1         0.8245785987713703
-7230.359081195415   3877.2466675041014   1         1.1940491799164616
6326.461391610774    -7485.024774585653   1         1.1719130588261768
-2133.8165239330315  -7258.471719414589   1         1.1997426524695884
12187.396865967978   -7176.501002148832   1         23.63456548787751
-2449.7117060548353  -5749.182497136753   1         0.31922421431137926
-67.652154590182     -3564.0710190127757  1         40.28144921233115
-2813.0828544068495  -9296.865679628434   1         0.1611125252576744
488.4474984040239    4815.427033233988    1         0.29380182155005996
-2787.3897850076096  7512.572383139108    1         0.4499543930915575
1225.8263111367748   -7882.508462874442   1         1.0488853068186785
7556.470883646307    -5268.843920632774   1         0.5023715032669818
-517.6129845093056   7174.61063466884     1         0.2831574286762554
140.63750226947275   -6629.197447660222   1         0.6572389580705261
-4630.460588929815   777.1485733496087    1         1.1505324281238747
4716.817856376727    -2837.293565451691   1         1.2166307396569893
-1370.5024223744779  6532.485685291767    1         26.840966915076326
4563.258517372131    -1184.608227710991   1         0.2622285651476758
6320.675034934589    -1765.466607425271   1         0.5431139073619693
-1550.3181762885736  817.5206878817888    1         13.845975037929128
3899.9059503956178   872.3292449500635    1         1.162139674108693
4059.954107759514    -7894.99498015074    1         0.21325860292409726
146.67420639818164   -6297.376740754739   1         0.2016207639485727
-6074.236024509571   -3830.9134597334114  1         0.32629336445090207
-2345.359208003689   -9257.936590164529   1         0.8438933262610491
-6544.818642363275   -176.36863450518297  1         48.56877608073672
-6561.826416356423   -1150.0981254550572  1         0.18260921104869637
-1026.618983674265   10417.130129421967   1         1.0430915730906747
-2737.155909517329   -2259.0413148256325  1         2.225492684766791
6989.38670595652     3101.6647572906318   1         0.7073768954415448
-7546.881495420788   -6435.472329345697   1         41.26370017485826
169.68016425384397   4893.666169555635    1         0.7169332740889499
7263.156088118018    -4220.622969409083   1         0.24147496380652383
5398.749502727801    5147.517960651131    1         30.389042091811373
-3404.3919074598284  3543.3818943940173   1         22.78447344673662
1657.8652340127935   9902.892229357383    1         0.18226053033518236
4403.567217948813    -950.9923986777328   1         0.1366819307465564
3181.407778779065    8118.482889854032    1         0.8105157197670331
1297.5097690885264   -3922.256649123989   1         38.0677941576314
14332.678137034942   380.07636201682544   1         0.5592274867572473
-1724.8931569283175  -9667.886025844164   1         1.163501777290497
-5024.575200475106   164.18563426532828   1         1.0895293966234798
-1532.5850952258108  -2055.6372256477207  1         0.8619746030684511
2219.173996789974    7401.881957550704    1         0.6797480254834393
-5193.69454127547    1927.1485124591532   1         1.1944876321829154
