trucks_count 4
drones_count 4
customers 53
depot 0.0 0.0
Coordinate X         Coordinate Y         Dronable Demand
-753.4344451928298   -213.85002826186945  1         0.24722206564401136
1787.6441357211074   -2104.915948940429   1         1.227312264544048
4413.698901654519    -6182.93336452976    1         1.1293320308398629
9610.392013995977    1060.95259538583     1         1.2213571311562628
-7606.113261065038   -4950.1656060845735  1         1.1775384263976352
7634.130218399987    624.9863520782102    1         0.5126271489008728
7143.611432491938    110.25779576401322   1         36.29202302956771
275.1215047546975    8829.738893049474    1         0.1929065142143527
-9958.863366589409   -3532.5710591267934  1         0.8493969374605381
2925.7078415616356   -8412.335862360977   1         1.1989941048832629
6445.133445000166    100.92148466667582   1         0.21320983134309773
-1205.2784137757235  8228.43912867151     1         40.400443026781346
-2535.4859953270507  3218.3655466313753   1         48.29665808282243
-5145.704375757788   3757.5664244116088   1         0.9402205649897487
4952.827514822301    7486.7175501465745   1         0.44483855495930413
2742.171237448847    -7211.467209047865   1         0.3388470936320094
-5.907858879684939   -5896.872532984545   1         1.249285691909556
-8537.947710820557   6377.296593626668    1         0.15201191404241518
-5927.0193492670305  8847.697019014988    1         0.9768545649040722
2001.4724864694879   -6513.5969119331985  1         0.834251988383048
6150.832531830488    7585.091802366645    1         0.40725700035215173
11045.292738572338   9703.928254529466    1         0.9618474995490616
2480.3479694309963   -833.1497756094624   1         2.6669233950277302
6380.875558905494    -362.0117347487118   1         27.63713945265292
-1072.3724814261852  8509.837788022356    1         43.32306213407767
-1098.176419385945   -6617.511849802649   1         36.52089376085186
5165.766216876924    12309.244809458178   1         0.6731707975123109
-2121.4851383309015  9674.388307016226    1         0.5308170651499285
1989.6525720166355   11236.699937314577   1         38.99296874841078
-7220.505643691796   -344.3365245940025   1         0.9219303558769871
-2767.4819184542425  7488.44747946314     1         0.12479799811326087
-3256.302949856467   1834.0024775863828   1         1.0417226656721215
-389.6476983331859   3352.8090236813546   1         0.7106265559362475
-8345.463468526927   -5610.414874217454   1         1.1495390528786908
-4361.053332718255   -869.6161909521161   1         1.2312251471934046
1387.5464787589913   -1744.5181761165766  1         17.846102043352943
27.550472961211558   -3695.22005830212    1         0.5468022340565902
5596.142762795585    -8272.750241553249   1         0.4102371649926946
-5457.743979635944   -2521.201492024021   1         0.8279329214164549
-3210.230686960333   -1344.4711227893747  1         21.730644566800773
6593.433013109676    -11463.454189138321  1         0.688138128720152
5223.336386915343    -592.203529509112    1         0.224491896883827
6424.485136246494    -1875.0936076362814  1         0.9130684249720473
-2008.4344119088719  -3985.9324509496473  1         0.2348030935013892
-10676.45500343548   -8809.567717243073   1         38.78909221315176
12518.651772254612   -6246.0395895233005  1         24.004076564859552
6231.648336425193    3641.3895970610147   1         29.424366758816515
-7478.214847619678   4973.880426024201    1         0.7114866157082343
2431.5263257983047   9856.216991831981    1         0.19093527554987522
5127.208005346335    -960.5275022867532   1         1.0983579679663673
-2067.7302291849032  -7399.735455217955   1         0.551086499288784
91.77750359240542    3879.4551992414113   1         1.1744082975315455
5092.022282173144    6110.222750296041    1         2.6548167284736595
