trucks_count 4
drones_count 5
customers 51
depot 0.0 0.0
Coordinate X         Coordinate Y         Dronable Demand
4364.959254215322    -1992.8068522107276  1         0.8073413887436393
9369.96334194108     -2265.01837260715    1         0.5449094611383326
6844.4383459460905   -3251.537735596452   1         1.1676571172159596
5580.471335966897    -8606.250388269931   1         0.43497234774404525
5823.328934143897    4567.21562506681     1         0.10932261822243648
-4419.12077887935    4868.273252412426    1         1.1196390389347735
-4434.661627426893   9839.338563647108    1         0.5345866088665853
3339.4023286406928   9800.759285233456    1         10.826982041720825
-5936.976176418482   -773.8816848849257   1         0.7944962909175137
-2201.6741041727078  4294.489715463527    1         0.8924504664475704
-1832.8195471405243  -1828.3937394552008  1         0.48472886259062486
-7280.766845585824   -4426.278248914972   1         0.3747348030571994
11814.641540660272   -5148.798910450352   1         1.4360966496332284
-6961.340724595851   658.7180974194672    1         0.7229623958065936
6951.595104655738    -5537.47455202822    1         0.7664035741619454
-325.3382791204351   -8819.31414659209    1         0.23939383850227255
-6569.929176654307   6393.348917104779    1         0.7955704600938679
-5688.701124416299   -6602.8247459449685  1         0.9001981953309997
9973.894675971453    -835.0567500664241   1         39.9596516791201
-4569.140387795572   827.1907735961738    1         0.5167629264660122
2153.4311729866067   -7746.980207502026   1         0.8129246520402915
8816.133093370452    1006.3035599302244   1         0.32196288317456767
948.1122663611616    -3782.946964206886   1         0.39646912227629105
-6836.982622505313   3757.5246797378772   1         0.4443268309557845
-4962.620644645035   -9222.742957562332   1         0.5788090559414505
-8833.535913022275   11920.56372122106    1         1.1514818890394838
7316.591922326327    -2299.4107274077046  1         0.30864031834723327
-4750.127412257844   -7485.997896728449   1         0.35973659100261046
-8059.070576449878   3224.3617558033693   1         0.8821227383861404
-1685.4813610700876  9257.540552890696    1         0.16358071092474097
-5064.72921959577    -8980.554075109078   1         14.856936606049313
-2312.629997324235   3988.007758936694    1         22.116427750786222
-8593.19241355877    -8362.89902215782    1         1.1126215950135376
6089.061408998194    1238.248551065808    1         0.4844728862224441
-6496.015118567097   8560.794007080998    1         0.5263348672204554
-2031.192675318027   -6235.8538762667595  1         6.8989524537154026
-6297.8131057006985  -4414.131382182848   1         9.656020339712699
8165.369892822586    -7860.164635036538   1         1.202219575391551
9071.318891866082    5802.051665270827    1         0.9540847419427914
-1279.0695094046862  -7622.1923722489955  1         1.0172790442256916
10275.532794042818   2365.3040962457894   1         19.858450701897606
-1000.3173491623974  6765.371025877637    1         0.2472191777671373
2751.202820443926    811.2443006554449    1         0.8056031164811134
7113.6623772443445   -504.4431424455607   1         0.22659684427545193
3864.54967098128     5595.678397665032    1         0.9151030973459914
8997.917795654845    -1275.236410058667   1         1.0683744465211988
-648.6892544215173   -5409.280936660589   1         0.3624122777895249
1331.382684992419    8131.441778406181    1         0.56814826099605
-5875.897729357256   4744.316424950417    1         1.016066067251753
-3246.0516833449915  2305.3064114417994   1         33.85687504194681
-7761.516605059415   -1893.920029330316   1         0.8836569673473237
