trucks_count 3
drones_count 3
customers 27
depot 0.0 0.0
Coordinate X         Coordinate Y         Dronable Demand
-8262.843998910948   -1768.604040745553   1         0.4047989011985379
-16178.151246480607  -6197.639606706227   1         0.40397014245618046
197.91467121457754   7995.142918485584    1         1.245677647469435
9264.371925866404    -4997.181224702997   1         0.849477137911062
-3208.316522007159   -3976.0254691369473  1         1.174631433738301
305.8072419856406    2852.5134036554387   1         46.47657931736199
-1313.8906548521027  -7123.7633049466185  1         48.706834341931604
2304.826593803603    -6762.311612763412   1         1.136554609093288
8833.355072432189    3087.878930058064    1         1.0145200030284784
-15900.891723211866  14804.107400221434   1         0.6605620290893787
-6168.369950062878   7754.293023361829    1         0.33620082578885213
9914.278863041587    2281.324883293413    1         43.984975568088785
756.3035830889249    613.0458383349662    1         0.7054089662933396
8584.977115563306    -4494.117405619656   1         0.9044679671537628
4711.291920765045    4792.518330849008    1         47.431469499720855
4613.9091944802885   -2695.8553077249176  1         0.666238284477554
2890.1759836997035   8892.757837420093    1         18.180558591374155
13266.869179091082   11787.878425218689   1         39.58755938897313
-2823.3827569644736  -4065.4625482764773  1         0.7090476531641456
5103.9371981136055   -2834.8578931216584  1         0.5046499612624518
-6618.837386715912   1293.3454161816414   1         0.19930803797544763
1848.7217086004316   -6791.830681817522   1         25.124078840398255
4248.39561475234     213.77277496555482   1         1.0620415436230046
8589.269388617906    -96.14085329780818   1         0.5417302250573565
9681.510245205669    -3625.732269415508   1         0.42322955787646555
-1102.2509265723493  -2465.1911611738724  1         25.238705229530414
3198.3344762349657   6663.495277314039    1         0.36391702466615017
