trucks_count 3
drones_count 3
customers 75
depot 0.0 0.0
Coordinate X         Coordinate Y         Dronable Demand
-8932.183493510409   2804.090735808477    1         0.5446885006545624
-7445.340435680887   -6531.2757275381555  1         0.5661235380532035
-6291.842403269656   -4580.687989556716   1         14.520188245664711
-4411.776995987999   -12181.480787153849  1         25.503254900739996
8176.019718630054    -264.5259011263437   1         40.75542263827274
-9648.332407390213   1314.837957166818    1         24.897794862531203
8536.509181966867    184.74249798091336   1         36.56844314000091
4396.641361723108    1117.4365082912618   1         0.21180576871090961
3588.0411771173303   9056.359601175158    1         0.928852064509398
6689.684631803201    -4266.91493538613    1         24.983895868621914
7119.218079024535    -3542.4624571672475  1         23.947126859018223
-8979.443948740729   -5492.658649318259   1         44.75507224720095
-130.97773589110375  10664.489278634559   1         8.402779076566478
6571.9372143699575   -3990.1509607976514  1         0.4518780159047675
-2674.8274033438547  -9176.225445052207   1         0.8955841268687734
5740.147166106738    5618.471638114503    1         0.6295845431575138
-818.0253125840278   9050.92577161535     1         0.9175176935167997
4787.349546065318    135.95990569461537   1         1.0404501576603933
-4286.893629593469   -9978.106052014671   1         0.44625039056772753
2336.55272860745     -6388.95574239211    1         0.22202413693260117
-5750.73659259638    -1530.08308011156    1         1.076131478648573
-9016.108209682277   -1682.0387419822357  1         28.762763390941384
2844.1862610195326   -7996.769492000085   1         0.6187288583693302
2673.5833782677046   3202.9758897651755   1         0.4384642433064101
5721.312133594709    9156.674171161807    1         0.21162182588591022
1353.7079594380393   12718.0646602165     1         0.974496374725462
2941.3760023911923   7213.497619558607    1         0.9873854098737829
5447.109986720742    -7259.045659473422   1         0.8001452063681805
6713.332707118487    1796.6359909911946   1         0.40939002609686714
-6059.337984377683   -5867.806055361992   1         25.66601889004478
6333.256285869246    5602.004928863135    1         24.452260657871257
-319.2475820416348   -12853.43491592203   1         1.2398254149136716
-6195.131212158279   6510.380025776463    1         0.7405715300395023
6727.286633177574    2645.021741387996    1         0.19247235810333557
6498.839257198435    -740.5141197269592   1         23.683205949446428
2948.18165010039     -8740.967713854392   1         1.0137037677959684
-12419.316871209072  27.06367095470887    1         44.071233512604366
5371.887169238094    8185.262885501518    1         0.27716619986320373
-8272.278110510015   -260.3268211337813   1         9.890283270204359
-4495.161765107947   2011.9299307388062   1         1.213640292873953
-5049.855028642619   5735.792361458426    1         0.3826817735106478
13531.890966475177   9044.35830792875     1         13.83173432243293
-7027.662977382908   -12880.877974640642  1         25.28421636895685
-6001.068059196378   3383.722348170227    1         0.3313752210875351
4252.594970586769    -3463.0505369933335  1         0.2957951165290842
4379.282056147656    -1292.414637533099   1         0.18791696945746844
-8833.396686093727   -2363.5820285887257  1         19.327211364352895
-1693.5334491083704  1890.6401827207558   1         0.4604306807717503
4276.660070474776    6000.891473615695    1         0.957512906731577
7646.206024159472    3860.410391711653    1         14.490343406294361
-350.4255900501091   8481.825331199672    1         0.7585357716558856
9141.62440271323     3908.859804709018    1         0.12194851188500147
-12537.994698516153  4252.739352655961    1         0.5971711702295677
4224.347139085566    -8469.445414067166   1         0.7788223853531903
5224.694094821716    -6953.535491029926   1         0.8101359592412326
9874.943625382391    290.37462802336967   1         0.7636146818949835
4802.452894957882    -4229.200965301911   1         1.0731754033042726
-4091.777448326902   2641.131315332092    1         0.386169507365126
-9050.644618471195   4145.4111733414275   1         1.0580307070452968
-1658.141441464405   6584.809117420311    1         0.6662274793828727
-9018.67944347186    -3766.8452533487934  1         0.8369829016275141
-6825.836522830892   742.564277979478     1         0.8890065098448515
5148.173033087689    -1019.5160011479412  1         0.1930437764130407
11169.03344008455    1416.6093597019662   1         0.3421737051706689
-9779.946772041876   2554.0598255818245   1         0.16453542672384672
8146.115690939795    -189.76860805821184  1         1.0022889312478753
-5824.620418364016   3116.247432916539    1         0.21828928841368767
4198.3815418959275   4314.916609897696    1         0.20766815895665242
-7789.7544429860045  1795.6130444933863   1         1.0928183761710863
720.3162511018431    -8512.706231613434   1         1.1321672272117875
2220.618610407825    -4348.297097332341   1         0.30852769001311076
7180.6767341954965   -964.5378121987173   1         0.6500266733509282
-4044.127575788339   4305.319273484751    1         0.38940503298348694
-13442.097060028287  -4140.619651323603   1         0.8693354633263639
-6219.857752171547   4165.054220176479    1         0.19779841810784718
