trucks_count 2
drones_count 3
customers 38
depot 0.0 0.0
Coordinate X         Coordinate Y         Dronable Demand
6855.498442099372    5034.791019551033    1         1.0180123486153054
-6816.784243122114   -7.7214166061757155  1         25.270702660897417
8917.352914094778    5737.687045296047    1         38.37620014819197
-6621.52562811165    -8234.923383632467   1         0.7903574735358047
-10461.89982042791   1441.8549456012606   1         31.990014907859607
438.023850191024     8410.152612938964    1         0.5364292453933044
-2252.555959605952   10743.385706540103   1         0.8555928711528176
-957.4519572150859   3631.5215385226606   1         0.3611633036085128
2123.558357694237    -5918.415315286849   1         0.957695847008227
1398.8824505742855   -7174.632987243031   1         0.531822477396632
-2880.8983343460714  2715.9727073649738   1         11.493221340885981
1192.0553513996674   -7481.816280178412   1         0.2234727033332713
-1006.8925384495044  1776.9060358067527   1         0.9494864982380278
-4925.177891738918   -9039.198327248227   1         0.9366773258565261
-4945.845144713338   257.2056602604861    1         0.2602691242982923
-2916.17817454183    -10419.14774442667   1         3.1491400061159993
7208.489191851411    4207.201006773237    1         1.235904707620916
-7379.956013554469   -7321.66788191854    1         35.94580298903778
2941.992846070151    -7702.262119709173   1         0.16455207345487644
2061.79704141463     -3322.799490679036   1         0.8961119424945538
-7428.353860540146   5418.727938472243    1         0.2916579840266394
4144.0700624693745   -7013.470700892839   1         0.5721201014524381
7631.1821411091405   3002.018694609371    1         0.771001095664795
5478.480280056899    3247.2801273748396   1         0.5838756422766116
1629.1803537403998   -9125.194498542225   1         0.8065650314894668
2268.874022656785    -2369.105445024657   1         0.15581817073092472
1995.7937299181951   5991.047060953486    1         0.462438626284274
-2854.3961163733743  3114.2249063195836   1         0.3217112600548331
-9359.725894239808   4668.926663816601    1         37.6607179847923
-8330.56669825346    5144.690477982171    1         0.7572605060051548
-2354.279633455345   7143.793591501283    1         0.3631226191062443
-5958.215027814256   4944.849077782408    1         0.9601059098365469
3266.589041462207    4947.564904944108    1         0.5117320726892387
4572.200102104964    3530.564195471224    1         24.342007524038554
2644.4823761926878   -6161.206634198609   1         1.1655643793307318
6145.977892368592    6473.601283105931    1         0.6579453105806142
-7198.374718043663   -7444.720167312092   1         0.3652641649806727
-3487.6434473120607  7748.798145227995    1         35.869220795910685
