trucks_count 2
drones_count 3
customers 27
depot 0.0 0.0
Coordinate X         Coordinate Y         Dronable Demand
922.6481708554954    -750.737716113938    1         0.28319475090816665
-2663.333877030053   824.6139383248832    1         0.19956349322327765
929.9362260513697    -7370.38101439004    1         0.32522869130893584
8171.616502212979    -4673.425447341019   1         23.196788858183577
2046.5201604530048   -8577.225631120582   1         1.1085546526383485
-5605.619805162334   381.92936409184466   1         38.569772505751125
1212.4206550623178   8891.598413223332    1         0.9221028772143772
363.80920735540934   1333.3643814143131   1         0.5869486245383495
-3617.6905418914876  1996.4421426821457   1         0.3987933823972335
6279.0070430576725   5548.709234472636    1         0.47140870694368786
1952.6804772787307   -6026.843138835384   1         0.15484700133649285
3038.871599213452    7085.2100320447125   1         22.245139555688112
1638.7025950667776   4830.687421457342    1         22.874415883639102
-5143.446010672333   -98.56400058596265   1         22.146311723214538
-7942.802740219279   -6463.115326933705   1         0.2615775074197581
-5919.47889717769    -380.2499663003016   1         1.0418569750128799
848.7321240627971    1739.1574432573034   1         0.27327704350224596
3921.0761794818454   7768.088546965683    1         1.1148392257923243
3342.925159889508    3093.772693418009    1         0.3723930617701887
3767.978444876411    -378.71661804398667  1         1.175911305295339
-7314.248147474224   1685.16690252171     1         0.4010140204932444
5663.569168801714    379.2020176542866    1         21.883983666229863
3545.3801920234528   -4018.551224055816   1         0.6940307987366464
8119.973330718862    7771.956631259811    1         1.3577348933290503
-4803.128581196664   1123.6507133874252   1         0.9451635279680325
2435.16298939178     -33.60059088794563   1         0.8017510319098594
708.7972367126672    -7850.281102228535   1         0.7164678138244026
