trucks_count 2
drones_count 3
customers 39
depot 0.0 0.0
Coordinate X         Coordinate Y         Dronable Demand
-2961.604159932942   -7769.801355264636   1         1.1912677722593148
6902.559356821605    -3004.9762597045033  1         0.43089503415007413
-6338.771879362072   2487.524844316096    1         0.29260506948842946
-2328.556128645518   -2880.090831110289   1         0.7100083615791661
-886.7787507585209   5677.345518297997    1         1.1969784553243146
-178.13625476170313  4311.166018065711    1         0.8613012994347733
5363.14207111742     -1116.3087386069858  1         1.1123665831722567
1006.9663201195043   6672.374599012383    1         0.6551208807757304
302.95831691861093   -2926.8824322617593  1         0.461234201609551
3026.7000655006073   -1694.1321131771253  1         0.3785757757763456
6359.1945264875      -6148.657612103389   1         0.729635326529787
5861.097852338776    -3162.936324796805   1         0.6070369376316022
-953.5438407663706   1546.0789320571012   1         0.6379254552114407
-246.19938688400785  -5675.6888575009525  1         40.09873928789066
-6063.75746808395    2593.5637890027137   1         41.19556712437871
-5607.235084409671   1132.493694592927    1         0.5821822474341609
4890.723490707861    3352.923044965796    1         0.5230249287517736
-4223.656509981613   5904.214523235673    1         47.087074280055276
-6370.42577738499    -2949.9989076515867  1         0.35481319125155764
-6810.094471134813   4463.056076514731    1         0.8742348007609477
6785.704243485013    -4107.13300483697    1         0.8716687247890185
4674.686829154162    -2884.4423558923577  1         0.326345730868738
7491.088286971438    7664.725394596711    1         1.0427566740343275
-1866.2479615001198  -243.04145151089543  1         0.789606518592213
862.8450895895417    1901.9201549834338   1         0.6166291354354739
-5378.5147179663245  5129.387561492102    1         0.29787931979959703
7365.317218889204    -3265.3098239419637  1         0.37810345627566744
-4846.9117187822685  -8020.4779321977985  1         1.1310772734056613
4478.955307292308    -1763.047239959329   1         0.994853712850718
2574.6004485003737   -7872.056074012615   1         8.848818091993136
4869.157082147285    6936.412001367079    1         0.2704376499324505
7894.786822437554    5188.389668334244    1         0.8171798315563448
5958.053534655224    2255.5583299564605   1         8.390926466918287
-6661.930596343069   7655.43958473201     1         0.6465319616433194
153.1784829118346    1554.43600047265     1         0.5322539313538333
-4285.450876502906   2593.113387904422    1         32.794195723055196
-6224.256063453616   -1593.8226222248197  1         0.45309250224840303
7552.034894885385    238.50936213205384   1         0.26720744611398195
-1087.5865584461449  -7874.219749835263   1         7.653846260950969
