trucks_count 5
drones_count 5
customers 44
depot 0.0 0.0
Coordinate X         Coordinate Y         Dronable Demand
-980.1070256649735   -5804.020410338175   1         0.6907996197624285
2089.2680028405584   1358.330390662887    1         0.6055453009178884
3389.182708993288    -5723.552150700914   1         19.63876761942557
-5269.378571569246   3342.882160019266    1         0.2995561502915699
4648.550186095749    -2641.3520382498496  1         0.6275699938847814
3756.14389894143     -2594.5157422359994  1         32.5741517824139
-4284.690338981369   1943.8824172387979   1         0.13192552381927827
-4756.735430645014   2389.096023793172    1         0.6737932124892608
402.79885761853484   1011.6253851823728   1         30.89168899552842
3276.587256192262    -1330.3146497687621  1         1.0020672862161395
-2381.392716427882   -2584.1283861941956  1         0.6255355895249354
2007.9510672781837   5034.167078126297    1         1.4136297105244173
5548.05212724903     -2975.589652496554   1         0.21714001162477983
-5907.753542838239   5819.023142997686    1         0.11517305145782777
-790.8147008220915   -2877.0307506864838  1         0.48511058400594353
6017.172979981594    -393.1999060464824   1         0.5788805849400465
1439.8385271324796   -2117.0841413249973  1         0.34774489722424684
-4714.7789401937425  -5629.741850731041   1         0.8216773256207706
-6041.144689723856   -3315.575621028095   1         0.9750895522241565
-5040.790009430122   5685.617324091964    1         1.1904272756488787
1607.165689263992    5720.8864441610385   1         0.5406531110241909
-2825.863791762272   -4361.658798577418   1         1.4982462260230873
2276.5755876052867   5999.154833801716    1         1.1784166547480992
-4909.808368471523   -5056.421218911372   1         0.250789548796238
4021.6921414126637   1099.9670024973755   1         1.2451608952778435
-168.1088298298452   -3835.3879190600483  1         0.11537931310701965
-6078.3228207801785  4804.217463891409    1         1.2254947899393276
2144.599402424385    2169.3527193545624   1         0.3952689161371362
5667.486248870271    4165.340899029603    1         1.0731337782140735
861.5320987667194    2321.2500070136566   1         0.28880385247220486
-5048.250023084621   -4284.938707232457   1         48.93049698517803
-1843.7919314628496  -2772.404593657934   1         1.128873514818384
-5472.619073620878   -3084.487157625053   1         0.637206276888016
5548.3242456777025   4001.106796312563    1         3.170149922959986
784.7818229845262    1994.0629593957221   1         0.20462217641564379
2345.1009227826494   -3456.8622956441595  1         0.49148567869491355
2927.3904255120715   5952.839105114738    1         0.49890773727357685
1036.1237243099138   -4954.610381396664   1         31.811761451914165
3540.4832513807332   -631.0605319575789   1         0.22686322246965582
1188.9627867019535   -2830.511358590877   1         1.6463076587597958
390.7154963247004    -4101.6496898227615  1         0.7428984950309592
3559.1634704255057   5771.112252719436    1         30.453825905779304
5866.490428129423    4745.295388378726    1         1.0200507030556558
-3478.0627538536437  4698.106549235154    1         1.0465423632580004
