trucks_count 4
drones_count 4
customers 50
depot 0.0 0.0
Coordinate X         Coordinate Y         Dronable Demand
3029.4655081668707   -5082.4542908771555  1         0.6517361068493049
-8086.320170376361   -2940.8098316336836  1         0.5631294619655394
-3441.4992922524734  -2923.974977318563   1         0.614110368660771
7303.847778379067    -2269.0710058903824  1         0.17728131321425067
4519.659982883466    -6837.353863419511   1         0.46378182547267066
5174.009590387688    -8202.160008736802   1         0.3713039723804399
6312.642335105524    5031.074434701665    1         2.637648234015657
-4991.256572254103   -1424.1543641803291  1         0.2730757746717406
5139.746763943376    6444.8528675971575   1         0.9775603456806747
-1933.9735585290193  -4819.649239948353   1         14.972795305050102
2131.3023120169464   7245.343255477655    1         38.651694716197824
-1173.1602390443047  3526.7682269207394   1         0.500510031625543
4240.045380327153    5634.292792744825    1         0.9643956257183385
-1079.650096678765   -6618.39009911798    1         0.520824837895899
7974.4379061376385   5293.398945532735    1         0.5497119609939727
3412.7298337245848   4180.189668736309    1         0.8707275554795619
734.7218173417568    -5695.733586149174   1         0.3724689358644865
-5253.215846625677   -7689.941685348161   1         1.0986147843987013
-6485.365791329714   -4151.258019655185   1         0.5900676797983333
-6949.638655343346   661.7669146014796    1         39.23646667391484
-5641.661845285984   -4922.975847850791   1         0.26364239943148804
-2228.150223476627   -8361.383887054977   1         0.24689583444529595
-6264.900175183567   -385.9803765567047   1         17.83784765743015
-5003.723687132802   -8228.362200770125   1         0.8951213568218706
8310.97591251058     2213.739028550856    1         29.289055854240747
5288.510449837209    -4429.700760856879   1         0.6239051178170892
4038.360904739495    -6724.078874758888   1         0.6835350414262814
-5304.045438446595   3116.521102053957    1         25.53979550348584
5591.666624199334    -4093.321907304682   1         0.6774015840050649
-7131.8138963993     244.35803936579768   1         0.1724140040099983
-7978.980499828126   -2533.6735827232183  1         1.0897176014611025
828.0767841800281    -8287.305462838265   1         0.6535450391229688
-4044.2960732241336  -4346.697228005541   1         1.2496557096187737
-1666.1002785910832  5042.748403479847    1         0.11877164636989013
-2958.1679038371653  -1625.2449058257403  1         0.5671616660580596
-5522.354514009495   -2308.2873293208945  1         0.3750866955394323
-3123.0907550211605  4889.052496243307    1         0.2129622782279222
5717.568802651873    -7256.203130547971   1         0.27824118151564614
-5104.782806806492   2569.640542587227    1         0.6157079140171374
-7602.883509686617   2615.960307724938    1         0.8580567110889424
-8586.629226904837   5476.053822698929    1         0.19645537741895075
-5733.161526161075   -4308.076398381659   1         37.22771576253465
-5494.157268155876   3669.367369827096    1         0.7557406282303832
-7322.908197470313   -4940.1802356031985  1         26.085747954094774
-5800.250592988856   -6874.590063283887   1         0.12776282732633285
-1465.8721333205417  -2254.0108221978094  1         0.4806912737765995
3260.4375363871745   -4928.953141582288   1         33.2499070574804
-1169.3351503306442  -920.4726074207636   1         0.3815114045038258
-7869.164750217836   795.1947838358914    1         10.799430422138053
1558.8479230785354   -4045.5302254306594  1         0.33439412482449704
