trucks_count 3
drones_count 5
customers 43
depot 0.0 0.0
Coordinate X         Coordinate Y         Dronable Demand
5148.921638189376    -5581.516399088557   1         0.7447900003842458
531.2342843648994    -3400.32629770683    1         7.313374529403883
1151.7461711758806   -9238.07851751788    1         36.544873626357514
656.381624902342     -499.9596925628369   1         0.7604670186159652
3942.7766628490167   -224.1765945198937   1         0.17850554238358873
-6505.640802710849   3229.6958070772694   1         1.0051735862844742
5195.650511975191    -3533.448527196638   1         18.154997668008342
5944.972386360969    16784.27816037256    1         19.34295022765216
1137.8765733273044   -5287.128328809826   1         0.5572929097155797
-8631.2518972509     1147.8075551859763   1         9.893960264406372
7056.718919609342    -5897.284642693813   1         0.45729723129853006
6785.129106008358    2730.3418383423063   1         0.2545937688374017
7440.73044490314     442.2925423650231    1         0.7278103550592315
-2952.705239525832   10074.247838273477   1         30.300590194026967
1843.6135331759099   -1423.8237694417119  1         0.9441961682568598
-7296.454554510804   5031.6192700006295   1         0.5339754354294873
-255.82145850471838  10685.572579059339   1         1.223394345336325
1818.307561659538    -6227.654657579007   1         0.5728793178210969
-6041.643162462769   1455.0692609778635   1         0.49049906453354775
-13052.846067499091  -1774.4867045833162  1         31.85909522081656
1584.6272448894133   -2981.6494682521716  1         0.33929402641958895
1214.5896462056805   3080.640974463513    1         18.313151821462963
5176.36089035619     -5121.220092471895   1         0.8455883819879357
-1487.541998802009   8045.935317935507    1         1.0045988766241638
-7893.7662310930145  -5259.06965514605    1         0.6432865638751272
803.2295850292901    2186.84592332992     1         0.47399656518312083
3357.9754624691413   -7993.955497850575   1         17.185640778549438
-5306.611675210306   -7526.079303033977   1         0.7863012845307592
-3255.3809274078258  -4382.958735920178   1         0.7983154304975608
-1186.5365688106067  18179.517871471486   1         0.851685801306856
5528.815154522602    -4222.628569910555   1         0.5983288179982639
-3607.1698355993144  -334.4508341825511   1         1.122037244365097
13503.659567931463   16474.05744973589    1         14.16376285526938
-4308.390826936805   -6721.770676002207   1         0.3341697042860603
-3975.13126400542    2347.665295014891    1         0.35310291282904105
4910.037869686211    -2740.7051509969397  1         0.16400421307807872
-980.311835931879    9723.222751347745    1         0.875883815782523
-11854.395517799887  -10086.621175475864  1         41.277914907470134
-2683.8695787109054  8061.956648874537    1         0.13368798991501563
-7623.144173031384   -2199.6441909290493  1         0.7179584413628258
3972.3149013028465   -1075.6912773719798  1         0.8839843096425993
3405.6387338762183   -10380.02746627695   1         0.3900564324377499
7596.046192210679    5607.0025433842875   1         33.32896596967797
