trucks_count 4
drones_count 5
customers 99
depot 0.0 0.0
Coordinate X         Coordinate Y         Dronable Demand
2586.2957431130726   4669.243097471962    1         0.30582300841381604
-3621.7495806686447  4140.49459246815     1         1.1678674090370365
-1220.306355049407   3392.728783569746    1         1.236453016765009
484.8593832511745    -2517.110503950506   1         42.07995078121186
-1816.384291733566   5078.391395783061    1         0.7010356430414474
-670.4461861243836   5348.611240184078    1         1.2216040959318162
-1638.3427363076005  844.9911300167131    1         0.6901849165838237
-2133.165710006765   3165.978150983095    1         0.46863532516253126
-406.00290201471284  5243.761619912109    1         0.35002987795210405
-4914.207554477823   18.90366748790348    1         0.6817140629402221
5692.322096952453    1781.6467372977336   1         19.273692400552157
301.89934832607156   5080.540439961904    1         1.1219636679054636
4724.134396499412    4424.761753525726    1         0.663881332939897
-1960.2538533843947  -4949.815406917283   1         0.1075059376334932
-561.0570029398698   5753.309053915174    1         0.5250302959462249
4987.846412128245    2213.3889158850398   1         5.846960377803589
-1531.5026276692854  4531.828323030571    1         35.25654764362389
-2399.766630223567   4363.72118240648     1         0.9044551711389979
-1267.742843520523   -2982.1173140910932  1         25.649982381896173
-3517.763148905689   -429.243442551522    1         0.11337420631250092
-1895.2133695356918  2232.776171699383    1         0.5399016833553457
1593.3881377333093   2566.661897993121    1         1.1709960787631892
-383.9704863920678   -2668.20882745189    1         0.10761962026152289
5715.904373694086    -5465.914290331356   1         0.2564573528960151
-3039.28749081121    -5200.509581831174   1         1.0337343197063806
588.5455074474266    85.13598230184016    1         1.0074460019771385
4370.93310752527     -5134.74869320296    1         1.059764913847961
-3663.1886842762906  -5762.208765967282   1         0.4001470348387314
2322.496313143049    3247.028705242872    1         8.582693436852534
2381.356955356092    2538.767310273306    1         1.2192859444665904
4785.827718619323    -4843.405294436738   1         31.488596226789333
4354.764729572037    -3889.5226429059067  1         0.49177426878512076
2468.0948415154458   3088.2830959053645   1         33.435602774666755
2554.859869329821    4595.409403558662    1         0.5406457770604421
1301.9230425539938   4532.231242533892    1         0.9404351799395548
-627.9617603467509   -1795.7494405089205  1         0.3230184363821966
-2441.766549896339   3375.235964486269    1         0.16204065478142632
4161.067567141428    4328.704254336831    1         0.3998425595335626
-1542.7988749126064  4985.33340175094     1         0.7882892693123552
-5479.045032668522   4578.067638047391    1         0.5822423774425678
4152.8812438222185   4154.156989690564    1         14.944798743785006
4276.048420612593    -3973.5067545476413  1         1.0932767774575234
-1761.5857945440666  -1525.5695010386698  1         0.20176757549213678
-1232.759934921286   -443.53214130736615  1         0.2103007564696293
1337.7713074965402   2056.891687378501    1         1.0008508127998195
4256.028573279422    2104.279763560109    1         0.2973429662690973
3764.848438565057    4026.6192829171796   1         1.077130810304647
2728.7924255232624   1532.2782683820224   1         8.284744913318093
-2388.6237836133178  1986.655561602154    1         0.6618347862407142
-3263.2408294876027  4819.858277322359    1         46.966629788306015
4921.560597829536    4632.464228709716    1         0.542292302869471
5641.281640623474    3934.015167457463    1         1.0655959114622704
-6041.703749401937   -2134.6414539434354  1         0.3946557919902094
4155.737738524101    2971.993724046423    1         0.8394394945683773
-1956.5072936897654  4960.759981931911    1         0.9118945964574603
-3986.2200765336556  -4589.855871261109   1         7.378296718497045
5502.391175093653    5914.551315267214    1         0.33834728867078573
4233.823981887704    -2446.965555167107   1         0.5637626754372193
5068.409809477433    5057.276514775539    1         0.5160080243240894
4597.971412566424    -4097.229177462031   1         0.2560476442603561
724.598702242397     -45.06339399537888   1         1.7943202858403093
4964.373361985321    1547.9833914639219   1         1.0225203360087316
-6133.316464643844   1754.8924585272978   1         0.17363977440706652
-4082.078933860426   -5809.251008022849   1         0.370179897956209
-1837.4345907113848  -5917.406745948367   1         4.983780422340537
1144.1556395812802   2055.844325376523    1         12.70895803885553
1841.8308733457825   -5171.937573440118   1         0.46252153214747216
4923.161526287538    -5191.057121205569   1         0.3049342112092201
5476.572459752976    -2323.5168486634643  1         0.42154110613211115
1311.1500198708238   -1768.4027426347357  1         0.31036552670809664
4607.524203769923    2511.3405243086568   1         0.40339378526334424
-517.214643045414    2234.207832399974    1         18.250330473485523
-4374.161197030431   -1898.8262953936373  1         0.2650432400617142
-1721.4847776061629  -5881.95131172634    1         47.23501106873578
-4649.785779288127   -699.2349875400912   1         0.6905232002412554
-103.96242895083924  -691.452198595448    1         0.9886563998624274
-960.7657495996716   -1543.824945244197   1         0.367406509203525
4091.4255744201996   -1073.2816636657192  1         1.0005400675291642
1977.5953759853733   3141.133089739805    1         15.831477602279486
-5840.422768329726   -1417.9529370975613  1         12.038833217021953
1628.8791389179537   3284.1370935355185   1         19.327254317602197
551.8827961931783    -2089.6095714224034  1         0.3492812902411121
-5145.827599291047   -5024.351599956814   1         0.8626886910162842
2355.515075747066    3001.3636414772145   1         0.8750092798948788
3318.6981813768907   723.1358249282531    1         0.807931117803946
-2976.9021839939605  -1277.883114270472   1         37.81705540469498
5759.796419933596    2707.8493347552767   1         0.2350879419721394
-110.05474110192154  -2268.5811115236666  1         0.7186517266230874
5329.487912410912    1104.8513579708683   1         24.915728898105918
2087.5723985265527   1481.6543890937705   1         0.7807571216330564
-510.54804028690245  796.7857585407884    1         1.2119415463013072
3742.468633849743    -1694.2523738728032  1         0.45506290944524175
-1598.126995614018   -4294.511750856183   1         0.9861682015000939
2584.320026956999    -2275.341752398059   1         0.7310878356419478
3744.865121152631    -5770.700249437392   1         1.1062663123145418
-6117.639871313846   -1394.7289990496763  1         1.1516842091520043
-3983.5692963280744  1705.5521454071143   1         18.04689533532065
2343.0291639366023   -6093.283464849871   1         1.2012031466305857
-5250.179417723385   -4927.5926103158745  1         15.454714173442174
