trucks_count 3
drones_count 3
customers 26
depot 0.0 0.0
Coordinate X         Coordinate Y         Dronable Demand
2559.2351071620637   -3213.610329484946   1         43.01060467084052
928.8384798213975    -4276.813448087951   1         1.1237175896248555
414.2180504510213    7127.787094707796    1         43.50691434424795
-392.0833416500758   -190.37034737978246  1         0.7780952883232485
5021.303692236874    -1556.0268750514788  1         0.12507675122214484
-604.5607070926126   -5683.8053790417325  1         37.637313965332716
2008.996192670898    -1337.2950704851125  1         0.35495774348848963
5396.558385402207    1173.3150348953852   1         0.7525018452777278
6585.558984591595    -1240.6316105469427  1         0.6481654072305572
2927.6353325271525   260.3562900572896    1         0.9736852387763084
-4766.732174666197   -4781.6065170142465  1         0.31779907598991364
2999.695416327977    -2342.3419169175613  1         0.29569084766283765
3619.78804885164     4339.997428699178    1         21.54649264791614
-876.0091765978225   -4329.704067017229   1         1.2359492607005758
2448.9124708207637   2985.707627695716    1         0.13785192818497286
7657.218350195135    2811.3779725137724   1         6.173202297011733
1276.5746577509872   4808.219620427755    1         1.0977990507341924
6728.987326327544    4781.301646339438    1         0.19649614973071655
233.44172660787726   -7622.388576347093   1         0.23077438166074224
2768.4584164137204   5119.662525257174    1         0.3464263240458598
-3800.195430817819   1405.9442778473776   1         1.240550278877739
-648.8652139060282   -1315.4498382767272  1         0.607110955564149
-2282.9910611593355  271.2031637186701    1         0.44279648462375953
3523.291520267463    6334.358975647087    1         0.47470084521384037
6515.951071466707    -6985.315631354128   1         0.3802254128777961
-4652.083359021862   -6678.237304093833   1         0.24099191076543586
