trucks_count 5
drones_count 4
customers 52
depot 0.0 0.0
Coordinate X         Coordinate Y         Dronable Demand
-4627.326829190651   -4872.705688450719   1         0.8580870378987439
-4342.600728600424   -9921.177516097328   1         0.35561317003107984
-3850.93409188402    1849.8732111330353   1         0.360020658882898
-6786.202267948944   -4738.95448155568    1         36.707854166652616
-4622.732778063268   -5609.306498353103   1         0.6809541855418204
7819.8048023706815   7178.775026655749    1         25.280494363308875
8197.00412015804     2893.5728691960476   1         0.5788067846737356
-1009.9854719003308  -1717.1074943647714  1         0.5551795676909105
-1395.497349911153   -6174.101959724799   1         0.7288151128033622
664.1427623391376    7907.546310165392    1         0.23949614088050153
-1578.0229294184558  376.77736807980705   1         12.029633390256706
1486.6640925356642   7866.1920387883765   1         1.068961671174132
3369.2113274688427   2487.83103182853     1         33.6080041116136
1052.8437530392455   443.434680229008     1         1.0968328981545097
-7785.056328356018   7561.141153609287    1         0.7316451196490231
8270.400143918989    -8984.262348298487   1         0.6254236514076257
3128.881732005817    560.1850667295334    1         0.9384943856949071
-3555.8945172955514  -2513.089032995266   1         1.232005992040341
8547.87958014579     -1750.0288251644417  1         1.0014021339718044
2878.8904689635274   2939.048845157615    1         38.27071480528199
2533.769485153497    2080.9362350030788   1         0.3235436744770507
2480.380384254402    -806.2271371633487   1         0.6623677901033068
2882.616049344497    2806.113448990141    1         1.2455452565444105
-5316.2907311199415  4746.868454089105    1         1.0256141741309426
3350.059593823354    -3888.429023784841   1         41.96051220562901
-5662.685908044244   5856.143768483707    1         0.8515077584970763
-446.27839909056695  9651.566371314913    1         0.36870353118118626
832.179023579454     4374.626840028735    1         0.32743888144739514
-4522.700405447804   7693.311547744062    1         1.0466707146265106
6032.394059639568    -7369.4008906879     1         0.7991921834666083
-3472.483327146567   -8297.962589639219   1         1.2021320457318734
-3535.109729157905   -4543.047554790629   1         0.8190060183117837
-7857.930865744538   6759.950673586836    1         1.170091641954795
1015.9516309175925   -8876.169798908724   1         0.7299252158645981
8859.197536121848    -2237.738551011083   1         0.5400470613359077
9325.400423681125    1271.7157792438759   1         1.1007414892458505
-8238.29477269472    -7356.143344797258   1         0.37664056616849817
-4977.405077060457   6439.382842946667    1         0.9898883939988521
6035.147549619061    -4814.53613779788    1         1.0264437624016742
7218.6354058900515   -731.6743914898029   1         0.558440952593692
9830.454872941878    -2346.810776392308   1         12.887317492425005
8664.761680159449    873.7960007326222    1         0.1367189056250876
10325.115600346015   1673.5603854450078   1         0.3547972212285747
3709.7935366553265   777.6973739844003    1         0.9657168785081375
-3697.739408400927   -6308.65246623669    1         0.3902314586413588
5012.6715887309365   5317.418800216938    1         0.42866251726966786
1803.751692332606    -5465.820509188977   1         0.8516140636214958
-6480.108881421504   -5699.2192419144785  1         0.7090239825953479
2652.3709301340473   9043.023538031162    1         0.6223062207167923
4012.8232949073267   -5569.555906822027   1         0.8736985835277449
-644.261707959275    -1657.6600713158498  1         0.19670409005463663
-9190.214940822538   1139.8991521601147   1         1.022150753515596
