trucks_count 2
drones_count 3
customers 34
depot 0.0 0.0
Coordinate X         Coordinate Y         Dronable Demand
-7786.381708583554   -6308.125608240831   1         1.0208147483891095
5040.218116319458    1111.9473806974122   1         14.834963737084406
-784.400219925759    6784.3164640719      1         0.6761002465200059
10.31784693382906    -1206.6682651770607  1         0.29072162688754344
4008.586203678568    -6573.181033800228   1         0.42534893437503196
5385.282312983352    3905.715511002383    1         1.0310535751049674
-9132.8955478963     -944.5931837124883   1         0.11766166495968222
-7268.102294914385   -7639.304362035314   1         19.9789266870306
6356.954262411022    789.6213789858123    1         1.1792116417590273
4337.912070217837    -9015.916073198443   1         40.56087575972343
8277.368830256191    1698.0123120536919   1         0.3979000105182561
298.2768714710955    15.81675192424582    1         0.2484900815687071
3704.22774724311     -4800.871492154444   1         0.8337878135623841
-6642.832612362432   3204.607050256749    1         0.5639179860035514
6524.65678969416     6152.687268151691    1         1.194900745168825
2990.7008093150416   2839.9844677902847   1         0.4137348571167804
-678.3527521187407   -3265.244523576317   1         1.22896617710761
1747.619609289346    -5726.31607609364    1         0.7073452726998782
4431.061560897619    -5219.95617240928    1         0.47917084003860566
5634.886229610133    3945.347869001297    1         23.510767870687744
-921.7267007850609   -7212.938497968389   1         0.6388798310968121
-3578.1063382450466  8385.077431273157    1         1.142071731091217
-7228.537811651032   -3065.6685669360813  1         0.719525925750538
-1328.0755089146787  -7086.624755696887   1         1.018859238718184
-9126.975585912025   1522.9084513661473   1         0.7755701281136955
6078.129886957825    3091.335955114203    1         1.0013633335642886
-7533.151895323581   2195.1642093592595   1         1.1991420378382547
5744.825364140797    6832.832153840888    1         7.570334495724689
-2932.574806039848   -3122.402712825048   1         25.18224918362507
-1549.1334497348619  -4016.256662691806   1         0.7576369923603233
2750.576883028622    -5301.2138302063195  1         0.48995632400492484
-5154.000892601087   -9218.95188088217    1         0.1643488271650715
-1673.6459791369641  -6672.529973949523   1         0.93511141950597
9057.320872148663    2447.836561584677    1         0.37574920590453253
