trucks_count 3
drones_count 5
customers 74
depot 0.0 0.0
Coordinate X         Coordinate Y         Dronable Demand
-2478.1518218904835  8653.604170248109    1         0.659395009784437
8838.452516170897    2615.205590319997    1         0.8965676964204757
-9089.733377114711   -4400.632022827733   1         0.43486540261305695
2761.0397813860036   -2639.165612326159   1         0.1551890056738086
-3393.493709645865   10255.694759846423   1         0.9961588946246932
5286.506932736626    2706.6014037589653   1         0.7829665089247512
2088.599626275453    10483.591793968973   1         6.96739310283982
-9539.679282984864   21.140215290664983   1         0.3558063464229927
5093.852340765647    -2277.858770980133   1         0.5188388440899776
-2465.938987248781   4562.979992780585    1         1.1182954038130808
2784.4656134087686   5337.29942734974     1         0.2852025397564689
-7839.926041971874   -7350.536286289263   1         43.28562725005319
2948.6362445039726   -10018.674257934197  1         0.5078890512486319
-7900.832562355058   3724.4346436778956   1         0.23376408969040965
5048.926099171014    -5285.418892639666   1         11.83103336431237
-6768.66472166519    -6366.999273525055   1         7.706365865647513
2602.0852425224093   -3817.5459907273466  1         1.2396768734504946
3935.8153973063195   74.51471463964283    1         0.7921527558371072
4284.507034305491    5542.907704469777    1         0.5271079459673084
1324.7871079223398   969.6823194024653    1         14.138234506434646
846.4399595347237    5025.717603239921    1         0.8385377499122545
-5486.511637782922   -3794.992177311092   1         34.53773188262419
10038.889336802113   -8340.753989667803   1         0.4470128616879546
3938.8516622081347   -5920.787179948925   1         0.6090015835996572
419.15109450234047   10358.517899864335   1         23.082166007918744
8616.365565339023    -5650.339354719694   1         0.1535140624650618
7378.436448953124    727.5623359546809    1         0.4553943124680877
259.96554803868014   -8722.736006627567   1         0.6675710236161928
9159.554618120761    450.8699628833543    1         0.48984568081253954
-3578.8410295568997  10275.955270379143   1         29.96378300805292
7072.940708973385    -4748.924820314774   1         0.8554899593762628
-2237.6000410198617  2132.0556188710416   1         1.0564128922224674
-6495.354861373975   994.3034415865538    1         20.554411703691752
6743.19438825613     4307.037816559549    1         8.992719068149466
3446.8591021079956   833.172585834971     1         14.86226362932007
6586.5533230869505   -7449.729412216355   1         1.232195217802938
9000.139348470211    3050.4384010638614   1         0.569769198729768
-10398.480855791828  8354.81610842823     1         4.699344201629138
-4217.52382455225    7155.318331120401    1         0.9558615774454525
-8391.161816964417   4943.609102864172    1         31.370743318879416
-2339.6916661802115  -10344.906426166757  1         34.70084714977896
-9082.979022797945   64.77153224509253    1         1.1265121742140096
571.5012498888407    -4474.795364833787   1         1.2223629467463129
2038.43581610869     -8946.671633070577   1         0.441289235967372
1049.9382362406582   -2775.068633530336   1         20.686829489868998
-1110.9902461431357  -9828.308870372752   1         0.6971446742253045
-8798.609804332636   -6476.401343211936   1         27.222163634342092
7685.422372219867    696.7226721471267    1         0.6334872337001926
-6680.548231522282   -4354.878281106906   1         0.9766975265883232
5906.772520793066    -5413.565438333364   1         1.0433131337213737
-4848.9549323484825  -2394.267293199036   1         0.13278928520606512
-1773.8079453512596  -5384.159636046049   1         0.7571761496544239
-10011.487360450748  -8903.39609880036    1         20.450526668744196
1820.088322253579    5832.151196228082    1         0.7315956638828612
9841.835206396685    1695.8883968321436   1         0.829244411211589
1535.456923010474    9396.710136656438    1         48.1197818379482
10349.49122296846    4275.945175395407    1         33.53735540781306
2494.763063774866    -7187.197042352974   1         3.8669195857522607
-6991.235069518138   -2451.86558192899    1         0.3560840845222486
7379.311973160354    4510.2737875637      1         21.20796395638604
7792.036190107286    1945.387379129432    1         0.8552828286656348
8187.183804525166    -6719.787269548761   1         1.2441925646998706
-660.4693990402502   -1883.213736580692   1         0.20945961932510715
7845.865981983952    -1899.5671846646019  1         0.4769410021399848
9155.67072335032     4306.425640392229    1         0.5149647250819134
-2170.742765150471   -9242.69080869435    1         0.8009037870542132
312.2378318696286    5853.640441551135    1         15.307526500377923
-2874.8339404639855  4342.285758611401    1         22.170137965054877
4452.09151640691     3557.9861322735674   1         0.20754210410209545
-7906.5981862460285  5890.675305206985    1         0.5490953315388892
-1085.502698240337   -1114.2956263726935  1         0.31313478172582426
2214.168956326172    -4036.524182511087   1         0.8604597963077673
-4014.0812771803953  -4148.81193562489    1         0.14689385414343242
3275.3363261859176   -8054.81297508739    1         0.26021014438144074
