trucks_count 3
drones_count 3
customers 33
depot 0.0 0.0
Coordinate X         Coordinate Y         Dronable Demand
-7163.385017911774   -1573.6862688653964  1         1.2146404812925564
2760.1081673212116   -1394.5532929636627  1         3.4765897516853856
-7183.164874108631   -706.651751535874    1         18.569101685683684
3248.241355523548    5334.025672222674    1         0.4680758682488352
693.7701858529389    -3435.6745080250485  1         0.5478720089929457
-4278.335821922782   7061.684585739625    1         0.5886439167051449
12134.160464006189   -11612.680940100714  1         1.9827415656752687
5594.446263312882    -8345.361750345088   1         0.26364581698154366
7545.628801821924    6387.281273545703    1         0.5507459503494537
8761.351556224261    -202.7510589951607   1         0.3182924659390186
-227.33003129870977  -7181.11957506684    1         0.6450541678377729
-3007.9004944366447  -135.04841557788163  1         0.974317196997801
-2957.2700263764996  9546.888892502024    1         0.10674912774354274
9682.416555783631    -606.7122797120352   1         0.22267653906908863
8780.596179765618    4305.591242952522    1         0.4899386964422726
-5513.043364772891   -6237.444641428595   1         24.839712001206752
5399.832552667934    4762.234108730102    1         0.9184231692999639
4012.689569235057    -8232.29958733946    1         0.39153700422994486
7680.157531338646    1398.6123546874371   1         25.06561354966536
-507.5888028135934   -3600.305223086764   1         18.1777754940168
-6150.788098391007   5340.5406628230585   1         1.096750119347796
-7274.2635606320755  -2296.9470393853007  1         1.1526669886387748
-4799.159997369265   -5474.895797108334   1         0.7668779508751672
-128.27622380143086  -2033.5478604494751  1         0.16575799952032833
1819.4008946348483   9507.836794667359    1         31.108181558035795
12174.98561420177    8285.786155141031    1         39.294431657174165
1090.1154273826796   11876.638873418127   1         13.599972924333375
3216.3743643418525   5033.10531579391     1         1.2105352037925932
150.86900866798365   -8819.177458995619   1         0.5079014829089805
-2209.102483658002   6947.5278439340345   1         0.4840405583450347
-1804.1982848445725  912.6670382138323    1         0.14843275829797947
833.5351237810875    595.653688375392     1         1.1011020560261127
5943.254957268033    -604.3231141449342   1         0.10536108182822625
