trucks_count 4
drones_count 5
customers 96
depot 0.0 0.0
Coordinate X         Coordinate Y         Dronable Demand
-556.5516841301452   -10320.334668521353  1         18.253661530667543
4593.118067531552    8856.548026967663    1         0.9167052597845465
890.325790499331     9856.954691510466    1         0.6914463712891259
6602.500069564763    -734.5418736414767   1         1.023422394847474
-7477.7420789011585  3048.1658369611077   1         29.127449448268294
-7800.264942444161   -1626.3131025024213  1         1.1208670583342017
-6481.5164212106     7214.185604361385    1         0.946052872880428
-4241.221449269597   -4190.623324911167   1         0.708964718355285
5030.9224310039435   7722.706887106172    1         1.1568296928794113
-1074.7499943861817  5378.640211512691    1         1.130234575943009
-1915.689130120376   -5265.257686363284   1         0.8448950638611153
5963.43836913462     4281.786375287839    1         1.2372133258024514
-2121.488364886476   -8709.476889444748   1         0.6266572764570592
-6319.760439598313   -8175.297991489165   1         0.2935671858647476
7341.936263231699    -4925.28350562671    1         1.0366194442108039
-10615.387866455387  1712.9388702529895   1         0.7153903040248998
4243.1136541116175   7050.57919493771     1         0.16336944338345138
11085.325270373361   -6181.0009405380415  1         0.8459484764027607
-10439.820690772742  -2320.826073867939   1         0.9863494703058571
7929.552684438091    -5762.172361793615   1         7.46757843032942
7609.654190865216    -2475.2825429896197  1         0.29850456658741975
2798.570197878279    -10485.146942989202  1         6.520256833875922
463.4169354197567    -10163.244594575983  1         8.468674547342681
-5560.510343701051   631.0000166746286    1         0.5127819911074961
1196.0674347201746   -7999.22837087285    1         1.1471207902698703
6643.951203575707    1830.2863153046928   1         0.40003413539741994
8475.694737264572    6536.176622952981    1         38.85226739053697
-4242.036168213554   -5430.716640341717   1         0.14460410681451602
-3178.7217077231708  -8944.160290674487   1         0.6186845224071059
431.0848669599583    133.9572735653227    1         11.255118121650657
-2888.463441361782   3375.6841628909347   1         0.480132655641368
-2906.3302583956756  -9566.818647875143   1         14.440680065101546
-5305.536223138062   -2526.1870932625206  1         0.7518437831936854
3558.677693498196    5234.1675696362545   1         18.232765167781945
-8673.030101144475   -2770.5341938644383  1         42.91818197265515
7429.503133237669    2260.4107207151674   1         0.2069023416025118
3533.971556806155    -2531.876300901143   1         0.8699106611387781
6347.57965391845     -4165.607173025551   1         0.500188883443769
-355.7569902587238   809.3165085054679    1         0.8418386832511761
1451.73404627759     13839.412286006138   1         5.317679363687675
5278.876322502848    2427.7869514769727   1         0.3311684733777803
2519.5455894505994   10868.864063600084   1         11.213802202644219
5085.371519650607    -9610.974358334399   1         0.9572234448565186
4840.646221551505    238.5469748455748    1         21.975669440128
3590.6352090963096   7644.828530147464    1         34.47205137211102
1531.0480366429024   -10557.923260453035  1         0.6394577055173855
-5843.3396544630505  -3633.661212057664   1         0.4721314128571167
5396.679305694492    -3649.1325628596082  1         0.18845195355118707
-2201.706318975239   8339.396741377512    1         0.28722396433454067
-1180.8079100553628  -6173.823616114328   1         0.5507096002107905
-9716.164710993868   1069.3433221873438   1         0.6925714056776092
3377.217700748197    -13459.769774137263  1         9.716926637990788
-4435.799068396886   -2675.7886489038247  1         0.6127003707963903
1618.3323731237895   3665.2022978512455   1         0.3363662394490992
1530.2346183382695   2261.351967916063    1         1.1505179181771077
-4476.742298690445   9516.784438551631    1         0.8299879207953164
-7059.9629251658     -13171.533024526883  1         0.13746992259336405
6510.063019956962    -11463.51176192368   1         37.35994517068843
4608.188864382869    8004.899688236326    1         0.9196118198746461
-2639.405040253654   5978.460413447769    1         0.7258822130058974
-1012.9629595502965  3610.623585261582    1         47.55977623947051
10360.08567142712    -3625.2553462299566  1         0.46486834341148076
3828.949896931795    -7646.2343418716     1         0.2752920690436105
13248.797138184606   -4324.3483263581675  1         20.116182556870566
-2745.535834745112   -3184.8589809854484  1         0.39752929462164677
-3590.634292616845   831.6989672129704    1         18.902566870278527
-2575.2503617924417  -8988.872183446128   1         0.43544060928266226
-1479.7045381149892  11734.453652642665   1         17.143553501318554
-3025.795293871361   -6716.321745808832   1         1.1299580336716257
-3872.593974790193   1693.0322468469772   1         0.5674934065410973
2981.079676580611    -4907.719626373264   1         0.718714368555698
6099.441839938666    3775.1482729268682   1         0.25142564138298373
7395.814165519744    -4887.672663659477   1         10.510948138827054
-6579.04501204724    -2994.2680282609344  1         1.0774023428676351
-11938.119325593692  2891.846162360738    1         39.47612369953648
-2096.127517447144   138.0722475164495    1         0.9377237037177099
1051.0906841311398   10752.233423786252   1         0.5924815684569174
-8830.705494304097   5854.215058039192    1         0.4941496377213538
-2936.5534560700853  -8562.587936481093   1         0.4574687437804781
-3459.3121731886695  -7266.125306576159   1         1.0838060377582837
-5099.773966073919   4352.552173386376    1         1.2299996421476462
4794.019432319974    -13109.10683303763   1         16.920646153367485
5159.809308661501    502.3058742893169    1         32.40100713795701
6663.955448333267    7502.03077066561     1         1.166489827047652
12440.030659285438   -238.139276438018    1         24.343687939781105
4930.480187352997    2598.943819893845    1         0.1983619927669733
5340.837275256506    1806.2362310668818   1         0.5203946674065774
5105.099804709548    3125.3756052950152   1         1.2386997370435595
6626.992194199741    1206.6427442071674   1         0.8197233881385134
6582.977746844041    8588.585600826627    1         0.6735946050307359
-2170.5116501237026  -521.8179595347228   1         22.45737310052326
5322.532330228804    6413.2664308603535   1         0.6166942649989986
549.9894289068416    10982.411689225724   1         1.0579483071648503
6020.377615098712    -11319.480217405995  1         14.01061039225396
-8793.892651971402   -3883.885043451447   1         0.3162022738082587
1793.1090173221683   -1210.2639451609023  1         0.17503249289712977
