trucks_count 4
drones_count 4
customers 55
depot 0.0 0.0
Coordinate X         Coordinate Y         Dronable Demand
1252.6223536277885   -7475.576377855272   1         0.38165659851814904
5272.624375525762    6676.87164973465     1         0.1056102842077789
-3106.9936773120257  7924.224224237382    1         36.23987294407648
5988.619242191296    -7455.514360071032   1         0.41818905695003905
5300.895238449656    -3270.4500815244623  1         15.595765346864056
9683.626774731236    6.53840866741806     1         0.19498832940703795
-1448.3776443731495  -3730.8289655303133  1         0.8459119042824342
5209.736582432565    7932.660039435816    1         0.3824828342070944
-6966.7813638210555  -4663.767874114019   1         15.215117520571471
-10017.782398694708  -7234.780263626812   1         47.67280347234116
-7111.0899278322395  -7535.888855115378   1         36.14339838763647
-2314.9418249116743  -2937.505280117773   1         0.8432204182425255
1757.4571489200955   3610.239672355034    1         0.12985464256422008
7076.51356395678     1740.806668230047    1         47.45028706605676
-8784.124573705249   2548.0562526893827   1         0.32860026934914865
-4120.899617261968   5807.636020076551    1         17.441746540144727
-1094.581083998175   -1777.2637032500568  1         0.38730446956053466
1549.6990945787911   4202.124725010621    1         0.9715179963583932
-1021.6944067404465  -4437.617151437402   1         0.29149487656154
4688.927725939753    9442.963925956363    1         0.6854819242878454
4018.446185944992    10044.037746178314   1         0.5755738448015436
1914.3237403180751   -7932.0209988950255  1         1.0699034534590333
4800.896340958269    -682.9972497278067   1         0.3826821337844498
-7183.0127222476685  -3709.7094747916885  1         1.134192620819487
-5284.085629549251   4699.218513864919    1         0.391850677458766
7909.5490279982405   -5763.265411158271   1         39.4476123122684
-6717.936209074716   10963.307507179885   1         11.56872810359082
5009.175017357098    -3277.4827371318897  1         0.1979198071234903
-6418.431722906725   -1394.633902632772   1         0.876907374347813
-2635.0984007003303  1906.5740785903902   1         0.41349696874961517
6209.478068318085    -4503.359154954654   1         0.8355049068347624
-3948.01619035807    -8412.944740827741   1         9.726199141877368
-1402.1624740788668  7780.025150274173    1         0.14992611706706707
3904.373959863343    7874.054531514514    1         0.9740893210492096
-3238.273631713394   6642.539522781853    1         1.057695077190871
-241.2400449235041   -2115.971007994268   1         0.5991888015093977
4143.2623224817635   3354.5488794672146   1         0.692103158753655
-5124.415097700659   -4847.696938243203   1         1.1723891313609742
4130.784567868219    3089.412952754124    1         0.757574018326342
-978.4845200735781   -19.51244612114715   1         0.1833355325350535
3823.2450997061646   5839.400695067017    1         0.30074445064162925
4995.06157229465     -7641.109520089009   1         0.49953449050308885
-208.48178574171385  195.1981032233136    1         0.2743771467508766
-9963.957997530082   2350.021979732892    1         0.8554892401703308
5784.60632498098     9010.754909533556    1         0.27693153523231695
1586.3526807148214   4327.149994081767    1         0.456619938467282
7802.868211593054    -1395.852120096537   1         41.02837444977806
2584.513841857968    -7908.553479726583   1         0.16414176260731578
3046.443432948332    -2718.921581985891   1         1.1519361139014055
-1207.9422589550759  9635.570681782428    1         0.3415549867917102
6821.622082640229    -68.30107264666316   1         0.8382888700882658
546.9754343734045    4570.829087326107    1         17.316106432722727
-1106.8090733259387  -4841.5319641292635  1         1.1829256775683517
8672.993794633076    5210.197625722771    1         0.19426506934425347
876.0567868061826    7899.560065967144    1         0.18357549996285544
