trucks_count 3
drones_count 3
customers 76
depot 0.0 0.0
Coordinate X         Coordinate Y         Dronable Demand
3307.4456665493526   1700.2901199312998   1         0.29016428214759094
9751.720521325617    -3595.1893686906305  1         0.5544602110717315
-3159.906549238307   -1569.2804279737384  1         0.5166909235193645
511.69593607164177   -9179.941224940743   1         45.84864267692093
-7247.232177780153   6608.099489352538    1         1.2312415119203988
627.8236243511657    -3474.7865328015782  1         0.5652599793528792
-6362.034124429047   -1050.224671419617   1         0.7240472676569767
7633.171223774866    4299.748913327231    1         1.20571741699975
-1475.4541442158832  -7250.781414283041   1         0.901033016664705
-12786.008681494444  3613.064520831369    1         45.08210945413365
-688.3546911653993   14410.051362139053   1         0.2146494596748246
10286.4767744417     12073.111365511737   1         40.19389664958376
-10702.215866215662  -979.102785977444    1         0.7775097342452781
901.9680346067939    -10850.881282186925  1         1.2340857261176246
-4961.76565996634    -3612.8421608555113  1         0.835771498825741
3481.148282172344    -11464.204731316837  1         10.671486334224872
4344.484797793344    -5089.6673985314565  1         0.6100743697230979
10094.807388727659   3501.1531512111073   1         18.583720314050282
-718.9295719123567   -1551.5079552202828  1         0.9225914379515843
-66.74559022140784   3772.009442216233    1         0.2195805421040729
-4994.37482671183    -931.998139372667    1         1.130073445912983
3904.0277305005366   859.0102087357918    1         0.2590305959032022
1202.3426606233447   3846.558354681749    1         0.13513918291531746
-3064.145985976227   -907.0041376516898   1         1.0288297554050003
8072.904376095268    -5828.629260197696   1         0.530910518563276
-5401.197509975187   -4628.227565080903   1         1.0296672169976904
549.5181864747365    3763.6394929788316   1         1.16112108417857
4493.86752019959     -6412.554148056321   1         0.37323627495879685
5523.5669055060625   1445.4168910123158   1         0.4779979579269982
-2274.937859718109   -9307.780586444911   1         1.0524163521510588
-4194.969895490429   -3675.447815321068   1         0.13253320071766478
-6520.933992176444   -4811.112930526963   1         0.5082793253132132
2778.435495979621    -6292.757290742974   1         0.9132844047893941
-12435.865187545403  2193.402352508452    1         0.33140990227978606
5261.352277076203    -9932.180487136724   1         23.129290049036886
13289.773255121836   5584.422889086993    1         0.6808957210986787
-2694.311596949796   -4637.532648692288   1         0.3775642793914169
7739.89490510148     -940.9028209398987   1         0.5133464777589773
1614.324062886974    3645.3168904172794   1         31.609328292659896
-5461.540968951572   -9311.137402694425   1         0.23954993720379777
7632.9556155344735   -6445.822845509737   1         0.1862684409655556
2087.110714033372    9540.781775370666    1         0.3084651777195785
577.953705218041     -1525.0671290558373  1         0.1640864751402083
3336.39099573233     -967.0970058256015   1         33.03382557494372
-5584.613634688385   3127.446930070038    1         0.5419356437455628
-10152.340580898575  -15049.848722962062  1         9.76743654175016
2971.3260116583756   4388.592274822676    1         0.9589245423698597
-3686.205796605856   -3975.2524871414066  1         6.668875626689398
15009.579548760143   3899.757982550378    1         0.5380130609037782
-7528.37860451101    6637.388281291508    1         0.37917418568804095
-7825.721880999594   4324.120476878605    1         0.9434878765284621
-4219.167457244548   1596.0278454003071   1         34.163735348787164
9078.899280260855    -5784.911574180617   1         2.653266867910406
10368.678386105912   -11965.915647463851  1         34.28427883899905
-4282.184135295085   8315.538774837434    1         0.3928946482316561
785.2712712077522    10851.975912764428   1         0.6536657764431463
1375.7193463628582   7281.660134847607    1         9.875603929452915
-4287.590727273941   2180.059338002818    1         0.4480738236041314
-4996.0977515554705  3904.791218423975    1         0.16427180447964052
-701.4552882206655   9284.982466900896    1         1.2278133501085131
-6726.478643783383   2015.1712770257163   1         1.0211672684932656
-5215.078907877766   -2007.151364476221   1         0.5451637418721319
8989.757916927856    -4483.41893732482    1         17.21337050759802
-127.45569828636842  -10435.617899614235  1         1.2238072435779346
740.7471467819107    5363.973218012068    1         0.39359415180269075
-10086.09551606309   2007.6982966359535   1         0.8400030201110165
-1887.6020380985574  14657.868405981993   1         1.1814751195487596
-6794.318722426376   -6481.136920328973   1         0.4008879474416108
-12234.708427250393  6558.900454738094    1         0.7073580169132851
-8367.985200431824   9930.574885625403    1         32.65940665031481
3552.036325480353    -2014.966578695233   1         0.9632791264028154
-245.53426924113285  6469.280773309304    1         0.8091606874197514
5584.347902180458    4456.068877381269    1         0.5578440313905308
4939.498343739889    -7986.3822747836475  1         0.6051032392032828
-3772.6535953876732  -182.95567581480162  1         0.45687305268636547
-6585.077919458776   -3900.666839830971   1         23.87338770449589
