trucks_count 4
drones_count 3
customers 64
depot 0.0 0.0
Coordinate X         Coordinate Y         Dronable Demand
8746.845758523561    4397.276410670454    1         0.8609959400048119
2412.732285148476    9009.729509763025    1         0.3477485767356444
9704.002003994196    1893.0687661115444   1         0.3508910714984844
5607.359212794133    5784.5450889847625   1         24.528522358626844
-5023.967659389319   5700.232008411161    1         0.5652822717479851
6852.019927619158    -7577.752245563705   1         1.6403621664985675
3728.3824150511123   6161.008740538612    1         0.17652145303632572
-2091.056099971407   1131.477840065299    1         0.6438964397112884
-7290.074113678202   3233.2488236038007   1         0.5953222131520925
-9420.738394193493   -5251.623796341019   1         37.49527920988762
-1206.1155342995069  -1743.5833661224417  1         13.843936641918672
2052.5865351335383   9484.179959191628    1         46.2718484871194
-6170.684964900308   6552.224512533885    1         0.8498049229201066
-4977.439292438539   6788.68397593939     1         0.18096286843688789
2503.241637170789    -1598.7104277447434  1         38.72684957378813
-8259.528004736336   -1088.7730374728424  1         0.690099530571794
-2893.687979846311   10092.558993465633   1         0.6463047530185828
-6185.403007545193   -1141.393164609939   1         1.1082987805143394
-2746.0704973574375  -10740.60493462283   1         9.497465119315196
-673.5657705115341   6676.279788728772    1         0.2645683186984009
2835.8755912213496   -1066.1073705943286  1         45.589849314766795
-3569.7361148786936  -2843.3346799690594  1         0.23833681182628597
-9530.808720756846   -1769.8965225657623  1         0.7661107372785922
-7717.293905492384   3870.5524755702277   1         0.6005065632066994
-13670.503290195154  -10726.7769873164    1         0.10176007609103169
984.1126542908858    4488.26920245325     1         29.005700773714977
-9461.452233587555   -4107.681523876371   1         0.5004769844025216
10811.474361666402   625.1320050517643    1         0.2645329376713166
-6357.514235703511   8949.120945414044    1         1.0019292324093636
4381.97132460474     -1976.284232965996   1         0.20095237768823526
-7434.129702293098   7355.362625007456    1         0.9358015553385893
-5813.325138685365   4100.2283370609875   1         0.9889750300071063
-6515.03342938269    4836.121049127429    1         6.458544913060766
4943.213470144054    -4838.281685683313   1         0.5493437706115204
2584.5311727409025   3535.4901093440785   1         0.16188794958436914
6889.655467557115    241.90578130128236   1         25.373462827042665
-6846.467463118056   -2523.825065454154   1         0.8123476665435313
150.9416360870862    5687.880670577091    1         46.528181434266266
2935.567447624033    8941.50055329105     1         0.20922167623115695
3267.2625466035925   -1818.7905968192076  1         45.870422012358944
1613.0933883363816   7577.12258038587     1         0.5424380487298355
-8060.0656306204755  3413.0323994101213   1         0.9662176078574414
10672.04489645896    1296.161679305408    1         46.34986079855255
-6143.648769216439   252.49186028300332   1         0.19876761902577736
-1873.303599482154   -5969.938189030741   1         0.6649808451153736
-9201.719887694835   -5434.32999734209    1         0.4315435208454673
-10389.243929406377  1220.3317660452246   1         0.5115114396734376
1518.0016595636516   4458.444734644621    1         0.10679580610779851
4792.913131086156    -6505.139600638248   1         0.11636568215726106
8638.767204160618    -52.51613993478268   1         9.948529843847245
-6341.787100719889   2434.8539574200704   1         0.7941171076673803
-5961.32384817161    -1194.920379715822   1         0.8914876578855276
1694.9634039681018   6130.618746424228    1         1.4286956476033685
-3953.048629497459   -3956.219121326551   1         1.0541982285999563
-3695.8005363281422  3725.778086294093    1         0.926678163422015
-2575.254523310814   -3884.901820738537   1         0.7845430195722465
-2787.060474342534   4693.04370886126     1         1.170130875810164
-6446.800487513516   -6555.766662328406   1         0.6366538038440923
-4599.281662237552   9614.314811222386    1         0.2064830584743882
10037.740292528188   -2676.822047402638   1         0.20356259978398336
-10619.681494142873  -598.8896598374074   1         0.4510620782705572
3320.2607902733007   652.5812972763945    1         0.5373084186834239
56.56025052417015    1056.9999109063674   1         0.3258062958728698
7070.934340244746    -6654.59691721023    1         0.4756469721965575
