trucks_count 4
drones_count 5
customers 95
depot 0.0 0.0
Coordinate X         Coordinate Y         Dronable Demand
2988.917102445075    -4045.53896354814    1         1.0455952380038538
-7020.407982417576   8058.75606990722     1         1.1853900951167051
-1866.3195228277789  6473.642619743275    1         0.13373443788157097
6914.016314171888    2197.2660209361156   1         1.2424691758736197
-5442.7696751379335  7671.139890232126    1         0.4094361100281566
-5833.671691344047   -224.24003741244115  1         1.2470300151716855
5117.161505966838    -7579.608391949082   1         0.6842806855855227
-1859.9736074788639  -6900.379111751258   1         0.42286226283447537
-6353.013437769814   8041.683489038478    1         0.36223972174641106
3801.7787565033095   5228.634251167395    1         0.9722861185204593
5796.7372976894085   -3267.947831478501   1         0.21922789904241846
-2028.516430780323   3986.4267559382947   1         0.35052912215796483
-1589.9015308432479  -1638.6363328727375  1         0.5869098799601966
3395.323412528391    -1067.4146720002875  1         1.079246887730303
-4153.8593480474965  -7594.433812433538   1         1.0925555555408961
-771.2651067172674   -6898.203353469594   1         0.20166439251134816
40.46639121165207    -3922.2053974659075  1         1.0376705421778165
7830.502137390323    1203.515358854811    1         0.20519170486307858
2430.638667781093    -5123.999543233488   1         1.1935447684263532
5374.772258486771    4589.354078632162    1         0.1527397078178891
-121.75357924326815  -1045.159673054711   1         28.85190599409382
-3176.7207587172225  5860.02725018958     1         0.9835236917382277
-7984.755375639289   6090.911304165341    1         0.379977426526831
-4212.926606401853   -4898.628544337309   1         1.0000363475613145
-5959.595872839197   4022.3597057896454   1         0.6982837668460917
3811.3345620781083   -6675.436670543809   1         1.1895084366242028
1257.729330352662    5653.03923152115     1         0.5317238375614821
3403.5340685784513   3746.00405159426     1         0.5623376714851435
7646.657778118129    5991.148704935445    1         0.2182845984017367
-1933.553907513701   156.5154685182365    1         0.19822647892181097
-2943.609906523322   -2070.4156272716214  1         0.3780120089738004
4965.450972940266    4680.288458088239    1         0.2523423703649293
-1077.9053910915127  -7544.927240324714   1         0.320158078418567
5605.583043360722    4843.858632101824    1         1.0239680059650087
6213.880903854985    1918.3700929120487   1         0.9897718088418842
-2717.8443575905967  2590.3447458637374   1         0.44357101351567785
-686.3525746052811   -4256.212483392325   1         1.148621897178078
-7974.0942662989155  6413.986439173638    1         0.4101868304266304
6797.899378449726    2903.8827446564715   1         1.042678769316944
-3433.457148708655   -5628.188971548509   1         0.40132335545844344
1395.7060719727235   3162.6740763790035   1         0.45363843517331237
777.370271362398     6832.072436108328    1         0.7451292995648493
-5188.166887966411   -6743.150129314025   1         0.46904396317833186
-4555.457727568624   528.9137379912199    1         32.562225054469735
-4941.60769879127    -1474.4537503831186  1         0.9223523107984799
-6812.276097099493   386.5764137583801    1         0.43959620653978904
3301.9433647626047   6704.288098560023    1         0.48104976996568183
7784.464140140276    -2070.9484124721703  1         0.9812838713138035
6587.267103116439    246.0582115779199    1         0.5920212310400461
2415.292722908363    -5840.846877094399   1         30.99697670165167
-7453.104633899916   -7354.217987865243   1         1.084589254139939
-1573.1566516407497  1181.1881839004734   1         0.5352146351732541
7895.454110461526    -6040.880799448751   1         20.274790344105075
-5700.600496760945   3718.387012000864    1         0.3604194515065031
-2793.0010099455562  467.4430757007744    1         1.2024367922679229
-553.7577282801368   -1335.7723901157328  1         0.305715291164916
4870.895602548876    -8175.082350464047   1         25.94859948736714
-6555.426406678983   624.1347455365031    1         41.50459256535469
-1638.5414453692151  4114.468636532561    1         1.1024459697196118
-5395.766820517761   2249.3987655234514   1         0.9903636038967247
1805.0931153276667   2655.592728340046    1         0.6596661842223476
-2570.204949950528   3773.3825577374732   1         0.2437337266359167
7100.596530615949    -5931.526373365052   1         0.4772726996600064
5639.182816971958    -5190.613601757757   1         0.2791329831181829
5994.968308839086    2977.9260325991263   1         1.1777339847177244
-4977.278333355352   -1184.8060558253073  1         16.63318406601008
-4544.541670426077   -4904.38864055628    1         35.50878544839123
-5634.648674496034   2713.3444144548716   1         1.0266164517459808
2096.5730062904618   -6714.442635706483   1         0.34063039187552335
-5253.389534117754   -4700.155146357833   1         1.1845578610243879
1417.746183415603    7458.423629408036    1         0.9465381404808526
7449.734743466819    6658.4125237094395   1         0.7090644312785583
3655.4258512146935   -2812.1041008328575  1         16.962732099555318
2981.1221217609564   3856.8308482671596   1         0.9188208587212037
-7613.00801888284    5741.627564519539    1         0.8026509022538626
-8078.543902556726   4720.129274039385    1         0.1300371247522808
-5839.122625529435   1906.633921088951    1         0.9145315673366525
-6956.714448708352   6937.669975085665    1         0.782726231126248
-1736.8579006966472  -1645.1840253915302  1         0.276939577315096
-6251.258506721718   7762.019190459262    1         13.31756269534446
-4734.782793360445   3876.2341580420407   1         0.6359974290761431
-5188.260328075995   1380.7432785279643   1         23.64026645162999
-1387.730509474133   1330.4956317039396   1         0.6701514519520677
633.0318126604607    4785.964924962768    1         0.2742344366776094
638.9033972936871    5400.207163048936    1         32.42548795898401
-5396.628511796628   -352.55991783612654  1         30.885681994244315
3001.673081087903    3252.322817108375    1         1.1534535457816157
7011.685024463414    -2657.5392533840845  1         0.8323186367738142
-1971.1271161080979  45.18978578014043    1         0.3207313090403584
3694.1080127030236   -5855.55440282804    1         37.21924103674542
126.83519016032052   6972.048171433203    1         0.1218126787034079
-5445.552283628628   3963.308813344912    1         0.5203707417874136
-787.9433517013194   5258.579201145941    1         0.4647352049195471
-3567.590776400336   -6127.234532594245   1         0.23345976092514356
3401.0562358059715   6972.091587708751    1         5.968698036998347
