trucks_count 4
drones_count 5
customers 44
depot 0.0 0.0
Coordinate X         Coordinate Y         Dronable Demand
3859.4701794528173   3779.0536625647346   1         0.6362426403447421
1359.7433269555686   -3883.8533135854914  1         0.5994693426760441
-1495.7925602639611  -3889.239085143878   1         0.5330624947227285
1290.8765070057534   3780.6988607782596   1         0.18436218121362494
-3477.6139775569277  4264.634534534619    1         0.9588607601669135
-617.5956913311886   -1694.85424472438    1         0.23349051102933588
426.7759114971822    924.6148953939528    1         0.35131783701463704
2550.3532246626773   3897.22891768694     1         35.11720532084454
3474.632196117015    -3604.7554549818847  1         0.8503192017779208
311.85768077669894   1204.9531645561738   1         0.7601599762260739
-4269.267335727794   -4757.044388450949   1         0.3143756429272313
-3724.2374276594865  5528.228358955793    1         0.5008344112701443
401.71600283452796   -5969.310188882363   1         1.0369190973209366
6370.623006552673    -2749.260516333273   1         25.952901748832915
-4430.1838517657     2083.1868586969617   1         0.6907623564158897
-1716.736795409815   999.6362536736021    1         0.5531610359209155
4161.927005924335    -1246.912116887493   1         37.292745966734394
-2385.5930737468057  2318.742692301063    1         0.8844363482165708
986.1833980640804    201.42868115574862   1         0.10011899105375507
-2241.7898747236936  -4096.929882880612   1         0.7601075229844327
-6218.148218998448   1180.7087309374708   1         2.551073105715015
-3615.5966603862994  3241.7693037175372   1         0.4156677374480945
-4209.458421164987   2632.9216301905954   1         0.4590105203410024
-6292.511962835637   5521.925758151693    1         22.25084015170845
-3844.2189321026076  -3800.3945518398887  1         1.11137900731088
-3729.9025853302924  -1442.7741842776113  1         0.7456271701064225
3905.60950170907     3630.7094030390444   1         0.5308282678444606
-2773.964745007671   4037.597756132248    1         2.9148769465919497
5361.125906100831    4205.936839606229    1         1.191938342819611
-6105.318378983451   -4427.864320435918   1         34.185259449597865
-5047.7138656888565  873.2878912019014    1         0.4046219226537152
2881.045608608886    -3732.8796569063556  1         0.6763209201949753
-1742.3503875746756  -184.96804799823684  1         1.138070191681482
-3581.0635596169204  -3555.022206230626   1         16.090061417789357
5963.301906172733    3534.3523514238113   1         1.2022393158015146
-6340.214073373028   -4179.012521007069   1         0.9125753663860379
1167.5707179222582   -1285.8629651689405  1         34.54443414676479
-1480.3501053647315  3162.727673762668    1         12.09806650276665
-6277.913309125717   5004.224426532181    1         1.136159429661029
2613.3255216310163   2219.6629559469993   1         0.37720150045838585
-5548.968531278267   -4700.692285455597   1         0.526712541296617
1995.0984599428168   -1277.7360703089196  1         45.0972824624237
2282.1282823716847   5562.433661051965    1         0.6080544164513576
4411.3547013609705   -5979.114589474711   1         0.5752213210013389
