trucks_count 5
drones_count 3
customers 55
depot 0.0 0.0
Coordinate X         Coordinate Y         Dronable Demand
-5523.180077909493   7659.897143670965    1         0.3299761961557761
-3240.976352719328   -2771.838158012467   1         0.1535993705286729
5900.876940270114    7896.414556698076    1         24.379369553812
-3004.740523379912   -7311.1251275368295  1         0.29914446550273377
6507.09405550275     3890.1960621758744   1         26.983093315683178
4919.920072612339    4943.116060708081    1         1.1481184514361789
-810.4379673736721   752.9841806950535    1         0.1367576647266543
-1801.539206828398   7831.410612294739    1         0.2422131242196788
6069.91073969703     6646.259386850947    1         0.12696065948711563
1016.6222344374874   487.10471622865225   1         1.0606746538223013
-6980.7867129948445  6260.002462942591    1         1.2133024799066334
2199.388919214921    6550.408412923352    1         0.12400071976136953
4015.826729255456    8058.049067846702    1         0.8579089360533478
7857.154794731423    1417.2265460497247   1         0.19224190289232795
-1127.2156255174095  -4174.093420381942   1         0.9610357346275029
1671.7652099438812   1062.3519228282692   1         0.8857725335372332
4315.854206961141    -1196.8644179204857  1         20.52949873400047
4181.286416076615    -5959.055293869654   1         0.9087961546166932
1560.0583679746055   -5581.870266617945   1         1.1928552013896294
-4524.31650412642    4913.599628105696    1         0.6529741018148888
1031.5320127065227   -2006.4204564897611  1         0.715163112990311
6170.4018190052475   -1430.090432549348   1         1.0717690063208096
-274.27069985824426  3431.943154181935    1         0.18615921458385024
-6695.196051243139   -2828.2180388485253  1         1.0456974137514845
1398.353690519637    4180.859927404916    1         17.44761994153053
-2173.4757982727483  -7629.413198769972   1         0.2747176523202072
-6235.633061204992   441.4539322007523    1         1.1996080097931197
-490.862263072794    -1458.938308076686   1         0.37441773634277187
6961.2860549412935   -3580.9663895316503  1         1.2057622525956855
-3293.3647337431653  2844.626280866636    1         1.0902727909167538
7498.689271877047    -6172.073664174857   1         0.9109214756608984
-4576.785567200463   -392.88212533656537  1         1.0280899642597683
-3432.5029912698187  -4861.196329356878   1         0.13512114494531988
-7945.246826976636   -1805.9106669510206  1         0.1915981771443241
436.42138384132295   -5139.4494971219     1         44.369615498817645
5872.734235716897    5056.170926699694    1         0.623729173586751
-8012.325151647697   -7266.128655215111   1         0.37869966465270244
6749.609293165067    -6651.043878234691   1         0.10663662078264931
2249.625759020575    6946.399691065933    1         0.5503376338968214
4038.907268261273    -1153.9354907912575  1         1.0007543075039589
5733.87817353844     -6584.268293061044   1         0.45635044898510724
4373.6092613519395   -3122.8267730163307  1         0.42892286645427236
5590.202990702511    -5260.878862874946   1         8.682023953992307
2702.5363967420426   -5069.056755207773   1         0.8778415879804515
-4138.864321321208   -5803.444511105129   1         0.1086243621740633
1766.0969569427043   6773.875033424345    1         1.1659363353394965
-5354.064342249193   1181.833146772693    1         0.9003869216123828
-5357.707624667295   -3670.393360330518   1         0.15029804260401097
-4682.672961012402   5304.12875086357     1         0.376857494269246
-3418.645875492443   66.35121333169938    1         1.0908008564691407
3173.4922650666417   -1908.2178445568002  1         1.133888250343583
-2005.7533947980157  306.85393358191885   1         0.7635118470854714
6650.8675790271245   -6547.333051138088   1         0.19322828559122024
1694.3219536293584   -5837.447801591449   1         0.8356169734476628
1650.3855752805214   -8004.20856512942    1         1.0844351110538129
