trucks_count 5
drones_count 4
customers 79
depot 0.0 0.0
Coordinate X         Coordinate Y         Dronable Demand
1141.594502949373    2755.2856762548136   1         1.1709789037533518
4271.126870518061    2109.9290728921487   1         0.39003031213394357
-8148.146237590512   -10287.81379854462   1         0.8569124980566667
9238.993219725464    -8268.262369577154   1         0.4593016912055645
-3441.414244641802   -6254.284741029673   1         0.28333259965525914
1722.9990925617615   10445.18321352654    1         1.1762670790488658
-4022.099012187609   4911.230886822463    1         16.17523616471462
-5964.3675413148485  -3737.893264476511   1         0.7399836644048422
8506.245398121755    -6510.19573288937    1         1.0073724373584847
2781.021869566398    8490.985880263332    1         0.15797828436547165
-3525.960427279417   -8339.860520257045   1         39.536777373192244
-2516.2719053550477  140.938831652845     1         2.438550159000492
-9057.101903295996   -1814.9972188376914  1         0.7276100348662501
-9088.834163928357   -2570.233029752658   1         0.9173354214413648
2835.858767261905    -7414.933369614222   1         0.6299195714207821
9612.158387233461    1684.3952434052728   1         16.000684580397103
-1950.0343631151313  7401.100565480068    1         0.4792155335214734
-8829.904512535053   5852.266599740832    1         1.0489879887581857
97.61808604331014    8010.985311190902    1         29.37328048906256
-11309.832875980015  -16325.450765607024  1         35.89762770099432
-2396.2446235258353  -10148.648678579877  1         1.1275295467040845
-4216.8147074221515  -3748.6451214443887  1         1.0024037305623454
-2632.3281774581774  -16558.535687974145  1         1.236600868419622
8339.533828590816    5059.232030433949    1         43.970900177095864
-16841.62239670194   -16662.758896450898  1         42.66921037925979
-8544.168439169585   -4861.7607855107035  1         0.9334834325295617
8823.515198992209    -828.0477357662413   1         21.54890525337025
-8411.484855098168   -5520.737860108501   1         1.2401956913668115
-4041.7103387235707  -6362.1867045967365  1         1.2471848838225559
5784.280153906566    -1213.0371206166128  1         1.0377760271809002
-299.41612606065735  10356.120572873533   1         11.811254408735033
3805.7732469868497   -6424.1695060852535  1         0.8321211445446719
6358.772372047139    -2434.423290511052   1         1.1538733817133535
148.3237786028882    5125.0590450306845   1         0.16122492314521258
-1332.1275978999001  -2072.34407101704    1         0.1385685606348228
-3242.37694473606    -6991.446420564367   1         0.9662078221524557
9985.682459750284    923.3686646295522    1         0.7396712374643803
-2703.559079840293   -9416.279148483382   1         0.23567821141295567
4046.1008833480337   -5074.170185367026   1         0.8913868968900636
-2098.958274598772   10695.065308786676   1         0.1598748090675321
723.5063553809164    -100.95323455079549  1         0.350606957947329
8977.141911520637    -4306.237804519808   1         0.16963237942072618
4732.989018929464    -5647.587130745282   1         1.079298373901039
109.36236150831836   1402.3267966548613   1         0.5717101199711533
-2886.521301613662   7121.24875837602     1         38.46250109938585
6843.350427427463    2719.2943977002465   1         0.2682168225869326
1219.965030095297    4947.045699216258    1         0.8019628812269992
4959.089512559567    7330.24160236364     1         0.3489216697938573
-6772.661595729743   6150.843209377899    1         0.280176306518477
2127.3084078680927   1406.3323868520458   1         27.933398429588426
-2495.9965394752744  -920.8756469028011   1         0.9870295898072464
8321.612098770607    -2935.9043167870827  1         0.3659560650788165
5206.322757434456    4939.401871005142    1         0.878887174297466
104.56793761542583   -4259.204451857466   1         16.042554802574678
-3293.667847482657   7729.337148004825    1         0.44923300892161233
-5647.725852410469   -6198.464671070486   1         1.1207362810952932
-3280.370522153214   -8810.8612762299     1         0.6357671823071289
-2263.1081019133103  -4060.4587225171663  1         0.9317476329580399
25.948279654650506   3039.8468889006126   1         0.6771737153896465
10150.681808279174   711.5599339889617    1         0.12828698555917906
-5306.489482093761   17259.28917194547    1         7.008587266722887
4255.841412217897    -4980.979471411988   1         0.6591654564752438
4883.633912636232    -7913.952278513923   1         0.30738120755464776
-8844.356875233789   -5321.187157758137   1         0.16567116305481422
-4429.209467286465   1574.198404378393    1         0.8854135384070174
802.6396852136287    2027.7461278174276   1         0.70473609028044
6398.838988024827    7198.020958063996    1         14.097867144909774
-3220.5251277677194  -9680.008705371161   1         0.7818344506386413
-6275.176772955797   -5320.8692793817145  1         7.645327919427234
2062.6147830961872   1453.7504664541336   1         0.5606032890664567
-14404.118543153472  6883.727243434572    1         3.489020149408886
6289.071350676601    7830.61603017763     1         0.91491702417999
-3001.625382214233   9725.52331496417     1         1.0128780960727661
-7101.49898620648    -7275.085487315219   1         0.9980825107378257
-4048.3928678009606  -5880.211325156006   1         8.690773397255168
-9297.091468311535   5724.492405527998    1         0.7266447677574366
2363.3878041597295   -4544.937615925918   1         0.32150250031180094
-11794.7907554864    7601.404688086186    1         0.5222551294039072
10533.824056105092   19061.321177032863   1         0.2625127272510191
