trucks_count 2
drones_count 2
customers 37
depot 0.0 0.0
Coordinate X         Coordinate Y         Dronable Demand
-9769.6543098373     -3196.544432257494   1         0.25569943166652964
-2428.603472963656   4100.271679504309    1         0.8409834245229446
4309.679511533015    -5535.456000129277   1         1.1233475042339487
1495.1820001333813   -8913.692694889609   1         27.155851621097646
-4898.173430372559   -8254.63859940115    1         15.526466945538365
-9065.0141950823     2971.5978698850017   1         6.942211620191193
5360.751550667554    -1844.9505341190172  1         37.37773458112201
1695.6153355455256   -2657.528852335383   1         0.8489532283814654
3500.5063453786042   -9163.425833044463   1         0.25181051442186375
2917.736816197208    -10220.195476710787  1         0.47222772187287376
-4498.534680291872   -9620.946302435405   1         0.3823836038168088
-9537.024402358922   3391.81280684436     1         36.22416488029774
-8365.479720253397   -5982.3126092294715  1         0.35285676585989945
1980.0307515284967   1146.3911707612488   1         20.29192486882738
3438.9330892374583   7914.751242166577    1         0.7891844498616756
5093.539725040033    -1639.8054041939627  1         41.59902227167707
-6154.254435360814   -6290.2235562676005  1         0.40871539864112116
3723.678692050768    -885.0555683954631   1         1.095080824071976
-6735.645778976326   -1847.9060753322597  1         0.84563104444669
-7445.964143920152   -763.5408454567497   1         0.23185600299382464
-4105.969452622953   6498.989779302876    1         0.7727067232290132
4962.935587916258    330.78197775081026   1         0.2868407459606759
-7146.863313868941   -10470.679807316175  1         37.79505740111061
1265.1901637178707   -381.82171890303107  1         0.5777125080576646
-4998.466344199627   7516.896513086118    1         0.22376741260879363
319.64837397738995   -6579.7831999169575  1         0.9333204726424568
-3835.8760314242427  -2235.963001329764   1         20.013462066769442
82.19307371220697    284.2060789702093    1         0.3083720602071899
6160.602233186701    6834.09030592493     1         3.9598654607418973
5840.724494339851    -5234.1001527352955  1         0.807499884633877
-240.0493522686338   5012.601918190736    1         1.0902547956537063
5555.2000385665515   -6416.677071116784   1         15.446452605032988
-8360.017988321415   5199.852125338803    1         1.0281374742331724
1401.5918378424687   8712.70815966806     1         1.0340300279065688
-4656.31470958679    8214.754260894417    1         0.11932184156817241
3089.7171103149635   -8697.063672547587   1         4.352395608220984
6256.082204092626    7331.260103201096    1         1.2359548932822997
