trucks_count 5
drones_count 5
customers 82
depot 0.0 0.0
Coordinate X         Coordinate Y         Dronable Demand
4346.60262251317     -720.858905115502    1         0.9683919622280405
862.700990768346     6800.231079211451    1         0.2922503990088828
7208.244317414325    -8237.555433479836   1         1.016865087025646
-3598.59991443348    -1765.7650944161182  1         0.7445436369956072
-11153.90507978753   1186.9007185129176   1         1.112976721556803
-10220.32115030415   -9256.573821820093   1         18.158620373166553
2604.135240605249    -3127.2611929924365  1         0.44736663994716674
-3104.7807173465403  3150.419679988399    1         0.7075687323919845
5603.674172075427    -2949.750217704811   1         0.4590166885731195
-3069.0082622369064  -4649.027103679572   1         0.8821413892711695
9391.882825053206    6377.1482702944995   1         5.651311124682957
-5466.80246805131    890.8622053817954    1         1.1093342318109325
-3913.100045734652   10205.677274141273   1         0.8460280723063436
9801.393881297683    2521.862782303947    1         1.0864482187718862
2011.6216083140564   5778.687688441277    1         0.7089090390263467
-8320.93408037145    -1848.1543686256748  1         0.4944589316874207
2129.2722191826047   5416.4421146242385   1         0.6725576989288714
-5556.889800836088   -9111.1810320079     1         14.226224279176128
-6976.387703040275   4481.24935325998     1         1.112702121534232
428.2260701231262    -2841.784384471374   1         32.0128233458706
9619.977437750546    1795.388220315943    1         0.480454294756236
7888.204774140154    -957.2923344292072   1         0.8492742437141173
-1911.329344042111   -896.5170081078799   1         0.44789878032476516
4644.414281404986    -1426.8479266974275  1         0.3624828142510689
-11107.130929871915  -3069.8520431867255  1         23.204311404361405
-10134.509684388402  2640.9906427531077   1         0.5471565517683654
-6842.800225889421   -1134.6284257280706  1         0.6358059859182831
-4380.487619094802   6744.015325465825    1         1.0131111846452163
-2819.8945995948893  -9190.55665309064    1         0.4168085474481332
8156.442537970197    -3479.790783429035   1         0.993298002743011
4391.452873435962    -2033.0089060978678  1         0.7183477149658529
-8525.14293681989    2710.1759426857107   1         0.39610200965493947
-6996.572114503788   4737.711177649436    1         0.6540142729775876
-4103.003292801423   -1577.5875730227642  1         0.7159317327274817
-9946.059471008739   4030.955716943979    1         29.138288131736218
4392.26790211825     6215.057756083127    1         28.755026319551995
-8231.85861809268    6060.023140121913    1         17.919315993562034
4259.62158512834     -10944.656237088293  1         32.94080605047747
5627.985148370732    -7972.360109439116   1         0.8919457494983168
1302.1332775563715   656.3610752005254    1         0.6346500838481783
-3307.74716131693    -2470.9260959343715  1         0.700945884791041
5381.664496814535    7508.800211537509    1         0.3813377935096264
3892.315336439369    9194.484094691907    1         0.7805370779089223
-9090.793621231262   2708.835076926292    1         27.103006966932664
-3184.3116585297917  4185.635317649895    1         0.9284967164922199
9693.009783081885    6512.653924056958    1         28.13808751499144
-8972.7567225065     3985.9031738681974   1         0.7511445563258599
4683.980573261222    3539.723898651713    1         10.070832394351186
-6709.392578082761   2353.489513898242    1         0.5803959135682527
-8624.98473429761    -3447.812918603118   1         0.2930448361069941
2155.9988730451278   -9102.947374313686   1         0.7585767069714979
-3099.9399825514574  10310.103051662256   1         0.631495396267085
-10000.372696597258  1586.0437053820765   1         0.2639553378912357
-9769.40725314943    2571.41003844313     1         0.9492952783612143
-1785.8516170400555  1621.5031744986004   1         0.979766051326914
2149.7814080546445   -4300.881285365937   1         0.16029696118196418
-6057.786531476381   -6739.633684805042   1         0.9680117021629551
5571.412040068978    -2606.394049782555   1         0.4756120152955049
-8171.945588824666   7173.246926722427    1         0.7690032489892739
-2749.763609275462   8618.5979825119      1         0.7288368982075062
-7640.198344722084   -3607.3893715486965  1         0.5043119151116544
2466.8626202224636   1968.861513280532    1         1.0731668069512215
3966.9714496285574   6516.642936135657    1         0.5093125128797619
-898.7645291053702   -2718.4128877303465  1         8.143294011941892
-5110.607333673141   -9572.27985946487    1         0.4254406212645244
-1844.7456408325356  -3778.413984998876   1         0.3624430140679673
6271.988344217399    -7637.9966666539585  1         0.7848426792704062
-7120.283089066911   -313.23735001205563  1         0.23581023789647174
-3038.40282249315    4227.58699743646     1         17.49316959382637
6100.1530702273085   -51.045523927263275  1         0.5956024745635141
8098.994944954197    6557.429241762736    1         28.045731784035116
-999.576226700902    -9633.960963145277   1         0.1275178234224797
-9257.42526526038    -3004.9808408394038  1         0.7151330733824487
8214.00225423515     -3835.6298511264104  1         0.18696813052364442
7015.474594778101    4784.313364984538    1         32.31192019064676
1905.6723332291713   -8607.0776946748     1         0.7339384855851917
5756.780974494669    -5089.249269919667   1         0.27810594114183296
-10018.965335064586  -2906.148640721866   1         0.3624835675470043
7942.908498419994    5152.09311722368     1         0.9776670447242141
-5048.193247891895   4849.762543203226    1         0.8690748188499199
-3354.7124886507086  -3590.7662554046456  1         0.7807264381453654
8615.909700611843    904.8391524270894    1         1.2386934669130323
