trucks_count 5
drones_count 5
customers 86
depot 0.0 0.0
Coordinate X         Coordinate Y         Dronable Demand
260.1284290856665    -294.601429676785    1         0.725970934625157
913.5566908024794    -13251.412935752549  1         1.078114226962476
-1975.9002966551943  -7947.779158423668   1         45.42892752886056
2804.495716187244    5990.612625400102    1         0.9427723099788909
-4037.0124711199715  8965.941244930198    1         0.5328956996394262
-4987.5766230917225  7041.7388828820085   1         0.8454403940323987
-7016.614945277002   -5886.324433636075   1         1.1432933887330798
814.0278346919163    4729.8499889163995   1         21.836420269465627
-2208.892012509582   -8140.152459559282   1         1.2115878818160932
-688.5698888800174   -6016.75772791452    1         1.2096547141509053
-5048.043509489993   -4962.03415402975    1         20.184864401680485
3284.5463920555753   -5893.861157881996   1         0.18520307519162488
955.1910969312916    -7230.0682793877095  1         0.27927254245061095
-3563.1422270853363  2275.2963353115647   1         0.6475560789198593
9727.97214200637     -1810.0806894822024  1         0.13904092172670113
-466.1066134390756   -9451.955363803609   1         0.7740548528974652
-8065.062936277951   -2216.195122214837   1         0.36495874094488234
4773.400024023465    -4943.776905510432   1         0.5353432712274395
-1509.733474630194   -2342.2568003745037  1         1.0914855191303487
5117.771585100823    6495.867096148813    1         0.17467587985810173
-2571.687680034278   -2304.900020360734   1         0.7421677282223341
184.8439841702866    -4057.6052121564844  1         0.9104475407749554
-561.6244542889581   578.400260192042     1         0.7231191809070435
-12443.649111118944  -6309.01253468784    1         38.31518817201813
-6910.849504242406   -4844.794460937637   1         0.33485605107348415
-8286.714700847626   -6727.894021957739   1         0.8531122692082894
5193.269038415643    8877.68582016049     1         0.3257807084664595
2046.8395514931537   5163.642917083308    1         0.752706913758083
8546.358186126694    -5121.8774847240775  1         0.9478083129393546
25.992943533059076   4413.798830878368    1         0.8012769237157196
-9004.978571026477   6627.747694545298    1         4.037980477944697
1801.3172727286073   9228.71764025755     1         0.10784637111285394
6524.247611725628    3553.8981287682086   1         0.21155722178525033
-8846.918005357418   -1143.1093169552087  1         0.7588091440374078
6181.553889269569    -6344.851495782379   1         0.2944706134131311
8343.02128388217     1990.3920844483785   1         0.6941004659677175
-9686.413401221494   -703.9831127551512   1         0.8040943098773211
-723.5478032698685   2892.0030240146075   1         1.028262386392017
-1597.0498748655705  -3712.3973613444123  1         0.481663186984124
-9087.740480770331   2873.0078060528995   1         0.9857070381935852
-5733.345637207266   -7102.437916171606   1         1.226144953545061
6288.918789670763    4381.880179683543    1         0.20153918632971973
-7505.438426470238   5740.06222664779     1         0.3429808111855042
-7126.700378374888   9489.413440711167    1         28.644973350060923
1147.040901209311    -3867.67150071113    1         0.5920916780356121
1854.3663604750063   1222.4802627006013   1         7.197649401550897
4750.333571154464    -6811.471225840104   1         14.619585922298548
7904.864043701325    -5181.847593144095   1         0.14679720615663827
5833.892203502209    -8191.613987896294   1         0.19500079475741897
808.8373619945016    1032.8476151626933   1         1.0861367625771263
874.4989666658148    -10435.201032248124  1         1.1946889560097997
-6306.353580893209   6651.600620100015    1         23.235818258615407
-7062.39662682938    -4089.923835334804   1         0.7821734164133667
6099.803708438969    -7474.215805604578   1         34.97987389345313
6074.201489666816    6138.378181119518    1         0.7075256245764681
1317.9331142252834   -3683.3628795392697  1         0.6661167965934112
11717.534861378863   11197.162571739398   1         37.41041186318209
2066.8936844002938   10349.562047968793   1         0.22249637695214913
7056.116143613355    -432.5879496425087   1         0.8825806388075813
-9019.855210960639   -3977.4985530852996  1         0.4353055491969947
13730.367752283466   12121.166274967414   1         44.35172614547903
-7807.976596397833   7334.910748359802    1         48.508691123102516
2943.3860060546394   8872.865511819598    1         37.01062160382309
-4061.469029372995   1988.7206361073584   1         0.15194573899971106
6917.814449400055    5312.954772188948    1         1.1539611966282393
-4238.2329286012155  5203.91583104173     1         1.0633888623259626
12072.362985940086   -351.00457914249273  1         26.64450948179953
7792.951869940376    -395.475087130548    1         40.37996237202726
-5539.119974051518   -4293.774269135687   1         0.6215735236053191
-2956.4552085408786  -3857.644117592102   1         0.44721419175671395
-3236.6703081146593  2896.364892538341    1         0.7074699921304821
-8887.353033488054   -3305.2262837561716  1         0.8436234928758051
-5637.743913422193   -3563.990687135735   1         1.021486558206814
-3368.5191576445873  9406.024099975797    1         0.34395157433764934
5305.0909252820165   -6914.13528718877    1         40.390107304652695
-9675.71315829207    3000.540946492396    1         0.8278739031642764
-3278.794115454566   -4290.780737575468   1         1.1336974423375976
9380.971513923114    -1632.064407388683   1         39.17645369995718
-3283.338691665725   6579.275007288521    1         0.17966662170053838
301.1592668399349    -9657.369658121053   1         0.5190384195871874
-3772.475494394799   714.7741072454279    1         0.3548519684057708
-1675.7522603062037  -522.4930897460792   1         0.8866073059797587
5668.474520553901    5378.638645653995    1         1.2446127308494717
3120.639459346592    2908.0521555197847   1         1.0807170988073465
-8905.094913981675   -5488.756324880735   1         0.29780586814045223
-1598.8990912675667  7204.33976257353     1         0.49688102996867944
