trucks_count 2
drones_count 3
customers 30
depot 0.0 0.0
Coordinate X         Coordinate Y         Dronable Demand
-5128.395275938521   1902.1111219411014   1         1.1034866667438599
-6188.80864379371    7955.584210216938    1         14.781481105870142
2484.9304018586336   -4457.337752806487   1         0.7233466195857612
349.0749956208181    6743.240963954416    1         28.672930673692207
968.1334523686475    -5084.556485859454   1         0.5623325804108833
-10123.798199183508  551.9857841358162    1         27.71027583581744
-355.63387864110155  12179.723409987993   1         27.084454536407783
1636.3356541826065   2139.6029962402954   1         0.32650306602818513
5832.962064136903    -4544.835294862928   1         15.52828241543772
6609.667311378753    -3364.936702809667   1         0.7076230585168107
2987.454729313793    -6432.618928207864   1         0.6455524935511279
-7206.215042960098   -1858.332344763555   1         1.222474323809842
6282.65096200201     -8949.968699971661   1         0.8396536862235752
6605.886697078701    -44.84671421457674   1         0.9086849871476662
3298.390443103727    9451.712189216545    1         0.5333446525591884
536.0961145953205    -7679.847559745502   1         43.65647105553324
7096.003692876504    6188.3284468439815   1         24.711900136211195
-3248.7558924826917  -2176.3527940747795  1         1.031488767294674
9312.408223803337    5044.859863943678    1         1.0460846969346702
1719.7429092495886   -10667.686549206495  1         0.8395700670973606
12541.362199537733   -5986.226346296741   1         4.323133467011976
8264.897598635522    -5480.702738399891   1         0.6239552800069706
-2590.9740819600524  8382.079711737118    1         1.2409552744882077
4243.854971601599    -3854.2811515724406  1         0.5270799288171598
-3702.383971426285   -10936.172382163963  1         26.598200737178896
10188.768915905419   2331.302787552213    1         0.24317348961813623
-101.38296820545509  6050.095672003628    1         25.846799002579328
-4786.4107121623965  -9600.923012302856   1         0.30189471994230915
3586.774797538168    -4748.574908460758   1         29.850669052127333
-939.1605947272293   -7671.958786111015   1         1.2291858302336045
