trucks_count 5
drones_count 5
customers 90
depot 0.0 0.0
Coordinate X         Coordinate Y         Dronable Demand
-2159.8255775259604  10517.319994137462   1         0.8179872031405993
4039.1456359135564   -5718.059319715264   1         0.11778893639913059
-533.4996506366031   -7575.66149526068    1         0.4152546661382486
-912.5878326665552   -14656.54032518551   1         0.35774140760891626
10767.121316530249   -1621.7039279544     1         0.7172768765121484
5203.577438674453    -8937.888304500055   1         1.222638989994296
2012.6295880555977   -10089.925383305888  1         0.5104335037307145
-1734.3281546858059  -5685.369620564691   1         0.6571705628585347
-2993.2322140490583  1771.347450828859    1         0.23104733468003283
1589.4202000139262   -439.297578420078    1         0.5831529721698254
9493.719270207825    1620.311390500568    1         0.7299558090739212
-2523.4579419747356  -5339.490890597158   1         0.5190877331762104
2734.214202590756    13622.421953786401   1         8.742626560140529
-5414.397105147082   -1668.959000058797   1         0.8281384772447861
1221.948840944995    14240.173916089047   1         0.47145736957689965
-4578.459498879616   -3707.6809411034146  1         0.48671957230937835
-5831.2520430801     -2555.34561760777    1         0.5788080139229718
-7903.999815120935   -3965.6302208636084  1         0.6076840046391405
-1927.63941847302    5597.351019946597    1         0.1919629426024737
-1084.3781785245342  -9285.102823717814   1         0.15008484119851584
-5379.236833474533   -217.26515072374352  1         0.8152498599211647
9903.500354594391    -3821.5385711922813  1         31.90733783735164
-3859.9813752971645  -3045.381547100172   1         22.045385085916806
-10521.314265462785  1850.9697759063495   1         1.2220227412566986
7798.154878038829    -6138.230200186738   1         0.9139929084256395
9420.658598793878    16921.546009863876   1         0.97739904619893
-6045.6290255408385  8478.204836050074    1         6.998468993108824
-4091.2913791978913  -5250.291060198941   1         0.6205953757297497
8280.94131662506     2386.137717638695    1         0.820301800921806
4606.777120542209    -3494.3152027307183  1         27.37616881807102
2394.2037836065724   9329.006748662838    1         0.8020564807976797
8018.058666059689    8284.363571197158    1         1.154230808880772
-8371.91090017627    -601.1267776294599   1         0.31788003992187364
4897.281241917633    3451.345711220082    1         0.2885159319648102
-103.779176211645    -7649.80222110783    1         21.932208313794703
7841.960147641173    -2037.3824747554552  1         0.8525333477777414
4679.8483340195635   14166.322497092322   1         44.216528058574426
8522.802547827485    3680.4763078521823   1         1.1193247265659232
4728.203367376913    -4056.8055947051503  1         1.1210389961304337
-6439.785241386467   3249.7371796030216   1         0.8170702989419818
1838.1090885812096   8586.030371175257    1         0.6178505580532382
-783.3552017563101   -5981.751617391963   1         1.1657899460599097
5082.615923465173    -9388.68545819858    1         0.4915749378218238
-997.8487203649438   -4709.629145819635   1         32.22267260185524
-4299.00721059489    -6367.575945469199   1         28.606475966609544
-1638.9803162655767  -4258.134254712126   1         0.2952564796339837
832.1579179874119    1642.3619809518093   1         0.9568636985036845
-8044.754712009101   6105.776221359082    1         31.274955290746373
-9017.01260428677    -4594.927592742217   1         0.984281405129834
3357.0025280390664   10424.805295240512   1         1.0041219230979666
4362.46446463712     6911.270186129666    1         32.9974765183079
5939.735831800847    2263.1019719714373   1         1.2373111856139916
8981.12842389923     4693.8302221424265   1         0.5139087946403551
5463.148252642882    576.2595979694179    1         31.473383377222625
-2486.917952447504   -9751.580835526509   1         0.308301030439899
-1284.9913395065487  -2127.0999076587177  1         0.8564359984069984
-2933.0071939793015  8631.148005239176    1         0.23136941187859195
2772.8567024250106   -2694.934884853642   1         1.1465496154952743
9686.905212527046    -2890.0674732338475  1         1.0412444919320243
-2433.4883999719177  -2078.5990328044927  1         2.408932561879345
10502.606701637149   1998.179343960366    1         0.5635645233690011
6047.44079602992     4439.110617314385    1         0.9069058322141597
-603.4709420015303   9247.492625487057    1         0.4584545804662892
5164.519559924785    -10303.143211205657  1         0.6199348557022245
948.6800332419282    -5831.710528456252   1         0.8166643591859948
1045.8868634960888   3965.4217329722615   1         1.0035603964859956
7058.6783453406815   2062.132802256143    1         0.27611123464214116
1309.898809530313    -7432.015902834008   1         24.770196840437407
15200.985386571028   -7284.665397126693   1         45.039228671238135
-1451.4463721821228  -10429.694936646698  1         0.42752378151569026
978.267812070756     7229.10400604411     1         1.0923812286746537
-3373.9136672365485  -10266.379925891144  1         0.946116222369146
-428.9727444447382   10101.786301081964   1         0.8931469997541341
-6340.515002875902   8771.473701936206    1         0.3938340200262618
-3284.1628488878478  -2924.432867367216   1         4.742025898250745
-935.4455314756834   -383.04196122590673  1         1.1230280083798587
19591.167435073618   -1791.6684232621446  1         16.970811245528644
-7473.411900139659   -3126.648654960381   1         33.06078357775807
-3894.257248906557   -595.6664878911853   1         46.80241797130981
4258.2685987290215   8024.555731340444    1         0.9697766039119738
-2376.8487674234298  -7779.437698672083   1         0.7849742367764925
-1626.7975567309807  4485.2839588050365   1         0.9393209117496061
9173.678871952856    406.691071077806     1         0.2871368559394571
5055.7098934730275   17756.39379719004    1         6.493645567838803
7296.138518213986    5706.123131537121    1         0.5115945778943519
817.3565087751301    2737.360878179039    1         0.5959628389140784
-5602.289995305686   11072.86267681895    1         1.0744974625258785
-4747.371850537007   7329.448644300965    1         0.9897147231495297
-11536.440911210393  -9094.36138577188    1         33.02773513141007
-714.5188518756893   -7074.976006852256   1         1.169944430542014
