trucks_count 4
drones_count 6
customers 84
depot 0.0 0.0
Coordinate X         Coordinate Y         Dronable Demand
-191.68471173281426  -1653.392565949708   1         1.0117914256430203
-2153.9405655580736  9160.109837254062    1         1.133244695402748
6360.159352866261    -5921.96490116114    1         0.17430907324966083
-11433.058345081992  15082.757393512918   1         0.179099274344207
-558.0797115791956   10645.24261256121    1         0.3306366371302088
-5497.625939250059   -3470.079681230707   1         33.22000432551701
6564.191830866221    -6544.016499770201   1         1.0943693231801026
6251.519941945984    -5174.607758464917   1         1.0820946960942806
-2639.171465372654   8953.664037368006    1         0.8986483315413615
-1114.7290423514569  2461.1271777747534   1         1.015999427774458
-498.65482317621684  -9964.304534064016   1         0.11677210777887216
-6947.55491577217    -29.802015997357696  1         1.0403964325308297
-6987.124327035298   -5890.075943019112   1         0.9086364178623171
1087.5465008805297   -8840.195467543055   1         0.489654235518732
-7674.524343662108   -7165.206712661943   1         0.5577542801537645
3421.787353096457    4407.655748613375    1         1.067817673411559
-1788.22613142221    10044.16208855589    1         0.45210100996555924
-2179.1602933132835  -1011.114861853022   1         1.1872378532362957
-860.4838642100349   5813.364832620533    1         0.20965597951188653
-10137.67253540653   370.4326232897435    1         0.41955663235132223
-4778.261782898614   -6162.618464583716   1         46.3256064841248
8712.361742809933    -2490.725530912703   1         0.9717248672478236
-4229.7581075349435  -4007.1930956800616  1         0.434885247648371
2915.5038769126104   -3870.374337332506   1         0.42793893039520525
2881.0422431396255   -16663.257865474854  1         23.539275137817224
1114.3879981357527   5311.63338720348     1         1.0612686919473338
-6046.088780466604   -1076.2046140258967  1         0.6752362083763318
1136.9342588892941   4997.395163821588    1         0.8622341643561698
9840.206305644482    3327.034908927104    1         1.1990962489351573
2048.8115264546905   955.1490689166668    1         0.38034423021148667
-6774.526184633905   -6588.734645058997   1         45.5952685097072
-6167.577980403102   5696.999010398552    1         11.447853409135895
-1619.2844400089505  -10766.842853361268  1         3.4688494395385177
3593.58701471631     3949.4867537647747   1         0.29615332790057625
4121.168014968345    2877.610472415568    1         0.7972092676747752
9006.153392241093    3828.291260332031    1         40.64431910780318
-6687.190772207691   8087.542399697668    1         4.179906416260199
1655.5772352316292   7196.270982170745    1         0.5559846457839019
-7812.259832669684   7781.29800533169     1         15.764314496753148
-8065.0978454446995  -13647.191846345655  1         26.907675930825686
-19026.556958394965  -2796.333924430175   1         5.886050698247601
-4144.29059415769    -849.8255754020099   1         0.4678019442662361
-2755.857856885205   10534.345140962865   1         1.0481869230470255
717.7074461113873    -8568.13836131753    1         1.1132476776149909
-6329.837204465649   -7996.7814551995325  1         0.48256885794944415
-7214.385404703968   -1243.5598242837004  1         1.0023447549849678
5356.945160650093    4486.868323585722    1         1.2426028195916936
8430.282032530522    14706.070526575139   1         1.0239476288246403
2626.691663658401    -4507.771826927231   1         12.753395800355657
39.01916677305053    -4176.79471097764    1         1.1907885367436855
-3499.378209307365   -1535.2602298471818  1         4.6508448480718645
-8926.582815689491   -3899.1006738289448  1         0.35395585639985894
10101.931998870845   -14817.921274044198  1         0.819724217968264
1072.4763732055878   -2746.1403193221895  1         0.5998383894236949
-772.419507551589    -4256.041789434388   1         1.1045671930402179
9231.052128385178    -2812.1304323821587  1         1.1533984493366392
17576.724363316018   -15535.287221346834  1         0.30936370275410285
11999.63428187136    18098.234202235275   1         8.108775730554806
4722.607026464502    5543.059906326178    1         0.8072552473673575
2968.2246529388253   8289.611094811427    1         0.46305301969666746
713.0832452496815    2377.340682542675    1         0.6019285457001894
7952.839443034978    245.61021949683712   1         0.7702741870097763
2293.959663505515    9435.822746210593    1         0.6226318510075411
17043.038444257953   19277.292146990643   1         27.483926596612832
-619.1761700056486   10044.75797683527    1         0.748061940195725
14481.709626707918   4689.603662264515    1         0.5911459261188916
8589.814099564084    -2529.77237984483    1         0.27512614824079984
-350.90935673710476  5276.126659410067    1         0.13612074873996993
2132.7754499098496   -6130.737215396901   1         0.6689421352930263
4739.164857712228    1170.5543189511397   1         31.317164453805788
-2310.153352095865   -6843.7117470953535  1         0.5768831918767225
-2991.3836391341306  -6612.601808741402   1         1.1290490566406013
-961.1044602177316   -9333.207712723528   1         1.122270023470298
4902.278521790728    -7822.629360486541   1         0.9410437002529582
-1169.9964101958794  -6576.603039238911   1         1.0102663251782327
6568.846631621479    7919.953126173083    1         0.896074754899114
-10591.842359944563  7117.035015318394    1         0.7061080704332047
2311.605268397685    -10897.649421979606  1         1.1964148785520734
4258.529557204331    7243.592546563785    1         1.1619685552651633
5687.447420709426    1392.1206181365617   1         0.6942653662111845
-5437.465666871817   -6996.999399257525   1         0.1862156840751531
6297.3164271532205   -7220.89102440154    1         0.3586444025096627
-8203.790592222615   1579.0542834410262   1         1.1642101286057915
-5202.852204143421   -8461.866774195218   1         1.1109169545286963
