trucks_count 6
drones_count 5
customers 100
depot 0.0 0.0
Coordinate X         Coordinate Y         Dronable Demand
-776.249321919566    -2402.6652587707563  1         1.2283400141307996
-119.03426258434058  -8227.88329798704    1         37.171943652224584
6463.049172129538    -7903.478002180745   1         0.3233540694682557
-1981.2194499649047  -6205.322863968562   1         1.1116726447804506
-6826.244533259152   -824.8077586349682   1         45.564834093804734
3094.0054374026527   -2285.789891675085   1         0.5013341015829831
-350.81921012599287  -392.2737422414075   1         0.8260131564362
6575.626132677859    676.3127433652139    1         0.6463554122689273
-144.63908666143587  6548.997896525245    1         18.006922869355847
1899.5896050870372   841.3543085096857    1         0.19582521504549683
-8190.756400718746   5421.512957574659    1         1.08053661300962
-1767.5635329163538  -5158.537911333509   1         2.0977286739071004
-4602.362154276525   3336.1641593927857   1         17.961842359390026
1827.775149021969    -4238.663703939924   1         1.1970375434361997
7252.328772276729    -4625.8890256194545  1         0.7592317265514604
5215.5057577511625   3428.956089285882    1         0.5234872673708549
7556.850609466259    -26.168059189845078  1         0.37080028349377847
-3224.1566193672015  5023.643066019691    1         14.611998122137711
-4081.890032299422   733.0404916092991    1         0.13281333577367724
3457.718479358135    2081.1228163695455   1         1.1034571523991927
-5797.317947169644   993.2682186868151    1         0.8730873152490799
5095.680067439202    -5681.274400803313   1         1.0501749867731263
-2014.098863130743   2781.1596149398747   1         0.10801261786059038
-629.4156972213726   -2784.1076700614667  1         0.8142575173841585
-2335.6290004154325  -5834.169353416349   1         1.124816286166484
4098.772635337431    3741.6810061419237   1         46.81061903667947
4655.500531778765    -1971.2368221706072  1         0.9598968977228192
206.55155000564196   5502.592646346745    1         1.1241735998680586
-6513.153664224013   2660.884791290571    1         0.44827540278267275
-2467.058736343106   7591.259832341374    1         1.0847770171308364
-2431.7548727748276  6889.96229190285     1         1.2329686927630008
-5953.295371629079   -4169.939380821043   1         0.7477508057806187
-148.09050501523234  5875.86338291309     1         1.1581032568527019
-4125.019295817863   -861.8672379987223   1         0.42090262733223993
-3345.966190388297   3250.120436413892    1         0.9433201193563389
-2615.4718474023225  828.739950157975     1         45.46169788207597
-6289.184417530931   -6621.484768586028   1         0.987026033249556
-4694.17953634959    -1505.7333224748782  1         7.016337077691088
5732.443134215983    -2124.8358007259703  1         4.185264719132967
-3341.4781505238234  -2689.528608685858   1         14.463522285488118
4199.6640125877      -1961.9798383381785  1         0.6042295094916149
-5925.656533400969   4125.803419436711    1         1.0515135596197562
3121.7844879871614   6287.97589935233     1         0.16191918662671045
-6437.219103886397   -7020.0833282921285  1         0.9867203668690023
-163.1242538316614   5554.417431800502    1         34.76872224967518
1797.1045716970095   -6894.922334969893   1         0.7476958772982122
-5034.737313123021   4672.159574756002    1         0.3466430074913185
-7677.216486942273   -490.05982975680195  1         1.1815555337375083
-2985.441344151428   -6650.599961033866   1         1.0643319309788029
-7614.975537461856   6768.74715662299     1         0.6998126283832412
3517.8715811977386   7021.674145437276    1         16.187526039488066
8010.695153930121    -6724.956240875127   1         1.0707733381519466
-6382.925600193117   -6178.250530821096   1         1.1096289036067026
1382.3083275285298   -3708.743017971853   1         0.5237241857164848
3008.033545781567    5950.44723913641     1         0.79588906170191
-589.7617287964931   -3813.1195622268247  1         0.2196900791760279
7484.333563525642    -2580.015502403862   1         0.6703002062065168
5965.979908973008    1260.4928158449902   1         0.41473149785937646
6852.608058223183    -3127.793552131862   1         1.2452917588788375
-7753.941134271215   1937.3073309557149   1         0.7128778150073266
1633.215912490596    -1214.921810205547   1         0.380885810471117
-4129.401575884497   -1401.853832130288   1         0.5543177865500155
-2131.5811815719235  4370.040005585581    1         1.0567595833774508
3361.358239985349    667.3570916259808    1         0.8613492889229386
7560.829854915227    6197.184653868895    1         0.7913527087261457
-3548.1567541891773  -7638.251215974107   1         1.442375090233727
5545.074961559198    3582.5230286015067   1         0.8204056020250144
105.91238555261457   -7082.35271870454    1         10.726923264855047
-2110.7288206668964  -3898.9145870920693  1         0.8148194451334916
3850.2629977766037   -530.6247457354203   1         0.4735143774935199
2924.2103998161397   -733.8321715534158   1         0.9196160094495255
-5137.292668582472   868.2123532849004    1         0.3021614283565942
-440.0589514491066   1084.4728889117018   1         0.7377320448787885
557.5095381503068    489.94233869688856   1         44.37491527016689
-7458.631340627294   -5707.077906501209   1         1.2463332692456122
-5335.04467645805    7051.39990417283     1         0.22119272314430122
-1010.2133919906345  4997.476711436601    1         1.0526523452025602
-6585.802238004365   7456.438030832824    1         0.51214155887304
-4696.005386104276   -7410.228310991497   1         0.41171929900453985
5171.885887024546    4176.178723059253    1         0.3860449647377062
-2808.560892333265   4121.367627171558    1         0.5241937688618957
128.25724125573652   7693.408167833055    1         0.4242158751486934
670.111995382458     6546.315817825993    1         29.242277540547885
-6718.706055739397   7658.567215174429    1         1.1459468343575383
3796.5656701908174   -1523.02387272117    1         0.13206021233008733
-1342.5870212012157  -3778.65331489617    1         42.79705627525321
7908.85877070003     -6342.480557952856   1         0.13090460766089107
1488.7231007588355   6126.727903635995    1         0.2718190276237551
8003.468591706262    -5834.8968632109345  1         1.0807133214801954
508.30783222390903   -450.462363956069    1         0.31645282915020134
-7005.379211579126   -1458.5700873996238  1         0.38312527260677964
3317.634643850467    3070.5431610088885   1         0.41019919963817997
1852.6786298758627   4256.331029200714    1         1.1688263508898054
1256.271151082392    -7574.0106240948135  1         0.9424090152115989
2056.255876666956    5154.522167424484    1         0.6128412079540126
5447.3605336394185   -3384.92382453532    1         0.6893007390144221
-2072.329889457334   -7080.469085819054   1         1.0016438963819057
3072.393541435258    -7916.453817390779   1         0.25119418301682706
-7765.25121263616    5837.549732870896    1         1.052216362783639
-3896.893431964506   4797.514891168935    1         1.1043466203076124
