trucks_count 2
drones_count 2
customers 32
depot 0.0 0.0
Coordinate X         Coordinate Y         Dronable Demand
-2504.096201300723   -1068.0938260710548  1         1.100250488943425
-6127.318471048638   -256.2740924504659   1         0.3594998044450326
-569.3294580507456   -934.779447558431    1         1.0758706108747347
-2872.4093464429016  852.4889541543071    1         0.37907640224542993
826.6887177147119    -1348.9410138894555  1         0.8648314715780464
-2311.71536693181    -6035.248364357198   1         15.441219983023224
3272.6369967932446   -6560.903895354507   1         18.59917285634614
-1756.5901115063966  4274.7673941806015   1         44.34403017561478
3401.2797023130206   -4119.464599935854   1         0.8670403175485412
3313.6959671373215   6575.265806223047    1         0.8165287020171195
-4205.434498450092   -3549.491641943821   1         41.88741693159613
4787.208024026872    6746.656184625003    1         0.5932183843220643
7029.378039718026    -5825.791007735416   1         0.1978005500359675
5743.988188340234    210.24311878458334   1         0.9804605765708978
-3649.604013414128   -1758.184691434558   1         0.42621660887329404
2248.905190541357    -264.6105034336488   1         0.7091890574780824
-3540.6967249017707  -2643.759444948811   1         19.390078273762462
5764.872794919048    -2919.6105113165777  1         0.2640329047907356
2265.171332822433    -4431.466950290573   1         0.5306261757663289
-2420.5711759172523  2920.2823439908507   1         0.4654648293518233
-6837.6463628009     1726.5306950106706   1         1.1990051868801648
-4619.762215076046   1387.8238608197378   1         5.5668454816539255
680.0811929499222    2737.805239487301    1         0.30238695447050723
5191.514206719868    2865.8229270247566   1         0.7640735331214448
-5637.887190488397   7212.723759714324    1         0.7849875335479233
3784.2028279767346   -4210.61639070386    1         0.6906634012120818
2572.1544506454907   2202.7645993153697   1         32.025999802775786
4269.966390633099    1271.4609942623847   1         1.1258965288042353
-5512.5776050143695  -3795.8052034443886  1         32.2985914121662
887.3659013840676    6845.127456636627    1         0.8645071711554656
4562.754452162339    1638.2515227608114   1         6.17728269376717
-2222.946663507712   405.07548961109535   1         26.59491095587354
