trucks_count 6
drones_count 4
customers 81
depot 0.0 0.0
Coordinate X         Coordinate Y         Dronable Demand
1071.7566183486033   -9994.555828900366   1         30.78637084540913
-7155.964911155703   925.568312194461     1         39.53713196288225
-8699.512740362703   -1403.6358616801917  1         24.185799994513374
-8173.659086351874   3264.902445996945    1         0.595895620301762
34.35002879288089    -5724.7905250320955  1         0.7570307219474928
8396.659962065738    -2107.4904107776165  1         1.2026752059694477
-2838.816958393485   7828.382228306113    1         0.38333782577119846
1942.8734279066741   -9686.528611551683   1         1.0246411585308475
6100.534307099638    -7579.3745435692335  1         0.18669571832141718
8454.57452274576     -2728.399981283628   1         0.25249241698568825
1547.490280685535    -3324.9159717221232  1         0.6015068824107659
-5217.540534313395   -3666.0827822381007  1         1.0917524221241868
-8448.419603426057   -4435.742041428158   1         1.8729350913118894
9346.749808784267    3937.9303528855853   1         0.44677729469252736
-3481.1015902635163  -9882.858536120491   1         0.8371956731750454
-2694.278200326658   7621.185958901938    1         1.1962605382568565
5636.588666129968    3084.8594524140917   1         0.23367055034837594
2870.0854788209426   -8402.205229691162   1         0.8463913224526454
349.16822417935987   5259.904388902718    1         0.2961659529764557
6069.755011257091    2940.758426655361    1         0.9444555190956493
5150.0549825887265   -9365.486173387842   1         32.95488350246667
6130.064513162026    -8405.911998023848   1         0.5968566689072122
10423.23011035045    2958.7629873052138   1         15.641412205280062
-798.4657852244829   -4719.89081416311    1         0.9544357079088072
-675.2171269504609   -3655.8515424275665  1         0.13297573384205882
1246.646843804388    9607.952140432893    1         0.4552636047512304
467.1222063983805    -8791.634560264461   1         1.1462617457095905
3986.7845966850837   -2981.3743869448294  1         0.27860867312450044
5620.40280595811     1962.7421047660728   1         0.7600064081301556
-9472.043761666431   -4664.704555720326   1         6.93878853645832
10024.165653217782   1247.2583421104446   1         1.0081529962791504
-5697.111792293548   -8569.604624471129   1         0.9132254855087322
3851.673111348631    -5825.548326871116   1         0.511394907673814
-1418.221400574862   -4602.84791841756    1         0.5962634841853997
-4277.150171374881   5700.4451893423275   1         0.50636925612429
-7648.086339973115   316.08269899600384   1         1.0778246683819563
1570.5277727106538   -6816.023185395832   1         25.948088389989987
-6748.751989749394   5861.550561829652    1         0.757110011468968
123.342541312748     6185.992191850108    1         0.7062548288197504
-1167.9740786453715  -6785.598860768274   1         0.19759697861480702
-6197.83681628233    -6924.24099838629    1         0.7872418680024205
-2554.6296522254756  -3914.1889865738394  1         34.230194038090644
7645.425335609221    5423.543421151631    1         0.10388420966784084
-3160.164059309606   10009.082491697176   1         0.6865479704565056
1267.5411184266586   -1475.1154587501794  1         26.286965105919563
-10782.249258980475  -8521.266046618417   1         21.72404541324116
-6095.274345002717   4139.1537679716985   1         0.9934289441527127
-7725.702069025735   6885.30042692713     1         1.5821330234186366
3883.0125804403015   -369.7906819581822   1         0.4591482963269595
-4050.4786805276294  -8480.738600710702   1         47.19601284852515
5777.669393559685    -2247.4935559402866  1         0.34951725287418123
8501.383263954434    -2938.744463225843   1         0.8914549150535407
-9358.47915200592    -3222.6450497139454  1         0.8348296409334782
-2288.9794913930964  -10103.052822882903  1         1.189119915232258
6224.2654682593675   4368.087379606641    1         37.69754185857279
736.1531339834617    2633.72178940697     1         0.9854275241799997
5545.287834913356    694.7820064195       1         18.343498020724216
6789.310863488252    4682.963089980205    1         0.7733520351049377
9535.625986255878    5356.251698191775    1         0.4815700024245445
-4497.619857746242   3773.072671844594    1         0.46214364190683344
3142.1866632846404   -3316.853595731125   1         45.15301766959979
-5540.667938284524   -5500.152530896656   1         42.10481400683019
9165.745466155977    3681.914252664065    1         0.8373624991305829
-6555.579817659113   -7956.4092223259395  1         1.2371838683482719
2813.3045686240325   -2410.587366888655   1         0.10001589635550441
1143.494962310248    9050.894321989477    1         0.7242526068039479
8673.976130253228    -497.0135529853345   1         1.2266024203276293
-6217.933659251027   2168.755854506404    1         0.7618307471267249
-7029.695018233433   -49.49941905951711   1         37.75116430441239
-760.5071846045485   -11528.36474990087   1         0.8432663602623576
-7402.605950754121   5522.1077968833415   1         0.3358284690666775
3937.7480605107376   -9992.29972245824    1         0.28008434276048577
8897.561369322748    -1476.4873769019287  1         0.49408168610967906
8990.677974892547    -1849.0038184360903  1         1.1455568605213045
1263.0836642714405   -3245.665624320417   1         0.7472414091675084
170.73975748766424   -5351.068869797437   1         0.28620422233206944
5222.608954385118    -2435.4662987836773  1         28.004376788867344
-2629.753510024735   9814.532340043283    1         0.601620379719073
3782.7887553449777   970.3497681922292    1         0.45372120016859574
-4642.517380324586   -2904.79308278424    1         0.26530114534938354
6369.277123980239    4650.173566495625    1         0.7237952289499308
