trucks_count 3
drones_count 3
customers 59
depot 0.0 0.0
Coordinate X         Coordinate Y         Dronable Demand
5853.130050065839    -1491.2144836085956  1         0.109625295150141
-5299.814286790758   28.617013679447226   1         1.2107792054274449
3942.206889209016    4400.160542406886    1         1.3652635041441539
1305.7923092710378   1447.7530589916344   1         0.12113986652274845
-2679.325446608127   2865.0152628811534   1         0.41238672148383815
5699.155156260396    986.1435356250029    1         0.8362670750986202
-5864.496980346353   -2521.5343300328445  1         0.5102460984444415
6839.01298123843     5039.094094627165    1         0.24043707798121638
-2195.7280791184057  -7185.112380395716   1         0.17882253686656435
2196.890213303219    -2132.450412626934   1         19.582936158102132
-3543.799405327847   7976.996920223847    1         12.426503777380736
3772.189175268839    5309.827791064035    1         1.1457565677787869
-1447.261953285899   -6974.171430020564   1         0.7490855799024904
-2112.7734349077978  -1516.3878176500687  1         37.87088522110515
6859.124754803384    3138.734138763462    1         0.3179303773913118
1247.1639483467375   5175.178027046926    1         0.6811113610927088
-2408.788061187165   -2985.385333468623   1         0.9761318540514671
-6551.483090009849   3796.7743749398605   1         0.20345024212716667
-6472.795978084178   3339.7318790886147   1         31.855992495197427
2156.863179504434    4560.268911919479    1         0.2730896088445066
253.14420687413286   -5673.524754944154   1         19.85702891458566
-1306.8194678596892  -1695.0097661769871  1         0.47110172910410064
-794.8417080590157   4072.1966883847495   1         1.0040251171586052
7922.1933215396675   -4741.722238264837   1         0.5221616939952188
-225.1432063260946   6776.185005602129    1         28.83457958329983
7582.830539250632    -1109.008622845852   1         23.631629357057594
-7354.342974319594   -3759.7647930892545  1         0.6873973677429185
-2028.3493464417093  -1259.6335306425963  1         1.1942443662907796
-5967.275889510055   -5489.706599034175   1         0.4540999256396645
-4884.541281976054   2498.942821020442    1         25.7405213330504
-2677.131939514544   379.082169491297     1         0.46901776392210637
6013.745671781393    -6955.670555146572   1         0.2502780945384616
-2262.106665291288   -2236.049841238571   1         0.31360345622145736
-7348.047220360721   2047.258943103812    1         0.5051989041535607
2422.3370634859293   1941.8338091596502   1         1.1558454632359287
7799.843155123631    7439.431980298525    1         16.65181913046742
5134.717613845248    -7244.161941997086   1         35.583351678804384
-6038.394012993338   6438.411966564407    1         0.16079634198498383
4171.215237621134    -3157.2887273662227  1         1.1679584535627214
1095.7010443062734   5995.833196947397    1         0.37018623596510347
1264.7192762767772   -1048.6061784104243  1         1.0311524794593265
1157.574295230345    -2121.856237715679   1         9.527109041747643
7013.842836942959    7410.457198733341    1         0.7647436880428229
-1439.2762393673863  -7752.977530683654   1         0.18754643173801883
6021.40908059817     -3784.302927045924   1         0.16485611154989588
-457.3896632031141   5865.753763201208    1         31.896135497792244
5278.286301400907    2987.9352483598796   1         0.8015046002365377
4078.650549161781    4638.617472841802    1         0.479321008957282
-1632.9190829691681  -7656.7556226653005  1         1.083158490050912
-830.1681276732415   -1903.8566935832068  1         0.532161015738581
-813.0010315446418   -7213.309693637261   1         1.0348509538735085
-5313.233974537666   431.63578296521763   1         0.4785139654457705
4010.3279596991033   -3656.302491802202   1         0.8984909845915268
6635.280062746386    -7825.626377344133   1         0.8415552763781904
1737.4389055864212   -1591.780917119997   1         25.27419586055363
-6408.795502054943   2572.482363171688    1         0.738913530428898
1148.4221931007924   -7926.58000964264    1         1.1860118403749895
2419.2364963809105   2843.5566090092725   1         1.1907625543122244
-755.8430044114103   1604.4251940236286   1         0.41184659679030977
