trucks_count 6
drones_count 6
customers 85
depot 0.0 0.0
Coordinate X         Coordinate Y         Dronable Demand
-5592.511933833075   1556.7438814507962   1         0.3206523183784152
189.74072924976673   2225.458522666236    1         1.040113622143809
-2834.182891329124   5768.44365873152     1         0.7131008679399674
-2650.132145609835   3919.2193022359697   1         0.31088873989785387
5095.661156628359    -109.19912445387573  1         8.320032379065221
-6185.232080582278   3904.4243289490746   1         0.41275044051497456
-2795.892585108078   2413.43749588182     1         0.7964677475755091
878.2569196553602    -4698.450665845339   1         8.891740988658663
5949.839135358787    3731.2281901111437   1         0.6137711970363993
4597.805754283874    1594.4922227255208   1         16.863512204797132
-765.8735003466335   2480.401299902362    1         0.9055863224418117
-1354.2866747295163  -1106.8884297571924  1         11.211954751402148
-2010.3096081834938  1245.6494134867498   1         36.027858934574056
-1841.2919017453048  2874.1338802180658   1         24.10445294997418
-5336.674434644313   1471.3590830077037   1         0.8090709886278121
445.7863244367636    -447.17289525746764  1         0.5854704746926904
6.398769204675294    5686.505693396984    1         0.36153730351090463
1304.2750444800404   3061.3844204690595   1         0.9435584278365563
-2644.2679646833803  2420.1945113582024   1         0.4036380699967824
1168.0141240085695   6277.88749686508     1         0.3854531150697157
6307.585487941506    -2573.763961896779   1         0.8345206863612757
-1764.2982647551216  -1986.8809943521337  1         0.2762906549420999
-1030.6490837265096  -4114.07573570665    1         0.3745273701847053
-12.524977207402165  6516.314167103504    1         0.7737236161308688
-1243.8972120446035  6012.722602902868    1         0.1475948512727604
-5910.340286047216   5761.346814984901    1         0.7598369986656953
-2012.2334685212702  3626.4801790078454   1         0.6809400885020473
529.707590617974     -4506.258866825336   1         0.6008587630035578
3427.0922129071178   -266.5717839068796   1         1.1641953580482438
-5213.164946428665   1170.1040994544537   1         0.12358921702006469
66.07678588433579    268.8647516656961    1         0.90133860128081
4537.364819182635    -203.43732019370663  1         0.5871535010186768
5663.396150858875    -157.78375144727565  1         0.34874709686694116
5534.509595220317    1772.4283333040457   1         0.49796253338333296
4638.74654897898     2792.523737218878    1         21.763128418634953
-2849.8788742930974  5800.247496447839    1         0.46624675389921655
-3475.3630540786276  4659.363779680986    1         0.8203210475357146
-5823.072190829523   -4422.545780426741   1         23.083930065036427
4683.4245092467045   1291.0587782349576   1         11.941437076452804
-3963.9336946236194  -5669.831741846436   1         18.132936257951084
2514.8405581715724   -4112.903909149944   1         0.9010265584281009
3798.13165419227     831.8516024756965    1         0.4189778416001081
5221.8855646347      3293.715826253898    1         11.315488504183655
2975.6853932620916   -3984.8631339479475  1         0.41740501958753395
-4968.888030000005   4466.634215212662    1         0.6646771447748917
-6569.480427483557   -2337.0384059916573  1         0.34506287791637275
-3247.2133599000795  824.2717909139262    1         11.876701465735174
2503.8910611268634   637.2001333056006    1         1.0935866446533484
1784.4620786449177   4574.780939610595    1         39.727994503567075
2287.966783582181    5039.739173598447    1         0.6338149687577783
515.9080920592171    3456.3764763127356   1         0.9561702417493799
5088.012289746384    2078.892189322398    1         39.51335796721611
2919.1494603795      -6558.496022697605   1         1.1755875317964877
5861.305492974457    903.4446225746651    1         1.0957394538802157
6499.6089097063195   -690.8499073490176   1         0.6185777901275947
-4647.956312157378   -4045.1432293451358  1         0.5398058063961874
-3527.047470259713   578.3350087246303    1         0.6463135589114616
-4857.098911872996   394.6021145482337    1         47.751463740693936
-1435.9801913739484  -3334.005585757392   1         1.1515538523278934
256.07796290779345   -5975.297047767713   1         0.6942840566549419
-3493.6132550569805  4363.603673621747    1         39.58859822703257
-2830.862859988267   -2197.504385386009   1         0.9885189261763612
-5559.062263045627   4071.1873931480404   1         0.44230441657517217
3602.2425762513158   -4623.310094956759   1         30.213108990206205
-2917.9465001710605  -5694.064274247377   1         0.7419939637159768
4271.311278054669    -1777.106667382725   1         0.2787632231973268
-1620.764983020993   5221.478768954024    1         0.356807049785303
2934.65929418517     4934.807039954889    1         0.17029938831718539
916.241435503089     -2347.0271754156283  1         0.3928438396718459
-4492.431753266965   -1949.2945588281564  1         0.7064310790075893
-1665.3191341623583  -68.04977365830074   1         1.181495287997147
-3991.4529782834215  -5774.743114351253   1         1.2152436140196419
126.25913484687771   -2729.093362056834   1         1.0385532416561989
-2034.2913025733064  2378.8074186954364   1         46.58577312351945
2741.695749695704    3914.372520644678    1         0.2641425000430482
2627.2446096347157   -3479.056592388747   1         0.740029187668982
4768.1605118698835   -3321.668386608732   1         1.2324316189735451
704.11684409596      3419.9620244962953   1         0.2487077474764641
4161.528613675971    -2372.7222790889505  1         1.0459816926255137
-1099.471347518246   6555.524240853688    1         0.8983922732310006
-3921.8864183247388  4596.652747681421    1         0.24454280887659902
2144.574875519944    4904.2457703180335   1         0.4246501434237462
5059.351055231376    -1789.7014643867753  1         1.0812268560191591
2329.4943976662566   -6125.040549894328   1         0.7722789169318345
-3526.609692143825   6404.9728895880435   1         17.578759971385242
