trucks_count 3
drones_count 4
customers 69
depot 0.0 0.0
Coordinate X         Coordinate Y         Dronable Demand
8758.369551624091    4171.5275848417705   1         0.16382723096508323
-3778.846487218587   -649.5603771219281   1         25.35077067221277
4897.32225616578     -1050.5583187675527  1         10.27719925635556
-6779.75384952968    6540.036566209724    1         0.3241512963842672
3551.233680490154    2801.329207753763    1         0.8261626227052051
-7969.971873767086   -1086.8560809496516  1         0.2513241450313786
-6802.194787159658   536.4880212563525    1         0.3080519064787083
-9240.164982204828   -4811.2658555944     1         16.11949858814694
111.77183483414596   10643.239725521791   1         0.2800602425675597
-5951.7670531996355  5932.428337849393    1         0.9614075945448392
-9311.869669356707   3250.340301219464    1         0.6539414997848182
-1499.9129701213717  9860.539716247073    1         0.4454904729511219
-7872.964607709605   -7549.869290997043   1         43.8452420627156
-8668.359560288169   1483.0731660521017   1         0.9052977771778926
-5371.466063606553   1910.2075761511842   1         0.146176581240523
3039.794191263303    -9746.918290939537   1         0.11234542986278934
2321.31093957117     -9610.945604988141   1         0.3004619212534869
-2133.287245587347   5469.291661278056    1         22.02285919771722
-5667.355075819      5743.234297459722    1         43.84001463153647
-1257.6313182509025  -1520.2921669286764  1         0.1521769105868817
-8873.617635908293   -3967.934580027397   1         0.3504887749692146
2495.7603743444156   -1448.1061463415313  1         1.1436121584961165
8272.37054936991     1059.053382061024    1         28.610931454392716
-328.25686425751474  -3123.855218752069   1         0.3787873354302945
5004.205585468529    3420.292793688844    1         1.1742363816901633
-8831.321087149157   5123.937467259499    1         0.5713371124792123
-9273.384054396887   -4423.914612604199   1         9.33547375876426
851.6089303270345    -5565.258291675838   1         18.04520888687278
5097.309232558273    8744.726077902755    1         0.22437563014615702
-2697.8844071201534  -10523.587001416763  1         8.893300501064173
3447.5837973562097   5332.996319872189    1         17.244322757296942
8930.885392624756    5617.888524428265    1         1.0495688726820556
6224.692227555297    2318.4911233623534   1         0.2943928471926305
-4889.800401793233   1440.7794889770314   1         0.11807343330669806
-2055.246993126615   8599.106530105739    1         0.3444039073487509
1132.9291155649612   2960.4345828976625   1         31.02127135878566
-13246.78556690527   3476.671244240726    1         0.7114348254906702
2711.9525047015213   -3447.69080290915    1         0.1807018814236696
-1594.5495505748693  -9964.916077765349   1         43.01814608905242
4865.1190691256115   7946.289966172731    1         16.94679923105663
-8404.65554056944    -1870.1893673347768  1         1.5255144734495563
-5743.853735179071   9061.173828207584    1         1.2233637892130407
-2445.560969311797   -1706.847078692541   1         0.17605486070638568
3905.0888517544963   -7447.3521395980715  1         0.18120865182243795
-8328.76281084139    -1930.304143489799   1         1.2343799697048272
-8667.373901771334   3564.1762184762656   1         3.51730076950001
-3596.128592107218   -5543.923698446811   1         41.86159789629466
-7946.45001088537    4772.745830384571    1         0.32750325699349936
7309.2541689841855   9360.866185147574    1         32.66507233585881
7867.207334647105    -6113.173583886556   1         0.5863813387778875
-7000.248571532715   4200.232377619531    1         1.0944996278182384
-6378.18297931225    -4849.3833876878725  1         0.6386787016925037
4433.5563865562635   7462.178613710229    1         0.9407014998779321
-6359.278238807377   867.8802345214808    1         45.85788196386951
-8271.808796862286   -4624.356251425093   1         0.9462659006531712
847.0186701449604    819.8243782293089    1         0.17655039719274268
-8330.87225376405    -5658.424789991423   1         1.0557151261462365
10053.778572954823   -388.4024019720538   1         1.0669279552988675
7115.068230286589    3414.2776432811097   1         0.29457886681904655
-5894.249317673611   7816.908385737432    1         47.85398432214368
3527.8607625534014   -3535.099923894429   1         37.81101236546122
-2302.202200881696   9804.520427977439    1         0.46719319952731764
987.691720788439     2745.9789514129416   1         1.1172391594478148
-535.4141303165504   10538.047473065553   1         1.1079495229230496
-1126.6506373367226  -1214.5294251072778  1         0.7928213847750892
4131.090027497525    7473.655627928234    1         1.1427628287072906
770.7071486836536    -6341.174024679233   1         0.35533058756875313
8453.555153827885    992.768465221395     1         0.2541393945730248
4193.542434260719    2571.0076822947426   1         0.3040174633678905
