trucks_count 5
drones_count 6
customers 100
depot 0.0 0.0
Coordinate X         Coordinate Y         Dronable Demand
3237.246191612684    -7948.287980657859   1         44.35319981103049
9036.984502970556    -16120.177890107117  1         0.23154914176099917
-4091.259877222463   7229.016513905079    1         0.9036197899235133
6121.0496559776275   11103.7855775747     1         21.178415313349845
5719.391915621508    -8841.023186264052   1         0.9187833497464186
4335.969498098113    -4783.948515266036   1         10.313824838057409
-4834.634548057322   6679.278668601416    1         1.0457075131349023
-9403.193157722375   11470.764034305184   1         42.894139748337786
-3205.7036869534286  5857.247989747988    1         0.3287514560821
1038.7471193311512   1729.790398509502    1         1.0074869919217757
8062.239572776038    -5932.033784159859   1         0.8707220714230522
4491.41498190024     -1061.4823647831502  1         1.0971554028477297
15713.755727832266   15132.928933774283   1         28.59479965632903
9263.186431279413    -4424.897353291481   1         23.673763292606516
3299.365476252268    9505.509421605611    1         30.379381692014345
5850.227879780939    -2726.4898696226614  1         0.878995053296182
2205.742088708984    5566.0668136801205   1         0.3784474004445917
-329.8689543766484   5234.66708369157     1         0.30224582627135427
-2126.109451513886   -3303.035391978919   1         0.371748649916699
2760.9488283751207   9668.115536562253    1         0.6290433085453685
-4391.5450075625795  -2447.667495660127   1         0.5696587152384769
-3218.483525622599   -3641.140354570458   1         0.9823121956845315
-3396.9722837276004  -14832.133364741403  1         0.808108903919335
-1470.9036213005843  5354.867798814351    1         8.394940958106206
2703.3643983818974   18.754203679717957   1         35.07258024442963
6520.437179369073    -8427.316823269612   1         0.92792816030088
5218.827153174618    6869.436884429152    1         0.1781295784219605
5817.336358683034    -2421.2903920049725  1         0.8221088417730872
10280.936754412061   -150.1438399404476   1         0.8009678617982433
-8421.488284646648   -2212.614918549624   1         0.9389172687648047
-8703.154081572884   -3747.9678243066646  1         1.064450443007349
-6454.192069519714   8399.937739470008    1         0.2646515988075336
-1895.783092814622   10676.114829326289   1         0.49790271261705266
-1595.294266697782   3093.37108276021     1         31.251295316538066
1433.4606413417973   -1907.619278720898   1         1.1050784385070647
5306.50102305811     -6947.910191424289   1         1.0691760742496688
-4584.537838259933   9930.764938283302    1         1.1440811509082693
-6961.880356911849   327.4297216249121    1         0.5645762733575893
-3762.8848893936824  -3486.998764373907   1         38.32819643984912
1064.0619994496735   -9808.618513055359   1         0.9714890044335606
4657.361043753849    7483.161576463949    1         0.3191287622044191
-6328.505169738019   -605.2059061551445   1         0.32197277439392263
-2864.349880502185   3035.406832743393    1         3.1460346712827505
8456.442376710062    2416.6179838141      1         1.0137119680443274
5933.893213440646    -5940.555709207694   1         0.22833732413618277
-1846.405986039791   3912.8101176266005   1         0.657807591437815
-1057.3527284630268  6108.484368313451    1         0.5158908371962119
-8257.00830140445    6452.884279810079    1         34.316731103570746
332.12340687738805   -6055.691524644629   1         0.39414812466258675
4377.24831814527     -6033.150045219789   1         1.0289586894940472
4435.134273554435    -5757.614580243627   1         1.176286377265577
1125.2422662740328   -5098.37201311813    1         0.7588875526857084
-345.6213090385463   -5974.911019882324   1         0.5060983186443883
4318.346024609327    -2304.8066807350056  1         0.6393709085153063
-3321.1310882594153  -12960.655384357326  1         5.243804481011233
3057.811527936207    -3506.2684717881875  1         3.0866541664840943
-10724.213946048869  -1682.4283001074791  1         0.15987634646102528
1287.5011705652232   -13196.328302411732  1         17.109313091199567
-7995.747282860152   5362.276225228119    1         1.1792124299562268
-4078.4848617276566  7776.728261713341    1         1.0274107013125187
-3434.085429475157   7915.006177770816    1         44.91107276135989
-7447.640645041486   -4729.892433097473   1         0.8685309864627122
-6868.798413296121   -7861.326583460189   1         37.92724590635249
-6523.87171488065    -15529.294146572094  1         0.6260643736520215
8001.367053022549    6978.061347529734    1         17.163519815439546
-15231.470787182498  -2044.8623266612813  1         0.2675122610490296
5085.990186134017    -2902.620912977464   1         0.9254223391724581
-7845.511429000002   -2935.3377284319686  1         4.082351728754922
5379.543245721782    -790.3245881211598   1         0.6570787849703339
5412.979187926767    -9440.92388275307    1         0.8744817628179603
-3817.7446641870933  7633.9373559049145   1         0.6112121041159707
-876.4683542644705   4476.157916435795    1         0.4837663554180939
9421.850821971513    7832.768820556603    1         24.61382752920777
5565.466175190344    7712.041415512914    1         0.39895841009244926
4192.207271683164    7775.943271915775    1         0.7167754312000467
-4369.360134815144   3422.056692249187    1         1.1040553873882133
1090.8634144636308   -2080.92097923555    1         1.2104060494604958
2279.2833899568122   -16208.319400308104  1         0.6976897359059405
-1348.3673634773038  8718.293893116122    1         41.49515981831888
-254.82274230906344  10665.527364618809   1         0.2986183092074168
-3037.279214973478   5341.917627747995    1         1.0398876896944727
2035.594627788295    2951.524493207306    1         0.9304197388371044
2336.888201553825    -3759.756800737759   1         36.75503730942413
10538.942796990334   -2310.0259294222337  1         5.904999808207828
9329.855219593406    3041.2215870342134   1         0.6640335536866668
902.7043886690236    4098.258243998667    1         0.6153504480024061
-9902.420058739976   14191.814073251831   1         22.925338423593747
5782.726286370643    3023.3429200695373   1         0.46396482322207233
-8599.232350604418   6603.992078529299    1         11.447759836894909
-7320.576874601931   11585.216965608144   1         0.24692906900460684
6503.11794071058     -5404.868000235346   1         0.2854694581465824
4634.4626047643305   8530.268207528934    1         1.0182393170501451
-3340.614941406976   -7958.07599647487    1         0.38478211955548736
-6603.655984942531   6021.848997687484    1         0.9089969343292209
-4415.227483556663   -6277.21078834066    1         0.9266434577045672
456.45387645940747   1114.7459821193731   1         0.5036574877126567
-8680.647247126026   -5391.6403291542365  1         23.702077810980597
-5529.935786952568   10832.132325045137   1         1.0674542273859795
6498.440791327693    -2663.536229662985   1         0.46166006634837164
-6219.3207405311505  4310.1764943486505   1         0.9863981392633228
