trucks_count 2
drones_count 2
customers 34
depot 0.0 0.0
Coordinate X         Coordinate Y         Dronable Demand
-5512.861322835259   325.389706482502     1         0.3504468311169543
5348.7619586081855   8946.20980302727     1         0.8539820152605414
-359.19134391528365  -9887.539117148215   1         0.3131598651264972
6357.825275167839    -8485.485278018143   1         0.5424676349176015
-9472.51258900768    90.85895364363671    1         33.52968683952196
-5185.162548963003   -8224.513427600054   1         22.812342411462698
-3694.6148472402965  2293.0190016573197   1         0.31642166725950815
-6064.308025094304   9711.241528124503    1         0.370390217779471
-6813.671060191821   -5677.3312949039755  1         0.604211768495888
12252.766682636886   12791.451020110298   1         22.987136478828152
-2247.139667794031   -9761.786112026362   1         0.5553535384827036
7057.115050149004    2632.0161747450416   1         0.6228374202865518
-9577.333607320264   -3295.8030146548253  1         0.6363017719040118
8521.182551873071    4788.287997127507    1         0.6271928665941977
-3276.192523118989   -3142.263071694979   1         1.0063535214570272
14478.601611228272   4132.43781142188     1         1.1247062617311179
-3466.698690486635   785.1053966624639    1         0.20935481670086087
6989.536808084181    -327.9883283502264   1         0.9925344933036075
-5435.809986362082   4393.439633966393    1         0.443933729911584
-10146.95059249566   -3725.5385603294926  1         17.641781746727414
3018.553589684209    1742.8227948357396   1         0.7116459999802766
-749.7034501019006   4977.82277313221     1         1.164596253834863
-1396.2992848800943  4609.307440021243    1         1.2269911171051853
-3711.273087641213   -4257.471940704241   1         0.44945914663588193
-8167.707142055419   1937.1946775738018   1         0.24479005669128828
-9226.004720028674   -2682.1757602501443  1         0.9999579729645636
2092.240364703549    8956.527571663248    1         0.38094016329818703
5225.200154697535    -9607.362377931984   1         0.5546654634548362
-7916.362107272706   6479.377297735249    1         0.11054699570625763
-4598.4729316603925  4816.30335685293     1         0.8092800133495609
-948.4055232998538   7993.4256141190535   1         1.1064034112480878
7413.773409888969    1848.9901092926211   1         0.7358698695694917
-13281.520827401044  -10050.929507697007  1         9.08800601626019
-6320.373957110274   6397.659580804539    1         0.2767230636643323
