trucks_count 4
drones_count 3
customers 74
depot 0.0 0.0
Coordinate X         Coordinate Y         Dronable Demand
6825.033089581808    -1921.4805695005252  1         0.44827604148754785
-4096.075289564108   2754.5642078215633   1         18.654441482641158
7027.239141293509    2815.627389560895    1         0.1770214517502127
7806.380193836527    -4367.596028234747   1         1.0438470227981267
1550.095016356183    -2018.4236976191787  1         0.4397500849951915
-8318.83323915921    7076.557738631311    1         12.74592688153282
6503.323538767635    -4090.019285813129   1         1.0771976116574442
2632.355308125922    7867.170409669547    1         0.13220301010021995
8706.065834235314    -1592.0139370412044  1         0.8164454684181228
-5605.209459629699   -4968.967115328542   1         15.11144242878682
361.6537556697349    4429.149612386163    1         31.247037249927654
-3460.2799629798865  4929.486921587446    1         0.2667065255750546
-7420.513368337474   1617.1689978484967   1         0.11526461098288485
3189.0207215049654   7191.41382671537     1         10.350943889716506
-7520.865115223915   -5826.189886609793   1         0.9692823576747737
-305.3199233841226   -3944.2391830042625  1         0.4861399566525856
2331.057319711165    -6645.351033008448   1         0.17058009847401162
2736.72787037368     -1465.9431139509127  1         0.8986580757215656
2072.086980363014    -6796.4590899008235  1         5.164366008034715
475.18572295577235   7604.810301304999    1         8.31225141207338
4353.890243116763    5795.284727067413    1         0.37454661211164375
-205.40083811300133  5390.993999735393    1         0.9200559193760619
6276.515453815868    -2430.1174611369534  1         1.1589193350709808
273.20743879875226   8078.710159527223    1         0.4256189487582269
4389.270040138221    4587.606421647178    1         0.1866736109981848
4624.401826708525    380.857375266771     1         0.8014708939673892
-1389.7861701483832  -5842.044804208797   1         44.63805074942755
3992.6408810283083   -7781.612370788794   1         0.13922931924476772
-8896.26875682997    3665.3620785815338   1         1.0198798782809801
6103.879051915056    9078.78162057835     1         0.8085331564318271
-2240.0095390735178  3651.144204498749    1         1.2211677384611455
7591.227640168892    -1298.6102093528752  1         0.5900386361420479
-8301.326651094902   -2174.725802678849   1         0.7842242941387053
-1206.161664103214   -7913.697924892202   1         0.2737024756454225
-695.1950225650559   407.7637683620246    1         0.9772719235682612
4056.1278284856257   -6293.143766222965   1         1.1613897098875825
-1663.029808126179   -1073.4812602876245  1         0.8001835956398441
-2083.0239873767027  4197.745600363978    1         27.024092373986925
-6020.096256333523   2455.8587816965846   1         0.6936160926312815
-3159.324679818261   -851.53426908317     1         0.11055743665233894
-7086.698299032698   786.4921530987373    1         0.204791751724575
2670.5966400158586   -4799.745116297323   1         1.0427747062210058
-1186.6477950954197  -3953.3166961036677  1         1.035138331690438
-2497.8769557009678  -7483.680773007979   1         0.2973242651750963
-4697.494695405357   -2727.6267843538617  1         0.9509068162435915
6949.550464337911    528.4364942805814    1         0.36829807021830385
-351.2092014313241   -1909.672494573599   1         0.907590852750187
-4279.2615518730545  -5512.798579745303   1         0.36740737829933734
-3040.449689839833   2129.833216487772    1         0.9488872802761655
-194.17226895005248  -7277.801219254015   1         0.9696839627566599
-4432.211927692787   -3866.952464616955   1         0.32493627842603134
2884.2580392658638   -3434.942280883916   1         0.8357307879120206
-2079.9084372189955  -2184.5072479507103  1         0.15637652928312895
-7047.389954395094   7763.942247186487    1         0.963817826836939
-102.20367048654356  -8609.810971411523   1         0.41721436985892046
942.1953351001903    5331.463104186181    1         12.837033443626744
3293.337837497329    5814.6163300729495   1         1.2482036377451788
6060.685653926344    1781.5741332967216   1         0.7844604209306067
-5783.16714599691    6783.1101910134485   1         46.11492535515321
-8768.997582403541   -3138.3681927922457  1         0.39055906827642783
6401.461738510311    -5564.622262210176   1         1.031961629826585
-2882.891533628736   344.71436221300456   1         0.1304861033581436
-8624.034197942163   -3204.9406269514266  1         0.9202417780420318
-69.922395321004     -244.2130160745236   1         0.5758324289712954
1681.124857044132    -4472.922529803993   1         0.8714676100923726
-3910.759966387179   -3647.937692762509   1         0.9418948921811945
3787.84445861219     -5550.450735212892   1         0.32037186936728623
-6172.478029794136   2941.855767592591    1         1.0268408873884638
1691.834301841686    -141.3420260697585   1         1.0660199290835817
-3189.0347727503167  4095.6782184990793   1         0.3963411640476081
733.7321852373476    4813.484159097555    1         0.37320043415258264
-6994.589135661046   3701.2403325057294   1         1.1614246244257533
-8371.825473837245   -4030.2277597724224  1         0.23024343731225233
7660.2691676976065   2115.7325828429216   1         1.2297623819098535
