trucks_count 4
drones_count 3
customers 71
depot 0.0 0.0
Coordinate X         Coordinate Y         Dronable Demand
542.3692020688186    -5212.618066926842   1         7.028685717854044
-1041.6781775193772  5431.69852602239     1         0.18233448215101455
155.5662586087751    -4825.368263681312   1         1.1794002561702515
-9755.73014896596    1457.3170356867377   1         0.8873119516421671
8016.721794821489    6676.388638085242    1         0.5481785921627912
1421.1838474326596   5002.449399303449    1         1.0660751306326086
4610.464624205756    3764.3759617152637   1         0.13416985576162352
-3246.5735764484057  -4262.040170421092   1         14.968272333963613
2422.5657439861425   9422.702754700322    1         0.5754044588068071
226.16924041816804   7368.208924451389    1         0.7668550480647534
-5011.568156283737   -2479.20232328125    1         26.53174475331297
-5643.515583657139   3698.706747758584    1         21.898145551636656
1465.1352000172287   -4388.106955679234   1         1.1920931485753592
3305.8297140860286   -5331.569269768436   1         0.9556336193074598
-1011.1810441291909  -9070.47613946076    1         33.615503858286445
14.26139737914197    7336.259021223448    1         0.3871779068357172
7541.620814756347    5741.526933058656    1         1.0127507589611549
3328.723409121701    2861.685693055836    1         1.0537707303958113
4070.8098083151763   2653.073073007366    1         0.7002088820060859
1351.3607947107266   9137.15898358807     1         0.6635603085325668
-4998.102885023847   565.7282025799325    1         1.1451960121217528
1584.6415134226017   10444.928036273586   1         0.3746026122613293
1863.1460812372952   1959.7606504039347   1         0.2614400346900328
-6951.750572358614   -5879.407951388543   1         0.8058526956290533
-1479.0836271634862  9360.90171568267     1         1.2155720606797409
-4303.778269605756   5132.984104969972    1         0.8714040912338911
-828.8421223971545   465.91386285007866   1         1.0109525302777103
5392.841562651268    5995.278576637785    1         22.538629146476566
3466.469868954217    -3985.675858391919   1         0.5787084135861073
1053.9960427135666   -6130.370789916935   1         0.8112488844850623
-7266.030749125922   2996.722067977844    1         0.3031193548457961
-5732.843763520404   767.8169826203066    1         4.299833909762794
-5943.170411461749   3352.9402207119906   1         0.24347774190453228
726.3483206079127    6547.918530912539    1         0.47178483277455574
-10237.75743590006   173.08867300581718   1         1.2047444438338364
5533.125524422186    6113.84533661009     1         13.013186058770868
7220.435122529432    -4467.758725556101   1         0.491161747577765
-1676.479112472122   2063.7242846983186   1         0.6441936494128051
1777.8470123701136   -9088.767293988705   1         0.7844554100094635
-7876.122702006063   -7105.913864798094   1         0.6637124536032636
-840.5394329561807   10488.900624568867   1         0.86451946739577
-2936.3505119232336  271.4125481771117    1         0.9703958261200629
353.93285146117677   -5194.580080100404   1         1.0485151039308427
-2980.5316064156377  -6906.574748811612   1         19.44057761899754
-6002.599453486923   -250.71403702171608  1         0.9205442112218265
3684.260894449342    3370.1191637743655   1         0.9159056191584295
5293.129254280563    -8852.293785387516   1         1.2469470201536585
4573.268128109001    6975.787827740663    1         0.2188774847209934
-1138.620256767138   -10529.71737614469   1         0.4463466214665227
4155.116793684115    7192.049244794192    1         10.331948900356664
-4602.519678303614   -9896.379388642647   1         0.12672967892980283
5960.049310657293    -7660.131579623484   1         0.7521001165997121
-6105.45894393026    4335.789831212627    1         1.218091573171054
10120.504471092487   3252.997067358598    1         0.9094999732063282
-5937.892654475586   -6032.502031357867   1         0.6345068434359963
4079.080762105872    -4376.873785898333   1         0.17700603031259143
1706.9029457822433   1748.1865834674566   1         0.4643639012174837
-2275.4214677246437  4004.0036399005708   1         37.64476853207597
-2542.467056562176   -10489.610430200084  1         1.070064155146108
-138.33541790493115  -10063.408191933775  1         1.0197168435869977
-4423.39795904753    -5171.877518859284   1         0.16490427287625253
8881.859813136092    1449.8199241674774   1         14.157693614637301
431.36236820319994   875.1061846941835    1         0.11738155018333184
2431.277141382421    2798.7363674438657   1         1.0245376508569226
-3334.1241406358445  10160.83100263063    1         0.7198658420309496
5298.39266186881     -6588.560472434809   1         0.3008088351235312
-1355.3874717555734  3905.7303550122883   1         0.6005827838257578
5549.304826177478    -8177.047691634269   1         1.2065381188408466
2080.3738122826117   6210.503284355281    1         9.743284284971597
-2669.796717274426   -2204.9227552090097  1         0.7349839341983326
-2881.132855598993   -7544.453527650197   1         9.80186649679178
