trucks_count 3
drones_count 3
customers 31
depot 0.0 0.0
Coordinate X         Coordinate Y         Dronable Demand
3023.9122682032894   8938.396199201428    1         1.0954832250502198
-6714.385409865234   7764.302848392457    1         37.39192779567794
9206.479960256576    -10051.810474559421  1         0.764032760077011
-8570.181884766755   3436.8523559615764   1         1.1116431942374423
12429.159455756133   9426.75618494552     1         0.4991551817799865
3851.320766284436    -8450.45547066395    1         1.221501665225927
8341.782083182603    3864.316165992943    1         0.6342218551430262
-6616.658100277083   -7121.851728549196   1         0.6215549697365909
-10230.090708061576  -391.08746981714694  1         0.8533617148095215
2862.6741548536743   -7502.323050189182   1         0.24818601387870742
-11667.187672799279  9180.277118297268    1         0.6973276762537125
-9727.838763460719   -5672.578827179024   1         32.63946730917566
5041.8772000945755   8828.584520051314    1         1.147005287463236
-9303.638782515827   -2781.6282758804186  1         0.5703673712301409
6438.02133733406     -3947.375538229762   1         24.761131702640522
5986.913625043815    -3923.5274485296754  1         1.140126565951685
8498.961769004243    4145.205114912031    1         0.22449888029796056
2519.7662722460627   5284.0302481415165   1         0.2083536056108174
6279.586549572398    4784.291602612656    1         0.6085484056455841
-3424.76019046592    -9002.731609593853   1         0.23010104064201997
-616.7691359852521   4375.991502286074    1         1.1888082811331109
4590.320680898009    -939.1752605805335   1         0.4224219843952465
3927.908440024886    -1217.7731995649528  1         0.1500678585750932
-6374.321171561253   3195.410193860416    1         3.066146360332899
766.5484449449632    -4287.443645221715   1         47.01491101278211
4123.561911631943    4281.180472841692    1         0.9646204445026647
-2007.2381564101236  -4805.656144565209   1         0.38670293495778296
1956.6592065961374   -1680.6961224622353  1         0.3393353247796378
-7346.219294417965   -6512.0207104486335  1         43.81487345874544
-5756.222751152828   -7922.648012256614   1         1.1791753824393334
-8283.89243380401    1472.5908982637372   1         1.134214629874712
