trucks_count 4
drones_count 3
customers 49
depot 0.0 0.0
Coordinate X         Coordinate Y         Dronable Demand
-7067.888408921182   6722.95232745624     1         0.12794943514936358
4182.193472963429    -1531.7734086314995  1         6.211584640281802
3697.359887142061    2493.188486155169    1         0.696232128556356
-1155.8915883990649  -9681.132615199596   1         1.1850896913107156
1701.6919402355256   8485.979136074946    1         0.7483077748082049
-166.2061300150308   5685.079157698661    1         0.8256928846200136
3447.0522725752653   -8030.52266399535    1         42.53774007777631
3481.0847275309225   6307.532716439895    1         0.933022787617231
-1042.7014371192836  6527.498099893142    1         39.73242092652627
-2916.149942356767   4267.066593584865    1         0.9173249209673369
-4783.703497835173   12817.488796615575   1         0.32476017968216053
8663.287383872184    -2188.5059900774377  1         0.2329083234642672
-2743.474533214171   -6428.158030069809   1         31.637010956343143
6060.979187572292    5657.554368112415    1         1.0974458668365352
6400.948562541654    -5617.480940592172   1         1.1667370374370618
4081.901749931351    1674.7326757085425   1         0.7513605586171838
-7713.579583038254   -5831.5827910115095  1         3.324187906609477
-1943.007874179357   8007.315429731637    1         0.5331690680161827
2505.0784222071634   2483.852038058534    1         1.1959264859018948
-4094.237022284082   -14.559900088142367  1         1.1793709448906586
2618.4099122794305   10325.137179527288   1         0.8800537840334831
5935.252991079984    -12364.531011761172  1         43.29719622730056
4785.043972185957    -2327.382885784311   1         0.8986581351899128
274.9310452689424    -13686.775473130838  1         0.36931728832889477
-7369.470836408017   520.5763788541083    1         17.12487295921892
-5979.921308673318   -8446.201825749828   1         0.8196653514708931
-4458.885659407881   -8417.162247613462   1         0.3111652639250719
-3774.798729932094   -3328.4064232278247  1         0.611486234635397
6322.541338552641    8346.380846884109    1         23.20978788537531
-542.8710770552101   3488.5440354669568   1         0.7071578601853657
-7887.271745752852   1012.3522870713232   1         0.15725518101781444
5273.19617988113     -9298.740490276385   1         0.44188107435059165
-7339.493808234972   -4619.993140162859   1         0.5969443934704288
-12139.697519330413  -10084.0510938538    1         0.5242278580466085
6558.692191501309    -8336.364245704914   1         0.6432589465394961
10654.27517445478    94.97748332583797    1         0.7039531182032194
1954.2938008005806   -1109.8168549844227  1         0.2615420964179731
-5763.207206950314   5772.4235061901945   1         1.126334807705718
9491.265177092306    3718.9155447897638   1         0.9635983944391094
-12830.133095831212  -9449.58158236807    1         0.11698000591055602
-2768.6079235872367  9874.499619378139    1         0.2056323629434194
7613.401877407541    4098.340395644359    1         0.30985028851527174
-13942.857806262147  -5720.24937376454    1         0.35653393510600206
1969.8668860790444   7100.031203545967    1         1.06989031565383
-2360.7628821565936  -10207.594595538372  1         0.9572937222174231
-4848.752919016829   2265.000429031875    1         0.9280468674182911
-1313.2799407653238  -7207.781216411302   1         1.0578604917579861
6002.402117557168    -6420.177081803138   1         0.44029973319066873
5121.2360460958935   -2023.070475359272   1         0.17519408940303932
