trucks_count 5
drones_count 4
customers 62
depot 0.0 0.0
Coordinate X         Coordinate Y         Dronable Demand
12478.39241107706    -18903.644650551563  1         0.1037053670248349
-4270.589365396973   4269.695494299285    1         0.6139486644368414
6148.696205496229    4185.873485779581    1         0.5525590306736631
3941.5992005997814   2608.8616822832623   1         16.507680470255686
4578.204828130868    7328.427422846192    1         0.572542080205848
7408.230541960253    1257.0896986745524   1         19.059714750758634
1410.396750086734    -6033.305670315015   1         0.2670153103760887
-6160.518968158941   -27.678601716979895  1         0.9185310969275776
9923.200973189425    1514.8805962439308   1         1.2098706596342486
-154.28875886522982  5142.019726875726    1         0.4218634056520243
-2388.326538472633   7908.866603564563    1         0.9952802903101617
5860.09677071773     -17260.886987626436  1         0.8211099239875229
3603.0873681608773   -3615.102138524673   1         31.207169833548942
-102.35961273708017  2781.5200877796487   1         0.14304873386740052
2171.470003595477    -1777.0470893160063  1         0.9992106849967484
-4716.521679103161   -3750.0195608820272  1         46.281485841568845
-4771.082969512052   -1428.6895665927514  1         0.5082431523641397
1764.2207948963216   -1148.1295410195773  1         3.1418478592935632
-6700.988056263874   -6511.933596373062   1         0.8223743678323531
-4530.292165630524   -16930.511117106715  1         0.15862806003534094
5767.158810394506    4082.7081406241405   1         1.1489428063375482
-6659.188660052247   -12.768853446539048  1         0.35050712346971624
-4028.6651883953887  -2240.9605263954545  1         0.5055272783944024
-9595.868610480307   1201.3689143901556   1         47.63147060110692
-266.85652154676796  -7380.334957532482   1         1.1646007505211005
-4779.969748949835   1890.0062565724159   1         0.3058617374707983
-6002.042698640293   1545.834791640042    1         19.482793057914954
-14206.007453872515  -9984.91186462163    1         35.354028780680196
-145.74953901045606  -3718.3034091716963  1         22.356319718810504
5805.67071896201     1801.7036405946828   1         0.3387516077365694
-3202.5537930224546  -5254.802759478286   1         0.8525719079054275
-1419.5780308716935  1683.1710488756742   1         0.9520190026942315
3410.1165321867556   5911.093042709968    1         1.0178875957708984
4621.289900130789    -17470.10319932439   1         46.15984529938971
-2710.147874486862   -9637.617860457232   1         12.621930444512584
-8908.883920270137   15696.366785733364   1         16.0134184296984
4936.819992059406    -4427.4141830326835  1         0.7502429922888603
3643.4404340179135   -14128.813136203233  1         0.39090411734467967
-13675.513778708668  -3310.5196329423507  1         0.873121011344615
2480.8622593270147   -1774.5842539170665  1         13.046229115951048
-5317.431903269749   -3240.7785153068453  1         0.3522858467025639
-3226.254667412973   6015.098091543047    1         9.110964675495875
-1720.1529097315324  3303.601072504767    1         0.505018027080551
1664.3730602951905   706.6378479779951    1         7.086466245818422
-2746.74857394826    5983.299925716728    1         0.22628784326993687
-1770.485895644907   -3953.4071398893343  1         7.2481270737177645
-3910.2679917035466  6002.767238934625    1         0.13462674609066017
23.869104432298606   5893.445643360229    1         1.1991519097588703
1578.397346675887    -3497.1720049148244  1         1.0315708717389362
5228.434208406111    789.8138659283627    1         0.18045750459965376
-7382.814115229108   4352.9048634303945   1         0.8460315104440651
-3875.7733970143613  -9213.803403117463   1         0.7793634339537413
-8862.7473251192     -6235.1734671237855  1         35.09923946478113
-1808.5390354116635  -8983.692158622407   1         0.9819941646653699
148.073769800553     1953.4343986222639   1         0.24958158523969737
5595.42232874631     -15299.058510752231  1         32.47514743465759
8533.23385639879     -6390.384387975315   1         41.638424509788216
-2945.351576716002   -4716.906064977694   1         0.36592973837413467
-9462.235954251651   383.8397082762615    1         0.9285431541577746
302.23538024389654   2522.0617437649385   1         0.738320992800485
-7656.502242802879   110.34971464248156   1         1.09302851866579
3663.1836624677408   7361.658819604393    1         0.4652887628778791
