trucks_count 3
drones_count 4
customers 69
depot 0.0 0.0
Coordinate X         Coordinate Y         Dronable Demand
4181.544301089233    -3576.992499801481   1         1.170249343174007
5396.837095587638    -5465.553806312741   1         1.1759057118759102
-250.31186184064646  -2981.970747900781   1         44.26392561015563
-2769.8777254930346  484.7547905476032    1         12.759568730229685
-139.8616379557596   5028.30074595674     1         1.850837548246318
-6219.629445193081   3133.754288535956    1         0.667459237736954
4949.412610750465    5468.378615843333    1         1.1319755802586882
4185.702203573074    959.3898130240581    1         0.18343202917475643
1935.6478566702176   -10755.69239308715   1         0.5755103101583326
3734.571745577735    7201.447968178518    1         1.2403303417504112
161.42511971964754   -10334.378467424762  1         0.6727147271488151
7886.535707727712    -4967.938431578719   1         0.8463114019049522
5571.690272822981    2928.7970186701796   1         44.10651611167028
1922.3783732980196   -6246.111279582734   1         1.0237999887747666
9188.999627988462    -2823.603239096884   1         0.14132462398679796
9099.939373217234    -885.9961164736256   1         46.68395563470388
7508.941979256939    -11063.90384475393   1         0.13388270020629162
4899.971075108682    5801.293128472321    1         0.6346464080040963
-260.0066134271878   4880.857609556987    1         0.5940522531826186
7310.669982365075    408.48178332907787   1         0.728694517269217
7431.1566055098565   262.6605158153491    1         0.6037520989288708
-2134.229867436783   3097.0993297241494   1         0.9212237552033194
-8536.137816073431   -3195.8604082622987  1         0.2594362495584238
-550.8623462619258   -7598.549664202613   1         1.1962603827248128
-1792.1635653705507  -3013.442963393978   1         1.1363766254020684
164.2699528902923    -5223.2523110154625  1         0.9471780662900178
-6093.69775121028    7043.556466608718    1         0.14955975701437382
8989.90817400211     4455.118568333308    1         0.8946337472606394
4757.821849245482    -6638.750873687505   1         31.916253722080516
7635.636785799668    7459.648902341305    1         0.7676139492907454
998.3708415697232    -7969.488624230112   1         0.6120960743797615
-2253.5859150105193  8617.326281787064    1         1.0254650300571269
5420.365223954487    8332.761768583885    1         1.0863433569722625
-7438.265532989108   -647.3992329186029   1         27.68481468608312
-462.34690431764767  10067.758502442164   1         1.177969925898149
4541.2992469375395   5625.5452940632895   1         0.38853186765341197
-7005.052577692773   -4278.547216972684   1         0.5147330337205565
6236.9635231074935   -62.86841391900192   1         0.6231536288655368
2887.1362211102505   8553.348113170141    1         29.8543068139275
4648.750322960915    -1944.5621819445814  1         30.64504272114133
6380.326404433497    6263.361716145901    1         0.25710118909679214
224.73134531837962   -3029.080334399058   1         8.827494825157133
1120.7880982202605   -2887.536866746493   1         40.230167002163576
-7440.415988469356   649.7887695199707    1         33.946716144867544
-1903.4916006063186  -9951.953166465219   1         0.6661412273149927
3570.803021248597    50.62090674271361    1         0.7629724675598353
-8048.178920766936   -5091.183826652925   1         1.189808460232091
4877.997351607543    8877.245141541145    1         39.41842267422227
7104.094341514089    -2721.889412561001   1         21.139267581771794
7526.50068182328     10199.648560772384   1         1.0621798586693918
3308.4127818281236   -4136.474162027573   1         0.4192723178475495
7597.995842814555    6144.838358242341    1         1.01366587732765
-6668.327990737047   -3322.459419925772   1         4.5385817077368396
9061.505937546062    -607.5620516611529   1         1.1339718324838992
4418.928605480445    8314.196294594063    1         0.4193219077580267
3804.960693189026    -1699.3834600809691  1         0.8230591246524878
-1750.7610133725263  10770.988767640154   1         40.79565042047639
12597.946244510254   689.583015958322     1         29.80325219005402
-10437.141871389595  -1290.7477683785614  1         0.6319699219520438
1218.749872378563    4970.348633454625    1         0.7022858553360388
10116.886006392959   -2489.2996269287014  1         29.093009060347093
3773.871958136034    -8605.302881450194   1         0.4016150455802102
1046.484813154053    -6357.588531363004   1         1.2221486288451482
-5870.547873465365   9606.970186338556    1         6.759126857730079
11512.046598252575   -8141.866709262858   1         1.0820998447043129
6134.770233897174    -8070.450724643908   1         0.48259005508155917
-7160.744654924409   9774.663808458212    1         20.63186360225609
-8236.791454638973   -7285.989868844965   1         0.9746220536643743
1853.4364519787996   4444.879003485905    1         0.21868899618286014
