trucks_count 4
drones_count 6
customers 95
depot 0.0 0.0
Coordinate X         Coordinate Y         Dronable Demand
-4310.808074904731   7243.8406578625145   1         0.8982866967404433
4885.3035669666215   -4581.994954106827   1         1.245490022356368
8376.818862337723    -6204.327540957761   1         0.32015377986629023
6424.525254274391    694.7670594563828    1         0.7149678005391451
-7965.701671505594   3498.016554746817    1         1.1995802687051615
2108.742130603114    2000.7351070255224   1         1.215853669189816
5552.404176254009    -1047.296118920838   1         0.1461127233905374
-5877.817713364385   5734.634647452646    1         0.6075344087890036
-9888.383600483552   837.0846587226439    1         1.24873325455939
4343.859763920398    -9249.028540986625   1         21.8881198533493
2997.1587004720236   -9539.455815397978   1         14.394088371799361
-358.1890037549794   4411.04670977717     1         0.8262742353904292
13268.990738925379   -1509.6597595885105  1         0.5215965646308043
3001.390202746374    -4994.21996954705    1         0.6660237928307168
546.6946949578487    9949.796888957633    1         0.8872232969057119
4863.705523448973    -926.5125387284081   1         0.9358984451948609
12876.376991001809   -6245.560540812334   1         31.558244075956306
-662.2459622736867   -8536.452687086647   1         0.13194156502616788
-7324.463162364555   6292.258005546064    1         7.810983875630001
-5941.351318422354   -5737.790888948609   1         1.0809087341144887
5565.898302150081    7413.59924026465     1         33.924810211360025
-8868.478695456335   -1319.7241901680366  1         0.5003633870262643
-4898.383316394412   3076.180563367763    1         1.207661015953195
6294.910012641263    20.700106669017288   1         46.7510483233565
-7637.370146254405   -1830.9964432424442  1         0.35854986789250753
-1609.1952029585443  5131.320306082877    1         4.268536611272662
10547.429059429782   2689.1793113677736   1         1.0973310538993843
723.6109852010751    -1879.3540901622237  1         0.8654470410190342
-9507.267466624513   -4699.0247375499775  1         10.213311114751516
9005.874332111045    6791.710090325374    1         0.8615981926727857
-12369.589784865846  2975.4154515627706   1         1.1069558148897836
7900.227917689015    3728.6843099975977   1         1.1454658293950764
1216.0552779571726   -4696.4282383066775  1         0.42296524259986334
2104.3795327989933   -5369.693550811784   1         12.14657202606154
5643.441126206609    532.0129895405188    1         0.9049293640712527
-2914.2197095556203  2906.2114207548184   1         0.9590677225735252
-9107.084790079734   -1888.6104528208298  1         32.41334610927191
-1067.9347146552989  4292.914576291097    1         1.73133170018062
-8258.996870024623   6819.531384126232    1         0.8172059804002385
7587.63306102854     -6171.616190567567   1         0.6662011925380419
-17977.329921924564  -12085.981979382195  1         0.25907122188690057
1951.2738255159682   6891.79253458152     1         13.075400726127
974.3823691462817    5010.8314810753745   1         26.91788657024789
7005.080874953647    -1245.2592083383245  1         0.18461539848268416
-12308.30113139083   13354.29717919216    1         35.1817769145142
-7130.287405837347   -1042.9641335436668  1         0.2181556768152703
-10118.935112840041  593.1176693876838    1         1.2429800138206444
-4707.48366499055    5032.196806815684    1         0.2288837076497036
10129.877551301954   -3871.1574204911267  1         0.3615275084180153
-160.93706669826514  9514.61008935875     1         0.7269422926831937
4398.768466719078    -7766.304956670408   1         20.61216049856908
452.6077494328596    -4552.199691566887   1         0.47829981424302737
-2366.9223967046078  2259.449934069107    1         1.0513820065148596
-8362.726945521661   6649.431429223127    1         0.6736779826418624
-9250.887358556844   666.6779975767247    1         0.948903676922867
-6965.021732463602   228.8638442633575    1         24.715519398488222
3447.3831020028065   -848.2084471501638   1         1.2258474655306535
-1489.1076905937714  -8087.456792431537   1         1.1001186949015973
-5435.954679570463   -2418.0046598648055  1         0.7605644264584541
-6077.253208132655   -6758.620551003844   1         0.794644857123876
-7868.243142062245   14506.119805850401   1         1.2295987330973934
-4721.3980291596     180.63387938941176   1         27.298576308083057
-461.33950642663865  -2681.3593704827445  1         3.001825978667115
-3635.347781712632   -590.8316313705981   1         25.698582684077312
-8418.300005868148   -6679.047513775583   1         0.8289357773771393
-2953.574421020733   -6098.54581687003    1         29.161935515021792
-2004.3869395120164  4157.349100519205    1         0.6661968121032816
-5671.6786917044865  1335.6260118581606   1         46.81080366889155
8895.892249966824    -5368.135713299418   1         0.8688782541513711
14769.224481164136   5691.55333755882     1         13.146645223674298
-7423.313638194599   4922.211329744787    1         1.1498402519265047
2144.458937053117    7469.260194617435    1         0.9388008268091959
9278.941725511879    -1332.2496923491196  1         0.5871855708477204
-4052.789390522113   5379.271424916995    1         16.244537971838977
1178.5579997745526   -10583.927519449451  1         6.743230520016387
-6794.862170905792   -84.86962541214598   1         0.20725438809887814
96.97390321852002    -2579.248345736975   1         0.7982535583585654
-17096.914149155873  8733.29165506853     1         0.9697429668949021
3936.968813174834    -6330.035010646662   1         1.140260016853128
1272.3073622748475   2562.844629410872    1         0.10899782225819298
-6491.101995369201   522.8314254861275    1         0.40844198727060144
104.9081285944264    8104.969715686888    1         0.7364291330026072
4030.228737755277    -9524.38372751528    1         0.23775459434145982
3242.404834624538    -7803.983609196449   1         0.8672152524319422
-2009.175332743426   -2734.955194820807   1         0.4188426815212115
-7638.521106983112   -5753.331937085127   1         0.3470320090953779
-874.4403139050162   2391.700549580281    1         0.6749902598954778
16222.228574355002   10984.00021528294    1         0.2817526502070251
4200.391762480758    8154.839654017582    1         1.2203517318919834
8374.22063603798     797.4944485215027    1         1.0027865484036702
8706.10446316396     -1179.228095017148   1         1.200501682089586
-2459.9666650210183  -1710.0808695986154  1         27.846760937204568
-3218.5088563970025  6113.724250442248    1         0.6407659500745843
-4254.19490054456    2856.754525563713    1         7.628538615755129
1981.4375193271635   821.0758064130711    1         0.7043554773602682
