trucks_count 4
drones_count 4
customers 93
depot 0.0 0.0
Coordinate X         Coordinate Y         Dronable Demand
1236.7719241149953   2881.677883935856    1         9.411146489292731
-7594.250145573967   -2518.5105427422454  1         0.16069732629024908
-3017.1627978503266  -8318.752456553375   1         0.41977956609075817
3075.6685164998466   -6943.778835169291   1         0.7903796404361544
-3641.7542119758127  -10264.361753564617  1         0.9977984518403256
8990.179766499512    -6185.536503724486   1         0.1786552313204271
-4378.319604960594   -7241.057050043125   1         1.1205017392187682
-9965.57698926356    -3794.2830716486233  1         48.89455206629332
-1625.285113101668   -8594.374487669678   1         0.788971124527248
-4854.297883107177   -7383.805813155132   1         48.76356893226713
10259.337195699905   -3599.0199259731476  1         1.1453911994268644
-4877.360764019691   1889.909220562502    1         0.2728095624327376
455.1755639303592    -6744.1858814288935  1         1.2418063595360094
-8990.709380191847   -1789.0362411449     1         0.15543159550831293
-382.5208602145145   -9939.750364189425   1         0.259144769571353
-1604.7608657336696  -4851.651202732473   1         6.4634650331883226
-8916.177842911799   3801.0977697913713   1         0.9427167595248381
9737.833434056098    -4662.911815202727   1         1.0741854210669732
-3291.9709437656797  -8446.149285501302   1         0.18547939327476887
7781.993384837252    -1577.2728916014428  1         38.38012669972659
-4782.088458537286   5368.174314330961    1         0.41633930790522844
4046.9627765927216   5527.093715260786    1         8.514366302770473
-7746.951749709837   -1771.3115965260959  1         0.6645026008047081
1515.4911632127325   7840.741668394709    1         16.97757171220313
1628.8430530737032   5098.1732260583685   1         0.10916062567201174
-4526.284165320406   -9487.212157502312   1         0.8492580101481102
-5007.975564248293   -1119.1343627768908  1         42.51636101323838
6564.789534333802    -3413.0021717512427  1         36.38994539772945
4679.634279128436    7560.822791317852    1         0.360210644309062
-9379.78389982561    5251.168357177753    1         0.9647377534530737
-750.771245841792    -6410.523353370135   1         0.41608577793501267
405.44245075558683   -1923.280171170365   1         0.8918539384572837
-6417.116839244187   8241.812793098139    1         0.29289304671205896
10149.748211606086   3392.5628705095387   1         1.170724522860561
8111.463814244936    -1232.6209991400567  1         1.1565235455658394
-522.3185382300599   4831.270383032059    1         1.2400950507243353
2244.5974636602227   8750.658231570837    1         0.747576331739997
-2247.1831882030056  7899.747767792316    1         0.2556113807260171
-5099.174371994861   -7348.424489608794   1         11.444059847003436
4741.884713272482    -8409.69653619747    1         1.0187103740168912
-9849.194575451087   1231.6352867365479   1         16.428413979705887
-9532.809982830202   5311.1793998383455   1         0.6560279388955564
10071.19371480915    -256.84144047612244  1         47.10190101832887
-8637.492369940346   -5251.136558353389   1         0.46090574520300853
752.4528456306574    -587.8300817567365   1         0.9360695889101683
6098.228246521058    -2790.2670071405355  1         0.7390444020499592
-7637.141983326682   -4377.829821399925   1         0.959465555287331
2664.38984754279     3752.9712810560372   1         0.7897478258372552
1071.1819222647189   -8258.150235156987   1         1.2480190526205006
-3279.216010357454   -5560.864452364694   1         0.13857637373958628
-7299.443002964237   -4278.088795812687   1         0.7261116851987324
-2149.993987572747   9817.83321017083     1         0.13493252776063497
-5494.993228947833   5431.244652497536    1         0.3970051183182972
1356.972326017214    7207.291970223317    1         0.7055366847862555
5228.237829054988    2673.770175364676    1         0.16346321702991712
-1565.1615807914336  338.4374207420647    1         1.150783582864311
-2443.545977217625   -3597.5020039835717  1         0.34116266619884666
5880.1150066364935   -7160.854261109209   1         0.5338631989467344
-7139.370948698783   7523.502719281377    1         47.75884526757497
-8207.570151418746   3134.5920717045756   1         0.9263158704393238
4286.598854273711    313.0510044919397    1         1.0587823939271621
1454.149099641848    4029.628757253985    1         0.12357905317821812
-1149.8929254141333  5122.506575455691    1         18.16954741680226
6392.205327900918    -1286.513804942399   1         0.9508565340771332
-2526.787191640502   -6204.8824859570395  1         0.9102532502037768
511.734009542469     6408.935590240478    1         0.760281908143627
-6961.575457087281   7529.794631264624    1         0.24152858164597094
-6451.4218064997885  -4361.034584028622   1         0.5298936991891974
-7172.149171696361   5666.169088242495    1         0.38769221415785604
2677.8293806403844   -3543.79249612612    1         0.7691713415821081
-6706.656858073699   3654.294598075063    1         0.7867228161832097
5224.62107672258     1306.504356227253    1         0.6034596298615799
-1948.2825538638256  6410.870906070434    1         0.4971876617881791
-2650.5939086714698  -4145.386007599841   1         1.080733212083102
9710.65621013655     3490.586513277038    1         0.9433277219257118
-6876.602403083513   -7792.025432365247   1         0.4520687403230985
-5109.374082311414   102.32324414772992   1         0.7754669862255373
-6437.718488645207   -2541.18208280701    1         0.8922462221080613
10119.85077861774    -486.1546935657225   1         1.2023626987324312
-2664.4827798882247  -8407.164075749779   1         0.6789890863354519
-2682.029385414787   4782.224388140547    1         0.24649214383594784
4346.518829007572    -1512.659051053225   1         0.37168001829467634
10154.76470673604    -1641.969095432414   1         0.34505334839392265
7422.868928956039    -1147.0010687716403  1         0.8019465587168749
-8323.942749470214   -583.7801430005649   1         0.29710791490665633
2556.1824478774342   -8924.342014254902   1         1.0996084789434204
2105.337402528311    -4034.6981525264932  1         0.4886903763364724
9404.187561744715    -4450.333795406829   1         0.6678480701439696
10171.70397763873    -3103.7787071334365  1         1.0478209558335931
909.4506628356552    8044.269969837257    1         0.7935706338390972
-626.5301793704548   -4876.134005497608   1         0.8346547569662998
-1423.8262276738621  -1000.5808726481126  1         0.3900163199231118
-4587.685740087251   3471.048361851394    1         1.0358403640244087
