trucks_count 5
drones_count 4
customers 58
depot 0.0 0.0
Coordinate X         Coordinate Y         Dronable Demand
-2470.9831833078365  7809.567591646265    1         0.8837140598918297
-3099.2973588501873  -9250.374543213096   1         30.294826646990153
-833.1151615271474   9221.573463382649    1         0.7440203531001204
-2108.9741262962775  -6192.568268175847   1         0.25126086500128597
5358.531834585184    2055.127930305164    1         0.8068001985789965
7360.16595310889     -5576.7715916320085  1         0.7267007933192976
-9309.742317263903   -10147.84902980159   1         39.25893397690965
5626.0652159878255   5218.968419082244    1         0.959175578566851
9089.678794593005    5523.2931029482115   1         1.0873648448812752
9306.932344155195    -3913.322494191646   1         0.10297089099315448
-2775.9921997448464  -3683.9903732034472  1         0.7567636763665104
-1659.0578802469754  -8144.506528380168   1         29.649933997453
3988.449535348909    8727.785643246263    1         39.620924253591
5799.473880657545    1692.1427192417293   1         0.5920766014901193
1921.4841649148002   28.157960560071096   1         32.28987035879602
1633.3655854444482   -5355.207973593894   1         28.198208771824643
-3094.8823691405178  -1563.772690788411   1         1.1123755097455277
-3683.5742934518303  2871.601306276771    1         0.3406265891109467
7285.101010625989    -2337.688865062464   1         10.302436037287768
10279.273286901258   -9235.050878377833   1         0.4878333984481823
-7629.50394572429    3202.302263424301    1         0.5294245845604938
1772.7877768262438   1635.3965735747583   1         0.7989573552452983
-5685.288556200799   -2423.0203491810717  1         1.1579057168701752
2894.5809355524093   -9535.941425606401   1         13.591800629750848
533.0883897168595    5070.835355585543    1         0.5968053165219568
-6724.666623645812   -1702.6087169509067  1         0.16026147289320594
5363.922442099562    -8803.611153825806   1         0.2218981040186855
-85.42249064083904   5011.125528905221    1         1.0302048995906596
-2840.6202259506053  -5950.218548528366   1         0.6362501756416457
-4604.232695273388   -6470.594626464798   1         0.2742710450488419
-266.2552374460338   6738.240334799775    1         0.9998201058168132
4548.532953371982    -9768.676763606823   1         1.1272201000754478
92.76164505800368    -3356.746611510343   1         0.34770615991504317
2418.2931037437115   -9216.024020640249   1         42.190189309084964
6464.517432462966    7922.814902619821    1         0.3845222492277981
-7598.528101076295   6605.353056658907    1         1.1453496080428773
-8344.730709443676   791.9791428005542    1         1.2253861897120688
64.69171632148391    6432.04098067779     1         25.377322414983798
8004.475499512249    -2239.9400399955366  1         0.36536892085597006
8360.87395934357     4774.408006334377    1         0.9389768591003144
1018.9190438164148   -4159.112889852638   1         0.3551367660182052
-2432.624600501236   1138.8673966155745   1         0.5806190205739473
-6753.824390826522   -1575.5793844291484  1         1.1662694928444537
-8638.79769464604    -2981.195630196883   1         0.4143979020657468
-1662.6429603616655  4306.280586927102    1         41.68231790702915
2630.1806559876727   9109.644459813959    1         0.7293051370289696
-1219.6161562908417  1342.4894045368803   1         1.1655018009058344
-6194.255090420382   -7484.979681940663   1         1.0462188959750602
262.1291792403344    -8605.079292009743   1         1.1543430883281889
-8845.760143040996   2745.389922250393    1         0.8967335176444773
-1727.8077686107385  -6785.448126045961   1         0.12391394151382555
2722.2734641259194   4204.6750257207905   1         1.0414464676011084
-10359.33914294123   -400.04893826121594  1         37.6544471650691
6927.079192859391    2324.885601768185    1         0.42798139960187886
-954.9464810772788   8805.362737761836    1         0.9557752920237466
2531.7580716399452   -1155.9779211291855  1         0.7575968614314884
5941.66872946266     -5390.997009541921   1         0.63134878595957
2403.293295661085    -8134.640997454183   1         7.374021178862813
