trucks_count 2
drones_count 2
customers 30
depot 0.0 0.0
Coordinate X         Coordinate Y         Dronable Demand
-3318.047893980759   -9080.190520967788   1         0.7635949545911924
6675.094815578352    -7987.952283925503   1         0.5002018237449359
-11013.19765298335   -7016.744345242515   1         17.929584193577842
-5833.461808664813   8192.887765684756    1         0.3970746122501193
9610.667905033792    2188.555361699944    1         27.747377282502292
-11787.842080063398  -6209.847058040994   1         46.197198851635434
1666.9218646271675   -118.79948142016832  1         1.2348036119055898
-8848.32086746611    5258.246369776396    1         19.958253458482712
-6518.984529778278   -7434.124641648784   1         0.135475414119982
-536.0541485119003   -7499.4071703117115  1         33.57009625775781
-12249.617084850503  7774.93861773314     1         37.70412702120035
1758.9886088682242   7895.176005790134    1         2.493424263659705
9048.230115197519    -1321.4532267402308  1         0.8052806017535035
-4047.5620940500467  2401.985465746333    1         0.23071477884034836
-526.9340203669012   -7746.606766019672   1         0.12979556253624294
7394.710066925352    4894.570415791536    1         0.7258226898567375
-7539.357391874767   6167.001422600116    1         43.49053664936814
-8255.636526798342   11758.453906769904   1         3.9715291476830945
-8173.184267589404   -1730.3569367497755  1         15.428487645453552
-900.2264448210392   10621.27484081686    1         1.0044018193583057
5082.986048187569    -4255.8731163117145  1         0.1128853879435372
-6046.9385171846825  -5558.606157299154   1         0.6356118082550113
9391.863262127497    5356.163750018471    1         0.19849370116608295
-262.1520592083416   7964.250451385222    1         1.2146832693099825
-4637.367450062488   -9102.89472172724    1         1.0323318953169534
5894.5349426642415   9030.271211629732    1         1.2277424561266266
-4763.6481946080885  1373.1991791294304   1         48.53698203818502
-10056.569790028558  993.5941931844081    1         0.8959133307056601
-712.2228869336479   7081.112316904953    1         1.0061601175690467
-11681.446348048266  -2631.872983244886   1         0.2227076437283013
