trucks_count 5
drones_count 4
customers 53
depot 0.0 0.0
Coordinate X         Coordinate Y         Dronable Demand
-4794.284421695001   -2972.131436764428   1         1.0485333582716472
-4937.023659070118   -1859.1921467877125  1         1.1319063151172954
8838.572399767894    -1968.554426282094   1         0.23064673620617307
4506.597253431625    -2804.2145298542696  1         0.4541391705252281
9001.489155722831    -430.923035386213    1         19.809079888610924
4594.010271279943    -7644.016239032493   1         0.31603999487615386
-3174.833625818158   2114.77269804916     1         0.10200155546629788
-9607.60859382036    -1823.7844170450633  1         0.8039716735754122
-2183.1974550069363  -307.31624541794184  1         0.9938881738013606
-14002.14329881613   8285.623721488366    1         0.900460611343392
5119.120834132838    -6242.480230980165   1         24.096537836236404
-5390.5050397756695  9331.019277599305    1         24.060311438982712
6688.920417736204    1799.8062757257662   1         0.907376520984379
2843.2240842690617   8305.551573791152    1         20.2691714600555
-5739.8268060974315  -3199.724531416521   1         0.31107561440202824
-13418.58623365103   14871.302821785568   1         0.506132062012837
-4443.802755809423   2418.887017142293    1         18.938871361074835
3347.8355871627014   4206.665055204209    1         0.10151596561285323
9544.310046047167    -89.71660914783398   1         0.8221448480836797
-6246.728249187094   2049.285696403932    1         1.0391898172659064
-5081.89018226698    9635.55509799917     1         0.43870716281655175
5471.502337919886    4998.452205573105    1         0.43411154171673194
-14166.65627227596   -7968.837874565612   1         35.21216788545356
4730.97571718102     -447.95297582651386  1         0.44489063838179166
-3645.201873687874   -8728.424911332319   1         1.1885581877333087
-7452.661711797671   -6488.697358796594   1         42.79273205925946
2521.1362864876332   -659.1015976337972   1         0.2198526985504754
-949.2292927786511   10986.452500049982   1         40.70200058180662
1298.7256615788992   -7723.7516686494655  1         0.22004559319245576
-7734.470287422539   4373.999592788595    1         1.1601237797504125
-1798.0683934953925  -7894.105784643212   1         0.5405994508248833
-14874.999227813512  -6331.171004150638   1         20.683446583187123
5849.261457395043    507.9290694780192    1         11.100689256587192
7992.581005805904    -1636.6846030487036  1         0.5051089327273333
-14.441130320377024  -3996.285343046589   1         0.521165353412297
1195.5188456862566   -2790.7848977284625  1         15.261430455576557
3167.2628906537284   -9331.392327284517   1         0.6574261531098162
5877.447157955267    7541.3960700637      1         0.2752383001414076
1273.9244752162588   -2841.467848836129   1         0.5092951978723893
-3182.796221515035   -6416.895939971296   1         0.38828721842962644
8883.545758202356    -919.4479987654886   1         13.323388889592724
-5504.818851452984   1261.7072117584544   1         4.879373558382211
-1722.9110150463432  -7091.946970855956   1         39.26912078758551
-2703.991369998067   1012.6576644669178   1         30.10988006029782
3653.302169778176    8515.849944217936    1         8.581584205758823
222.2910231827563    2096.9486997147205   1         11.775041203836516
7339.083760690979    6375.775200216651    1         0.1778747558505113
-9486.736857181657   -4134.200719810344   1         0.8350285846132856
1557.0517859832846   -3046.6447592255827  1         16.539244992602335
10881.417415503203   -1031.29947820942    1         0.7160134199824035
-4848.821178192068   9729.17185270144     1         0.4120514597974606
15342.732799761568   5907.759944449073    1         27.653562647676214
-4354.854313940133   -4601.086302642389   1         1.024202278305616
