trucks_count 4
drones_count 5
customers 100
depot 0.0 0.0
Coordinate X         Coordinate Y         Dronable Demand
-6310.945440843755   4692.784400823597    1         0.9470482581585955
9437.992579010508    -4376.252709100407   1         0.6845241290014357
-2041.6284767397972  -8531.660794302778   1         0.4042392510907056
-3377.1707900543092  -6837.352654587166   1         12.378698463261106
3663.4993649438534   6058.740521495902    1         0.10100596570042061
5942.828241635778    3780.1845728489566   1         0.7061348327744845
-3385.1903229021236  3040.536469408376    1         37.100046257441846
7083.276780687334    9171.310406351746    1         1.0273989508817754
-826.0333468786528   787.8068047244565    1         0.3633028613038066
-6736.348605129328   -6673.004233124874   1         0.5548404618566739
1402.4980991401462   14924.071293875371   1         1.0858653985474214
-3656.302686823219   -13229.768544264043  1         40.34782807093121
236.30713728118832   5006.272829344307    1         20.272453713995116
-931.1489497584869   -8661.221325112489   1         1.0944584574361382
5810.315698869585    -12201.245006409194  1         0.14282332174830625
2694.3441492065467   13951.97602166529    1         30.73414907393659
1895.7218532604822   -10727.894548043769  1         0.7601577216823777
7209.38483065728     3178.5917427219792   1         0.7527799992875946
-4608.977131176391   15436.689145888755   1         15.128195485695867
1660.3118421349222   -7742.651060347035   1         1.0234341185299398
-9485.429012077715   3760.576178643073    1         30.52174340838657
97.64160026776517    8209.898990473208    1         0.8101622659711722
-6775.666639195428   -591.716582155615    1         0.6734411404175027
-1868.4569400272912  -255.74351007657205  1         1.1812854674011344
-5006.24870446637    -6988.13081090427    1         0.49161204286820726
-1553.2659160912451  -2211.232046214089   1         0.45708796781126015
904.071461569034     -3117.4691148825696  1         38.755026891266915
55.90804325341917    -416.6810065069937   1         0.807583237927973
-3166.3897465136724  -3318.406648556733   1         0.42653157134021913
1234.5230794170595   -1942.4632210676684  1         0.3859112603810355
-4050.098225071106   -6229.153173220976   1         20.05042076539543
-5482.240905871948   6429.6889786427955   1         1.1901747798733637
6614.0264233232365   -5369.244049323431   1         0.6746682899394137
-5986.4583434870965  7142.1466838162905   1         1.2361186942052047
2772.5974683900363   3898.7674871058916   1         27.862030864905616
-2905.6901654034937  -3001.7215899546786  1         0.1094704625411751
-929.3619558122979   4905.184719604244    1         0.22201978659718452
7335.2426499944895   -3410.2431535895944  1         0.4826147472743646
-11375.425541309593  -1798.641138469393   1         13.261851726374106
4250.549340365657    -5734.2203726828475  1         0.32713965667928935
-7857.764568019125   3922.7856507860274   1         0.8055752778741522
5397.684965735261    2284.0415367895903   1         0.12757164650908062
-3442.825581786312   -3110.335405953265   1         0.8809335579405491
7902.142565009759    3721.5989795084315   1         0.5872412111987876
9528.623574734489    -2006.3714348657916  1         0.4463875568312978
14240.203546374338   -9120.883687556068   1         34.70099145480303
-5614.7094950465225  7619.635396534332    1         0.4450226795527721
17404.41179441692    5033.023734293125    1         0.6375189741932492
-2443.634221390952   -8236.844080679526   1         0.9126100501369224
3829.673990393279    3000.9998776713005   1         1.1799835410587058
-10277.822960069621  2128.624463942818    1         23.580814725831654
16177.173620299858   -11255.243684345278  1         6.353020227733742
-7988.99497811963    665.1826544499927    1         0.39576921413641875
3374.1648994669144   6320.4885813622395   1         22.49741058334242
-13991.138550530985  629.8912413465478    1         41.096521964965035
8256.788942194096    -6232.367551751279   1         0.4868551235802523
-2679.2687804414654  9667.143557779411    1         8.021082504509454
-15656.57862734454   -1514.3264329488811  1         10.53306013823821
-3741.242217050034   -1067.2229387232167  1         0.9547195939517178
-5372.596617416356   5455.126777234486    1         6.146420758349035
3674.8523407657967   4635.116400494544    1         0.4282509513841274
6557.785471843206    -12497.405220391483  1         0.11780457649321854
2145.486476722537    -1756.1828968238794  1         1.1682573267910128
2937.5687884572735   8267.93684500799     1         0.1499601765763054
8750.28451947316     -3763.618957243053   1         0.4140385845991522
4442.7854119701105   -3968.8291638191477  1         0.7072880731453199
-7221.818014911799   3520.806633414865    1         0.9295806721126033
-1509.5395965389662  8125.943176641403    1         0.1273963915404224
1660.375877123873    -6463.329479051898   1         30.89891517517809
-946.6135152181641   5986.796429012764    1         0.7706151848282328
-5070.627778957834   8163.1923160484475   1         0.7053092660687048
-9022.14735250608    4528.789615419942    1         12.840786299646377
11844.818802628219   -15250.590744699584  1         0.8950851841367333
-9902.374773436612   -4067.815667914943   1         0.66504354829959
8670.089980880912    3381.5552225630454   1         0.41005901932398947
1862.3336941989874   -9284.349988883128   1         0.40784111618715013
-7717.259442457418   7576.777191502853    1         0.4927958014971632
-530.8363922610596   -1887.9604368776672  1         0.5198153665671178
2315.3886780065636   -5426.244679997323   1         46.494069254994024
-9690.000081859002   15295.245347863041   1         0.24573181799925026
3021.9231099507706   12307.766128563337   1         0.44591426433333214
-11710.695529582372  10747.84285389792    1         10.863163770090997
7295.813803854154    4421.496786754356    1         13.546218007369735
1446.3789398880158   -3092.075564533743   1         1.0180846298610526
-3815.0754927355383  -4198.834696878288   1         0.2747872801026332
3939.3646029999813   3920.8571777144616   1         0.2518406569474931
661.365664538067     1590.142084135518    1         0.7861330941094321
-8606.657717367989   -5823.167341245688   1         0.24058109600800434
12049.772306554616   -219.3980553475776   1         10.798798191196612
-5034.576758791164   -2140.7839729066786  1         0.6593259119043303
8371.900160322588    2559.331657082289    1         0.9091115392927945
-3072.039622914094   1821.6897613662102   1         0.6866216708260984
7212.656981985856    -2349.804076007116   1         0.22805959220484778
2805.5750671477467   861.8132491518465    1         0.767631668069296
-8401.103575540077   -15728.276136131997  1         0.8677199071873026
-8258.245297132033   -2933.0803194713926  1         0.1503241314814056
8696.21023817415     2264.844338274175    1         0.844721776624675
-3959.603863087776   -3797.9852228286145  1         27.78928201471858
-4261.833814750708   -4200.961554270532   1         3.228824347214962
-3037.863204887642   7212.390280773859    1         1.2023843039984579
