trucks_count 5
drones_count 3
customers 43
depot 0.0 0.0
Coordinate X         Coordinate Y         Dronable Demand
-7003.856234324914   -7552.717829196892   1         0.7843223376624621
-7630.5612042403945  -7418.291870931066   1         0.636143638855557
-2400.164475530303   -3124.6508853721507  1         1.0044809509460177
-6845.653927402389   -6671.70507763578    1         0.7532304321100728
-6623.157757550989   8268.87446263947     1         20.577771986654934
7071.7632569831585   -2270.2233017027     1         25.36249167075771
-6890.210215594504   6218.808301827589    1         0.5817413067625082
3813.6268630306427   9486.456709211529    1         7.076294264720618
-2277.485125647318   949.6475430668908    1         0.7564423558278723
14366.025630167751   -6338.606622643067   1         0.9167755902911043
-1685.260188428013   4512.227340480286    1         5.344789488685189
2926.4261249830424   -3433.3499353711145  1         1.0581764079825788
-5680.482495519867   4986.691544725566    1         1.238385654616064
1978.0203544440265   -11202.311595942021  1         46.44163466748001
4111.5309383507565   -1395.4856054985612  1         0.3417449131687344
540.5595159476738    -10663.096980023403  1         0.5541624273747396
-2793.483850390692   7594.120273218516    1         31.495281986293897
-7709.691380770515   -1389.029925788346   1         1.2286100410954068
-6089.093578855248   -7057.598353661673   1         0.9164219808229488
11057.453513255423   12375.000975531955   1         3.4874759744629684
-3214.971667368128   -4254.3991577733095  1         1.1250918966034436
-5936.283415334245   7535.213432136416    1         0.3229716011323793
1034.2037615310098   -547.3668981238995   1         0.2871788255540269
-4854.3043995314065  8784.293939543059    1         0.7270515371933552
5182.797225671471    -8723.29695231235    1         1.1769108164725983
-3583.105340413511   -2905.3389307250873  1         31.698117703836992
-3842.4982582770895  9192.149040918395    1         2.9465474505061593
-5695.9536447319915  -4105.4450506344665  1         1.0843845355065527
-344.99510814039996  2457.8647155238796   1         0.10055473970082794
2908.1819033866323   2594.546176001943    1         1.1557084997360763
-688.9234804369462   7089.141009105885    1         0.3059305855651269
-7475.707100684876   11049.379485750967   1         0.9628402945037864
2117.4853396319813   10244.338272212051   1         40.7572879325787
-9211.663798521226   3056.0786163451553   1         1.1325696783597312
-2639.412849894467   -124.86635029515367  1         11.28299395578598
11481.05123263548    4867.921552876749    1         31.561822897851844
-2694.391438458779   -13626.009120139772  1         0.9516404526897033
-5827.216417287171   -12953.114025542858  1         47.92091642791634
-6688.823661720898   7189.333672476764    1         0.6492192563245289
-488.1645130620237   6412.632452219224    1         0.3773503909424484
7847.740473725967    -4474.562342124041   1         1.0102493496116738
-5254.671968902892   -9508.921219093236   1         0.5819918708749858
154.0389358027167    2101.2583783646905   1         1.1779328541287264
