trucks_count 3
drones_count 5
customers 46
depot 0.0 0.0
Coordinate X         Coordinate Y         Dronable Demand
2006.3096944779575   51.32731229110242    1         0.4579400588507492
-8145.183363895777   1556.9871082028485   1         0.8281797925232338
2385.545942071109    -8034.929391589828   1         0.8873696689375603
1808.4758772345558   -9066.703358480283   1         25.99268895047003
-2447.4185733793847  -5124.826686938741   1         0.6738916484390103
4036.463512626529    4849.100195729604    1         0.47257520019126553
4687.200683136224    6674.694878948316    1         28.352722787506423
8719.503849825654    -2917.6929516563064  1         0.9703405353149145
-1352.2341119436503  -7014.208731904138   1         0.339610275970261
-9060.727882209638   -14058.924112286953  1         1.0260434083488528
-12336.925851000213  -12339.4590371482    1         45.33739564977823
5308.776218701588    -2234.6439550416158  1         0.8767901144039663
4867.360666010827    8493.994620556807    1         0.8280238090184444
-9262.580341135985   -4776.530685472116   1         0.9306792751412964
12005.82621674994    -13465.90202850679   1         12.865648756959219
622.2006694407828    14063.725350607363   1         1.1266664672512754
6445.880722403697    2296.8526279153516   1         0.6366041513572559
-1677.6594560735286  -8259.785660591078   1         0.7254387823771521
-4180.6150741085385  5164.990986266929    1         0.5331260007182838
14297.2250945137     -5692.4247619237485  1         0.5172543739165313
7959.061833741643    -1826.3642010718393  1         0.7180078313695867
-1819.1692315077246  -8309.154242366463   1         16.775720511065252
-6570.231293815206   -877.62997940869     1         0.3332512287073168
-6715.543822373615   10569.086807515336   1         44.47011335975618
5799.944820956285    13389.170578520092   1         1.198548344036547
-10899.917417600225  -966.4173306203786   1         0.70309161589222
6007.991389051526    2741.235937655748    1         1.1128604235660793
-1438.7648551178922  1253.1367176138301   1         0.5335637636707219
1495.388151862063    -4057.8494111519417  1         4.664139975492393
-1548.7910695071878  4764.72314677662     1         0.14524208138765976
5915.013679182685    -2437.8133667813518  1         24.705996739122412
7244.600364053266    -6493.288721902519   1         42.485252579166946
3537.6735768184963   -2954.026943166468   1         0.38119525439381363
8465.068244221437    10405.557869683906   1         32.16339178586182
6143.343609616486    -1806.2442178621877  1         1.146916235662999
-1080.607269902019   5827.002488004164    1         1.2345498278155536
7952.168289507869    69.82016014822096    1         0.40421241253657914
-7421.821399231272   7513.305836976208    1         1.2458048145372924
-2868.694471594888   4048.1336879131377   1         0.2686955826208516
-10232.064628277274  1283.911015739965    1         0.9885738338791591
-5458.663746054297   -7221.844668828659   1         0.9980800691654654
3377.0114106647584   -9519.036039445824   1         5.357997295372966
-12699.289344542294  6830.059766845961    1         34.604159437057376
4684.451868335804    -5354.757018555197   1         1.0691000276031313
-10388.352830049322  2566.5858728096573   1         0.4535926013756847
8380.193923424597    678.0639494958742    1         1.0237689045677518
