trucks_count 4
drones_count 3
customers 65
depot 0.0 0.0
Coordinate X         Coordinate Y         Dronable Demand
-7049.247299688755   4610.301080687807    1         0.8983241799816024
-6376.379404952479   -1229.678020063733   1         0.2977650238195655
442.5054479855428    -9891.960976908516   1         0.288882074295705
-2912.8623219450114  -4965.436918519382   1         0.3729340120526915
3104.200196604939    -151.72970814929658  1         0.6817012122116671
3490.062032380285    -221.26855223870928  1         48.91280199333766
1761.152729840295    7914.9283942820975   1         0.7382551444729124
-5153.472378090692   4984.737241954197    1         0.6482090014216828
5447.059996463376    -285.1552176145067   1         0.9121481266684103
-6496.367698426424   8286.26855786685     1         1.1294352890220443
-6152.237582905439   -996.5963706429211   1         10.400198407405147
-1012.8684935359433  -10198.590727159983  1         0.9782327411901273
-9063.123243442005   5214.267586638042    1         3.127959812892656
-7585.996356156049   2311.4127698399043   1         0.5786330772712045
738.2863828884183    2591.439248067969    1         0.891933939425252
8090.451556561942    -1083.6666347454247  1         33.24340398340877
5537.386647049661    10128.873504866617   1         0.740475893746515
9592.606466167354    3946.107444163888    1         0.608944271972183
7951.21912344155     -2237.04777458209    1         0.9864155652766383
7622.188082113159    4201.779100660423    1         45.8364163527531
9539.433191660351    -6401.164726500757   1         45.69904786830882
10158.465702659052   3787.4740979945764   1         1.2444130579106345
879.1120286399688    1128.6174758696916   1         0.7866103739295093
-3932.730215418419   -1934.3831164308951  1         44.34242854989026
-8629.859815893364   -2173.220620472797   1         0.5762613210341117
1693.0702313727747   -941.7476879966117   1         0.4480324757322097
4152.346873541535    2573.736031894799    1         0.27573669578074067
-7200.682126702823   -4494.505007806594   1         3.5876774045949857
8722.129665498212    3121.2173357401252   1         0.3280765329257412
-4906.204816614516   9230.951485112855    1         1.0431911686241908
6517.705354546462    2714.998005868969    1         25.982993875259027
8509.294844210002    -4597.212676661277   1         0.9090181470342104
4796.357718897313    -4817.29390368972    1         0.10875680430747868
-5116.0197345353245  8569.822495539804    1         0.8858349778848865
301.5017283866801    1347.230434527305    1         0.20880328986870117
-2655.994743827801   5236.519285400405    1         1.1675360391607912
5559.661991521362    -975.0168063452312   1         30.277217296368672
2284.3321916532786   8475.672913259807    1         0.23394637335215612
7819.513956974516    6374.28273762735     1         0.32057501306164016
10386.929079541702   -200.09742744745637  1         0.5999065129071801
-4582.039150631906   7660.620688399198    1         30.77873345151232
4811.591032888903    -6936.205698300762   1         3.9760839883395387
10566.265582320886   2115.2786952823717   1         2.753941247082854
142.53389124039714   -8760.098014460165   1         0.6593573087657961
-5125.248253214545   -8143.279099923309   1         5.1407097511808955
703.966417647746     1970.970106282543    1         1.0043038069279122
8216.20887689939     -3999.4750736256215  1         1.0965661874314139
3225.440982681371    6426.167207019555    1         32.86071725783238
6550.713575395283    -1933.6533509285068  1         0.3747997458465926
6862.602880679704    4101.206104213097    1         0.3183552526567063
-7602.876189249024   1467.7169097199858   1         0.10759060647183029
-1347.1979357482364  -10435.98941533213   1         0.19853996112151268
3141.682778867572    1333.5009996428576   1         0.6519208657273629
3082.0123022910443   -4558.049295188421   1         0.25097192675536883
7862.166720220825    5196.578474523463    1         6.890336550182376
-9653.927565831957   9342.782831281376    1         11.02875406002646
9978.329997886234    -3945.8073917426746  1         15.993734763723264
8243.345819177874    7764.81745050805     1         28.35408343300492
6918.827125045724    3380.9555365985643   1         1.1433531599284112
-7967.5459697699625  3650.2079997909814   1         37.19690628091923
-7643.081192994045   -6877.806224114891   1         0.5965174599503206
3929.0458489808766   -1218.0699588216926  1         0.348667782240096
6232.174064177269    -5172.295916874301   1         0.23450707612237287
-2739.279587433801   -5294.853299330777   1         0.834938230987038
-3233.8828198418187  -5832.905171115106   1         39.69124701690259
