trucks_count 5
drones_count 5
customers 43
depot 0.0 0.0
Coordinate X         Coordinate Y         Dronable Demand
1320.9130530511513   5780.974789092932    1         0.9456513791952768
4070.934203198864    -5623.81630238017    1         0.8655050168639584
-4988.349304136231   -2079.3104559216613  1         28.29159076555425
1245.9529435180762   -15.063588797252422  1         0.29341923952934973
-2172.0612434349227  -735.4931700087263   1         20.638172622924923
-3620.6749287940147  2045.7151187610248   1         0.6612692890030842
5740.521726161633    802.2788459582622    1         1.0724643869818524
-2297.862198188779   2661.465597996689    1         0.35314489425904205
2469.7313318132956   -3560.446426108722   1         0.4625304863204933
1425.3896275639943   -2002.1314813786898  1         29.2221575381301
-1913.877726755523   349.94976087755805   1         1.438944547539581
-468.4233627528076   4879.205810458106    1         0.29657056565322626
4867.83202065272     -4930.493214838064   1         44.174260422365904
6112.985411453662    -1275.6845055711524  1         0.7855255034572407
-2570.9625799256696  -1981.9333080369022  1         0.7151682852299567
-3514.3174167944167  4430.315966325737    1         0.7558211783930616
2551.400781204939    -3668.1921614577136  1         8.60616867946746
-4583.936308450086   -5645.077870333872   1         0.5681417977970453
793.2976385389734    -2796.91460044683    1         0.8037803687062959
-5382.515487342123   5604.531398183915    1         43.268009198324066
-3413.771421772806   -5237.329699841545   1         1.1365132224162604
-4404.463230158926   681.055456598533     1         0.4989756418563507
-77.83171336074884   -193.22557627485367  1         0.564623068681927
-2649.154478981059   552.0152539871568    1         0.8257882133844284
-2270.3350960072244  6103.197407412362    1         0.40422763434023223
4569.8537150169905   4569.867776089411    1         45.81044952204299
2086.5496410356895   -3391.9403380058284  1         1.240019408261306
-5252.837176327296   137.6408005225312    1         18.57244420497785
-2595.1395184347402  -2649.3026283789536  1         0.5590496231795073
-4847.656087972833   209.7844384428122    1         0.5732948442391204
-4174.101881720005   -553.5674246454063   1         0.17391691950967705
-6005.554417187849   -4061.014850668544   1         1.2247619012435
3656.422350942554    -4040.417761889274   1         24.431105959242664
-728.1322404364139   2152.3067819065604   1         0.9303425354120998
2760.0583406698024   2687.148449381478    1         0.5000606404758612
-565.0119897730065   -751.7492453798295   1         0.1354839377896696
-5923.234810096841   5440.517999795422    1         0.4151477786412485
2243.322802682288    2186.79458943424     1         0.3227611371714097
660.1611780726007    2124.180274344555    1         0.35859993776646304
2706.822132246272    -2122.2374126906193  1         1.0808883449686377
5660.507882496336    1103.345891607915    1         0.7435978681824144
-3960.2229718392136  2597.0395892225283   1         0.5150516338642022
-888.0671392235536   -5361.921969035557   1         0.35761054608312903
