trucks_count 4
drones_count 5
customers 65
depot 0.0 0.0
Coordinate X         Coordinate Y         Dronable Demand
-2735.6136234961664  2623.431668188106    1         0.28435241448205906
-3612.434222380917   -3847.940448537913   1         0.22751065174026774
-2071.859533665298   -2667.001375288719   1         0.5407560652498534
3039.2769808439807   4269.800021797941    1         1.2415851368360116
7954.83925912005     -5677.338366692448   1         1.131550924451119
1627.14833329395     -6925.759171657125   1         0.3554259426432991
-8262.588819553843   4286.12674753301     1         0.9519130886308667
-1476.356758169036   -4529.982282491468   1         1.1117764725631307
-5897.590954209242   5982.31766416573     1         0.2169067656233177
-4709.010607538809   215.05570750443803   1         0.2762545408370685
-9853.253771360403   -3261.8693937949483  1         0.7251347452292553
1535.0900780522102   -1750.9272041410213  1         45.37891945743181
8254.782013619257    663.9376778330013    1         0.7718351357192619
8940.78367887522     -2090.644958573967   1         46.85161459230253
-3110.6793918784124  1591.2736262411001   1         0.1057142426915654
-9149.739459935758   4113.0307990395395   1         0.9418007269062649
-7652.394984190047   -6314.948131037388   1         0.8613316742512833
7971.753420635766    5436.128487165579    1         0.5613569287226492
-4551.057042071676   5087.996197562378    1         0.33690071091361656
-4239.846607890493   5971.044021233266    1         0.9948599793152624
3196.017921333529    9153.117793909852    1         0.5235090847968754
6884.712568028096    7237.93167774636     1         1.1162867304701947
-2310.155326648551   -7151.13268140089    1         23.21139075908224
-6303.471899706106   -9624.287278101754   1         9.965247171952171
-6700.3643637674395  7799.398868278497    1         0.38956221974250194
-7306.556016593418   8042.823167098528    1         0.3136328114011668
-98.03830875439053   294.8317056575761    1         0.564489320694223
8324.31095561695     5683.7694121093455   1         4.010673592264252
-1201.2271959696443  -6130.748779070411   1         2.8864290811961117
3247.3966181608394   1937.797836536169    1         0.19136201444156747
-1395.097144244161   -6998.288718850357   1         0.5355269781310306
732.8277261246017    -4587.950667498661   1         33.25360896513681
-8418.301385493354   -697.2882414604874   1         0.37384383985459146
2981.4544021021793   -884.8994751701521   1         0.4812575652260238
5460.910214465335    3541.351793655229    1         0.556373612016517
3444.5476574307954   7858.316145765335    1         0.9622329096826705
-269.17108390604227  -5688.248748316526   1         21.82959385715492
1930.939866219187    -3126.67791604963    1         0.7100533186206108
-8236.739357962993   -7218.1038788114765  1         0.6024318793095891
-4173.540621295087   -769.9116339024786   1         0.47018897022335093
-5134.313102758825   -6796.441240945408   1         0.31718143560702033
-5689.859981452047   5232.534461507009    1         0.4163190001826038
-541.022196804996    463.69395145853275   1         0.9003213567219983
770.7849000731752    986.1491503985775    1         0.8495285249995145
-7301.200638467488   8471.476668013138    1         0.29726587433493495
3134.046670906582    6077.956257776714    1         0.20013032976138304
-9152.941332814793   -6103.172898909371   1         0.22185210631564428
-559.3976364085788   -208.59227223672264  1         20.08912630047169
-8821.887692178716   10042.740123183468   1         0.1630202026301657
1655.893179756111    7353.97649590629     1         18.910926321769473
7168.790776559382    6727.3736025103835   1         0.8970452770499054
8282.676714405901    6425.742067140849    1         0.6661825732153801
2710.4573986409487   2524.2018716511448   1         0.48989342473903075
-5407.166030982471   9773.085716538082    1         1.2223583556783237
-4486.294639076832   -3708.6808786446227  1         0.7472838495667395
-9025.47776844708    5816.481330660925    1         0.38894064656870264
-6658.073924799044   -8518.401386469137   1         0.6265572630767678
-3679.6329548193     -7943.135409667328   1         0.40701685123848175
2397.5768956970733   -2630.092911357633   1         0.6371109063846206
-6097.334785676717   8498.881135626776    1         0.8085664983823585
-1711.014744430642   -2957.422939337719   1         1.0235414777564698
-8433.129253977488   -5153.715007782603   1         0.10204525842292586
-5384.322882848133   8551.416756593228    1         4.117701989592371
-6150.4577670465915  8439.979049276817    1         28.26711977438284
-4981.332266932447   -8049.261972989372   1         10.667903106079823
