trucks_count 6
drones_count 4
customers 92
depot 0.0 0.0
Coordinate X         Coordinate Y         Dronable Demand
-1216.8446500687658  7724.346575565417    1         0.3072461518142625
4013.723571131046    -4618.924054331515   1         0.45535801204494897
-7895.456317901253   -3351.4962852341887  1         28.912543598784847
6235.419255153535    2631.962539426327    1         0.6734388238471252
524.3886362326604    3362.593397222758    1         3.5181646534572346
-7808.486876338737   1688.90568237173     1         0.14971587358307611
-5109.573605222393   2862.420490815669    1         2.4524987379009775
-6333.1875872563105  -6707.973915832419   1         0.688867566321902
-8077.255428324687   3347.9451885938247   1         1.1260263771553332
1739.7856790179567   436.20957341788943   1         0.9082368061770493
-6519.73660853913    311.79419181307946   1         0.9761677452238074
1124.7391816777695   95.0734578516578     1         16.27501092663003
-7104.704388894415   -2058.8254359039943  1         0.6573275263280123
-4456.208172931784   -4738.7375301853     1         1.0168833427643966
-6134.380190261756   3976.0331156804777   1         0.9484916484466713
-116.82542838238717  4333.875146941635    1         1.0161786294290556
7290.153008918699    1198.8692731073986   1         1.1915821555208592
106.99357097541265   -4136.591325489693   1         0.5762166923847755
-1599.0850418867647  -6029.647435000937   1         48.70818869091052
-5990.944548354517   -937.98235475213     1         0.7767396531485103
7375.446201301707    -1484.5128351612755  1         41.79077146966989
5688.467152632385    -7201.797498613686   1         0.41402613548524325
4327.997609743432    198.88439043371446   1         0.6433301179616426
5037.850096666481    7383.079299982584    1         0.8063288253397173
-7233.661829559595   5669.171138805953    1         20.26850266662329
-5248.381800242732   -3946.500458755113   1         0.7039888005352343
-2406.1672367596116  4260.57265458928     1         1.020208931606047
6371.090239374146    7114.516765137518    1         1.1009524499652314
2845.623013305519    -4857.993543665375   1         0.7017507242690814
-6510.657889399017   4567.11771756519     1         8.629733337447908
2858.0098925744546   -3809.217383481246   1         1.24786753758793
-6854.736240822705   -1440.8063999811843  1         0.5526540296581702
-5612.138124122743   6307.922688699187    1         39.80213267408834
-4984.515212423239   5020.22201478578     1         1.102216866641258
-7130.312361961758   -5310.977849833382   1         16.266016534920162
-5440.769156649852   -3796.7925108371373  1         0.24012172037446503
-2540.2798215193834  6984.736207497549    1         0.9207817878529418
1235.72906788347     -1101.080310649726   1         1.1797039584528237
3169.193453528024    -5857.562192030276   1         17.988596687332773
4232.44558036345     5418.991321699091    1         0.5475667988289533
2573.4017991376722   -7362.2787543531185  1         0.10878340214604094
-1243.1636022784892  5275.843678515734    1         0.9503954364413666
-3047.60402070126    -1013.6469737114649  1         0.9035173232412462
-7394.144086227019   -641.1653889428526   1         0.3147472450690449
2306.9788667601338   -1620.8212428318586  1         0.25705044460840365
-4647.658562982477   3461.9124341404276   1         47.718549026286446
7734.062104571168    -4556.750067622034   1         0.6237954102682921
-4894.812091334638   -2763.516247416402   1         1.162749678539162
-5347.807213988921   4234.7792286012755   1         0.183846372227004
-5728.087188095111   -4609.017841221763   1         0.957308100746494
-2502.6061519680125  -2128.2291981239528  1         0.24015762964056417
-4078.9218663095517  6921.114116219086    1         1.1756071866543185
4013.968221728842    5668.677160084327    1         0.11317390432417888
5984.565639331991    5933.839798078873    1         0.4732065733681141
56.83817814690557    -3929.255334882121   1         0.12530523157996304
-7075.750818100995   1105.5944001394066   1         43.49699372722135
-2973.4913947539662  503.52623059907427   1         1.0590363250144168
-7412.82706337956    5439.226322050796    1         1.0987164291201865
2801.570033720067    -7326.414532268248   1         26.475707306249273
6391.4605572637965   -4632.625879278611   1         0.48318389646120463
3414.651518328716    2398.939545158765    1         0.912013401708462
3358.7811795689427   6348.265086638784    1         0.7043393865824856
7986.32996547225     -1576.6524016738945  1         0.6220139306510074
3061.8727990411894   -4416.9822460653595  1         0.37776170580083435
1201.9350035660873   -5862.740580653956   1         0.3853194342902898
2059.1614737089863   -6029.60379844342    1         0.6609860480231242
4967.841586013567    2135.943031253876    1         46.08437228193665
6083.6035419161735   804.0061635286647    1         1.2006904622378967
-2207.948198298638   1352.785697790715    1         0.9482844461520209
5940.76522642263     -3892.1220056743523  1         0.24477985711751646
4681.063354524429    5632.7924667185125   1         1.2210671416548233
-1201.401136643036   -3009.0671596331695  1         27.550372119838265
6270.131216431083    3054.701160361437    1         34.193015775254345
6986.377422978086    2809.092812592857    1         29.2620255145481
6298.879457748236    -6723.008827949587   1         1.0432317300007972
-6096.998416136576   5151.468434751535    1         1.1497160966999018
-5275.653026249796   -1746.0500778012897  1         0.32983994961232066
-3086.998309888927   -728.138653179165    1         1.0288524390315896
-1526.823956069713   1998.9929127958867   1         0.2582059816282427
-245.45705597790547  4789.895828254746    1         0.9085602916195582
-1910.8507311809763  -7384.367133171192   1         29.253892452558492
6174.007365582087    -1546.041600249347   1         8.430624990909347
-4121.396225333642   1209.1930662980321   1         0.7600103080290855
-4868.014069364853   4910.456632876893    1         1.129629190467637
-4511.462088428502   -4110.977126419151   1         1.1351834007773887
-24.702672545614654  -1151.8261270449764  1         1.0601530558008143
2418.337387107909    -1946.8676391197118  1         0.9969997443664622
-7255.245630823857   -7576.8635618265425  1         0.3854372047357191
-1031.6420279083034  6154.275759140479    1         0.6112221392656995
7033.563294351227    7737.004182571513    1         1.196001528330719
-7452.478547113632   2902.6023197878926   1         0.5974339619732781
895.3914525174341    6198.749911205691    1         0.7439665377166478
