trucks_count 6
drones_count 5
customers 100
depot 0.0 0.0
Coordinate X         Coordinate Y         Dronable Demand
-1531.1985595117076  10380.790687876291   1         1.2355787833838976
5870.043811364794    3122.9795135477357   1         1.2114131489149171
5712.379230722779    1472.5850963046396   1         0.8991002601589604
-1328.957793460213   338.4190438308849    1         6.438535752441433
13846.000749752822   11891.133562480523   1         9.823548097963714
-6570.648749345363   -5865.901160771817   1         0.1745730989334749
-5608.871171747872   -8559.250858968144   1         0.21085836030114197
-9070.018785228218   -12264.91685333181   1         0.23609593648533986
10350.524506972853   2694.0605590823266   1         46.56792158381377
-691.534792354107    4026.1837983993373   1         1.0831243681097253
-7167.890939602939   -6857.82610007974    1         0.5742347084156194
13564.554270985032   5451.570650750333    1         0.6743462438026009
3261.7984149428976   10313.145684553338   1         0.7160864266951804
2802.634277662201    5797.19231827506     1         1.0928633146157265
-5358.08097689655    8782.600188008957    1         0.895897217886056
-2150.4664167993906  9375.634604303823    1         0.9012193903906164
4603.248387262416    -3143.575215859411   1         0.204287515332247
-7246.548430588352   4521.62223718963     1         1.2451000681726794
6083.538191471552    4395.391003067354    1         0.8909692336303543
-847.5400590440655   -8030.5327835519     1         23.703998628351858
9869.926222441856    1383.740361313503    1         11.766852314933185
7824.134308780048    -1792.9027901438321  1         0.8667998456103595
-3378.4019890727504  9782.97389408875     1         0.8508382043536405
5450.78197496888     -1617.842248378679   1         0.9330152826996011
243.44009670485275   -1272.2478312265298  1         0.9124127161552481
-591.1906514996663   4342.858475753486    1         0.8043643891999346
609.6927119131572    -4287.8864470279195  1         1.1323545145457214
6593.691832661814    -6643.55126667594    1         7.028838645883652
1860.2915465482092   2951.711070227619    1         21.985086372076154
-7318.343783523816   -4010.08802094828    1         0.49110446635999316
6645.977157783257    5423.757984800836    1         0.37178389711284454
-5736.861649441998   4413.498640546118    1         1.0335917843639997
-5945.055297356795   8048.030672800495    1         1.0516587133981459
4288.717164753176    -3540.7455626006727  1         0.21350108393737333
-3230.279872739106   264.0333064439358    1         15.85395835815187
4213.021680482441    -7830.380458952483   1         0.811595611605065
-1520.623366834598   -479.2550369749545   1         1.2453472675121766
4563.250430580044    4651.398435910584    1         0.7141662226481109
1978.4266167447277   -10270.30934332066   1         23.30647754977922
-622.4656137717733   10301.885906511408   1         2.1471114575537955
10308.786976116995   795.5435036179035    1         0.9540893890927609
-5682.536974219374   328.00538875637614   1         0.7698132750935591
-5396.373258912965   7722.9439043815655   1         1.158555330161023
6772.246248452875    3082.452228631726    1         0.143586334232159
-7728.938588265226   -5686.383698906144   1         0.30551103914222844
-518.163368474727    442.54876761896264   1         1.0071699741918225
-3508.0930947377065  4949.147720151218    1         0.7051949859514636
-3099.261114869677   -1383.410012352512   1         0.9993877066252579
-1167.9023139359062  -6454.496349772205   1         25.449094933663485
2556.842925090188    5546.746442248309    1         0.8351887373092713
-452.4339273185695   -9317.89798048164    1         0.6478962242897597
12580.297352631458   13905.399337638586   1         22.004709511898522
579.0212497295532    7530.238632700662    1         20.679914339520284
-2412.0620444235146  -7771.633017639675   1         12.29582429833948
6066.288869483348    -463.76577807424076  1         1.1303795705066109
-1404.8178353664014  5372.444071447751    1         1.232333636887428
7020.271654968254    -12378.36988784993   1         4.249126623474663
6533.660999628449    8414.230918012181    1         0.7619546357326457
8469.469448296693    1265.2774328294076   1         0.4044258580844321
-2481.215369413459   6714.197994050745    1         0.8335032206136775
-4080.877613658277   2116.8973275833114   1         0.5752973630339927
5725.335792776167    -6930.149015561049   1         0.7076566925825558
-5102.19124694734    7984.369715679318    1         0.7922724260816935
-412.089039298793    -9084.464056363364   1         1.131925805353532
-2666.562535376487   -10371.739715483063  1         24.68251263752075
-6510.658035353771   -8757.503211908894   1         0.6415591152901335
-5840.907375679939   7539.6082459503805   1         1.1295725961900747
-4945.333359053526   -7506.8393071968685  1         0.7669099286571118
4825.990966571599    -8584.479069958656   1         6.254163880304295
4456.079492291367    2615.2681632038057   1         0.8712599193404001
-2824.276009433479   -11972.805839582079  1         43.45467150855414
-6211.916429548136   -1347.492832304383   1         0.2434266548291475
2870.666317472086    -6073.598394187432   1         0.7443890143831535
8226.530869959966    5756.52894444607     1         30.067808419833295
2573.5488155657363   -2120.0914348363353  1         0.1773882399063384
7526.609135112953    -6614.79374770611    1         38.29751106672193
4330.912266906411    14014.74481086539    1         0.5288472847285579
-2364.550875677551   9326.356217179879    1         0.4669114907923496
5734.532024626196    -185.88140455822213  1         0.764962152089857
-7531.51746635641    -6437.318568006823   1         1.0647854161057668
-3067.0747111004716  8132.567144957476    1         0.4960100844917247
-1958.3646388093423  -7431.73856029122    1         0.25416756375202676
-2089.041361006428   9349.623042914316    1         1.0278250082545637
-2469.8759173601543  -4530.559758006988   1         0.7675696756987721
9706.961852426224    5844.75657708047     1         33.44977835208355
-11279.680622001382  -8905.189488621218   1         18.338618451082727
4787.140097095931    4568.116682550283    1         0.6553214406817691
8573.069604212944    351.61613232210357   1         1.10356668380358
6262.771712586194    4892.729753914567    1         0.20525194033789743
2347.0255837923983   1681.2724291768516   1         0.8499578960397045
-5421.214225352497   7038.59577205076     1         33.56652466649964
6020.565361847929    -6395.937346947966   1         0.5114379779807225
-6727.184447687668   -2851.695357945702   1         0.11534363942357295
-2954.0152123195985  -10791.160695163919  1         46.758338355778456
-4004.544447885912   9123.64276924164     1         0.9914400217034726
8495.25880938172     6200.758186974383    1         1.2487185493493362
7632.883237305044    -4278.309372443916   1         0.7587301464106152
-8381.290516154277   3504.7312682880024   1         1.1468295441217105
-265.1900292101696   1086.6945889806068   1         1.1739380798855086
8313.195899464683    11208.57580507942    1         1.096811873083622
