trucks_count 3
drones_count 2
customers 20
depot 0.0 0.0
Coordinate X         Coordinate Y         Dronable Demand
-1995.305581179275   2590.6379512773356   1         0.537195892506638
437.4073443468633    -6850.791320876868   1         0.9542879759204246
7210.834169683931    -10936.48856935994   1         3.5658288378324454
15320.538741153698   -11221.480270992517  1         25.334667656043862
-8431.616948239973   -2991.088801358525   1         0.48520853220241
-4386.849540579213   4695.455515919584    1         0.8438859096293979
-5738.617423111508   8981.406191178092    1         0.49992411563063444
1706.6753955162033   8810.198975578489    1         0.14672366437535878
3596.757392061495    -7705.98777130615    1         0.5132823344288064
8868.24413052007     17196.314390568383   1         0.5147462930344205
-2267.6545550036667  -4966.275520249074   1         0.9313993506994295
8876.53291166843     828.9758456399188    1         0.8110224857519724
-3888.4899319789292  16075.373677453055   1         15.460020120963542
10716.77212000855    816.1295269886513    1         0.780037333564126
-343.0944628856112   -6169.872152716134   1         38.358506796510994
-1242.2409304283426  -9993.458354225626   1         1.615617271733198
3528.822999811582    -16620.22309018095   1         19.7812318677548
9272.732258544342    5731.376190308263    1         0.905131772080946
-1150.4499781123193  -7281.263883607315   1         0.8562961988517188
-16074.131654777892  -406.6846474101221   1         0.25207497929348643
