trucks_count 3
drones_count 5
customers 63
depot 0.0 0.0
Coordinate X         Coordinate Y         Dronable Demand
9954.029640225493    8970.272347907681    1         0.8672163674787201
-7840.107265312151   -4172.875074206498   1         0.9536103493252711
-5992.393708104668   2569.0098263597056   1         0.500129097017494
-7393.124991708929   -6088.156034361995   1         43.792894249296076
7529.373475000079    -2415.9808308372103  1         0.6476664166041731
6535.703188554315    13626.3988264209     1         0.8089020638634474
-8464.15517146445    -3282.480012278695   1         0.5568729365873674
-10214.598809632964  -3137.0252432457128  1         1.2377613834098444
1292.8041715672493   -3288.61349540803    1         0.7209575040351536
-8079.2499518023715  54.549411384224      1         26.684819304679483
4597.522849100415    -8855.230340129276   1         1.2258721412290905
-9031.582900380814   3421.4774034089746   1         0.5469169090805981
-528.8214927774931   7097.0005658893915   1         1.03996423341149
-2316.812600745711   -2823.3270565698167  1         1.0967141848372488
-5508.691611805875   -874.3803891401933   1         1.0146674087296013
757.3925551556704    -5433.481033285642   1         1.1231834871982254
8284.231573394201    -2942.560448589197   1         0.7392393726242706
-3086.2902379624516  2523.550486720953    1         0.5855139285621084
7992.573615454677    -2241.97872826781    1         0.4523040556507164
-3274.1753236317554  -6435.26650163608    1         0.6055140988504487
-9999.08877926509    -234.09825558924828  1         0.8127205314427016
-7386.616257005485   4578.626184964838    1         1.1129936963979605
614.7582138724576    7609.195555483963    1         1.0330099351729596
-4942.10540836554    -9440.303765527313   1         0.2574152821467163
-12146.755919914294  -8240.288222460444   1         20.90484289630703
-5032.069997089847   -9072.598737996033   1         26.200131521665085
6748.257877777271    -3521.5816460082724  1         0.8825204918659034
-5099.723242589329   4477.205788328352    1         0.13784213385107075
-4586.27102308162    -4216.8649587263835  1         27.761273246395888
-9428.004716769152   5471.640633172859    1         1.2373634607519826
3451.7085725777106   -7748.142170813925   1         0.9270279894586023
-976.6591737729768   4121.286458818725    1         1.16176234124915
-2768.566226590396   8497.37721755671     1         4.37290992628234
5402.896060759462    6160.860097227689    1         0.8315490847393358
10157.900104766759   421.9847589588371    1         0.18199925364176256
-9059.823969027413   -8151.558066413873   1         35.683332552552876
4857.973115100646    1077.4359180970673   1         0.8566344417711101
-1929.196209586902   -6447.2991153456105  1         0.17651775099255673
-4673.532303057787   -5716.918089783537   1         33.56238198213291
-9032.264036111334   -1066.3959335473194  1         0.2477170581010562
1345.449829177709    58.91646717190026    1         0.7813615983651172
-8849.980707679026   -1456.4815107072893  1         1.1738358521890935
-6237.7980621887355  -5003.013939364785   1         0.3096956629719895
203.98451263971808   3647.9586017419283   1         1.0990957266919206
5955.55466277758     -7081.522841608123   1         25.719827995808725
3773.611930639389    -8125.013124568602   1         0.5892940557574466
6100.890503871446    -1268.1802429229763  1         0.11810821617395323
-2112.107986110099   -5483.553552593468   1         37.73093854302647
1934.25235077092     4969.972338467563    1         0.8822910492824514
-117.27227920469983  -9849.619655177987   1         1.0987243381878016
847.4745730131432    3333.7224068094642   1         0.943228189772711
85.7478737422689     6143.109749899817    1         0.21064657918248614
2154.1266057330513   10532.658624829919   1         46.09676644464881
4324.704852378911    823.2429756853232    1         0.7421030309551938
-1019.9719880296045  -6007.143871476319   1         1.1802356825647353
-2346.50993736825    7338.595759882824    1         33.401892448472125
-10652.945606379073  -639.5202570092057   1         0.8592610834304796
-6919.725746424481   7318.503056306928    1         1.2230170452335571
6347.157793442253    -14495.165962253343  1         0.9609009045522228
5600.289726278141    7955.387251375145    1         13.296896087523196
7225.128603739863    1568.034312297137    1         0.5323915523973479
-10795.194158947874  13030.169481870384   1         42.4175838533849
-3353.898277930088   -213.48156502984787  1         0.25166743602798614
