trucks_count 3
drones_count 3
customers 25
depot 0.0 0.0
Coordinate X         Coordinate Y         Dronable Demand
-1290.664370372794   -3661.9538583712088  1         0.71402303084727
93.88269594606027    14992.239282254504   1         44.49057811760094
-6618.5130499572315  -6054.58104211909    1         30.927114950183654
9280.672618955836    3151.3682367542146   1         0.6042546717137514
7644.650116711091    -3860.2313564189863  1         0.893932717313695
-7696.117555721648   4965.382761863413    1         0.7458221352057484
-6059.518448554578   -5001.823123589172   1         0.9086254257790801
3418.5998213534663   4092.678761985536    1         0.9935815547864035
2664.114155579988    4177.8104359965755   1         0.6820700323343369
-4636.025318595949   4623.6765881750425   1         0.7471445984322661
6184.863414355295    -2783.20998101695    1         0.49150636466345077
4826.901206844777    -3961.000903847069   1         0.39560539774135495
5964.762889082773    8435.41221844736     1         0.794358252524352
-8112.3309773512265  -359.6800119050679   1         0.801745633691077
546.6574295002556    -11254.681345934207  1         41.58556241189682
723.1351128809154    6998.943771160964    1         0.772882898601036
-8453.490694634354   -5066.62047863772    1         0.6051797475548883
-3715.100361200614   2744.2999692300546   1         0.47262557709496533
-246.3969552743363   504.3630571594522    1         0.1171392592614819
397.93329793566676   8986.160585303674    1         0.6476532327187836
101.89393300722874   -5184.030387144088   1         38.40162445176618
-3482.6575492882675  -3815.1092966779042  1         0.699481471687053
-3493.972928658179   -883.5958185426408   1         0.5154263833576668
6554.457124630765    -1026.578342910153   1         1.2444046298177254
5858.276895347862    -5990.492910000377   1         0.6401935910494926
