trucks_count 6
drones_count 6
customers 100
depot 0.0 0.0
Coordinate X         Coordinate Y         Dronable Demand
757.079488708885     -18181.16620083093   1         0.22178591669455255
-7044.583546011269   8086.755892730867    1         13.081695636072341
16712.408670359197   -2182.637310256643   1         0.2154720176358851
-3964.672077294395   8672.88066224706     1         1.2007185493195585
459.2925444868934    -1961.5806032447147  1         0.9704383753583893
1410.6835115561385   -1810.3299310078185  1         0.847877234288368
2777.649060618799    7132.1473395299745   1         44.98082032026841
4573.684414701363    5505.340359314549    1         0.8861879274518544
10177.457859053326   823.2509119785137    1         0.9653548773997291
-4119.269673350509   -8530.891616635183   1         1.2328630879489555
-14636.006279210305  7438.5162525534      1         0.4390023272281768
-3158.3662258621475  6293.065772461031    1         0.8344745484098378
13418.495813171638   6023.276578765057    1         1.1130343547713644
9814.117834012453    1985.832202045939    1         0.1646742686582447
-1696.9669959067294  -8245.114438485445   1         0.2387193834498995
1995.3894158222504   -6663.617422968266   1         0.5585741750752383
-4918.755918473571   -15519.510525607773  1         40.896337633385556
-7158.270308390702   4432.374128067076    1         0.5367045007793935
-8905.622022070318   -4000.761421870442   1         0.3336799450116
6020.379549608828    2343.6057950883237   1         16.77021992329793
-1998.621502737658   10614.723636835182   1         0.2762631700760654
-2014.7560375983353  2021.312716414069    1         16.072742915128003
-5358.485007437993   2504.0629031244225   1         0.3905098316683866
-1326.7212658431504  -316.10852773223064  1         0.12290796549408071
-5065.083225672014   -5123.2322982592195  1         0.38877842141856134
-655.2086893199136   -5113.603867169609   1         0.2564360991743719
3927.6814385670914   -850.8425853066321   1         13.185273986638917
-2176.589176321613   8935.157725363695    1         0.9251669262441162
-5979.498405256138   1649.3524325460546   1         15.65282904862715
-7620.582938513451   4463.2160820920735   1         0.3592078010702211
-9898.133481455412   397.8656426844868    1         0.586306547097001
-6927.403817142656   -3165.858663190825   1         0.11879864195030439
7757.040309092742    -2416.2521856503804  1         1.1196103088355247
8020.11755047411     6909.951150033306    1         0.5070183268991322
4182.577920743634    -6292.903629942711   1         5.329888799780136
-4701.064927114514   1855.845121039923    1         0.9604331818781257
8673.562409622227    2247.6177271080123   1         0.6858661906087083
18044.469451336314   11408.618195972856   1         1.0446382464214035
-5791.83865827941    -10886.566119873118  1         1.1404264623142548
-7159.441700959809   -2591.037956496928   1         35.686434547034175
-8075.574218664003   2490.644838596065    1         0.4124058467790872
6806.829687797754    -6575.036597484403   1         0.20966808449127455
14854.649477528612   -16347.939521292174  1         36.03687917773869
861.6587447687876    3312.16881670115     1         0.4500028949644642
10263.39000232498    1563.7601105631854   1         0.23360829704348257
-6492.169375384118   -2636.962603855398   1         17.46884849302974
3570.39684109264     -2418.2981833272725  1         0.5794247079445061
8462.246605406868    -1298.209913905177   1         1.1453162574775082
-10146.480818462947  1068.2112873205585   1         10.393564393488258
3103.943108373245    1667.8192668992522   1         0.26842449803532653
2228.1812917296475   -7292.381798053041   1         0.6992680377217874
-2378.545513819227   -10055.014690089327  1         1.040698227815697
5271.682697825303    -6913.000073348487   1         1.99573842365299
5857.601700780135    8347.144977676959    1         0.46659538623113617
1301.3164095819777   8226.429575096166    1         0.538662456872281
5176.283238234159    -7308.668535724002   1         0.448813639924158
646.3463857296799    2274.10686996183     1         0.2872850042949946
-4825.919314060153   -4583.834058551942   1         1.2414469010862423
6859.254220485746    7465.2323807392      1         0.17209271059695602
-988.9254627427523   -259.56594020715073  1         0.3190121925360263
-148.43641270998563  -8482.262253591289   1         0.708256353255828
-11933.154479817656  -2544.7657152410484  1         10.985322832366865
4549.075725166673    2481.3329479921786   1         44.34109648182654
-3205.195693190996   -4342.265623017816   1         0.8397189044751232
-17220.29070225371   656.4487374234377    1         0.8477380929015357
-14145.94042966442   -10690.402483058424  1         1.0188483515398186
2652.157842113424    -3502.1455506070693  1         0.914303412912736
8662.52476139526     1902.712617633642    1         0.3901296143568278
-2507.562827068374   -6179.9346687727     1         17.305883279283602
1696.7327166140874   -3175.3518029581783  1         1.2249362576697458
5548.874951064395    -3633.027837346398   1         40.27589582226983
-3783.1155536838683  5813.122658367459    1         0.8898335508783735
-4893.2076973040275  -7826.549271466285   1         0.7927954588684824
17545.17793730321    -18349.158733673554  1         45.520411132265984
3803.7327435774364   -10147.515128606534  1         0.7166512884358992
6752.276848785472    4774.047671113648    1         0.3526948333149127
-2173.904568680671   1292.6533176728851   1         0.6427214445197821
-2303.600172467771   7398.737827756319    1         41.326215824172664
1293.2631055243626   6007.843605174623    1         0.9242697153179789
-4522.405927482186   6875.128915101035    1         0.3315473493847415
-1099.9919318484488  -4931.596220053614   1         0.528969614956067
2125.311949640607    7178.9465445188725   1         1.0259062633642413
-5310.4935493063285  -3713.6710314255192  1         1.02205525936171
-3467.457545335282   -1349.2204608528148  1         0.5933725666641692
-5702.900388936111   2794.176918838468    1         0.8851695913815832
-743.0563607345644   -3021.1229901100696  1         0.9451483736075319
10879.118620644429   -1326.5709465326618  1         41.01560605370996
2613.1951159290074   -7287.613516339308   1         1.2221030527008991
113.85205949530915   -5075.470340753804   1         1.195243140667331
-1759.2754555804408  -7646.574721432281   1         0.5185177618710736
1561.5501912675168   5530.442134575861    1         0.8302298610602252
-1620.7429242313551  8321.289747676467    1         0.6627741106259634
1365.5305999506454   1132.8082834538545   1         7.828172427880746
8768.670401680716    -14024.157866376492  1         9.074203576305088
-5791.086909580173   2313.223800564926    1         0.620887193448189
7103.018406829993    211.5615804790145    1         0.4113704425704108
6775.147187443639    2591.7902436828685   1         1.212739751654942
9567.214158932215    -456.1262346005933   1         0.8940343434718296
-1171.839295834657   -10524.337099380822  1         0.6617346756000332
3080.825079744761    -5406.716295301904   1         1.0782641728369289
