trucks_count 5
drones_count 4
customers 76
depot 0.0 0.0
Coordinate X         Coordinate Y         Dronable Demand
2975.2804240688083   4989.095845227658    1         0.44476354858487843
-1702.912262575365   2880.195708230924    1         0.2357280867746242
4599.744029595396    -641.9264193192085   1         1.207648801894785
5175.914645233598    3543.414675133767    1         1.1821182014337863
3234.370443797812    871.902910347736     1         0.12159738137065917
5889.289668474401    -4871.476785465771   1         0.358539622413494
4927.823632018461    803.8141038813861    1         0.2714142033708422
5148.484172070091    2075.5718212361967   1         0.7923870700102277
-3924.3041283105495  -4747.473386401826   1         40.73424628708668
1990.235446302017    -1212.5006666313773  1         15.82410580377301
2066.251884885658    -3206.2295938819184  1         0.334649824527035
5182.590803578666    -5814.227981131288   1         11.398345935454024
1833.0838327388146   -1440.658634068588   1         12.678179530894033
-4050.109803590164   1131.4401851627324   1         0.7271511982393862
-972.0342992075202   231.8649368850438    1         1.0553390640309177
-951.2596716774952   -5197.6395725740385  1         0.7104745078636919
-2152.491676710371   3695.865167538361    1         14.340315517197256
5570.249951965632    -2161.405399108292   1         0.29529500606850406
-5513.574668022773   -826.515298183815    1         48.49723900641113
-1692.2663637960977  1795.2442091869893   1         26.435881095339
3430.0709435926105   -3283.280299966561   1         0.17099741397990992
2721.1287610832924   -5205.802201552653   1         2.086792273830094
4525.463633878629    1481.1164408145512   1         1.6763599975020862
-4019.3011383181884  -2809.765330447445   1         30.896267923884825
1916.1701008813616   -2317.208780308132   1         0.6066637264958966
520.8378399082907    -1428.4323429619824  1         0.2988691610174776
-2775.4238684218526  5522.7035204831645   1         47.95401344081937
-1332.8613965967847  2789.2116401768117   1         0.8093500145061169
-2443.132447823877   -4728.306172712784   1         0.41335533280280357
-3437.00524018273    4612.992799092238    1         0.3864138892428579
-4661.302608492664   -2784.9096788233774  1         0.45203063514361574
-3054.440501923136   -5038.269642103928   1         45.59876473716606
-2386.143622206      1882.4729590161614   1         0.10563656169649546
214.96112213181866   2713.828746849256    1         1.235236561878144
-3244.086031858254   -4830.3342633118755  1         45.60817365557476
1678.5917958460673   1058.8220630383341   1         0.4471037436573204
-1326.6018359235588  -4581.678733915892   1         0.8605750199897798
-261.10698518946356  -488.39194436818445  1         11.574561864581412
2205.8201985029987   -5319.17819735685    1         0.45607421668095516
146.8583665788976    -2200.366948890353   1         0.4998454262496481
1919.9967680657624   -4444.397116594319   1         0.4673100989530782
4083.333942739393    -5828.204631217441   1         31.37775731553659
-2121.422413459797   -1960.3644586349171  1         0.20182175259666313
-4032.490301127057   -4792.809535685145   1         0.1933051105533638
-5529.230030892013   539.5415812630365    1         1.21258206198471
201.2684007214277    -4894.240350814464   1         0.6799195416641504
-4218.138383638866   4032.547006430558    1         0.9322808623920781
1900.0894918314862   4180.3537083097235   1         21.14471712519097
-3416.9709032301453  666.8328633313386    1         0.11266007333469721
-2961.9496951843817  -5611.0606872069975  1         46.96230078885705
-2794.5990254851667  767.8608739344069    1         0.9242284683938258
2166.905221387267    -1844.2180916543912  1         1.0347370514558696
3316.720777701253    -878.8669882593484   1         0.6703581972766572
5226.1384132409075   3872.850861754021    1         0.27823477975919375
-4970.353166829339   -4419.052209944442   1         0.5609653272261711
1617.4296624705569   627.8206664380145    1         1.0992497834755064
1665.6772773014254   -1860.9838827329918  1         1.0796273869037463
2890.1972527582943   -5112.934700839574   1         38.10801596283178
4147.013186638689    5357.663906128349    1         0.2774594027146652
514.2044456595222    1534.981527035587    1         21.298929887162767
-3591.025078367446   -4594.052030835561   1         1.187292624744885
4653.4413550551435   2587.6795115271125   1         0.32412315633303135
3144.929648641977    3756.4579725725216   1         1.0926671318152061
-4628.896875239811   -2911.1632861352105  1         0.4930475174073351
-1563.963374440221   -5892.59958907986    1         0.4672342763088859
495.69934464224116   1515.2219027273513   1         0.1265549563185481
-2567.0575446841035  -5652.17729512369    1         35.0760007036104
5342.38966164407     -4400.0557233702575  1         0.18959917911210347
-5038.23010807146    4973.882946262544    1         0.4417293731532105
4476.463669519037    917.864801038006     1         1.2418388408212662
2697.584442922571    1567.8986185534663   1         19.162930188661615
-3325.348595366625   -4314.278254966569   1         7.338765775876966
4940.655239428119    -5503.073929693409   1         1.145671395697131
-4410.478378121912   4217.4029369413765   1         1.1712903622262218
-3491.0822348950387  2277.1868053297144   1         1.0402320334494377
-4999.767672354976   834.5496149244982    1         0.31436227394826877
