trucks_count 5
drones_count 5
customers 93
depot 0.0 0.0
Coordinate X         Coordinate Y         Dronable Demand
-820.0969659536014   -7727.899256898339   1         16.014683489971773
1484.9878419151737   11266.38662749173    1         44.694100863018335
-4129.712844530864   9387.583316465802    1         0.6162857475814008
954.9503057193158    5729.820668468891    1         0.35318174963746807
-1709.8512497571464  8724.522602886493    1         1.8137579098275678
-1821.3322740910887  -9528.944310170886   1         0.31757516500189764
-4609.962978536144   -1337.9970843938586  1         1.1348199385717859
-1130.0068214366074  -7425.845689087045   1         0.3821028050238414
4000.5905808261496   4555.836573919039    1         0.8298872801412677
-4751.519021726396   7441.3663431719515   1         0.3318942127899761
-7385.40672826186    -2799.9290089911456  1         0.2511860192286789
1797.5115077709122   -7411.806099522911   1         0.7634475119792326
-6668.915947620884   2127.3811314747795   1         0.1184016593950029
4914.4818660997125   -314.5773647760956   1         11.614174749665269
6068.738070289481    -3210.7982920800105  1         0.4668906481385404
-5618.895386035381   8070.317991372765    1         3.3814331823728576
5214.0291240194465   -6975.179134737206   1         0.31936453924649594
-2106.6678363569263  -8437.029612453114   1         23.454094393936263
73.1323939420023     -7929.741937569851   1         25.571301952368334
-5814.152025052259   -8399.058569600513   1         0.444061188434569
-4136.8121848946175  -8503.455533274904   1         6.7125069455552735
-5282.266544537582   7086.660077125035    1         1.0351322143562591
1848.079681470251    439.64888141768006   1         18.20090991274253
-2162.4338102877437  8086.255689132888    1         0.17221339312794937
-6127.899393834838   -2929.6528015644026  1         0.10892191230242501
-7064.430009374969   -6360.605656012377   1         0.2583414172966386
-5390.825576278944   3957.7327618401373   1         0.6742998638148343
3176.0549027577526   8625.612174991626    1         0.5815894980178227
-421.2712695176051   718.9945379941619    1         0.42015259970044994
-10229.446206931798  -2096.0830233925108  1         28.104070009289043
1581.199616610168    -1629.4973705435918  1         26.27481055446276
-2931.027931022079   6886.44080845415     1         16.34759471212906
-1693.3942238443844  -8066.638152025627   1         0.7166610877887867
1556.7299472832894   4920.691327076616    1         0.7781510700696903
-7893.499974305573   2404.6420886272263   1         23.71536791620003
180.9512849329538    -5976.722352318991   1         1.0529396038100716
-1991.7320726679586  4949.4582985298775   1         0.16736711386052883
-9955.256085027066   -3969.830758813918   1         1.2112988297829042
2121.9154652895813   1317.168773917782    1         0.2918075510673874
8894.582238674742    -4056.608835432995   1         0.14422694066856143
-1463.303870727067   -3261.5530423683     1         0.8976337559819841
-297.34501864382116  2360.1470771658887   1         0.5677286803145188
261.73990786408496   4715.660439039263    1         44.52295273034818
943.4927256631956    -7933.532330279446   1         17.61704769704971
-8884.924837535644   -7895.936623407917   1         0.7270485035943435
-3515.6605901032012  1088.5311134001092   1         0.11474675371519805
-9932.538864912061   -850.8448875966868   1         0.4054205653316455
-9178.573610278625   -4575.121687552937   1         0.9410694871936705
948.2344059052185    6519.760769525194    1         0.21085839973674714
5255.923689046735    2561.7772134054158   1         1.111991153498725
3263.058665328513    7907.043959756602    1         0.44743259456018913
-3832.1819538669683  -8933.946507425888   1         0.6328649618942087
7246.032125411999    -10677.424348529645  1         0.2825288468467725
-8161.85341743077    142.19180819336228   1         1.107531577702284
6100.886012186045    -8521.307128676093   1         0.6642227293120653
-9261.284968253489   5321.49989907201     1         1.006523897745718
-6767.42184126545    7332.827927487778    1         1.0730783192313837
-5047.373710495073   6049.213557509989    1         1.1262176651370388
1570.7533710094103   -7043.060445958377   1         1.1366593547201023
-7125.835477959353   2934.296562028835    1         34.60849240724698
3020.999889869182    -2257.550691607847   1         0.7166884712547833
5913.800080101762    -4032.2442908217045  1         1.2323983812662067
-3713.2023008434826  -993.9424061604477   1         0.9129770833645557
3588.8019804893815   5322.532362817431    1         0.36566765074078544
8714.63950851439     -5814.64148712813    1         0.7746715811879317
3481.8934423352744   8608.325591191506    1         0.5754745728630168
7248.783862177997    6225.980871428384    1         0.12118899926917716
-7931.150868926751   -43.83441927763388   1         0.24717348851034882
-267.4334520236731   9148.075049519255    1         1.2042805835475037
5728.182924742275    7738.657636597363    1         0.879938012689742
-6957.529375020958   -3744.0779708086893  1         0.6249925571504262
333.70774902867726   -4330.396757670578   1         44.633751436093675
3749.6628965951386   4673.9310201099115   1         0.8512445889152076
-5299.232665182043   -12631.123727349725  1         0.3380520246428588
-6783.120455479325   4859.050568592954    1         0.7022983091439823
1879.9973716255902   7606.262725792409    1         0.4573130495189994
2080.7291955225915   6410.3321659245075   1         0.24796241258943091
2610.8080902732136   -5632.984290334115   1         0.343144564758326
2920.250490801662    4463.475567249946    1         37.476094030660015
1951.2785023512606   -5772.390041666964   1         0.4630246675620995
4861.093104900866    -8943.843352216578   1         0.7895656487277743
-6881.149992025826   -8910.31320422842    1         38.05024954067307
84.66065878305416    -4492.729065890228   1         0.457482704084041
-1706.1973427766288  9257.07287878778     1         0.8137418105267764
-9791.895791520932   -1574.2737440374367  1         33.69705045081909
-8032.799488105578   -5859.174266554381   1         0.19115682855029253
999.8093401385436    -10281.794659765137  1         30.157249368915533
4736.981733517789    1943.5105921513143   1         0.8756268186776756
-9029.472613345175   673.1842197150386    1         1.192418723640533
5673.463070917885    -9311.117989781078   1         5.073710747452047
7541.932022431257    -5317.28313378378    1         0.9322393462708394
-3922.1996198830147  6190.778558730744    1         20.075258752625466
-5655.7046166724285  6440.618517636337    1         0.5539375016476087
