trucks_count 5
drones_count 6
customers 100
depot 0.0 0.0
Coordinate X         Coordinate Y         Dronable Demand
3816.9853778856796   -918.2742414283148   1         0.8577611980711088
-433.8865413563089   -6267.519485214602   1         0.827289301710279
-4595.233228689316   -3417.633282440056   1         0.2074977698264283
9974.964855111983    -446.3512908490805   1         0.8678499723616473
-9251.904843465967   -4361.282795222015   1         0.5929294306398305
11382.114851907385   8135.370404150281    1         5.109787337708525
-12428.165333222154  12705.578897788391   1         15.759938367332216
6946.306394142577    4585.410185390456    1         0.8256631816097639
-7138.176010326182   -7843.742606090444   1         0.28225368415357766
-13379.354558268846  7445.461378357113    1         34.566025471308826
-4645.942266616423   -6578.6235421361935  1         1.0364031541489207
1183.3945681388627   8816.34820101653     1         0.20049372847956992
-2319.54666203224    -9879.051658069744   1         0.4991840558624455
8755.728031430777    -4721.45672976958    1         0.11694818703859017
2731.0583958349735   -1016.1332138903679  1         0.10614260666478019
1171.308615915264    -8028.355429743163   1         1.120822703321287
-10286.825627357792  -1971.2555444407396  1         0.7905924283116289
9845.697826105335    -3019.8832391426695  1         0.6703632616664177
-6737.665537086243   7866.023487573244    1         0.3257705190994376
-4169.010247118642   -2190.987447379361   1         0.35044747526467046
-2803.8904973412355  -9750.203982686095   1         0.28049065479368057
-64.11914405242669   5994.550127253715    1         0.7820937405862797
-7685.6491879551995  -267.65737673281365  1         21.50838482666373
5253.784097442175    5631.67935383108     1         0.9742632295699692
6447.4323889226125   11625.680018663496   1         0.5582271655761433
9879.711253851554    -1279.8895004268625  1         0.38084083711487804
-4830.973981892807   4114.642899449311    1         1.210192934864835
4888.316046306203    2205.0756752153557   1         0.5442643218200589
359.02805149839116   -621.9257046584627   1         0.6329574982765996
694.5468548940207    4415.232784467948    1         1.058912162227453
-11025.131509520786  6809.163256016584    1         31.301112084104254
-9278.589683401744   7609.548783037086    1         1.0119975138552348
-1799.5797171736806  -2244.1207545210846  1         0.3266355692094657
5967.449577979657    -398.7282165632116   1         0.3760532950405573
1935.3327350273257   -8293.703968555019   1         0.307215599988275
3504.5853790962237   1318.9438912282242   1         0.1588060955012353
1163.7399839508098   3751.7981723780745   1         0.7331569017055658
4202.083350756026    -2358.9586914900888  1         0.5787433733073553
1856.032469706093    -10019.562555586142  1         0.7335865155963669
7924.837836109214    -793.492672595494    1         32.15962065050038
10625.819715154903   2344.331708576781    1         0.4827939199820942
11144.34313452997    5914.590647785908    1         1.048094926454678
-10850.545117142721  474.8034341945682    1         0.6529494115349015
11454.826697975697   5568.185987623614    1         1.0680348774505053
2862.1365350704677   -394.87517146386784  1         22.70885860840592
-1673.2843661276013  7755.22638422325     1         0.6910509717698006
3560.9342754677887   -3452.095818574246   1         1.021330955232848
-1819.794189375801   -1757.4260366923552  1         0.498428196669616
-8877.838618435027   -2294.7237904299745  1         0.7229968694168856
-1564.5192263065908  3569.1072972938396   1         24.264575906968197
-5447.719545514193   4134.061205417939    1         33.26122572990207
4251.74147148268     -9633.337498808509   1         0.4696604531601525
10215.546187620896   -4148.527421784247   1         0.8654925700721369
-8868.995851776488   -2458.834388590197   1         0.49349175381964083
-10023.184379529685  7158.490603938602    1         18.467561550621348
2183.858993455438    -5847.159435621887   1         0.514709976364489
-4051.0382083630075  -3980.9990027746117  1         0.969843573733973
-8791.410023300905   -4877.818087254171   1         0.21313039358856883
-3323.579041091579   9638.613239574968    1         0.9767170365543807
755.7145696863981    3814.993725395986    1         1.186073684967769
9572.823403944074    -214.87488437385585  1         0.7983346328570341
-5017.530401659099   -8366.451270022057   1         1.0126808157059497
9075.261727327827    -1330.2930599387098  1         0.4751235409289992
-3042.57336251494    -3651.765828498291   1         1.234719108185441
2929.869153273724    -9495.993107790346   1         0.7533048311977854
-11506.192543987743  -1504.7268977951935  1         0.9118322636521701
-6881.964674853298   -5008.674320242517   1         1.0588074197919388
3487.682193244235    -7716.162843653502   1         0.2682597724670342
1491.0284625014174   -1506.4579624424068  1         0.14530331919607958
64.65844411245804    -4166.7483713956035  1         0.579302217869092
-9115.986660680363   715.6329352090745    1         0.591443839571492
5058.5971740856385   -6397.034885738467   1         0.17490815331991172
-328.0025015121228   -5591.369449229078   1         0.34429235003910524
-7724.116064898181   -5272.226834447162   1         0.5208482275430902
-7980.782046481026   -986.01294442586     1         0.5754522097859555
-10388.955873497338  -2446.705010322892   1         0.6269021829125614
-1743.9533457912112  3767.0596757161134   1         17.333305904547828
-5548.450531104791   -3212.539526336661   1         0.7041621313835448
2014.297818174305    674.796158952998     1         0.6579891546755722
7266.301167134587    -6862.971528995157   1         1.116317988588342
-7844.189156205898   5197.238985274184    1         1.1153677744620156
-8390.33760930635    -3507.0191691495347  1         0.6271437445923893
-5619.914248144104   8121.045717607938    1         0.23730965244406796
8199.847954315917    -2813.145705503695   1         33.040779483937875
5782.162148272048    9182.37122736213     1         0.6640232287930001
-13507.182690441241  8555.553542694632    1         27.064516011094252
8092.500823261367    11964.972683900041   1         22.460322720011163
5410.11513286998     11758.049647467766   1         20.704382550590623
1908.3667139165195   3124.398874934926    1         0.5150824383125725
-8153.169870604689   1317.5641451333877   1         0.2273894960134492
4009.561270850909    10547.82644929598    1         1.0529183590161282
1904.0663049407426   -1835.0840801576999  1         0.9782782906324851
-1225.6007621665042  -3450.1237369731007  1         0.9838868822138753
13306.679478904249   7628.33778460654     1         7.725707908103795
-1775.089623003195   6434.273551018072    1         0.26013145989861125
-1915.0035964783115  -4016.1255634556865  1         0.4422563284182385
6659.220344171246    -2271.2208010365803  1         1.2378101503824535
-3594.3657134394516  9859.811006986016    1         0.3482175567530597
-4124.364406751481   5408.4085560173235   1         17.931046738649517
-3089.5706910571857  -8999.810566766095   1         0.10194510726963624
