trucks_count 4
drones_count 5
customers 50
depot 0.0 0.0
Coordinate X         Coordinate Y         Dronable Demand
-704.7249439097548   2511.6456258163144   1         0.9712018794682696
-7201.406933437639   -5646.293670565661   1         1.1710243177719881
-1847.0946310476354  151.34696029583333   1         1.0051368421481646
4012.7874715133935   7160.686013061381    1         0.9744331314544759
2356.887465095526    4266.267465787424    1         26.141689239908725
6314.282022096104    7049.896672647565    1         1.1649966294346399
-5088.879683772014   3033.5659839067644   1         1.050987234445176
-7046.844659777586   -5187.087404036473   1         0.8209435880896583
-431.23809416602654  -5257.625702842112   1         0.14181472243517812
5286.271104468266    1585.5734463242607   1         1.1576607498061575
-6875.539647223974   -2572.149407809944   1         0.968659916072641
-2025.0301664042718  -1830.9074679563373  1         0.1912747123101356
-5205.606514700757   4052.985232161736    1         0.11875484459047143
-383.0680686641045   -4159.200466513425   1         19.15390925582623
8166.076547831688    5909.972455128402    1         37.526228358478555
-6400.120492351839   -7329.870819071635   1         7.066508352139851
4261.088963237886    4779.027680328523    1         0.39615184150178495
3561.0143607982504   -3786.3244880285297  1         1.1010269252003504
-9241.054592672921   3749.1048090463646   1         0.6524373362849669
-351.15177302685777  -8161.992328842543   1         1.0476202211278447
-7508.076748176265   3905.6978518291967   1         1.1838014134136294
1896.1816906332458   -604.7930966738322   1         32.464391094789676
586.8782930355919    1541.5884869106121   1         28.288202168141215
7971.345101532175    -3817.8164158952086  1         1.1345691723741644
-2136.13467709895    9308.674600002505    1         1.143332646778983
-1924.4599048864195  2526.0204604512473   1         0.2879718793596322
-297.51654371839663  -1007.6634272816858  1         35.97149482726426
-7027.560357741524   -4325.90905216078    1         0.12297150971585905
5419.293234877247    4436.679159818044    1         1.049720997181997
2841.0664842444303   -6336.189586884474   1         0.2490042301670781
-3883.2717317048546  -6834.22554911545    1         0.6356519453527052
7965.496579016273    5028.836074672299    1         0.9093270033374808
4920.36391691083     -3508.618978162478   1         44.58746372604239
9093.15786575757     -1398.1104390235037  1         11.581178629469274
1219.6410413651738   -3979.836361398502   1         11.643832250781543
1653.8549905239634   1800.3799552932542   1         0.526737095767625
2833.931248629279    -2497.2503327843137  1         0.9912392488917515
-2217.2353997884866  -7134.91016097441    1         0.8593023172992202
-430.38830013096367  6281.258649358979    1         0.49307502650289015
-6480.1803653207935  -4747.414199417902   1         0.6394682762177601
-8165.714570724343   -949.0138525487829   1         0.4113602111201141
-6017.775332060723   -2999.595223914272   1         31.069056756894888
5832.73346074823     -6940.1325321215445  1         0.7012693242746343
-7944.77956262112    1915.2679811566252   1         0.5552698617966544
-9020.422930532915   -676.8319175295167   1         0.7299964457927572
1906.8084267925203   3305.317191698151    1         0.2805003489819431
-6832.094175900327   8218.822841632895    1         0.35041014598202935
1335.8105831480411   6216.296199090555    1         1.4748416723344389
-6087.223806112271   3350.5048548126238   1         1.1284917427831125
6995.290058650027    -9325.052370066544   1         0.8407337249814509
