trucks_count 3
drones_count 2
customers 32
depot 0.0 0.0
Coordinate X         Coordinate Y         Dronable Demand
580.6873747052499    -6927.448603224731   1         1.038531300388776
3557.1514081200594   7781.369707075796    1         0.8014523871472194
-4434.363684947526   -591.647325339613    1         0.3469764579735898
4226.7158628452025   3055.2017318038697   1         37.16483467069943
4509.191533961243    3205.328869473024    1         0.8800979256361836
1121.242052730548    -8163.047939301745   1         1.069598388243444
10045.678558718502   -2919.0263591081152  1         0.662972966425197
7393.582428280159    1996.1537238774993   1         0.8220503461198596
4542.7645135285375   776.7903147527784    1         29.398561235915043
-2914.7484322735622  9856.435942778684    1         0.7309840460865313
784.7358846348034    1661.9410726189017   1         0.49016402208627263
-3175.999919446791   -3618.000987307827   1         0.17267395086489404
-5823.714974148751   1302.6493868085815   1         1.2418874327394036
-432.9241240891279   7995.504928610695    1         44.27314436792626
7892.000837747232    -5861.278638993379   1         0.9670269128291601
-9562.586786313472   3831.4368079567644   1         0.5324848989583288
-3266.8745218560107  4501.453908280448    1         1.014487998522135
6871.325603619829    7190.046839605395    1         1.092277139498921
355.000607704862     -7050.258341113966   1         0.561681376498324
-6096.326964614708   -4942.292022401999   1         0.8414890213019945
-6160.596155430232   1779.4192348318825   1         0.457633563563832
-8673.508280478098   2650.8722461712164   1         0.12863468783934573
-10001.238751268887  2771.391380118166    1         0.7756829338306701
5284.865962689483    -133.98019337361418  1         0.973562329451895
-3513.2080844197285  1559.3909387765582   1         1.1520982645652438
1989.5052413165151   -2782.2570082682373  1         0.9425574269672616
4076.7181257827037   8731.291321260298    1         6.927544678935632
9980.195005491982    2842.771708801555    1         1.0030998074164996
5707.076673799511    3906.379304794345    1         0.29082171057912
6388.742072665624    -8580.828036067613   1         0.12452588990132465
2661.6230661999034   8622.869071970465    1         0.6626910111510761
-611.1567195425715   -10438.487628761632  1         12.019068975171102
