trucks_count 3
drones_count 3
customers 53
depot 0.0 0.0
Coordinate X         Coordinate Y         Dronable Demand
3800.9512310928985   -3117.1568392905847  1         0.5003807968629962
2576.0741927352087   4120.651089314118    1         1.1919121266668176
-3405.1052460766978  2167.326434463784    1         0.9700525543375547
-484.592916912074    2395.0329651165694   1         0.7878982822688037
-3738.633807029827   1049.9883438279753   1         1.16930766020441
-1933.6316351250516  504.09268310751344   1         0.7666820335399106
3642.0761691791645   -5101.691928600585   1         0.6824384874999968
1798.4027663825088   836.5275005593908    1         0.36238134368114483
522.4159334085119    -2956.3080344223486  1         0.5616009911774418
1336.3459377693073   241.32301162711988   1         1.06045177434347
-2819.2660287634876  -3819.7485962969727  1         0.9621728639653297
1003.4115706890716   -2006.8314861690183  1         0.45099029913995736
694.0288343060399    -3692.002980844983   1         31.954520842392895
-1673.2300396773244  -3696.35439430568    1         1.2158995356053721
-1235.6015587321442  1945.2527991445033   1         0.9643375477700646
941.871139375677     -2595.4018732669724  1         0.9982982746990121
1819.8915852789007   4190.238018455129    1         1.0870396435664047
541.7505979622393    -3168.322254068219   1         1.1639234306079222
-4873.47425868586    3927.7142114507615   1         1.1465804785480278
1491.3848520422157   4033.5851930590916   1         0.8619735092765838
1342.7017195616431   3115.4517627800697   1         1.2446009802770084
616.0650371226823    4207.274434108071    1         0.6037474079707588
-831.1325885645077   2153.536803604236    1         0.8657367187866021
-3874.167129506968   -1311.5881559084282  1         0.567503537703223
396.1339203833075    4387.159779928446    1         0.7680566355066275
-2085.471315677512   3899.184697256541    1         0.35791579300656373
4249.337660429607    -4270.878373929674   1         32.34569137438895
-2597.050212073293   -2341.798337286747   1         0.9248222118438932
1457.581590231927    -418.69527499843974  1         0.5288923044881959
-4263.8156834951415  -2791.4476050926633  1         0.7664892936352601
-1795.1347942803948  3130.701885413363    1         0.8923194892315436
-2589.877128273263   -137.6940380422982   1         0.66979176394813
-847.2940351540119   -1116.9753660610795  1         33.40954966726394
-2351.3508456687146  12.189162549333982   1         1.7650503367691321
-2033.9679572839     -2576.4313029032573  1         0.9206878143014492
-1354.695278515642   4118.346017039913    1         1.0858820990507156
-436.2754183992416   5166.552944005058    1         0.11705616606669322
-2289.4628748597283  -3719.549033326499   1         0.17235765648354318
-3906.7004753908845  3697.346313071828    1         0.47645540397535513
-2585.8627679048423  2116.514802924942    1         1.1660760095512717
-3623.8141896787984  4820.031687091737    1         0.3790822463493456
-2382.5860917388463  2029.0126744673414   1         0.18102020455984225
-441.9050055899112   151.55407356489545   1         0.14195050876167425
1400.851614539022    -4557.294708497984   1         0.8383773282526716
3756.296409135559    -1088.268140502788   1         1.0906037302865286
-3249.9827956097884  -4340.328158625015   1         1.2274484087021196
4640.293806540195    -2561.912440384806   1         0.3830932672030386
-3627.0709609285395  -3870.3222955847077  1         0.38860721317524716
415.08990272167335   1013.6441886172388   1         1.223491751630273
-2602.9934747234256  -2204.7818307844514  1         0.18889463594546335
-196.43422303434454  4635.086896542261    1         0.6316955770965661
-4819.039547191088   2058.0378392222647   1         1.0527106400406205
263.5559251052124    3638.9124070214584   1         0.252990760333645
