trucks_count 5
drones_count 4
customers 94
depot 0.0 0.0
Coordinate X         Coordinate Y         Dronable Demand
2311.101068706413    -1875.1288828742142  1         0.8643409025443907
7150.000185462886    -412.0351301881792   1         0.2541565494688306
-4144.503225781224   -8226.541309191343   1         38.99996164774362
-7700.828558131207   2045.1656952060082   1         0.5445470959165875
-1179.7986954010598  1539.0525613014793   1         0.10859028564653048
273.1226361844524    -8197.36599336477    1         0.5638573774404521
-3801.9187724755334  -6541.824259398347   1         30.638970524775562
-4826.0954831541185  2424.212508506075    1         0.9412435299729585
8293.82733108588     -3569.89905652589    1         1.0189302360443804
-8204.650122254177   -5411.1931974726085  1         0.5087927467699408
-3181.759943633167   7698.579203945834    1         1.2479715236590747
-3179.736076711609   6582.109378085559    1         1.2442042373467759
-5161.400157125268   -7043.766250788284   1         0.48281353964373686
8943.686706472286    -3895.485884294269   1         1.0767978798891122
-8722.233872839211   8886.107928814188    1         0.4691172668393906
6387.506750639362    -3698.0955912373825  1         0.3025781473048811
8578.820337952546    -3191.366576512118   1         0.6732910814011437
-5725.975384696667   4032.684980074753    1         30.071740099150325
-3393.9404854871273  -9191.011464844032   1         0.47429509028712813
759.8013540815083    4097.879244198036    1         1.1453639262019433
-4356.229708688161   4645.139603615432    1         29.44158843873642
1173.4660930069067   -3323.8647657376027  1         0.4463468325890366
-7490.75901701724    -5920.27740203725    1         0.2540486045038052
-8813.243173611578   -238.00485201484042  1         0.8222628416789532
3688.9378867944733   -3705.6048640016375  1         0.9014963471168269
-7984.923053182504   297.9679492332596    1         1.0548760539208406
-3255.7205338020353  4292.016199593905    1         0.8371152439805668
-1675.2565142275253  -2788.717259064132   1         0.21950974417070535
-2867.8458380032457  -2413.3537792580883  1         30.821533654035964
-846.8745748671748   -1646.3978977831841  1         0.13799106481020482
-1577.005646679044   8647.185679525686    1         0.8837113869348944
-2635.5331211614343  2038.6552366380513   1         13.963755925593269
9099.187109349019    5131.322145697363    1         0.8390583730290292
3419.7572103844323   -8324.904090460936   1         1.228368976161974
-5494.422573582107   2456.824150484236    1         20.00902771882185
-110.32511531285672  -2632.606439848266   1         1.011024356990619
3394.5555341474565   -4330.380634367445   1         0.9497825405217871
-3186.5237658107144  -1953.837176760214   1         0.7993972948441678
-8065.472044124393   4387.223384837251    1         0.4148572813178347
711.0705283935496    3485.787871966       1         1.0385592828161179
-7759.88628876907    5836.870090532697    1         0.21580293593639743
6242.100908340961    -3354.6499812718193  1         0.4583295080147852
7655.9545885898415   5938.370796574422    1         31.531110009259947
-2926.205070849677   -6729.5980542504785  1         0.6002200044079137
2287.235299427556    4373.016186260236    1         0.1148892504204895
-4102.144778112412   7034.649534023647    1         0.8785177469963272
7248.509654182349    7914.367366984725    1         0.20503111955241932
1610.255853573582    -2395.0083763410967  1         0.4108058648082519
-8100.10131838304    -5285.861952481506   1         0.7184536784224538
-7150.630079187494   2088.0342982563734   1         1.1941502328005993
-4110.917902783695   -6618.975434674931   1         0.8884913444179027
-8444.201342227527   571.5924895173099    1         0.8668261472679091
-5111.821344560472   -1668.0068507353508  1         1.1826740051748954
-8627.054960819049   -6584.068051889593   1         0.8959963796676368
-1494.1000643212847  -3157.073776233387   1         0.5149150832466445
-871.7691955027472   -6783.171132740518   1         1.1532210131581642
-8231.645105732734   5748.921439420328    1         0.8253151599543663
-1002.7614932438028  -6550.360444179835   1         0.48566417206103585
1081.8386058364974   7451.246184959962    1         0.3285410193966156
2840.43025310222     -8461.029553021146   1         0.9470407964018814
-252.0586877719915   -1511.5331131777514  1         0.8011052023998535
8146.819352836192    -7503.249201690325   1         14.698593730890778
508.98922749662125   -5402.626306005035   1         0.515774127287716
978.9684164657687    -8653.18613333885    1         0.5974659196373314
-9012.47562756818    3866.4057776396567   1         17.447380663998505
907.9742560602983    2161.9151137165572   1         0.44382799170165055
-5422.895558893109   4687.905544028258    1         0.3925966189664337
-6521.354506617211   3559.715958128082    1         0.6710955828200205
-6628.658615060943   7523.856116121751    1         1.1017148121358813
-6665.595222988628   -8857.422012413532   1         35.45136629139384
-2388.6421198198204  3160.6954707684145   1         1.1962017515041299
-3785.6520722934347  1618.709554950882    1         0.16655877234768057
-6304.209913644364   -1859.9031230206617  1         0.17039770362410916
-8261.176321908159   1548.2281409410352   1         1.0847737163154578
-5383.426434175853   -9019.305958858187   1         0.9860060861212155
-383.02689962655694  -7120.143619744473   1         11.374501121893614
3861.4574613502696   2640.086220381941    1         0.39225414494976785
3405.2915513853513   7855.817164541775    1         1.059171359319125
-6419.693983599314   -4775.433822265289   1         34.971440361124834
2064.628256410788    8873.850298308036    1         1.1445149160874872
8093.8283235535      -6848.089919264061   1         35.657600179465916
-5551.773417690576   -9338.757681136227   1         33.22304817744908
-5919.18546226775    6612.188382165367    1         0.9142977398887134
-1850.9617740175147  3233.768111427379    1         12.48764840454854
6732.846831365116    5768.025700153516    1         0.36193666495194976
-5939.3687935138005  5205.418208277899    1         0.7017134809594453
2408.6189273389127   -5085.187369769664   1         0.27025548101753705
2989.9450164215978   183.62344711404572   1         1.0332287791654846
-3891.5734368975345  -2258.7607386171812  1         0.22222142834319944
-1531.5658164828403  782.1041961618693    1         0.810775805760328
-6820.694154525738   -7892.640110910519   1         0.4273083740286371
6805.815029078743    -319.87759403108794  1         0.7017708442393845
-3898.799659257066   7771.84551497164     1         0.25222885564134756
-1672.5202105998692  4017.80143921395     1         23.534563683201405
