trucks_count 2
drones_count 3
customers 27
depot 0.0 0.0
Coordinate X         Coordinate Y         Dronable Demand
-3357.1513376274306  6796.117733700015    1         1.0789325494881796
-3950.860625023216   -7659.558308161594   1         0.27226474250553484
6821.674673845057    -7078.01324072562    1         1.1557611507310217
-4694.6274334157615  1370.6201224611152   1         0.7654647362826459
6102.1488376320485   2678.7612054469027   1         0.6171880677549556
-6609.738318253124   -8387.236641583779   1         1.1344290924930227
-2634.3145221449354  -3896.661452317749   1         0.8997936451867647
7180.345932710914    -4338.292372244652   1         0.11317064423116543
3870.69537732834     -6609.065691251772   1         0.5597954359222016
-5692.845416972986   5835.327776594462    1         1.1115201482686299
2880.650944017858    -8121.0915189588395  1         0.9734477405949802
-1163.1735238540261  1664.3255003465952   1         1.0579329018981691
-2392.6357515452823  6864.773508646629    1         1.0836728839517265
719.3156260013832    -3579.6911193812994  1         1.0566275579166833
-6074.345123037494   2436.415965150425    1         0.22330406786124207
-5154.2908822285735  2782.0065594419207   1         0.7533470569760333
-3304.5927904753134  6965.145748130091    1         44.93384704327127
-7013.482209897598   -8838.347867573271   1         19.33408140810709
9342.879907573035    5429.665999488564    1         0.8264803279444567
991.7533067210136    4901.032956033975    1         0.8625990556740641
489.326288849839     2213.2695455145026   1         1.150323886475234
4371.850616269026    1286.386634423783    1         0.20636703072514267
1228.8533533424597   2429.618083447142    1         0.9718705737401223
-8364.342785210241   6428.1182690491305   1         40.99637505083223
-5021.371724459409   -1620.952154626381   1         10.689739339967483
-6013.678662914115   7101.985349605007    1         0.5053772287701371
5330.0688797873      782.2865137558772    1         10.145170380523808
