trucks_count 5
drones_count 4
customers 100
depot 0.0 0.0
Coordinate X         Coordinate Y         Dronable Demand
6685.455358822516    7368.14094919854     1         0.18842759736931136
-1218.1694808417367  9367.217105607702    1         0.10144832637081316
-3958.497238760733   -1196.7404705074964  1         0.24847994962001801
-3825.528079636144   362.2623514756833    1         42.242823056849566
-4550.354099325419   -3402.712460399193   1         1.0155730378871972
887.3657256645266    3922.4875405764774   1         0.7234043285790707
1334.6085764904565   5442.297283736596    1         2.1979852046895285
-5351.438605781181   -2831.192487313825   1         16.531851794435863
-2047.3101930808155  6296.016811625471    1         0.6614246156392617
7012.253395578033    -1981.245866545246   1         1.9856805404357254
2349.3901758298325   -4362.289679974815   1         0.7338029053781858
-7582.437593074199   -5833.608270921783   1         1.2023392551250895
651.9070971060075    -6764.174294254657   1         1.1437796239633118
2697.422452079376    -10902.237491287447  1         0.7568902763527005
-2189.266452282033   -1941.3938264065282  1         0.25204103873258904
-6233.14884014513    -7231.491325783999   1         0.49996531729737825
2657.4548341625964   -4406.560489333889   1         0.8791205922990424
10560.276079858146   2586.204990171177    1         39.13029811291865
7229.025763188988    -2221.181110817537   1         45.687896562863074
-9838.692965070053   -4636.156382741063   1         0.22529858917712184
-6970.856224532592   5047.450055686769    1         0.8113638079325658
-6519.127957268591   6013.2031586094645   1         14.628945189191366
3687.330345223402    7075.967967912159    1         0.6010888399866259
2116.385096051019    -783.8127111314595   1         34.581012153092075
10138.976898999867   2566.138989662124    1         0.5502203355989775
2439.1264640387058   -1911.4491008543082  1         0.6426702869596379
-8348.214871016397   -2380.028086360618   1         3.860437773850391
6509.829151731556    5728.474693413538    1         0.4813440031934261
2513.7774668883253   -3493.806258322436   1         0.6824656651373877
-2504.9859298885935  -2917.4355307325186  1         0.8805468054788788
11580.405421168409   1149.4211771532246   1         0.12254457215433645
-6775.8465056154755  -2342.680103139299   1         0.13652877799061386
-9463.480152696993   13244.183967170477   1         37.493054107748094
3273.7132011834406   5695.994632090673    1         0.7128707067929693
3982.0281845317404   -3174.151126078825   1         0.3213361889467144
228.30253359983928   -4446.947821678789   1         1.0014179906763978
-13777.325641717627  -12381.715757351294  1         0.5095299878905883
-7459.483532068024   4529.718611763513    1         0.4248424905266446
-2480.708034997307   6327.103536378872    1         0.19865757685160818
-5043.60255664809    -296.56782203115097  1         2.8124926622500475
7002.889862562362    10268.601438738242   1         0.24408144333002896
4757.143841839395    -7547.2705996431405  1         0.9851158719073916
491.46530135557936   6098.211260116534    1         30.79824793223726
6708.991698796752    5414.179020923049    1         0.23775299529228666
-8494.704239437771   3057.575723281135    1         0.23043246026906478
-13642.493125404451  10424.379994273058   1         19.86298816212158
-6437.978903456019   8182.698119491633    1         40.004840504848865
-4662.237627948902   -6992.941161997546   1         0.21719716117998536
747.4260139489354    -3105.268611445773   1         0.8810687555588482
-9592.777686480595   -16.71527835973182   1         28.721205260893665
5129.7150296343725   3709.1479445931755   1         1.0853396091243943
-2076.330059387196   9857.357237304419    1         0.28153208856106854
6555.551701970271    -12150.550963845566  1         0.7885691978977626
5101.700797466077    7345.7945432245215   1         3.6673976219313613
-936.234246878108    9112.621368493486    1         34.71067459932138
5641.382295837951    -2275.9300388659303  1         1.1970464387605397
-7182.785881646526   13182.713007277813   1         0.3379374180760971
2746.542215101883    -2269.825907162125   1         31.528940709577682
5947.876021338617    -90.11972841687283   1         0.9382235656941829
-10753.841340604162  560.6348624637398    1         1.2119462275930784
-2509.380242331004   7908.204740989294    1         0.9272890876346135
-6567.602451215018   9324.180661615996    1         37.78381009069593
4925.8211914872745   2092.4920958601288   1         0.28278203134863855
1745.5919313198672   -537.2831818564506   1         0.906343442230108
-12082.127845838433  -12176.374616061703  1         12.32182449564541
2264.126124752941    -135.25825832943346  1         0.6412148801115556
6325.494925685147    -3179.9645536205408  1         1.0128269823806848
4134.426226536074    -250.9206220042728   1         1.1994010633600232
-1930.4501815247106  -5126.888116467342   1         17.600017554839084
11780.820463107804   -178.7421221154582   1         0.396607266077858
5631.513602104524    -6556.339910220383   1         11.038767509024545
3247.2160700092054   -4649.990910320232   1         1.1322302377242706
-2437.814498266355   -1011.9072382174437  1         6.033900744530513
-3320.50691027119    -9858.44901415749    1         0.9548535062290952
1855.8617048561487   -8251.501728448842   1         0.1386262154129776
-5302.215692715089   -5685.783565954091   1         1.0451682230584127
-877.3903495280812   -4365.894322042975   1         1.0931020539101195
-981.0559884821869   -999.5519472776259   1         0.5596787477349906
-9310.543958117174   1970.1604010237095   1         0.521206751513305
4827.860541575459    -3697.5158838358584  1         0.15328506848943585
2677.954688451169    -1840.6292149408582  1         0.13005356808949242
-1429.3014482031522  8269.621208114124    1         15.491400413099996
3972.3231330159483   7661.4666136169135   1         0.20341158017747857
2840.3452473937396   -10522.363509506398  1         17.25643503300746
9115.857874215899    -2055.1838734693324  1         1.192252257410731
-2621.8474496797235  -3936.447255748212   1         0.9084524452304906
7468.458623996538    -4532.020947520472   1         0.6778840417633002
-7078.003346528619   -3745.702982442831   1         0.3968796241566114
1129.89580576133     -3442.6075390103742  1         1.2099101757086668
-7802.98589422118    1616.9579952759473   1         0.7306060682684871
-5375.742174258519   2593.7073004921112   1         0.18888084397616942
557.4404643716916    -11371.064904097171  1         0.8383626703684138
4178.855944257739    -5107.235207756386   1         0.17402495162262244
7197.767057247808    5838.314354615431    1         0.8188445817150589
12563.782205609037   -4988.564902017093   1         13.738828114507863
3721.4500520756246   3923.9396420753005   1         0.4701337630125426
-721.7790874244552   3557.7097474646002   1         1.049507247519628
4579.428674989086    9282.913734659405    1         0.21191877172652196
-4609.990629502728   -9396.931812276289   1         1.1528379716864297
-8045.702347007699   5523.981336833346    1         0.81294888579618
