trucks_count 3
drones_count 4
customers 77
depot 0.0 0.0
Coordinate X         Coordinate Y         Dronable Demand
373.3507878072569    -1215.4072292596893  1         0.14984924621289575
-756.7045458494989   4742.348022684786    1         0.8645376751052387
-4539.879836763622   5566.581494117295    1         0.4161315587011639
2389.5980447763695   -2775.722602223565   1         1.1479275866292329
-5326.296656930139   880.3745553699355    1         1.0887609520610848
-4605.090228258667   2541.70211378561     1         15.621087871910031
-32.21186078439624   4958.231808319221    1         1.2137532088675942
1351.6607750724625   353.84214756830534   1         38.732511929726996
-5257.078168882199   865.525311822465     1         0.4890174497922143
4313.620713400768    3121.849033949019    1         0.7109643110077994
629.3594864590563    -3511.059752773889   1         1.2321821457530808
4491.556501481894    -92.09339679988898   1         0.8993053224679697
3300.8592016101493   -4992.371813956496   1         0.3134089081665463
1630.4930531598438   -1688.9184682704672  1         0.6435249609452216
-3583.919154763302   3108.864624591447    1         0.7758040951517742
4234.702087755577    -5147.193779698844   1         0.9762918857905449
-5547.1034949243285  1023.1861682276393   1         0.5860569371930728
-745.2359172704907   4836.055904145867    1         1.1687445296149594
-4974.509696138568   -2557.844060661852   1         0.7772620629799101
-2999.128275369721   -997.3361934839636   1         0.4192913199532854
-4478.155082132697   -2049.5348625590536  1         0.9779938474611568
-1390.7240908016029  1112.0933816741056   1         1.044744170826271
-1884.0190574903993  1669.6819073661193   1         0.24499435353673332
-1634.7659241170277  -4162.186317127377   1         0.9642500762430158
3275.3600261267875   5621.948757418556    1         0.9982111899463509
2802.7839810277665   1629.0033275076203   1         0.8762193267502517
716.856728932564     35.42068950579553    1         0.4620744441184669
-3979.958545231674   4009.141240399386    1         0.6546270630896865
3466.193255115678    -1871.23571631052    1         24.778877651139556
-5131.8567887165755  4390.853181567548    1         0.7937536769884187
1156.6119215144233   -3143.5861756873105  1         0.19604279598091118
1618.6143142331948   -1640.6783939835996  1         0.6981833823971917
-2879.3814050149203  751.1766889980648    1         6.716517236275414
4625.698926232537    4824.371327890586    1         0.6424690788025218
-2124.3113622148107  -3148.0329424394745  1         0.764893252464134
-543.6365846559138   -2272.7702523461016  1         17.646141647008598
-1937.9237461802522  -3196.774656331696   1         0.35601143735095453
-2683.233913880203   2777.3767819492828   1         0.5226878587728427
-1058.2966321777908  -1696.5253356149817  1         29.719749414031234
-4834.554208881675   1429.225984315491    1         13.606440343705975
3377.480941054291    -5603.750688597477   1         1.1287532108788774
-274.01201156912646  -1261.029728083548   1         0.7316228454974811
5377.102658321138    4811.781271173025    1         0.1744241022324833
4157.197968411961    5073.127887649422    1         0.46233964251901805
-514.4618439867745   -4664.284221658359   1         30.569737853623487
-351.9088934715018   -4572.688810112636   1         46.45638745695872
-4278.154418467865   1032.5360401689768   1         0.13137546398269817
603.5453664840113    3761.0701101941536   1         0.948311594001365
3958.7845152519044   116.28900108206477   1         1.1081635545771749
1582.9043800588888   1434.7939293055006   1         0.5594239513790373
-651.3572620805364   -4737.630223197705   1         41.73787034546986
4268.18996686527     -4245.159884832847   1         1.1273006376744144
4522.239471934143    -4683.9401551925575  1         0.8125355979002116
-896.9638330752432   5403.226344708409    1         0.41867728006867166
370.3340533664932    4058.825201527573    1         0.343263874990427
5346.213122892072    1861.3841590054374   1         0.9589784145180204
454.3227995671133    3910.462548044309    1         0.37177687188916864
3720.2495553483104   1435.86563200841     1         1.0896076417873404
3070.005292622455    4934.931697313161    1         0.7641472489297964
-4963.677280528231   -2214.775661966377   1         0.43044895641539027
2158.885253618713    395.255432717913     1         0.8880500829788515
1578.2862037394807   3809.2931122469467   1         1.2209248210709533
3884.286636251414    -4485.206862761756   1         0.3523444890101891
-5209.388548401369   -1472.9683420093056  1         0.9008157536165151
-2926.5625779403586  3643.1378552914443   1         0.5432960449838878
4485.928112773044    4928.264184624842    1         0.6385829549360523
4327.055986340539    1706.7837424858178   1         0.6205853780552267
-1062.9211518215122  1765.5492850193716   1         46.349338720893805
-3338.1406049791276  2309.2809596938055   1         0.9081083267159343
2462.065134031962    -654.3653437064031   1         0.9482078170796296
2027.1634069025213   -3561.2529594016023  1         1.0522753255240123
3297.9585975303044   -5613.00989147013    1         0.7566368466988328
4296.261670305427    2859.97741244981     1         43.81957751124327
-224.80136556020332  -3178.019863927223   1         0.43462427624408495
-4049.711335107849   2221.12384853034     1         0.9461339508469778
-4645.258015274198   -2436.5453894427415  1         0.10552257023430214
1457.1073734834833   -2931.2142019770786  1         0.7882688702309127
