trucks_count 5
drones_count 6
customers 100
depot 0.0 0.0
Coordinate X         Coordinate Y         Dronable Demand
3831.674827396142    -5966.766587163154   1         1.019928389881387
-8173.481406987041   -416.41942667552576  1         0.4512782520344417
-5729.172716136778   -9017.81168433906    1         0.3972137621756435
-355.5359533180414   1309.9308303420673   1         0.5868451268802418
1782.3088394694532   3337.5474781212806   1         40.0768414285345
4749.596398951954    -7081.092711939406   1         0.5279217686819934
5503.164971588625    -4575.752416635891   1         0.4542222661759433
-628.6766053806108   1304.4727817922558   1         0.11338221661729536
4497.860801216431    3378.4666892972955   1         0.88453292261545
6129.144581571077    1285.9434165257853   1         0.3723718173276519
-3106.53228885556    2353.3217698192357   1         1.1478862742493041
-7101.1784602354     4313.505897246702    1         35.50440340422647
-4117.164880904803   -6468.284270407582   1         0.5709409575007124
3969.0735418588006   985.8327229739089    1         1.2277755316573782
-1328.911739243803   -8755.833423061713   1         0.588341251537832
2768.4194698985266   -7246.921175729667   1         11.924971042066868
3658.397035662278    7596.673242949981    1         0.8573588332356256
804.2714983062724    3328.3033516670384   1         0.49051772438749774
1339.2036074757643   9280.557982435526    1         9.250970753167897
3545.1309462294425   523.2749989658223    1         0.6187222160984964
3201.7697999244006   6076.557647373433    1         0.5088174190363873
7461.402331777088    912.3275627691306    1         42.1693445143495
-2100.170840975137   7127.963384780706    1         22.298534708586043
1284.9199874030242   -5781.56979662022    1         19.560601005870446
-1395.732778552331   -8954.475398950075   1         1.049741147255157
3994.1133495405747   5472.810873194057    1         0.13567366151154764
8850.818763128882    -4652.379855284852   1         0.27694280149742434
-558.4118440784084   -561.2209182589736   1         6.5763417703385345
1073.9442710285475   1310.7161179229097   1         0.32994304235630045
1127.7716587292991   1203.7971528806002   1         0.6293909459346716
-8580.68532415538    -2089.704487371367   1         0.9083130525365855
1993.5177825977398   -1704.1207607779045  1         0.28883948701889306
-1687.419475587592   721.979988737159     1         6.260033206979267
-6268.894856998532   603.2910398355879    1         0.5924383632578539
4992.059167213006    -8992.885786297556   1         0.25966351795251197
990.3741718239878    3619.400860633168    1         0.7549902680510161
-1010.1312090914215  -133.58540507930678  1         0.3094496855047064
-4563.496588784504   -2671.4282920429964  1         0.6395469433707605
-8611.964895711493   8852.807103119541    1         26.52795471273121
571.7820906736688    -1467.4266534344251  1         0.41455291050178655
1767.8541476736143   -7500.703302432171   1         46.892253475724715
-5849.205619180616   -3584.8034624973875  1         8.226083604885527
-3695.03238227979    1016.4776764635662   1         21.912678397320033
8569.91833126286     -4794.313809893142   1         46.13297010533182
-6522.842017753549   5724.02460699194     1         0.37855122746064596
-5068.559808058012   6561.85922550606     1         26.818344035335613
-863.3209946386125   -3673.302286983596   1         0.6370243534757525
-6119.893996001556   -3234.399765217848   1         1.2388120827226836
-2332.3926377091934  -6119.044812210013   1         0.2643632392033755
2914.6693615790427   -1059.5989538856368  1         0.8845951316037491
-6200.419678359592   4926.652400778174    1         41.07981003524859
-5501.061376702047   5662.24881665853     1         32.10740224282746
488.1188923799808    -6479.172353388615   1         0.3114924975915474
-4496.73203924023    -1905.1826460952186  1         0.6353047853642453
-4594.339858506119   7873.87609026726     1         0.7900642682917902
-3197.9126577679986  4810.61152267857     1         0.6183089247520244
-5954.128624944281   -841.0056354918124   1         1.188446146912592
-4279.920610583174   3435.2408257586935   1         1.1742821894429916
8951.473499211063    912.843832736824     1         0.6945919041723794
4895.75733812584     8224.395287454505    1         1.0222004190874785
-4703.531729242993   -4717.312441450785   1         0.8472284745357019
-3121.3614813414     -6786.5343809751685  1         2.5217195556680756
2930.864155378147    3566.8201997821143   1         0.7458260848475572
-617.9341587192114   2593.339222159571    1         37.31647485146286
6427.25982313232     -3314.6945661624304  1         0.4110003526826551
1195.9146688966812   -8898.870679114889   1         0.12709352294038392
-6515.5184003511695  -239.5697119319761   1         0.5072847359937105
3229.2207457779436   3672.4899073032657   1         0.1577635212706267
-2872.993716994828   4195.617634794469    1         0.29259913381876046
-7524.953135222861   407.9271622393123    1         36.478413287298096
5310.713239216388    -1030.4149355818213  1         0.4755769298560314
-5332.907312666734   -9184.835934042683   1         37.57560290018167
4836.743818069536    6484.899831393668    1         1.1983022590503523
4344.279253297018    -7574.064176659498   1         0.4199541611393439
-1773.1615694001541  -1045.8291250170287  1         1.0845980488698628
5660.490250909965    -2650.3560604608992  1         0.9512995763106785
8495.78704834705     -4445.390544939495   1         32.155786052466226
-7151.1738089405     -6227.182661352533   1         0.49789711208112675
7756.942800239542    5200.101638111113    1         37.21347043309984
-7257.596045718143   -4889.452247414193   1         27.512927542552404
-2809.692301512457   2868.407272024597    1         0.8892837423144189
91.01670151145663    3752.999109591643    1         0.30041348295313874
-3109.4607627658506  1933.0654917543563   1         41.25472377302962
-7465.046712765507   -2380.840286090878   1         31.136872302061935
1142.4120605764178   -5385.4074222325     1         37.0733034057305
-6667.907079827286   -1085.873859515314   1         37.303459475391676
-3656.313690154964   1200.5391643274925   1         0.6111802381002763
7884.917600954301    3059.68241274402     1         0.49336892383670294
1952.4807888197904   187.39026416082802   1         0.26856610790246144
3368.7300499178527   -1508.6301361471747  1         1.2114692648883392
-914.1677402103886   -4077.834197999873   1         0.31901470953842503
-9136.985397999904   -1135.4439120984534  1         0.4918257494590321
-8063.841560575406   6442.951043688708    1         0.6573595326306472
3487.512767523085    -4380.4892096800595  1         11.374674623232824
-2639.4883107893247  -5273.9468973833455  1         1.0134646126043976
5365.034558653702    5482.008015352806    1         0.9786303528384905
8727.398433121582    -2588.9492997887874  1         1.022030763483535
-5476.686645387429   -5540.193976744854   1         0.5358177272692543
-6257.347107443222   2064.504421585134    1         0.5179212716875881
-1568.6415768406418  8866.729496282893    1         0.8620463049125682
