trucks_count 5
drones_count 4
customers 95
depot 0.0 0.0
Coordinate X         Coordinate Y         Dronable Demand
-1000.5892423951249  3972.991066805214    1         0.3346028281586652
6338.433088246878    -6708.566358593498   1         23.801797405213225
6444.526519522062    7867.307370451455    1         0.42186038954120597
-9558.277918563139   -4994.550826423182   1         0.39162996704822717
4698.068361548316    -126.6969262312235   1         0.2518577544471777
670.1862531121056    -4865.61603854772    1         0.11991454001446285
6818.296639767654    2166.6008282408056   1         0.13634603017710262
-1757.3738062551129  -1063.537837985934   1         0.3163981369257238
5948.19939266837     3708.825782656377    1         20.143427048961854
1469.2629212156992   -9033.27214082848    1         0.660908637897458
-2803.160389697814   -6519.113785587038   1         2.3598701646444136
-2938.6332590990123  -3647.9775775499106  1         0.9235583017503937
1719.8361177770062   -5173.799904579166   1         0.42082084060970104
8515.977051429147    -1517.1527380938116  1         0.3961872195016869
9039.712995464814    3874.1174726123463   1         1.0973811994628064
-2044.5275415144258  8115.820513228443    1         6.137732594558899
-3131.147426366683   2589.604180449397    1         0.15306888247164552
9285.599846010478    3417.570340082228    1         0.5326121330878034
2059.709522153376    -640.4718122019187   1         1.086543606188185
8543.47557833602     2579.519839168884    1         1.0520319514473466
-5193.889653597789   -9025.040285447514   1         23.43093722979059
-2710.7965886450284  -7916.306247239355   1         1.0814158643568965
-4018.7334258534847  -3377.5705675233035  1         1.2272045934237796
-2553.068470955839   -2066.4031005021297  1         0.6625419953097051
3957.604040637292    -5388.125276183388   1         1.014083575288089
-8659.848715155214   -4654.528336037666   1         0.6466768256401462
5928.548996904614    -5063.00079045188    1         25.871513442848723
-1098.7076669885112  908.2966824583616    1         0.9794716386628252
8913.854735171864    -1797.720931050265   1         0.8299907379664218
100.52462329040827   9772.227018451158    1         22.329418502751878
-8330.46648373103    -5710.5317192205775  1         16.705561935520453
-5280.528520941828   4065.866197823373    1         1.1684832972314478
8041.362431557871    -5088.496078831261   1         1.0279049075277267
6215.92653568439     -445.26217897523117  1         0.20917317708910227
-1672.0589316836029  -8386.231813293327   1         0.19932417821656317
5845.848083831131    -722.8090769132293   1         0.4035129572105465
-237.3806489160146   169.53337564857      1         0.7400829573433637
2058.40292669696     -2930.9243144474185  1         28.951902193464864
-7113.541803402173   -4065.166474924059   1         0.1464409152123672
-7336.422040356215   3771.3654501564765   1         18.060393986602016
-3458.9720962831598  1133.8012703825443   1         1.1766727484122537
2641.321366658697    -6957.248507064038   1         20.651999805064275
2052.756579304876    -6367.155230543331   1         0.593149925068482
2431.1583881481197   -1490.515574929304   1         35.742395137677235
2431.34784164293     92.01650103649835    1         6.026865917257128
8382.40233403784     -3477.905919492873   1         0.6773321404689543
-3975.196612023607   8903.037971796304    1         0.4185484618548059
-7503.6687549480275  -1507.1657039968652  1         0.6164937726540333
1048.1445765084638   5650.022400465216    1         0.1588459624748882
4615.569813955919    6222.0362579678185   1         24.286392509228254
6160.683118992879    7460.188907193553    1         0.47859402736396794
-1193.8445162645376  8380.561648336718    1         43.74071945068523
5648.63309783442     -5181.206160106764   1         0.8449413825683731
-2105.658014863394   -8951.410340928556   1         0.3528451827546938
-9703.848657748893   2000.5169379694034   1         0.8850590277296125
-3224.1596162030537  6221.346659041089    1         1.1135941570251837
788.0458925166149    8275.24514917822     1         0.5505481056288688
-4869.618618462154   6287.794332645602    1         0.20484457757463043
-3969.879024991165   2485.531844607757    1         16.2369521054875
-8570.752133552909   2903.4248078279634   1         29.247106970153993
6576.063426594791    -7113.992123740838   1         41.87007000545137
-884.8091674820431   -6188.8880906563945  1         0.8850166609978168
577.2387814158404    4368.098775450141    1         0.5619495536346805
2859.886295809492    2090.742597541025    1         15.491340947635042
-4681.508540285507   6642.9616819696475   1         0.8664354326653367
6224.633225996627    2554.0098681760123   1         1.0507157895717938
-241.72919458143812  418.6649981263284    1         0.3303594295884654
-3502.426514563109   5048.12955574246     1         23.308852690857705
4850.763653538405    -8805.550164143904   1         0.7500268389791803
4472.504132824977    2312.715165498708    1         0.8033825315698105
-7825.398982705929   5429.954761485469    1         0.9301079365573536
3564.9286035752534   -2323.0478841452345  1         0.9662450707579293
21.08834858692692    -9449.696500440774   1         0.5536162157088722
5970.661413555639    -3810.4155502421936  1         5.9122847612686495
-4996.13060339929    -5484.837722628361   1         0.546665183419219
-4391.89318095034    -7667.829524130956   1         39.35679369068541
-3165.6923656330105  -8213.325670045046   1         1.235959694961216
-806.6671408055195   5090.591198165437    1         16.39582389808222
-2715.627633815941   -9752.598672180611   1         0.9295023908937934
7242.010699168735    -685.6344012210319   1         37.037401266030066
-6639.882345792765   -1826.844963040888   1         0.5711027912695879
-1220.0217842443465  -9452.681342351883   1         0.31033352541122805
1423.7563606119113   -8766.366424900187   1         41.755215277449516
8094.0143209262515   401.42386291277126   1         0.9099953868445212
5463.142680981129    9399.959974732716    1         25.80884540175748
1695.433890283939    6048.483620993064    1         1.043399623082491
9926.582496206043    -8111.4767196395815  1         14.956803095161943
-7074.045188271878   -7151.415593984921   1         1.1377893435386452
7309.242082257755    9204.631423544262    1         0.8228750941329268
9261.18019310191     -8679.596658308537   1         0.7284513454653146
-5826.74270803218    -2924.2301395279637  1         0.597708809089958
4798.660956321316    -6258.752911716735   1         36.82080843859485
2334.864600098843    9501.024736609525    1         0.9361590062619427
4841.213816880352    -4190.459090077203   1         1.018132930143092
8292.266413057958    6077.838835011279    1         33.83021219006298
