trucks_count 5
drones_count 3
customers 43
depot 0.0 0.0
Coordinate X         Coordinate Y         Dronable Demand
-3032.5470980608657  113.36920642533353   1         0.8573553354329548
15094.053139724763   -4203.759219235706   1         0.8160406488908171
-254.4745868893733   4147.123244950513    1         46.38680459849917
199.059371523536     -7114.28976449283    1         1.2017317979342934
-9975.355437846916   2927.3183053004577   1         1.1356714667666314
6831.719304882667    3586.677191480606    1         15.956206798688083
-3266.833307706405   -181.21658961077836  1         1.1722513304709403
-10410.783852667708  -2492.2486922605417  1         0.17572484817735728
-9517.581155383046   -2974.1483331838767  1         23.996002605903357
-6339.095133003954   3026.728737773524    1         0.1846325762821846
-7185.601263482834   -6728.694044598276   1         0.2095989983188225
-1266.7302005754811  10113.91097331524    1         0.13247223061088859
2389.56090349553     -234.38063295221903  1         0.5516457440231173
3129.1839782806323   7669.552839226456    1         0.7857102169401228
1055.3541579029977   -1399.0709282660114  1         0.8334349333605671
7016.206320927167    545.2787615592806    1         0.42695225411502
872.7439859304528    10548.7669114209     1         1.102905567599946
-2715.011613302286   7552.719104478789    1         0.8212008563988413
-6766.835930452551   -2306.436163241446   1         10.869445811754243
1543.9955345819887   -1196.2297794358342  1         0.42000299572506117
27.29265468681097    9959.643617236537    1         0.7374253458744058
26.661949102374702   5708.078186476675    1         0.9207317555830699
4147.146662341083    -2356.9809262776616  1         0.33370453196673533
2943.933024899591    3841.95685068149     1         12.654938016179736
-3032.367315585711   -5636.272064146039   1         0.7510367636234879
258.7497857201644    -7564.750839747116   1         0.6947211714507712
6751.279029408589    -4132.6706137435585  1         45.74305807468161
15443.20708089122    11719.612647350574   1         0.5828419579831702
3172.5349272746985   10034.610961929096   1         1.1952432132959105
8785.167327914627    -6080.77367200765    1         1.1494731342373146
-8115.677564599965   7886.23521615605     1         0.8372021179629978
-1952.2377845333635  -4154.926630344578   1         1.1999615181518686
-10401.67914510958   1469.973164406651    1         9.249507319878637
7658.387795894818    -3586.675059075178   1         0.32402670816545415
5264.947387286801    8765.75097614277     1         0.41106748946376725
-4240.068892239911   4343.895926439976    1         1.0910131352303278
-8408.918932843904   2991.850441757977    1         16.326389543223918
-7634.731786851273   -2408.2617546540973  1         13.541405291348086
-12299.556983934595  6894.794711131186    1         38.951830882203964
14311.072014007013   5871.387814926869    1         3.9919080491069248
-1881.749974615972   14324.04980444383    1         0.8555538533659348
-8939.025089519628   -3581.86651516908    1         0.14939478541762458
12244.083022515433   11566.415579902698   1         0.9487292112463778
