trucks_count 2
drones_count 3
customers 23
depot 0.0 0.0
Coordinate X         Coordinate Y         Dronable Demand
7219.763434225054    1527.0916857598143   1         1.1861337949937976
3190.4855842519396   5232.443541710285    1         1.1915305066127984
-2041.5019694572602  870.4960003706194    1         38.25989731307323
1697.755082223961    1404.3639557007068   1         0.47319994831171563
-44.2085012014023    4769.985265218952    1         0.717785407599071
-5358.6614681443825  -1365.8629145823745  1         0.6578873592912007
4822.982322724588    -7007.245108676565   1         1.1508867805345881
2442.7243527212177   4441.778290396714    1         1.1864641036051042
7342.207771527586    -7356.666649875337   1         34.470260722107916
-9036.014693327994   -3257.451278099706   1         1.0189300944359863
4129.917612553921    -6512.119180846144   1         0.4388940350155093
-2106.930184409014   -3170.5668217423836  1         1.025896903312961
7342.539139203419    7114.571389475813    1         0.20554429219255363
-9353.487475657977   -6947.529707926554   1         1.0272147393054214
6625.97779809711     2465.309430382067    1         0.14686521941429095
-3958.358693282529   -1472.9169603599548  1         0.4009478166371152
2535.2373407914065   -5070.952724621064   1         0.5252927388493781
-1547.222543155645   -7799.71828080375    1         0.6605232578891251
-9222.429708271544   2169.737384943237    1         0.8511683891811059
-9295.97934357752    3322.760758475791    1         0.11461619693715408
3800.621615539505    -1098.5178099521718  1         37.29366758714619
500.16414717399164   8693.806760017646    1         0.5242673895457401
7220.844951311325    2547.696402249971    1         0.8938801502775175
