trucks_count 2
drones_count 3
customers 21
depot 0.0 0.0
Coordinate X         Coordinate Y         Dronable Demand
-5005.812591922969   -7516.016793506507   1         1.0369884867903987
5718.818336593586    1890.999390781374    1         0.553912192110141
1293.5351236931415   -6431.860773134693   1         1.2384729655924893
-1191.7311636410557  3192.9431204006523   1         35.278624635236326
1729.8499559377435   5181.815966849988    1         4.626004761399848
-166.5403419415978   -5683.229732599532   1         0.694583426862158
2342.3863566648333   5852.374430072637    1         0.9012929647280206
6273.570459788851    -2084.156866855239   1         0.680499028754597
3097.7902906516756   2632.66419585327     1         22.239821733859948
3298.795501488756    -5283.810745879979   1         0.5248787547074358
866.206969705189     3602.9669961044415   1         1.239172389267351
-6945.752149445716   994.5935856205926    1         2.8257151097449205
929.1059882616807    4448.677081011439    1         0.9652571748890113
-6133.140142475175   3309.5340807726525   1         1.078808912557864
-7022.428946437455   -114.10198363070336  1         0.1889460719237177
-2396.3955171577663  -6510.95120705503    1         0.19063482466638165
2693.0879687547913   -6294.062635792117   1         1.0469992375619088
-16.223626704817434  -7081.021461261615   1         22.74712800317468
1774.1663556053709   525.3579549105696    1         39.59974423746189
4676.464990032689    -1600.4837612191957  1         0.9990028367655482
6212.463839713538    -2702.069876328585   1         0.5938808050788189
