trucks_count 4
drones_count 3
customers 64
depot 0.0 0.0
Coordinate X         Coordinate Y         Dronable Demand
-6453.156386915368   -4236.316138262786   1         0.3242822666403109
-2467.2935446233373  8229.798692690212    1         1.068986346595429
-5783.26631117588    3501.5147952990665   1         0.24923361917828324
-1723.2704310532934  4848.789208579857    1         0.7264496103066266
2277.5688750246827   9173.544257836891    1         0.6370573275700415
-740.5399735850392   469.4002246771951    1         0.47229487358539834
-4883.22251627157    -3122.8728165471075  1         0.4022888464813862
-8.12058543420772    -7728.434759403274   1         0.6497008671167599
2788.1561859306034   -3081.645384131073   1         0.9920373042060128
6826.456275546636    -4686.496436557982   1         0.672035809518662
4979.45029736441     400.69465395301233   1         0.9500324221455725
-6041.990089545061   6807.00087212236     1         0.2367662977806195
-7850.517344402692   7488.06959280192     1         27.400358479619708
-3228.2027276776103  3933.5100849752803   1         0.2533605019206109
222.6300321119554    -847.9305892545113   1         0.935967548478522
-3556.382343137593   9253.011727103922    1         16.529749800277646
-4961.670944123333   -336.30654480056097  1         0.20530742439830996
5297.845736370516    4896.251992419292    1         0.13580736283019357
5303.137817260924    -9457.26151720074    1         0.7082187528620173
1597.5290455421734   -225.88964366490788  1         0.34947366680537606
1750.5365996099536   -1172.6447256039482  1         1.0856371695481057
-5713.266286046869   -5112.412563092649   1         0.3506783349098552
-9505.381252204428   -4839.237317631445   1         43.49936225150019
2076.8581705328943   -6.750606433350226   1         0.3216339084440342
4405.9683053125955   -6428.4451063111     1         0.7658439237248916
1764.8638483459108   5434.302938343906    1         0.13713895372158505
-3172.7685683666095  -8539.637468190085   1         0.9300132387019568
782.942145065147     -1877.9543648944511  1         48.25738146938089
1253.895698488914    3383.5419384245965   1         0.4644556269597898
-5911.605419001023   4133.781521034189    1         0.9500362862735746
-1448.691055597039   8992.060206076232    1         1.1536745021378132
7316.081872832544    7872.5857570960125   1         28.94103881076275
-993.4360885805144   6619.648761707481    1         45.90211266029618
-5058.733083960288   -911.9899950828163   1         1.1876239210936521
-4499.063961553828   -4020.8972684163828  1         0.9847901940110337
4928.490639279449    6982.523811381813    1         0.8961732312807537
2798.080071667067    -5778.022073713572   1         0.2247886533094811
-2476.1763770627153  -4713.479169983271   1         2.2787810781704714
7404.214278128407    -1931.7349235519955  1         0.8876361096530355
-5358.693890092583   -224.33067800404308  1         1.0676486948230575
-3501.686985773735   2162.3044666629717   1         0.7543077013623373
-3630.748677718712   7282.87088904343     1         0.8457709325420252
7925.735213443462    1956.9630076904725   1         0.3407778456479406
-6809.181911036796   2654.438958149047    1         4.176493424641652
-4712.356030090284   7724.489801830914    1         0.6465669045566865
3097.299068545742    -4123.75834567469    1         0.249665130638552
7947.192550923821    668.8834321998359    1         0.5792867294861298
2610.972623280977    -4744.498989596795   1         0.7300520185844503
-470.30472602828746  2292.8486837148707   1         0.16124324904993378
1445.946141537099    1574.3552947361263   1         0.3795708169147003
6814.3022242740935   5107.574667352946    1         0.8821159861806331
-2365.3002914057697  -2319.287003667627   1         0.3133582815740062
4652.184076119626    -6965.54784090927    1         32.33820776916298
-7481.490592198824   4811.304578036899    1         0.781837168848895
-5256.721126163047   942.5698745956265    1         0.3440272837325046
8315.296007379948    -3452.021505555077   1         0.9563036258979697
3432.0147081632495   -2781.7408469733396  1         8.152359599121455
-6927.630092044097   1214.025329784021    1         0.5171785249006513
-6130.106092940879   356.99192756712785   1         1.00356666177013
-681.8604885605916   3846.2445787170464   1         0.30907157928918616
1536.9144849061577   9448.02254915854     1         0.6537779988632295
-311.3027251276883   -4487.380434880928   1         0.26413457555194697
6667.984851717181    5494.908046631318    1         0.5800644143155279
-3376.959903385353   -334.38530598714976  1         0.6616939631701305
