trucks_count 4
drones_count 3
customers 62
depot 0.0 0.0
Coordinate X         Coordinate Y         Dronable Demand
3580.4186410907673   10125.869319059642   1         39.42111497498357
2637.3823367277323   -10564.089210122469  1         0.9560640163414333
-9726.12375588762    -4430.783852361477   1         6.655068767256003
-1496.8979208625635  -5212.875518121915   1         1.1098903524047743
-3292.656065043611   994.1141692278244    1         0.3163739780495979
-2526.9754986751445  5962.148315716718    1         43.69663659010111
5241.343757807278    -8612.060820065555   1         0.4037438288482085
9924.908902570174    -4384.60285746664    1         0.8138876067705161
-6026.0611699141045  1199.4511229752975   1         0.73778176810108
3095.815288158047    3915.2467452931432   1         0.1716491985030087
-10886.215936048851  -828.278485323806    1         47.05584255614945
5465.239234737934    2299.393962846542    1         1.2326132575559652
-4384.520230370255   972.6310324547093    1         23.870272062806674
8981.84261128537     5552.996122778776    1         0.4926501027758946
-488.3175266919803   -6259.636135193282   1         25.146473468160224
4279.992355593646    -7654.043644124974   1         0.4681116449128273
-6603.564536685313   -6436.983399247604   1         0.3886918954021834
5048.427799174258    -4283.637495670657   1         0.6838400065322916
-1229.5999383966875  -4031.9872449353666  1         0.6677700039187507
7252.049013416556    3806.6602320926354   1         0.7884844646544046
2233.6121494103745   -2981.549623352103   1         0.7663214899428985
9556.375607453057    -445.551490578849    1         1.0615523835096319
-15081.359838912203  -10957.467784862649  1         42.485929100818645
-5654.740895430217   -6365.806528542328   1         0.8808617936921935
-378.9074476325018   4730.907816404789    1         1.0972602507799205
-4209.778744459672   -6077.775232074779   1         0.2752755102717776
555.0663557773447    2986.6403544565974   1         0.32967412134849583
-4309.063487314071   661.4308115087098    1         0.3502997049452061
1451.1707400451962   10411.958612098877   1         9.812952739092626
-14344.234567388581  -14758.614007205457  1         8.923428447500902
-3583.1860347393344  2834.1501788726173   1         0.2599506081351484
5655.9851647877385   -2927.415628583556   1         0.6329982928727298
-9016.32195197838    -4294.782963263245   1         0.14280593648121903
-5775.045712999794   -4060.370157918535   1         0.8256682910188293
-2542.3407478838885  -2618.5751807368615  1         0.430956711865921
-1593.6240840988223  4215.041191596879    1         0.3500319859670533
-869.9093045476576   -8486.857563137306   1         0.10609014797567136
-3457.113050469657   6655.165601307484    1         0.8384236964998203
-2934.656012417211   -455.48585376479775  1         7.364369681472611
3035.1623058829555   5795.333726358318    1         1.0767991521251499
2937.0825668383113   7596.168255976919    1         46.59277569276856
1274.0503070134832   -425.0320459224079   1         0.14076894573839457
-7691.771128811063   1746.4030575392496   1         0.35697667707026237
5105.814340938292    -5762.397430238374   1         0.1507196542898639
2983.1656464739362   -2058.840026926814   1         0.10561350858421012
-7648.509018200077   5898.112564244417    1         0.630016615342128
-428.44784304609544  -2742.9257241336577  1         1.2051907295255115
-1275.1193042747273  7557.2173144243225   1         1.5471751789495634
5980.079153142895    -3800.3820123142996  1         1.0935050164143336
-1101.171749022034   1313.8938984131728   1         48.482456280287614
5610.418853808532    -2879.6412482385563  1         0.7359919102920086
-1518.0921117648063  -2694.0996147507035  1         1.2111011834426615
-9387.54019500758    7897.32319488175     1         0.518294326693519
6409.446049764692    8139.762408282863    1         4.44605838439454
5287.073820181839    5882.286248558404    1         0.25797762688874026
3546.3052388120295   7156.099520667692    1         0.23765022876751346
-5591.10993791217    5809.063659572055    1         0.8494450399131548
1405.6301324843516   8228.590283864807    1         0.345140051634492
-4419.04377827644    4952.891816901533    1         0.9507980703750478
-262.8370607084398   13626.126104159395   1         0.35076576063009
-393.48351926261194  -4336.677282172267   1         14.518057304960388
3948.350891300257    -700.2179947529546   1         0.8072244851238868
