trucks_count 4
drones_count 5
customers 47
depot 0.0 0.0
Coordinate X         Coordinate Y         Dronable Demand
5066.944622190968    7942.291902739675    1         1.1330591958420955
-7017.167808663684   7655.888551624653    1         0.7576290578768259
-8981.34865866133    -6468.152552350239   1         19.940833797205965
-763.6410814941754   9389.912345993751    1         0.5162635446667627
8836.29262067895     -1706.9145178065048  1         1.074468478352145
-6588.147903093597   -3732.959900590811   1         0.2564729310642119
2495.2190682410433   3870.739703501937    1         0.5447643886384134
9542.330601080937    5205.949500840834    1         0.89178892366318
1508.8736179565528   -8969.3523770103     1         0.33132219699331555
-7481.285224094643   6793.25580823422     1         0.2839183888364079
-3764.5756903239735  4478.004827355565    1         0.298607753210664
6971.765230732861    8203.670019787185    1         0.6825836894611441
666.0635339193987    -7907.521640700442   1         0.3813464094221598
3911.0717719440136   7668.311162382406    1         0.867536731343642
-10180.916494918032  -2893.0230719472215  1         0.3024464549208602
-4658.043914233442   1184.7484689612684   1         0.7071315255958806
7201.2182140380055   8146.689640427967    1         0.49354908740597403
-7266.411314377464   5509.303925119862    1         0.25260918110563857
-4177.986987597238   4537.062883332696    1         1.160753002347411
-29.02022990313863   4093.203798166082    1         0.42002059658091206
1009.7112180076792   -4520.888016754056   1         0.45720052410692913
-2387.718570986584   -5427.338635433828   1         0.24874163256716555
-2679.348845733279   7649.319603261997    1         0.253014673852064
1432.0347248919743   -9423.685667002617   1         12.209111921920512
2092.1540038215935   4987.209060518529    1         13.99576901799033
311.7246369232165    -1078.523774060254   1         0.8064689719579758
367.16496183196034   -9640.040228318305   1         0.24662469159905204
-10263.870269142782  9242.181114967938    1         6.0175599711756655
4172.376272983769    5465.469349911678    1         1.242353935562649
-2933.1618517501347  3077.6701019129805   1         0.5794396081155293
865.7408173454351    -9466.503340248903   1         0.813715995498815
4307.2863330184855   -7573.339609309835   1         0.49760011408793736
7678.763630019347    -353.21633812122667  1         0.883483134906765
3668.083984543094    -2879.160072114052   1         0.18309456088236964
-6013.182469430425   -61.67595846249041   1         0.6832294756826718
-8832.766444883497   -3096.2588998355714  1         0.9362300104491454
-1391.4750218344761  7572.449186311647    1         0.4266216692177597
-2016.6634607146407  9936.538888395029    1         0.6196684695201143
2462.390420978556    10291.528672190118   1         0.44637682104504717
2053.3200192759755   3033.559905990194    1         0.7577425855024544
-431.69696624276656  -5307.434156030467   1         30.326940410582523
-7706.257302172796   2053.7116461383375   1         0.20208333151807256
-9407.759826764775   3767.256582640247    1         1.1210267781619276
-1681.342501137717   -4683.337454343313   1         9.457735467585865
-2198.4705366566836  -6739.303932822611   1         32.758393915052324
2134.767959709014    -5232.196014123321   1         1.044757538598902
-530.0247935220705   -6999.920176808986   1         0.7834343276345306
