trucks_count 3
drones_count 2
customers 40
depot 0.0 0.0
Coordinate X         Coordinate Y         Dronable Demand
-2834.9772451458     -3873.470756010584   1         47.18750632151429
1127.860347945787    3832.534735492315    1         0.8704237397307869
1859.4580712176835   4949.335352941754    1         0.47805989525360804
3345.6289128949447   1664.567014421642    1         0.1744097297754711
2200.4100556858475   -1568.198017348969   1         0.2244551773921798
4003.9209627472355   -2561.890785738569   1         1.2090587193364088
6177.4658807872875   -3633.4553120833552  1         0.5240081507699995
2969.750417842733    6169.703372159455    1         0.2233227979639582
-6293.196419773962   -3030.7083048327095  1         38.94269539274408
5293.886112049029    -1147.7921856392882  1         1.246425228973809
-3581.0450432550438  -4126.412546105658   1         1.0583377464437673
2859.348455809567    202.78890669766852   1         0.6688358332807903
5129.484111582939    6339.79295389883     1         0.5988479266958993
-3725.401940639773   703.5950896143968    1         0.21816944051743858
1885.870794930775    2674.9766247401367   1         0.1389414989525449
-3516.067011030308   1466.545804680165    1         0.5233473959258144
-1260.3859483489339  -6409.724427505755   1         1.0821555523999242
4999.605559972479    5438.28736133104     1         0.9462576465321311
2262.609400813256    3128.74271102666     1         0.2291196685214532
1237.0723569857282   -5458.0310150406785  1         0.4488536348127107
2410.382716251175    4515.862575382014    1         0.4219835028636677
2061.3272526025285   -1348.9853494911436  1         0.9192783147148835
4893.210408560601    -3399.4954543242493  1         0.4211370958521198
5257.817103065084    3160.319199369815    1         1.027450919690335
-5931.853828646941   -4412.624084630539   1         0.4367912702221779
-4351.202752238022   -567.7908028972071   1         0.7468178004764676
-1152.238401982337   -965.1554669092353   1         0.14117333377460076
-2390.019653160387   -4997.456397013358   1         38.516132029922574
-1871.381404743931   -4019.2997117028544  1         0.37061062635031217
368.79249806740256   2244.753949212774    1         0.2348784688905634
2865.286683732147    3675.1431097779023   1         0.5866077608214425
2240.4359833740277   4675.700383194286    1         0.781525967427609
5546.790076537977    1906.4438895484134   1         0.9988210236557116
4048.302056998211    5137.107964279603    1         0.8822492641424423
279.17822524448263   2508.425100629067    1         0.6281178369857576
-118.33672893756491  258.4851368829827    1         1.1709428815333027
-5133.282765994975   289.30265444318223   1         0.7123792358626869
1325.6866633966565   -6054.061354421183   1         0.27286168817879325
-3110.368367204791   5126.818462849382    1         0.7205175854954161
-4560.899612535327   5274.875072267844    1         0.7036236799698429
