trucks_count 4
drones_count 6
customers 95
depot 0.0 0.0
Coordinate X         Coordinate Y         Dronable Demand
6522.443611679124    3041.1914731352654   1         3.803410209548126
-561.7729367457911   -4613.941709898372   1         0.2859027350094543
-12737.570646661145  -2464.6275376702033  1         0.5394184991294559
-8696.571585650785   244.56981700675325   1         32.69194650470788
3884.6919559751004   -17358.084832786935  1         1.1229784339692164
4863.978320438902    -8645.181267530272   1         0.22451911847985187
4832.281581754236    8974.087875033812    1         22.094027928187018
80.1150663450689     -9678.43959862339    1         6.108512098003267
6883.7021854127925   3689.511848245077    1         41.5252366101886
2913.0699201193866   -9465.381351914291   1         0.9964966619870955
-1335.3553539633965  7143.099627098479    1         0.9329959433655127
8856.566073834745    1822.9474819592335   1         0.6372725378042315
8818.140075374142    -5797.721274401517   1         0.9926561110050282
-17296.12521091431   13418.662322613549   1         22.622887357890406
2229.4074936295133   4755.90252487053     1         0.5478045806579541
2923.2978917894898   8025.401286275547    1         1.1291820480443977
1390.3123304151873   -215.4237247161427   1         0.595422831378537
9267.784480286085    -3819.2995291623797  1         23.541040528293607
-2385.356840556283   -4896.993879695897   1         0.3366067927371697
735.1705513691461    -5075.689435253188   1         25.027853437553304
-4212.117869472471   6124.552906178726    1         0.7127892715395081
-19.8706267208264    10496.290779591616   1         0.15054661627871935
-6936.1422745956215  -678.8311693577416   1         1.215453170520772
4643.6114639427215   7118.18282275965     1         0.19906404816268536
848.0303369090531    9040.150968100916    1         0.34947839135145586
2475.1819492846644   3914.0267988219666   1         0.835967974689147
16897.74547320009    10658.87706148831    1         0.4038110652478112
-12848.532547112372  -18687.680570068987  1         0.15277857969106623
5626.869264675393    4972.345652438973    1         34.01947989008136
3752.0438296069588   -14163.734709751472  1         48.41020270102472
-2784.2469947949758  -5166.62845888615    1         0.46046014841960914
-3367.309948101689   10266.068407152761   1         25.99880832811167
10590.806046668866   -1060.8609287735985  1         0.8301747595275312
-5265.661029680845   6368.06170199792     1         0.9104753609148026
-5695.579468167861   -3910.0026476942417  1         1.161492418135228
3174.750719169255    4467.540148825796    1         1.2343627280365692
811.0715627967137    3889.2442360328405   1         0.716839967743086
-4151.144577268723   -7221.587575208642   1         3.136000409352132
299.6114257966332    -10337.066291864356  1         1.103090129353854
-21.783025466360414  9991.212657469554    1         0.8428493005169903
92.81159456272621    266.24557011048995   1         0.7860761429282709
-9472.358840967738   -829.3227880804496   1         0.9585634945466754
3866.2004550811253   9961.711192587238    1         4.537459168990235
-9750.671722250543   -1470.3836881567388  1         1.1658415367420372
9657.064356295448    -2023.8069913750417  1         1.2213627747906441
-2834.904118836929   2453.357391110327    1         3.1801097973521006
-2953.737161332122   -4648.515959381738   1         17.594107331548305
-767.4056761176386   8082.591962911721    1         0.13862681340812114
1210.0332814869275   -104.49024360434844  1         1.0110535344819107
-697.030778087713    7005.877020511085    1         0.3076792358539493
1084.4002303776651   -8495.528797407253   1         0.5243803876093178
-8051.165961922037   -8742.108110831463   1         0.15921729228375112
-3655.9318743716844  9686.3938146947      1         1.1252222967015777
-11968.165566835276  5461.896423322334    1         0.7600663443278501
-3143.6917701908937  -8047.382505464453   1         0.6923855393108556
-8578.342909659117   -5786.228475198815   1         0.20937426847476823
7877.686650175069    -5048.273402159019   1         0.9991969200553862
-1454.5424285367046  3123.2204091180656   1         0.8102492812491713
15865.861178583786   9985.206250903295    1         0.8199616443132351
1119.5406352598422   -9022.481788104546   1         0.2779511735681454
-7716.346739832996   17145.664664517273   1         36.544700246391955
9577.785666626172    -928.2341642689087   1         30.535140205903502
2773.8726652140936   -10529.378200025396  1         0.3747514999168713
-10222.386046577325  -17652.65133440903   1         12.26538263671957
559.409953547358     5384.263398595366    1         0.7543149867551953
-8369.611834736552   -5926.677860004242   1         0.29845824692804723
-2368.4870706577553  10398.386039296518   1         7.776009502881305
-12364.863242341644  1087.297774081926    1         31.880302793672733
4404.92441162511     1471.4989870852673   1         0.3739604084146513
7912.6050441195475   -3504.279528264983   1         1.0246126674581864
2111.4636635075076   6525.699364768519    1         43.653771097720025
9690.565895247704    4575.560570703231    1         0.1344401484779345
-3735.129976084567   -9859.881873472274   1         0.7974953535589839
-1200.8933375965528  -4979.392800941889   1         0.7065307084531918
-7897.431265784727   -44.101439514066385  1         0.5289737873317767
-3147.505351256316   9945.359026606453    1         1.0812115467864916
-8757.217004360695   -6005.353188200259   1         0.9733799218918514
318.63841809094      -9643.583565338748   1         0.548600062903438
5161.686932211243    7840.8222220764055   1         0.9881229716324157
-9735.483257163163   2893.715391108127    1         1.1800272652397759
-4135.994262720743   5143.688521233327    1         0.7033089131489435
-3942.8951899912913  -2071.4207946951988  1         0.6198068373160005
-4467.725020189956   -2981.31146464709    1         0.6503456120892411
-5989.704943369035   2934.222121317132    1         31.68251630369693
2214.8005658457623   929.017608566246     1         0.16681301957328307
3101.078314937657    -8204.040668675249   1         0.42847210129016655
-4234.297453962739   1873.1328298443864   1         0.31019492969803875
6623.55888939132     1867.6995470327452   1         0.6552739214424377
11989.091399136003   -17322.668106180834  1         23.32062826286185
-6570.232974106821   1044.041019426223    1         1.1659036665034674
5756.454613371643    1604.5069617032568   1         0.4951573582197474
-7229.403913338379   2069.372954376645    1         0.19903202407107534
-11739.338918888212  -13302.800905095304  1         17.634289247765086
-381.2973036394052   -10640.84834954742   1         16.905467273028073
8810.120140384463    2947.3328286289675   1         0.7868417480001012
