trucks_count 3
drones_count 2
customers 28
depot 0.0 0.0
Coordinate X         Coordinate Y         Dronable Demand
9442.51473690832     -756.3704099596139   1         0.340778445302396
3767.339167884278    -7404.5227915136875  1         0.4933150087291589
-2690.8091709760297  -9413.263227358866   1         0.6660486572700371
312.4706816403944    10474.203435623564   1         0.3536695600263494
-7977.178011875415   6044.377880697491    1         0.9305727789888827
775.8668550843742    10513.710517411511   1         0.15036794812434956
3288.1513312058482   4546.497743708821    1         37.47775768485537
-8234.093488312637   3714.9336735320885   1         0.4806026845129946
-4166.751051005681   3007.544091369932    1         0.6986490429169318
5491.754098263813    5226.850278974729    1         1.192819815624102
-1758.1487160643815  6345.612781947044    1         0.28037869304087903
-9518.275759173363   -5053.702035225385   1         0.9711436478504545
-9495.025534413047   772.2720338378705    1         0.7533413959305175
-7785.426020479813   -7247.308305447086   1         17.33949379951417
-5746.408165300695   12529.244299929407   1         27.29305370005322
-7093.092055681442   -1386.8100483571359  1         1.1932442181881595
8528.626481831896    6400.957306528459    1         13.510614605287834
-508.1266556458393   9903.551209793994    1         0.7508879986156974
-3806.24106420831    8360.911976676693    1         0.9124892351307266
1558.6926406668942   3457.664645073552    1         0.9352500078732318
9225.96071189103     -5211.028523629538   1         9.9217863281066
-4051.4948076748196  -8112.318118776692   1         1.0045605458297577
-5231.2142550724375  -7231.503870106615   1         39.70929020553715
-4223.946696942536   -6464.043557938566   1         0.9265206411753948
-1620.0780232395189  2678.2340163798144   1         0.8701922277873763
8713.415182992792    3000.705913167785    1         0.4842051465979965
-4631.833690765521   -2211.475083510933   1         42.87467462696529
-7615.4741335724375  6158.766311479819    1         1.1966842809907818
