trucks_count 4
drones_count 6
customers 92
depot 0.0 0.0
Coordinate X         Coordinate Y         Dronable Demand
-1753.8709117805613  3392.636952795998    1         0.12740641491716612
-1694.8947365863824  -3422.0224868032315  1         0.8571979073756213
-2780.5376374178286  4760.341098288878    1         10.896224588417182
10738.357083769857   -822.9533906506825   1         0.8297386713704139
-9212.122794101077   -16178.174031273611  1         17.835386750898724
1092.0156316717237   -10091.711597108133  1         40.99917495338004
12320.44240371208    -16399.726829214535  1         41.96217289122908
-6575.080661632812   6943.124741955545    1         1.1742616682691884
-2074.971057082083   352.78077925370354   1         0.6171420094457305
304.9020988013011    5743.795912957284    1         1.2216091249155354
-676.9893100972484   3919.04335926092     1         0.7058378257259235
-996.50220897377     -2724.974635162433   1         1.2370659668359056
10200.948151065568   10021.693043935364   1         7.723255372033299
7024.229615362777    -5277.84517543628    1         0.8129759166515615
5104.341920302071    -4501.471107569374   1         46.22042329606201
-9136.79735277947    -14891.136029875337  1         24.290937155014465
984.8139264266416    -6827.530467466885   1         0.8971396491121333
-2818.633611448674   -88.41658698289697   1         26.552903778284403
-10462.629720497951  -1185.2072395773293  1         0.8323359745515377
1902.1748208662198   -6317.664880674733   1         1.0012248323150426
-5041.472566272699   -7435.659460825523   1         1.1250986038669764
-1210.7614225631105  6319.316156052173    1         0.6592060300207532
-4407.2044282871375  -15400.906604746786  1         30.1365951252517
-6732.281379277782   -7106.225756848051   1         0.25964923713080307
4544.416344225104    -2255.2942427672624  1         1.1981162413503328
-17772.674021301646  -9916.744961483624   1         0.343325416117806
-3033.1406428103187  -2290.0819354221258  1         11.650142886538871
4584.168105426852    -4801.55485514812    1         19.49229650623988
-6040.973308087059   -4306.918387021278   1         0.8603539334232079
-7881.5441115941185  6766.326754641299    1         47.18657374386686
-395.5807635709003   -266.5020521224961   1         0.7569381893032745
1314.4145628551935   4181.621093978979    1         1.2194669160559446
-4518.409390149855   6571.621698344877    1         0.22478696044642543
8041.572252330798    3157.389588012019    1         0.17709715925319708
-5142.343862498983   569.683210594389     1         0.8833584828650384
-7239.105616565523   -7803.307257216933   1         7.685801002978889
8783.52925245783     3979.3244002665533   1         1.2036350421595032
8643.003795367       -6521.174389417335   1         0.414749493819931
-1514.2585367760869  5677.4140733806735   1         1.0444904378104356
-1762.202132609257   -9769.00498282537    1         0.30647676703157767
-5546.040083517137   3314.3867540821475   1         16.459830389300237
-10116.616728924984  1519.9679144216666   1         0.30170318530442675
2064.7457167040834   -4262.144838349228   1         0.9672738458607034
642.5333255379758    228.03808668939004   1         0.8069646161006826
-6284.51553740083    -8519.99585963832    1         0.11980055992209226
-10576.23354019745   -1716.7528571666799  1         32.180276883406165
1366.1318933578711   -6242.652071527367   1         0.7102276884034875
-9301.181594017775   -4843.043920405189   1         0.7791190668652971
-8266.159077757344   -2081.873776657523   1         0.31360147253928444
-7787.362280183764   2627.306740148442    1         0.2702776631818369
-4126.116261359168   3430.264464052764    1         0.26040749757965354
5920.963686015019    2749.776337061153    1         32.43387043151754
-3552.7004655523187  9466.0933837942      1         1.0085634231347662
-4646.50585204567    8792.922299868127    1         1.2204169373025693
10434.74950228513    427.9627181404755    1         0.16900622474637683
16259.002493655738   4220.068001183568    1         14.267065426349976
-121.01726441969106  -4680.411784263973   1         0.954332079427796
-14604.577548082661  17148.0789824885     1         37.02615369364483
-3328.2846546771643  -4806.507125648805   1         0.7867904125383774
1118.4593177633908   6984.749249021402    1         0.9134098279004313
-14357.396382370742  -14367.096803418439  1         21.467389790468793
-895.0621413927086   -2394.8683020564226  1         32.75725289667787
889.6093765236468    -5571.369374467132   1         1.0281316519157302
-2683.123988631813   526.2349594419294    1         32.55171664867736
-9050.090719945736   -3652.250031122541   1         0.8344556217738489
-8376.221766993483   5552.87800615627     1         0.9627023927088906
-18216.365904846436  -7601.139570705569   1         46.940857962455894
-8390.402119740638   2975.0634635706256   1         0.8561937152181989
10381.830242585711   -2645.0801648611478  1         0.7002862336620616
-7213.657332713088   -2289.6065952332187  1         1.1155917789615435
2085.5205265997065   17478.077979929105   1         0.8492764531648337
948.4214017928884    9997.462256913397    1         0.31704169879196875
1037.143880423762    2100.9529153689914   1         0.8961381661511328
3966.300865553865    -3764.8780945644207  1         1.2445238660022322
-2116.0350645799226  8563.373505594107    1         8.928358155725107
-5881.319879113649   7989.918521167721    1         0.6707318010184063
4739.002404065859    3004.3075685024664   1         5.259799435799888
-1063.7328998384914  3079.8031177974476   1         0.7548284648148312
-9374.147968449015   -3951.833505022936   1         0.7848945610816752
4175.4363488126155   -3354.4364561699363  1         0.9373741265237863
-1125.6811446423073  9949.488141945798    1         12.554901458598204
-1199.1430937505015  1948.4077950506933   1         1.1538685070951518
10222.184293543472   -17340.630282541984  1         0.9172884605113483
2634.17060679539     1391.0620628591828   1         0.3344112651557436
-9009.043156860598   -3425.6424022841375  1         0.5496555389953998
5947.195960753077    7721.469381462931    1         1.0253265709810533
6448.649147699194    -1477.6937105025354  1         0.6381118382592669
-9062.653695130139   6082.386929411614    1         0.28110920588482424
9191.268785299893    -4111.633344954377   1         18.414225455349104
2690.0488485003107   -9050.415592178395   1         0.26489813827813224
-9866.019034461948   2725.2163222939803   1         0.24007141286554062
-12568.449133993969  -4771.415655362098   1         12.99115232613354
