trucks_count 5
drones_count 4
customers 72
depot 0.0 0.0
Coordinate X         Coordinate Y         Dronable Demand
303.27757177890686   5115.49052726152     1         0.2664355298727227
-5492.173741707297   -6496.696770433537   1         0.7885783090207871
-430.2238899999868   -6766.547549364706   1         1.1631385271774395
-5476.979979944533   5167.525362295179    1         43.780413392718295
6360.707372964128    2211.4895294802054   1         1.0205865420021
3193.096257708276    206.817947407474     1         0.4387331631373088
-1743.5254776309132  4266.686901910945    1         0.1620151933438972
-3072.910540846497   512.1084354468468    1         0.4426945046484816
2875.767094972098    1472.1634143373963   1         0.7920153183663997
-3418.375426243389   5375.216619728875    1         0.26635063601342
-63.23323362978373   -6524.497170094015   1         0.185960423592673
958.3914399652784    4645.745753507756    1         0.3615996049570721
-585.3608805954809   965.940704098206     1         20.931874691853068
-2719.806320777913   1058.3921312260222   1         0.2723181945214468
-1284.9338908756417  6844.087741612793    1         0.7693260276976408
516.5507806315997    -4171.08875884513    1         33.72704473039839
-5686.505829275558   6497.520202644446    1         0.8984187554857718
-6579.733680764094   -2954.2753530343016  1         0.4851865002580402
-6427.4086184415855  6592.98616726255     1         0.3960709172558041
2789.0933878356263   -5031.827039576161   1         1.0921281669342346
-2382.1137467010485  -49.116348309080465  1         0.3809432989991227
3400.4698411505474   5375.178865631297    1         19.03213980623531
370.5882119695284    -5704.610863193557   1         7.7461206899496
-3428.8261147733115  6252.08645825678     1         0.5229220763542193
-5131.535890868933   -6789.5819603174905  1         1.106280325964002
-3834.9067554737867  -6807.594825111488   1         0.2896435385242447
881.5814953446347    404.4899455865006    1         0.8818976576877281
-121.22493821545334  -6921.830333610518   1         0.9630803030353239
2985.5225493317726   -3676.7971098886183  1         0.4190459544039924
-5349.112420114211   -1512.2704266289843  1         0.36907755600343695
4707.360711069897    5507.4525996459215   1         0.589954923758947
2916.0934498923084   2351.193466520094    1         0.5760955310711577
6023.5247854923      -1257.6896737304166  1         39.36454006179133
3140.2993472891117   5235.497228906355    1         0.2659675994361287
-3111.6939496532623  -236.10849038589927  1         0.845096551352442
5311.513319134701    -3551.2220350359025  1         0.6975407123178348
-6897.643703221615   -913.0422728830408   1         0.12347938072894388
1305.1355811311084   -3101.749842668366   1         0.20707954511164445
-5694.690950950183   4285.1972541698415   1         0.8966092971333023
998.8687997419704    3851.5668148145264   1         0.3149233302363065
434.4376702415706    -6379.351819861919   1         0.486793652626639
-5708.321921232907   3239.255362730571    1         0.969473650077083
5300.953294332312    4561.301203859644    1         0.9840910372960552
1294.5104765409226   -6923.427763463908   1         1.1083584352731404
867.3382728489252    2928.342157615408    1         0.6520732743320952
-5668.142116149734   -5499.14209026746    1         0.19184458912962185
5188.50184508722     434.19891546506454   1         0.49391585480799993
-6533.417516642321   4107.972768584502    1         0.22472432085655397
1331.1296188617168   4716.657796285501    1         20.097658714597866
357.99956303282346   4158.00583272457     1         0.9150063386140244
1718.8925349511896   -3970.569046985734   1         0.4967035471708714
-496.4807563524382   -6637.014595219512   1         0.13249868863100486
6878.851078029954    4189.333757316841    1         0.6082574853941908
6820.825035413767    -1813.5356189898666  1         0.15652599859291236
-2446.8857090414836  -4926.013631963819   1         1.0827286780907208
-2.758384430977713   -6196.978818491842   1         1.0851949706457211
-9.670909468699016   2758.5071968229327   1         1.0277547949670296
1665.5082903538423   -4917.938464979547   1         0.7481084025688143
6445.8916166647505   2652.325427766781    1         0.7278170821154928
6306.235102533374    -1030.7189020574972  1         25.578677862157193
4556.095361730995    3874.705065287683    1         33.46363145123364
-562.8344338327435   -947.4776930955799   1         0.806406648255042
4584.5038355707675   -5608.868736192639   1         22.194416259341548
4458.991764516724    -5101.786955399775   1         0.7041471700219772
4056.262817961142    -6941.507892980217   1         1.2098126662974134
-112.99710096384752  -4738.0783677578     1         0.6148719595128159
-256.8935476810503   5604.836331756207    1         0.9364911032351557
6888.735871571003    5201.679322290307    1         1.21466261899683
-4514.631631135211   -6492.795956747796   1         0.5424215343049894
-1249.2934213488952  1692.1041240755142   1         22.19342123697175
5822.398050391336    -3881.9134812381744  1         0.8471328555707298
5603.321134701561    -4736.298979353984   1         0.7248390578494907
