trucks_count 4
drones_count 5
customers 100
depot 0.0 0.0
Coordinate X         Coordinate Y         Dronable Demand
-4189.488135085666   -6633.148775369396   1         0.934821843849155
-842.0182313893046   1293.1804289575516   1         0.7111770041770384
8316.758713876365    6031.76641106191     1         1.2342417019106926
-6319.46325634208    4346.523873389435    1         0.2829580337253822
6269.997747648804    4199.365979968921    1         16.724297160792137
8059.852038766598    3238.047221872584    1         0.6461165171216079
-4237.901965296132   6101.716510168438    1         45.81091282866106
-5597.633406438936   -1763.9828369905072  1         0.9822106741291209
6470.320395028122    -1464.201644190301   1         0.9526826439944265
5519.767096582015    1141.1987473810416   1         0.391948166376929
-7826.488144844172   -396.03310279818015  1         0.49472730737847304
-1916.644697392413   -2469.0154071977486  1         0.8613720934394153
2155.268660707874    5449.299642648295    1         0.5008482571083716
670.0190402895519    2586.7679286543475   1         0.37005535931894973
-7605.834097991298   -3696.531836213945   1         2.224264958421183
-8096.782916031962   -2786.510428830686   1         0.1899615988641551
-2758.3619264854005  -2805.8980724475387  1         43.14850411030627
7208.047077909993    -3107.9264656590803  1         0.95197622218681
4008.7073125133816   4130.023096858735    1         0.3611650106084767
4570.802090656303    -4802.300683718053   1         0.23267521407543074
8008.592370261425    -3362.9732423087066  1         0.26842337862366517
187.54789352934657   4426.803884453092    1         0.7719569027411635
-5064.189906320148   598.3346064972029    1         0.4130665916277796
-7290.322527416705   2464.3755231297273   1         1.2267567306008815
3170.486434326021    -4018.1613448143908  1         0.102000225945963
1429.2878150086506   6080.324936817613    1         0.4856223908986085
3255.979230098758    -4696.960960405848   1         0.9108822017171591
542.4880876313833    822.1277634648144    1         0.457000144449382
-6726.319212659277   1167.9395056453118   1         0.5061022081243598
-5655.82213224661    1682.969995809578    1         1.1087102439964245
-7481.551200614516   -2277.7162654550175  1         37.18389609636982
-6709.9702700939415  3636.7214241220327   1         0.7048246849187991
5238.304933892128    6971.411643058104    1         0.9436601726544379
7299.6811511622      8230.600379388208    1         2.4049897568505316
-7476.321216687907   -1753.2755057802701  1         0.11228500431114855
-3143.676370399319   7837.366727710879    1         0.8791546765718485
-3545.478752338009   6709.633517971954    1         0.21831658355693517
-2241.727111698191   -130.86657049128587  1         0.6465445210066558
7847.199155782452    -2286.1400477779634  1         0.4478860288812243
-641.390266150387    979.2167424390826    1         0.8522488129954363
4994.844549814345    2371.3123081533868   1         0.6586888558427191
-1300.7192951077727  7057.200394259929    1         0.32939510996140653
-5656.473003589804   5358.580052873717    1         0.489168229427133
7921.429376980757    5378.325068324446    1         0.7370231191456229
-212.91264996025077  -2272.8191627762953  1         0.45551322904780545
-4011.86237467078    -4057.923763565851   1         1.1721659706605037
2569.2315135006106   7885.324262363092    1         0.11497318571246949
-702.4503645717256   268.11301087995525   1         47.30770344925823
-3187.2174787609165  -1669.9225510667811  1         10.742409433429463
4605.133782302939    1022.2617717147241   1         0.9549848606106107
-1184.1165117563917  -115.81654283159752  1         1.195015722227262
-3376.23186519938    4167.715807793378    1         0.7720747733538815
-6441.257353629033   -7388.065981296609   1         0.20564787338192508
-5231.071757235572   -3453.930212269928   1         0.16540951226067171
2645.022383595085    7606.826103923513    1         0.6252862719611223
-7182.896210630841   -7036.336889681711   1         27.087967841164414
-126.14771758941517  2542.9823293436984   1         30.232736321760182
211.1185678037158    -1042.8767018239416  1         2.8150405696841494
4160.333867481731    -6044.043266395298   1         16.341390001391986
-5600.515722910132   7581.818870902793    1         0.8541446359841294
4668.1844939324155   929.0626208418504    1         0.6466600417313748
-6024.8524827275905  -2752.288679499286   1         0.8042670615452692
820.0598672111846    -5517.439087287465   1         1.0175743130200658
6725.500502888095    2509.2822550335854   1         0.26528128995538847
-9.382202608748798   -8295.136714566268   1         0.7293648767245626
-4959.127245211093   7455.515438399179    1         0.3580921586387562
-3382.809309637021   4194.3316029014295   1         7.3898118700581525
-4878.563866421894   -305.8136205046224   1         31.51014810078963
-7799.044314145791   -7613.780515009942   1         1.1468352964062098
3592.948914197055    1306.3201628365657   1         0.8803858030948405
-3942.7980323118977  5657.951119204631    1         1.1088475485879714
-6548.538441284662   -5377.5431435865685  1         41.074423205293115
-792.423158720487    105.47716949568763   1         5.973404196310525
-5915.1257655229065  -3521.481919063652   1         0.12208525520902717
-6155.945542066238   7952.134645733862    1         1.2062954354561921
-4909.449010341176   4970.479331402068    1         13.721988128561119
6541.2439140138695   7470.621966696856    1         1.2367799729810962
5658.201185741757    -289.4477152616995   1         0.873224876743292
396.5736696079857    -6414.19141038967    1         0.3346345860280755
-5293.6973010692745  -2844.6550667397896  1         0.6474355519259867
-6460.041437495019   -2691.2873577444834  1         0.8919058728054093
8113.084432076238    -4446.847382378465   1         0.8543916228747457
2977.105210625685    1195.0573462641041   1         0.7357551427754498
-817.7402182654744   1949.6326742701954   1         1.0827305086583996
77.02833620457334    2845.173866753616    1         0.7410233352048309
-2257.3603425108386  6935.985303881066    1         0.9674568129883852
1674.2572544479478   -1368.5507956918777  1         1.2457064598007361
4732.08236025292     -2240.0941304538246  1         48.93257460659367
-1114.2042816705434  -4066.81581815928    1         1.1116444514754154
7824.54129152405     -7103.709110757239   1         0.6894119907692094
-6898.089656698918   -7507.4872258866035  1         14.296040519824492
-4270.033322388146   -2308.8584736980865  1         0.9638985159375423
7625.4946069289845   -4094.3353250425425  1         1.1378209573583358
-6735.514715705576   3546.8100116415126   1         0.9068638892134245
2311.5297050645945   5155.529686775122    1         0.35071128092492443
-6551.492203639515   6558.360616123371    1         0.9203962446350225
5499.049779245152    3984.2226132473215   1         0.16398728197465767
-8021.3413614604215  -5859.507598576853   1         0.19416513694440135
1701.1592069946028   348.74994833355953   1         0.5709463339713904
-6851.40119870197    5100.569434455263    1         0.26946869344268065
