trucks_count 4
drones_count 4
customers 91
depot 0.0 0.0
Coordinate X         Coordinate Y         Dronable Demand
2490.520416656851    -1618.260523948504   1         1.099858281633004
-6154.121918128904   1715.4514990003627   1         0.12747041321674402
-4687.392319908146   -2589.833415751488   1         0.2606114175697565
-2044.2471862157602  930.4999748927693    1         0.7542485040278598
5117.40081278812     5195.055468818513    1         0.7376080183556892
-257.7332747552673   2716.750830615956    1         0.7204304854945301
4137.252400140285    -49.33949737980038   1         0.9473529075822978
-3056.0938214927946  3075.82324720848     1         0.16399372044333144
-4440.172848694359   -1030.576585637963   1         0.2786983628401626
4657.863069762014    2927.507614091796    1         1.1765107419052503
-5475.389534176837   -3205.617470662748   1         9.700186194619269
-4045.7302313675427  -5429.562201850522   1         0.3850164475156269
-2660.8630778183347  -3299.9955762484396  1         31.589488201609726
5937.204723603118    4432.096106937293    1         0.6338555879169124
505.9573455479298    -691.2348145455113   1         1.0356969204194018
503.2038547288439    -2529.6802402579992  1         0.1407124620667134
3857.9751370722715   2887.2905056397412   1         0.34647298067973975
-5318.73573509355    3844.201637169288    1         0.5313744388292051
1984.397501115593    1097.6370165379533   1         0.7878272033947157
-6068.474877749564   1132.8290738568612   1         0.7370843904466122
796.6663642087485    -2701.120271881008   1         28.16343348151457
4168.6551933197225   -728.7849558252093   1         1.1430561127833714
4468.774457263698    -5056.252055904522   1         0.14113480704986592
1786.7198455312716   -840.3297365612534   1         5.261073495075348
1055.3537569456337   3996.9663769247068   1         0.6369356892931188
-582.7262007816935   -3120.51099575714    1         0.9499307071202763
-3336.850003042755   4611.835323760227    1         0.7088326648096694
3429.6432631134167   1579.435337900237    1         0.9926851599186288
-5256.603660443671   1245.6044252491347   1         1.2272084195476183
949.847777837611     5977.556795209452    1         34.97569845320456
-5232.324740202264   -629.6413550513118   1         0.3212818586682507
-5956.021938017571   -640.0291649863534   1         1.1942579174518702
3208.9885533782563   1506.036318836217    1         0.8838638725881663
-5562.494718412907   408.5239272014813    1         18.40907698156812
-1162.29699890545    -1511.1332007245055  1         0.17416367620414724
-5290.920973122771   1404.5805686440265   1         0.4927448412477816
-2043.195513564592   3581.3115446856073   1         1.0336058631561844
-871.2239161055907   -3295.534784818377   1         6.321904702369067
-5981.096277774402   -5525.462252936581   1         0.8417711523606403
-458.66736111971403  5474.761989903385    1         1.1571642398975017
-4011.069621892853   -5137.168459694658   1         32.128014314754225
-1520.267197933232   -4939.519100482106   1         0.6690536265989663
5801.624291906609    1848.4606711251283   1         0.2127815884216412
4389.859093291608    -4751.522616665894   1         1.1329275680410154
3886.4154962538173   4655.34848796958     1         0.8510195638258237
4914.282252800355    -209.45316546359587  1         1.1655421385401261
2952.91680521588     6271.273202283551    1         0.32249468819510796
6087.389465831418    5232.398380861741    1         1.1972426445310769
-3152.4162089037463  3463.6702244163075   1         1.0455635258011942
-2637.2047648074786  -4.894767947457694   1         0.3708473671824568
2938.2389102634697   -635.9258099223844   1         0.37666670554936144
-2648.047181803116   -1309.269889889885   1         0.6250254453327785
2519.905059236898    -1619.2397520710624  1         0.7726132032949713
1197.7610701362528   -2868.117295390075   1         1.15552238509353
-270.91724604003696  2131.4068617976295   1         44.43996197078026
272.1307322931286    1608.2764600667224   1         0.7419455590061137
5670.7050072072025   6179.90411803641     1         0.14136302419013705
-213.5035264193088   -3698.0163633189186  1         0.9523880803951946
1502.7767990103066   -1784.572933811999   1         0.9918137307482907
4502.355232481959    -4449.675479440976   1         0.1683022269059583
6069.589047265294    -2976.254602134283   1         5.170735839693695
-6021.5417084583405  4896.661814563739    1         0.3773448375770745
-5206.219254491196   3213.7187577810796   1         0.39085649613972395
2847.3372297320625   -1709.4689314308769  1         0.24803314680022298
30.508288820115013   -70.62188314064224   1         0.7836114935510391
1151.4458990472801   1498.7494576382496   1         1.1332755907714915
-5413.629732216163   2770.5334125739882   1         0.8117773871640617
-2366.6361027944627  -268.053116093877    1         0.40405311951685197
-1943.3559974221214  -5271.421894913728   1         1.183210794759565
-4139.341241780099   5968.1254538527555   1         0.6966584127873047
2998.64710149643     4224.930897190884    1         44.686083038716234
-3775.7541124301524  1982.2191496787188   1         0.8006065599433924
-6307.02716198406    3957.766858956111    1         0.14140066807724969
-399.24051363577905  2758.464259113841    1         0.14835260621237
2360.4502412634642   -1942.7750414978968  1         0.7761817840641819
-5507.19253021487    2392.489135007641    1         1.0116269119623493
45.04776038644989    -481.1090155858711   1         1.1923763136547845
-2225.717973122302   -1581.1952803648956  1         0.3801823544244365
3777.7577665252065   -5960.217115798891   1         0.49090589449031263
3459.5458799747703   -1846.0082663096657  1         0.7122685813712414
-4220.858856137193   733.0831901022163    1         0.7696287048545095
-2403.56522819413    -842.4732142564205   1         0.35100253293558037
3631.0841419647595   -5734.546267122145   1         45.671685469924874
-777.6171434593098   5201.191303683674    1         0.5358018090984779
6096.220787115164    -896.4374848565725   1         19.483115994049516
2123.4920287523746   -5186.401535128636   1         1.1831291094044931
3282.1616878883915   -4516.611426605353   1         0.29113417836152866
255.9180722607532    -6002.221192099553   1         0.1092117680862034
-4510.447291457455   -2375.6322668796233  1         0.1844650318915096
-2026.4376900931647  6068.138034935608    1         0.957031461420634
-6225.972704704834   -5209.403088221185   1         0.6526532200576822
