trucks_count 5
drones_count 5
customers 96
depot 0.0 0.0
Coordinate X         Coordinate Y         Dronable Demand
659.2805447642203    -4862.152885952861   1         0.448254451235666
-792.1190527124245   2483.543507514014    1         0.28199737633131605
-2515.5034324613825  -2631.73802422835    1         0.9844379290092344
4274.138166253539    -4574.501621834095   1         0.18285352661885754
-3372.0890192980323  -2596.663135545231   1         30.686613307315746
2568.608106148718    -962.5616365926995   1         1.0735474655448554
4138.069360959845    4346.800126800571    1         12.933178723544652
1793.2903684893106   7128.952441223366    1         0.2644286175130931
-1958.6186617965898  6208.0578371745405   1         1.1359413825669173
7384.880408286244    -2159.7939153952875  1         0.8392045303366299
-246.84483709217437  -1020.3897389506396  1         0.8309295923978667
4096.5485044264715   4629.386853168225    1         0.5286933953463229
-99.68714162788191   -3243.1123259189417  1         0.9846187860519358
-612.7874485633926   4898.588520258024    1         1.094157950187926
-2901.6684748888     -601.9542636952318   1         0.5624132338153796
-4059.5344072639136  -4681.159130944572   1         1.054136546485119
-3345.859764119875   -7365.038417975868   1         0.12711506812503193
-3324.473937506292   -4962.220577668992   1         0.13582086493152476
-3812.9497774216406  4838.851091256227    1         0.15629200300730917
-7240.979778403367   5952.383534364615    1         15.157744803729367
1709.2832345070433   2135.4246800002934   1         0.6142431638778658
2921.4640827314897   1540.1128180687188   1         1.2043917837362368
5320.113901279482    -2546.3261116308745  1         0.6321355988502534
-1397.5169914349954  -6294.841032970242   1         39.32051714777373
142.28214111713078   5108.452528138454    1         0.6769466648724876
1354.6653466523505   -2040.8091109080463  1         0.7605945615645022
-1471.3525731453435  3495.1386593761144   1         0.9439282760434988
1015.3426803338733   7218.487538959632    1         0.44688472554486447
6434.583130146814    1936.1589806997567   1         0.4359734250432814
-81.60871513873414   3557.8998727265657   1         0.16923261877577273
-5596.807186211941   -6072.762870509798   1         0.16774809853097744
-2454.56639147247    -81.82251677314522   1         0.2818007186252791
-5714.530763885076   -2595.879265690342   1         1.2286905562379917
-2290.506799130918   2491.075043570556    1         0.5892275866029
731.4481252977797    -1665.7399823650544  1         7.977392128802255
-2238.8636780823854  -6402.846641657748   1         0.6656192736028913
-1526.2196162114449  -2047.0977053527354  1         0.10292162223309873
4745.2032107128      3115.6256628659644   1         40.17721695932795
-3950.7183013617773  -3566.4115613142762  1         0.7418070664615597
6313.126898129128    5358.384497679073    1         0.9523913768770566
-2618.1218869986446  -6180.950776776818   1         0.38916276832357877
3090.1517317248254   -5857.495558576594   1         0.7744485680051498
-511.3830520597339   4237.006770880829    1         0.4595839489749106
-1666.810603595466   -7290.362123240975   1         0.6399261756014744
-999.7797559595035   2342.2220590415022   1         0.750382414524085
1585.501026260713    -6126.8827641098715  1         28.202931933788342
-5763.898643356643   1291.0347714691145   1         1.2386658368618801
-4086.6379089657166  7312.021091645509    1         0.41093845160780895
-6706.068131354159   -2036.2074682741547  1         6.820489219548695
3074.2234032947586   -3397.8989130309606  1         0.31448545732119815
1158.3635869483437   3029.3558161182345   1         0.5730224062722102
-1541.189815230755   2701.427183018136    1         0.5202875233748055
-6008.428428628974   -4649.996068263288   1         46.885062471323465
-4069.3213292008695  4690.652680425779    1         0.5408508989630609
-7283.092755325769   1552.7658505934749   1         0.7858690657275176
3203.3233889798294   2972.792565685676    1         0.8359934432720815
4152.938749687535    -5514.858008775846   1         1.0207676753330517
3144.308124802228    5411.695409399259    1         1.2361314223182012
-4329.17774725521    -4587.23231891389    1         0.2491348026876359
5169.431799274927    -6934.864960683954   1         0.44099709758726247
1443.5964806696302   1419.6996260069172   1         1.0092157364892633
-2952.925677193402   -2592.1205345147087  1         0.41055178931529435
-6091.092147251301   -644.6576612433623   1         1.0727345839529199
-2603.774484130498   2736.1207830901017   1         0.14277603709691433
6878.994480892969    -6639.251943716355   1         1.0963378096272631
-4477.280281868474   5628.336386703553    1         0.6347223766208151
262.4445871756316    3009.564589363668    1         1.0133712041107643
-2646.864954443965   -1340.2378132916394  1         0.761349045807879
-5887.904806222076   -3150.3154891871764  1         0.2577258638991637
-6343.795585877758   2638.1844190301163   1         0.5761041082821856
-4485.198765422653   -4508.511136063347   1         6.626857942685179
-3342.5693366499677  -7109.312498723561   1         0.23529748708253356
5276.330074016795    -4060.4653781487887  1         0.5990408626488237
-707.2771545667418   676.4359590863727    1         1.0683568188773562
-4687.4862002724585  -6881.739790535883   1         0.3435493787885232
3314.067584896863    -2735.5473072325176  1         1.1738839154909793
6686.078044111702    -4516.527324640958   1         42.0388202867872
-1021.4400162073825  -2155.2908577131275  1         5.708443293267263
6953.488899346672    -3630.461604847543   1         0.4918713873278677
4901.478746815778    4978.567368722524    1         0.21135350422578314
2835.206393428128    -6521.093458127278   1         27.030592922067786
6261.577143817581    2303.1587030534706   1         0.15162334427667193
-3101.698312127549   864.7433156169463    1         0.9454806338826617
-2301.0956620312186  7023.546044933817    1         1.1090690622276607
281.56494576526956   -5139.831249918857   1         6.151713076353676
-6275.1998601270025  -7017.581487102408   1         1.249375564412071
3991.7032643115826   1306.7870479915293   1         0.46307461488471224
-7031.347866052437   -6599.330711365011   1         0.9739642850675228
-448.1462817409788   -2421.3999797939277  1         42.98940219194291
-226.9558985669537   -1366.9986804128412  1         0.22675710791325376
-6849.44081246627    2130.1657925085838   1         0.4965886649969502
7059.962205297462    5441.948308904952    1         1.1973468472785915
7358.916290539493    3855.4530078823445   1         0.6562675277976018
5979.646345396563    -5750.330002472615   1         0.2935570633810748
5554.854165367312    1980.2398748566197   1         40.30695022306864
4381.768949191002    -204.94287292294575  1         8.94757620806009
