trucks_count 3
drones_count 2
customers 38
depot 0.0 0.0
Coordinate X         Coordinate Y         Dronable Demand
1201.7133629191492   6521.0768947843135   1         0.3985056995770111
-9846.834699809337   3244.3028038417615   1         0.9894540304431327
-4819.017212763335   -4103.643645796      1         17.736312629415405
-6961.554940414177   -678.1791832795855   1         1.0593978349277149
-84.03259415804132   6233.441921330583    1         17.55341481812345
7249.187076683433    5348.750455773721    1         0.19030476447466743
-1716.582848444764   -4398.351614990535   1         0.5379250506902117
4442.771550506103    7613.626428067498    1         0.20283053002572718
292.65387640095497   -9480.303657445309   1         33.9513866438967
2696.7686748717897   1122.997875857766    1         0.16116247316214993
2702.7014324501533   9246.52259678212     1         15.805915897451296
-451.9977852282741   -616.8188991077016   1         1.4637151165774003
140.03818810863766   -2146.4711181814937  1         0.6314610944863531
-534.7360477207296   -8051.9312094927045  1         12.138875570655623
3234.670726852168    1424.7387856382786   1         0.5379761570793061
2126.751986990068    9448.478274158615    1         1.1176801872684345
7646.84423142839     -3293.3874553127926  1         46.27742595246329
-3066.3880797348493  6876.474405039644    1         0.9172262566427204
-8697.437796052625   -123.44896040920739  1         1.2197367349344495
-398.05331575933565  -10356.83934488354   1         0.31619919461102197
-5137.673391486119   4655.328395022676    1         47.550388989968546
-9721.493596682598   9449.478063214296    1         0.46865130018429935
161.2838593120844    -756.9470602118616   1         1.1236310498434448
-6031.623317905198   -1877.2052257677124  1         0.7718862734554284
-6938.654118350131   -3474.2936210544467  1         7.17545206917833
167.78646089754167   2652.5381461577863   1         0.7555237631228444
-3803.8254246027477  -5917.475611940905   1         0.6935040009116604
-7230.255871147378   7503.930925614812    1         0.3563878899592964
-9758.800270657333   4761.212934340522    1         1.0869077674882932
-8414.714262893913   1818.7720391957719   1         1.0758122729963533
-4974.018705335536   -9348.735611193822   1         0.11159770576340616
-9963.799707448288   -1795.8811697515048  1         0.9703031820793546
-7740.177369694761   467.95333908921884   1         35.07476987582987
-2750.827869099197   -5059.065231696649   1         26.586941933791184
8553.882632786577    11381.031415625324   1         0.22423488834944053
745.9879395965675    -119.94674736588212  1         0.9689840996804666
-3245.5590051928875  8867.221321345763    1         26.79824014964005
10149.64219480771    -2792.491224780952   1         0.13673395081477716
