trucks_count 2
drones_count 3
customers 29
depot 0.0 0.0
Coordinate X         Coordinate Y         Dronable Demand
-5172.4514321636525  -293.1568101218372   1         0.2374618112248059
-6395.371154197115   5010.846327783493    1         0.30831864622352945
-3044.803624485811   4909.3225892117425   1         0.8725199847400874
-452.5651705284184   2683.621826661422    1         0.6391739191593147
-2275.8561888751465  1824.9814233060215   1         0.8625892282131709
1183.9450298950492   -5177.988311598412   1         0.1607673312933362
-7116.2141420760145  248.03637223947624   1         0.5125265884798176
-13021.073142777754  10108.388299232238   1         32.500699818598456
4639.180626263087    -11462.749520617175  1         10.258314614348382
6772.2775783654015   4365.588502309048    1         0.5558877690904637
1312.4424496767863   -3593.6196867659787  1         0.9843003581788549
-10352.959427353026  2418.713595239736    1         0.8091674426666453
-11609.789387783527  1749.2961640886951   1         0.9280250492232298
-7756.094503077663   969.4693304911502    1         0.5718508001638485
-2682.6172784800656  -2065.045704196724   1         1.1797474181679959
8709.659822978092    -2482.25155496908    1         0.567347629898241
-8669.665550010603   6448.204690186461    1         0.2601491777100159
6240.000137872033    4825.420342542546    1         0.5789203595689688
99.75183341065703    5179.434012448173    1         0.601479849436818
-12166.736945615294  -2987.7974358633146  1         0.7527414394502263
9366.765550359234    -7094.767180156534   1         0.6069798085541392
-9659.928440166728   -4149.058580544366   1         39.52970687025196
3829.41824102761     12251.184253501082   1         1.1823703963464662
-3694.8642043379728  -9230.8648107965     1         1.025775500836876
-1172.3015717850328  4983.252331893976    1         1.065255861047159
6133.586065826634    2674.71812657318     1         0.2691635697044529
-2270.3890189066806  -4653.0672871830375  1         0.6956145135128098
4266.0796634469625   -4891.805573519404   1         1.1815667592517398
262.3665452969113    240.4557165614177    1         1.2461717377959662
