trucks_count 3
drones_count 5
customers 59
depot 0.0 0.0
Coordinate X         Coordinate Y         Dronable Demand
-8760.808702270268   -5001.747976559945   1         0.8835714663624668
-2143.231552308902   2142.922907970675    1         0.882068889812838
-24.18664984750099   -7749.806288443211   1         0.6160241757620756
1777.898527323445    -5801.1618060824285  1         1.1399285092239435
8891.390449899027    1819.2238317961726   1         1.0929909478206212
5352.336067217136    1031.34488015547     1         0.2090805993770824
-695.4029044590668   2552.1046225371692   1         32.99630670143189
-1294.3605251391639  2062.5609659695488   1         0.5098078547032608
5753.005661964476    -1831.0102751945724  1         1.1800614192518615
-3632.9875873827245  -4724.168977977093   1         0.7406455072956659
-7178.2776791279675  8685.124894530316    1         6.59633608516725
-2587.499156017991   2641.3005309033038   1         0.633772963532003
1511.2459928216103   4104.271488183357    1         0.9133807168422432
2744.571294159218    8384.070635160164    1         0.5137105945490147
5107.536972641887    1107.5087897546243   1         1.235110657681521
4963.849945519268    -3323.643842840586   1         0.16207547251782808
-3590.8697189893446  -8586.552871153915   1         0.3890581791638982
809.9113375652588    10368.710609372694   1         0.20513213173124278
621.1973849301876    -7633.088969560652   1         38.05379454730536
-3940.7961734632827  -2549.0619421889132  1         0.23800589387734886
-11520.39069266766   -7902.083168819103   1         34.95479841032118
-2745.0715138057967  8533.504283079084    1         0.20316750517261858
-6569.760386872405   8613.510633443704    1         0.8112259076515805
-101.5125127039887   -7043.358790297996   1         29.246474032169512
-7478.6982671853475  -4189.463928054798   1         0.46270797314618806
187.1530710610895    -3344.748816241227   1         0.13678690638758387
9902.385837999956    -4518.938198406648   1         0.6582727930183205
-9590.69312751483    1207.623822380372    1         45.388513541446784
-4877.1621930425645  6132.302781323028    1         1.1907540369488556
-9884.508941937234   4004.480791601188    1         0.33816011567550663
1008.1216862571491   10115.75790341332    1         0.5000071771708184
-3691.0078302566985  740.5697903233857    1         0.2472722177763496
852.4261132034017    4366.266631356881    1         0.31683931679025396
4187.970018198265    9501.440640211653    1         0.3080466090044875
600.3505146681836    -8890.13405539542    1         0.10853624546519289
-3352.390370856978   -8306.992621571464   1         0.17985574852253117
3148.2660181780034   -8313.73112032904    1         0.11269126990728534
-962.055396202971    42.92836062110101    1         0.20684411784697954
153.93202053544937   5989.041965005229    1         0.37269235946425294
-5786.348815528988   -4151.769834979024   1         0.35622200531304693
-4885.493968625799   1788.2144052216947   1         0.6003972129829453
-6682.765333484601   3528.012098906579    1         0.9874998710337587
9375.634908973181    -2022.6466177305804  1         1.2103225706034084
-3755.3443299084115  2478.687706770858    1         0.6181828386461315
-1627.9359067478804  -9668.739330110753   1         0.5776579886410276
2053.1569699511247   -7837.5141717483375  1         0.5690212638316615
-1987.7583300672932  5307.730079986081    1         1.021805380298785
6304.098482192573    5726.501282885683    1         0.4057879548325757
9754.424827882849    -10663.837938833309  1         3.77614586612072
6643.979299302679    5288.070480409274    1         25.221724506124836
-8903.658690138544   -1290.2141933229339  1         0.435233444225285
3444.0870841925407   -11066.463693454954  1         0.1892531566698159
-2188.697882066414   -9711.493216605286   1         1.065604318159742
-1870.9790542067417  -7117.206280359072   1         41.743059444666436
-6206.105842996863   -8216.933195383024   1         0.6597345416464641
-1249.2366168818126  -7322.368854952416   1         0.13967335325634347
-8098.474199502334   607.056063804165     1         0.6584153072251766
-1228.1672074145931  4446.755372996414    1         0.8036121342220046
-8740.373002322965   5116.864879987008    1         9.492988773815723
