trucks_count 3
drones_count 4
customers 42
depot 0.0 0.0
Coordinate X         Coordinate Y         Dronable Demand
-2697.4183561073223  6672.792451786516    1         0.6531994507620659
-4876.3239165917485  338.39213908019985   1         1.0568258655190967
1288.3918195399463   -4960.230838563454   1         1.0136353838279832
-5607.995529190521   -2387.898946211249   1         0.9960550214273257
681.4125109513525    -4383.1635937381325  1         21.573870802343517
-992.2337036011501   939.1462228037232    1         0.7032032780670798
-697.4131288270783   -6911.534020798928   1         0.9231879438049977
6479.054104987317    -5434.318757466393   1         0.28434303734454847
-6219.090197350505   -1352.162889228915   1         0.8091450234723778
-1527.5184673759297  -3995.1392936047973  1         1.0131920153724971
4410.1144090555845   3203.213897214704    1         0.15239744894004803
1504.045883125408    -318.4899700573295   1         1.0195503899060425
465.8568637171703    -3812.3648549992627  1         1.1046674279808018
3273.2712610375665   -3239.820023188581   1         1.0444485374682437
3605.5967661713676   1537.2177347811921   1         1.1003795654754829
2408.6199620129587   2327.345466538976    1         34.13636258641462
6910.874373531414    3326.2634818118445   1         1.0049515175102668
3879.469401792343    -4365.230629866225   1         1.2152244354892476
2479.9520007174474   3666.202070247062    1         0.31431144008022494
3739.334845653334    3472.189282352115    1         0.33633846946919654
816.3141812317716    3891.2891603033045   1         0.7876297250945762
3001.1648781086255   2659.783978093554    1         1.2291696322563537
-6465.007456848279   3652.9778707331975   1         0.1336886123092053
-6607.429558279329   4845.564048834015    1         0.29966122573872017
2838.8728984709896   3462.4427837250264   1         0.6036313803389324
290.2948679712573    2800.564082999583    1         0.2356539688366085
2682.723043725533    -3883.73588943373    1         16.980885807038252
2369.2550231646283   -5458.073290125316   1         1.1898791676291904
-3857.981590714239   5266.478495429787    1         0.15107358632490084
-3836.1965546733836  2533.789038121313    1         0.7671340199913502
-5415.241820828346   684.674590465659     1         0.8064220021477487
-2452.9321179288386  3726.594222866278    1         0.3344860328513638
4717.223494886333    2636.8070746933267   1         0.5081216201416553
2149.500751982515    5611.474108443756    1         7.363932077131373
1716.1998322971397   5013.492632382695    1         0.8217596814498539
2335.7431630546107   3759.472132997837    1         0.6764449833838252
-1263.1142792303478  2979.37356538841     1         24.917107421366385
-6797.455645430714   -5145.817394872563   1         0.6177832780264936
-5971.916018132028   182.52964519110174   1         0.41796618318502954
-2035.3014741526029  -4175.663528544567   1         0.4242173194634138
-950.4853781501324   -6026.094047931737   1         37.240630271625825
-3805.072826342612   7009.815455761011    1         15.357979659978271
