trucks_count 2
drones_count 2
customers 27
depot 0.0 0.0
Coordinate X         Coordinate Y         Dronable Demand
4310.244644343546    -198.3334428950979   1         0.13412883635187278
-2157.998399065246   3742.360020786222    1         0.6047112255898885
9541.726478196133    -2153.944529719283   1         5.316447169373089
-2542.4256327902294  -3660.3838288828188  1         0.19301088518088205
3892.6157506380746   -130.80868964243479  1         7.526852018643514
7491.893178254075    -3195.5937174571573  1         1.1356051922818307
389.2895478790777    -10275.439284144206  1         0.528646891275414
-9895.0358100261     -4222.457386829674   1         0.5909114057372533
2381.3339540717225   -6767.738329144313   1         0.4895801923036158
1656.3122061926574   -1210.0953570145455  1         44.43587561695894
-7253.646950352862   4452.847516593346    1         0.7789877087257182
8584.143325886813    6268.400538906886    1         0.7942448172231078
-7849.725316154657   -12045.444220413789  1         1.6318234902936088
960.2935931182661    9695.072003005349    1         0.4344524111733584
-7331.686443880926   1004.9608260910136   1         0.34227502155802914
-2540.1344314028224  5539.396758962942    1         0.46951838858568784
-8492.292013045628   2489.1041359816454   1         0.6195247947102575
3661.107922804047    8364.853993807286    1         0.2919851925016286
2657.956427547117    -6590.7307856992065  1         0.5090152518532574
2430.3187835509048   -6237.725426246427   1         0.7890583453005904
6224.818403126204    7102.961157471086    1         0.379318326143422
-6282.1075690138105  -2918.90143130923    1         0.9707001795138035
-4452.616983157409   7194.6582709001195   1         0.1553904957383021
4210.515861172777    -9449.073258753768   1         17.20352695883293
6400.238743221044    -5688.824244471825   1         31.440904240369168
-6916.827916117221   7951.596828530883    1         0.5463959726771365
-6675.59703528026    5308.781015841813    1         0.9125695746005797
