trucks_count 5
drones_count 3
customers 54
depot 0.0 0.0
Coordinate X         Coordinate Y         Dronable Demand
-1887.2142495506037  726.3093432976116    1         0.6543080854597177
-10320.927863104165  -1275.3709096770563  1         0.49811274118080306
7835.987258130655    -1122.7542645393698  1         0.9756601782745278
-6338.814733754872   3767.636161972249    1         0.3975799045733479
-1836.1938922387092  5604.906406666776    1         0.8296385017449678
1808.0707271588458   -9409.69698661081    1         0.6649468048982587
-9397.48430402264    4695.650556613568    1         0.4381152769592227
9342.458362573938    4022.3232462324722   1         0.48857071522628326
-1731.439455444534   -10524.12550417037   1         0.29595531794052654
8496.340515091324    38.64941928792306    1         0.2997173922532664
-318.1019437498988   -152.42901540750313  1         4.910914181081635
-267.7063214842199   387.6662140882135    1         0.21860855604781443
11717.763194253932   -2224.0397485496305  1         40.56346668797421
4427.854388290234    9918.282414288933    1         23.988839220081548
-6096.209500002649   -1340.5119477187327  1         0.3806740359434695
-2065.1753789683094  -10151.895686435277  1         1.0856724764157075
-2417.7800699457343  -6757.8316519483815  1         0.17092014076455014
3257.903082285067    -3108.554863472152   1         1.233343560256221
8084.6338815814615   2910.5598864266994   1         0.428411168428816
2051.748296710999    9744.491719916861    1         0.347876995368249
-9879.970133923225   -659.7782282208328   1         1.215099992649138
-3102.4059396110206  7911.506665762516    1         20.874308318832693
57.84971057861367    3945.816976996526    1         1.00317023490873
-8038.668187708115   -3278.776743756274   1         0.4444518179058109
365.8718497557139    6319.328915715156    1         1.1279528388023383
13043.695923428464   -13304.279788772783  1         38.07466167829756
10006.548452438174   -1287.7914232525316  1         0.5485520353200221
8572.851377513582    296.68648297796125   1         1.1742778089210095
4352.65807333643     8880.389511231433    1         0.8841151882980779
-4170.7897257690265  8954.847000249996    1         0.9559438715853474
-3757.6233261172392  2677.3533454958397   1         1.1826535855312428
-1044.0075873296628  3880.6504151190748   1         0.5496836534878773
-3086.7517354759293  5375.150855837469    1         0.6192320756608347
8203.794477247786    -2151.3217370478233  1         8.783532763046694
10966.124290588885   -7319.956091767599   1         19.10701217509658
-511.31223090042425  10256.994355734088   1         0.3237293644764171
11657.893489152766   9744.82654502123     1         23.322825589333185
-451.8278023481227   5334.092155293865    1         5.427198062986235
-4106.480235875554   -649.1330756801486   1         0.7260679000439711
1048.50085274135     -4091.3945432625364  1         48.820798176274906
1329.593143226622    -4197.214645733855   1         0.8413471172214236
5998.5251795218355   3303.527563062569    1         1.0456416383715401
3672.9543563590264   -7146.168580005899   1         0.9767031383279616
-98.60755679246358   -11921.606404306314  1         46.95053764426793
-5814.57397732842    4609.967025051418    1         0.29008468908401297
9206.707528338826    -4591.497017255306   1         28.527567699627475
-4956.460607200374   1184.6724394208193   1         0.6953374114745406
-21.37948351942449   7151.653776291181    1         8.996683620383308
-5684.513677190199   9275.663344815854    1         44.73755404547926
-6189.785128301932   5808.014739909764    1         0.2326031894225078
-5764.751291592183   7627.98131296011     1         0.9220059472893246
-7056.915220626303   -1504.4383704731836  1         1.1791506800057396
8694.578269363845    1091.9024043546524   1         2.1753488638666605
4139.86443590864     -7611.350910746653   1         48.20811502757105
