trucks_count 4
drones_count 5
customers 100
depot 0.0 0.0
Coordinate X         Coordinate Y         Dronable Demand
1119.1322912949854   2531.3742757116634   1         0.8463712469985695
349.6459115378666    6880.738706145109    1         0.5754676985641022
-6244.513802271529   -4974.060694785942   1         0.5601038793160973
-641.5809250217058   -96.60413085669282   1         0.892465059035883
4406.48251442223     -5859.741076936936   1         1.154542437430439
-5110.502348772032   7056.6246045299395   1         1.051487750684716
-1382.0698197542079  -3774.8618090270147  1         1.2380731627592665
7490.191271907701    -3295.208087961103   1         15.351906317714612
4947.38260934881     3125.940834840294    1         0.8841907071720314
-6618.3894325382535  3915.116313487477    1         0.2852481856150245
-7637.118496593944   -4515.834166635819   1         0.5744099778345988
966.0263616915261    4839.85245595221     1         0.8529960121728231
-2460.1569748325915  -6840.361081921048   1         0.9185903898240679
4243.271690399055    -8350.883378581131   1         0.5517744359147323
117.76918383446727   -57.06041718287822   1         0.6359051690981845
3786.8965898581782   4802.626586841656    1         0.859734568340883
5833.122141308366    8098.108782367637    1         1.1594974193336296
-3894.885508642281   -513.62630489102     1         36.094219238764126
2942.5604750629896   -4884.268902854295   1         24.946450704377
-2674.6912200435695  6031.0936361331005   1         1.1979586570625056
-6473.461718882078   -178.98576045752358  1         31.912184869506845
4005.5943176745313   4141.505149191307    1         1.091969300249204
2743.459703783439    -2750.437418954768   1         0.7567167022792575
4282.57272253764     -2410.8079976554936  1         0.6390964502995359
-7433.12474913565    -7064.936702820893   1         1.2131911194102991
2082.388432878811    -6867.948458528182   1         0.8201506871970843
-2764.777012574528   4716.927934694465    1         0.7582933943051893
-5494.108426472697   -4356.907784853831   1         0.7447034883495554
-1478.9192689558572  3116.247991731607    1         0.1977311733214424
3724.3047005659846   -3643.6557280327747  1         0.9296723045636502
7787.429361273348    -6178.138830274152   1         0.7541639368449392
7912.76641339429     310.910511377985     1         1.1257746415388785
-6992.154784807408   2875.4002704193263   1         1.1308848992194518
-5758.115847471236   6407.2227448855065   1         1.0553317277752545
-2132.4795709051855  -6989.316345693072   1         1.2109472164572652
-4457.93061604016    -2478.920356545003   1         0.6573956785787642
-293.94666691763206  5214.649364706835    1         1.0866039416138695
546.5701157527011    6376.039573949292    1         0.14902670595873468
-1413.028640682693   -6702.214366866779   1         0.2381691629571684
-7058.283915199463   7159.201714935227    1         1.1327605145477764
2675.1995257050535   -4922.762699956284   1         4.0267791887981
7474.814579185456    57.89104141572529    1         0.4327108765209676
5840.194672461333    -771.3840569210371   1         0.20055725383369216
-7142.970399015254   1556.5654318494308   1         0.9160845804525153
-4867.964324641446   -6451.736582806952   1         1.0739828082051397
-5568.941000301651   6745.491478960979    1         0.8652691537376767
-7599.151146158548   -6341.31032047733    1         1.220478530624076
-411.2668931972557   416.6779833949803    1         15.39936777527997
-5121.9212929411     1371.5136344398488   1         46.026715232094375
2312.5079451550714   6621.755773078971    1         0.3563382840388818
6521.717924034401    578.5615155941935    1         0.6890101481966818
-7133.8979944458715  -6136.751114260013   1         1.18326729196643
4286.509603799222    1376.4451538338058   1         0.19700985174555283
-1467.7646107613787  3403.951232501413    1         0.7827015100349193
-4159.755404101515   6123.043469999215    1         1.363639641154909
416.0742175011787    -5965.865210012879   1         42.36330137790597
-3807.4044503639648  4250.393830086613    1         0.659770351614357
5554.696809331073    5423.540843691696    1         0.8718450609820533
-1045.6214087002406  4286.18868176364     1         1.0058453291253104
-7905.198043944178   -7222.265030585518   1         21.947180239669297
-4723.138737112202   1231.6688808699282   1         0.8722910982865395
3463.8657889181272   1127.221871466939    1         0.8698421228892492
6059.871113452303    -3887.287505148692   1         0.3548649983498433
4329.747594224228    2132.7320162543588   1         0.14447798107871063
-6217.10344624636    1855.5103373929965   1         0.4743763547834555
-2267.302940692996   -579.5615035153547   1         0.29912186031270005
-4892.226598756355   -5856.981118851357   1         0.44050232884180607
-3546.1472176445614  -7716.044087105018   1         0.7300223444141021
4808.917044855162    -912.8367625258885   1         0.39806889446062266
2722.3438807590887   8101.984861114824    1         0.4654226086493255
4348.235301499914    1281.7450997747128   1         0.32645797570816926
-4180.596480300843   -5409.038972493849   1         0.41647432893115943
-4962.299856692724   -6419.343849210335   1         0.23253202623639316
1631.7041431867924   -4579.074053295542   1         0.9233956350179219
-6048.521071395363   -7427.289784859887   1         0.3412243343979612
6399.987968234522    1068.9066068778848   1         44.54409023331609
-1460.0221517862815  -7459.308042570175   1         0.4864345970414836
4277.771892002868    -554.0180662801102   1         16.371586821715752
-1490.686950956729   3126.1830229836623   1         0.7233158449561212
-2641.8418008769663  -7882.925011917823   1         0.1603203023448254
-5720.270349850737   -1810.340583417863   1         0.9429993868614656
4874.1392823945735   1470.177166257587    1         0.3257346627734331
8039.022727848779    3215.8329722183717   1         0.8707147029661831
-8339.627755209865   -1373.7533928286393  1         1.2442047407294035
5991.96954875934     -7368.400944312127   1         0.589115923779477
-6492.445350855702   5908.0032878192305   1         22.212251289236995
6902.69442062127     3315.9326868544103   1         1.0169564235848392
7564.663658901347    4825.512701732694    1         0.1876127820164137
7496.476297139408    -3862.924544249441   1         1.0712383017712144
1342.706070353368    -6870.980354986553   1         1.0532809214073908
-7514.738914499061   6619.6538202400225   1         1.177038503512337
-849.3264666066968   3014.7655786658834   1         1.0104160127118103
712.7260010342205    -7570.915543849687   1         0.6177272364745818
-7218.0513454636175  375.1209833609918    1         0.33320790232186437
1103.9978781811863   7032.046148399158    1         0.11638285957038651
-2722.121888132566   5201.00485868118     1         0.9903362080024221
-2383.7005507909844  -7552.178416831669   1         0.3304322013372046
3761.683762504361    2120.5639321394115   1         0.22885647502110368
5010.768952111934    482.494407880122     1         45.625097375229984
-6852.570412028409   -5281.611847848506   1         0.5141002880560216
