trucks_count 6
drones_count 5
customers 96
depot 0.0 0.0
Coordinate X         Coordinate Y         Dronable Demand
-8803.70010711415    -6320.21357448718    1         0.9189053602438456
-2732.484820967273   2313.9496974358008   1         0.4215849118943098
-2123.9140659247505  8200.70711627673     1         48.56033419185871
-15661.274563728504  5158.892745569607    1         24.788838902147027
8589.818839779911    -2255.12255489671    1         0.3442122313461122
-7889.597621099117   -3579.7259570023584  1         1.1309779680275147
-4585.150743400748   1415.1973487398188   1         0.6186499481856023
-341.42347703032107  6913.64069639431     1         0.5855890884388654
12709.351591019455   -10168.761112343447  1         26.610232115259176
8076.851732819823    3807.7366129949064   1         0.1610911823063645
-8206.660606940875   -1773.8229182445134  1         0.19563055070941957
-2626.1463243022495  9333.96197977281     1         0.9003625198835117
3820.0410653199433   12228.887277419504   1         0.6362549395081928
6983.2578573375      -2117.739820007292   1         5.50745543497929
4358.516489190536    4046.370442657978    1         0.8397889754147968
-2542.7647165661647  194.70763124495156   1         0.6094752900553833
3160.462383058751    9950.77058459068     1         0.8664669125891623
6011.6528771800895   2472.130514417702    1         13.423343633898964
7710.861440200107    -5860.021915014743   1         0.6035869031098846
12228.652329304266   12059.368353800219   1         0.12765086176962206
6371.338793273285    5452.04915076915     1         38.962434261395565
890.8054174428515    8417.35608990527     1         0.12717136125397344
9138.653729267133    2695.186641418236    1         1.022973755583273
-3595.7755033299463  2821.9780707217487   1         0.9382310327953208
2271.698830392371    8022.170270194611    1         0.6520817840242529
-4598.608084604237   16246.708005054905   1         0.5459976906031929
7681.568577417983    4799.92552470555     1         0.9702161909523618
-3622.929447228315   6099.309473847992    1         0.6063828498791705
8723.325630118978    517.0046721073279    1         0.1276224068256141
945.7162014626394    -4106.350049542401   1         0.6004994402516834
-3372.698666012721   -2364.5595301181534  1         0.4739889388051418
8148.651614066167    6417.2699201258665   1         0.5860736087586192
1518.2298323305383   -9145.501411516947   1         0.4198619901575604
4123.391962620294    -1413.5921386965238  1         0.16396431144926338
14635.250789377264   8584.961768242178    1         33.198816204153204
7685.110688745353    -3495.306226058936   1         0.22775457823436834
907.7749210662977    -4619.818163297344   1         1.029073936691841
-13213.90833530181   12682.362098027806   1         15.966677805660083
-5739.745111016476   1404.6346731501599   1         0.8264707157261931
7321.279090818246    1527.406516644572    1         0.9257308704177732
2222.6689802745373   -772.3924507187062   1         1.1206926707356792
-6543.593999931191   -5369.109441910016   1         0.22335183880548293
-5837.900821062117   6816.298945691208    1         1.0624610336978428
259.5270104591248    7216.875446066529    1         1.100124297937193
2819.4858227775144   3950.4798158874446   1         0.45320585388374635
10262.045058680611   2609.281068838688    1         0.9519892956621082
3436.991007753777    8677.43004223241     1         1.1494981018478434
-3832.456372367681   -6884.323747533331   1         38.6877766723581
7417.358415108709    -17821.92725131754   1         0.16082742158328964
-3925.027603408388   -9380.176257313009   1         0.6214592125040991
15766.84062423103    11126.914197554252   1         29.490227486532703
6986.230423145536    -2744.2938599185118  1         0.4442797276256595
-7222.318467995154   6762.668529487812    1         0.6194106303188738
-8148.763618834987   -2871.6043096296607  1         1.0844828292714526
-17663.835745808377  -13482.760642797295  1         15.565517032817118
-548.2728876019045   9680.802785765341    1         0.632124435477276
2511.910169701229    -6667.5352818946685  1         38.18142788381081
-3177.6093775382346  -10218.450694433404  1         0.4108679934731936
-4103.7132830851815  -2531.0953555881547  1         1.0539346381654342
9179.774196150254    1855.1070251333917   1         39.1045112833398
-4161.831697062795   2485.899974161935    1         30.522871916084465
-2596.7717248271165  -5028.36721198512    1         0.4961862285987062
1600.6579031494316   9654.328078065699    1         0.43175649035976527
-9030.75632727834    2190.6047377352033   1         0.7941460851025127
-6689.226565091349   -17832.942187937555  1         47.27955202714828
6212.52109889136     7000.518151154261    1         0.954487782845398
1911.1799672094542   6444.735086102719    1         0.513777840306814
2872.1306312794295   2453.7602748553045   1         1.0378315012450705
-2632.3631106981084  8118.182046980598    1         0.8834719601174628
4457.707850077728    465.0435291096556    1         5.0142596922632325
-5651.692425486019   -7013.884556032178   1         0.8632945703819432
-9817.84387175663    -300.0396178627563   1         0.6261327223339165
-8579.091478224627   -5652.877071285833   1         0.3969938960299372
-2658.601614590819   -7144.573542719438   1         0.48933356250248894
-4420.631042023888   -5634.860435044181   1         0.34407972026439054
-2812.297308080187   -6542.870711101227   1         0.6087682195144857
4012.6548913019205   -1469.6606333439127  1         0.457406799345338
3935.392663866576    12307.83587038342    1         0.7401626001106569
1182.1463429963644   3417.9523846284083   1         1.2418706614246706
-2585.491144877951   -8676.625932767534   1         42.42987331749684
12014.699246612989   4275.406490668825    1         1.1404307394224633
5792.93663316958     -8346.560361001651   1         29.077929211863175
-1624.1488918041266  767.1736789254279    1         0.579785541914432
1891.8796521729037   4422.137184260833    1         1.0413011521029045
-1430.6662603166567  -97.59090339736623   1         47.57997249821224
-14628.636270546582  1983.350669765081    1         0.6065319926105556
1204.243765523554    -1978.6437187679546  1         1.129150454169131
-9027.91017076869    -4847.841639783559   1         1.1957068598639384
2907.542512699917    -7554.972598069558   1         0.6032869257919223
6217.445697830077    -3910.6072005127776  1         0.4769977569381034
13773.619969752759   4593.922190421188    1         0.608204226072232
7453.499708297455    -7000.802222947202   1         0.8958228625481328
10356.129743317375   -830.3061515930904   1         0.10362723213615108
3212.0289674817527   -5865.777426434071   1         0.11396287101341798
-6316.99204063876    -7776.158187393585   1         11.930561615544276
-2931.1176070881347  10319.76139388105    1         40.84392316256222
