trucks_count 4
drones_count 4
customers 100
depot 0.0 0.0
Coordinate X         Coordinate Y         Dronable Demand
-5778.301936257676   3674.6610293170993   1         0.4173964030245936
-67.04664210598624   10893.616960072215   1         0.463066521904294
1177.391052062086    8047.944913675832    1         0.557771679459505
-4327.991718206423   3419.170026841483    1         0.22207626508085002
-9554.75554730301    12123.048939693348   1         1.0460401792629042
771.2669073659432    781.9969606805728    1         6.651407780815596
-6613.481016551934   5505.08889839664     1         0.4793882305751822
3787.9458813269653   2256.5185001021264   1         0.31754355396723755
8690.226105247706    2903.2470396619324   1         0.28221019415982723
7025.740638325409    -2895.7139635855456  1         10.900320698787962
7929.550488072688    -5550.654488296308   1         9.615851091265757
-892.4377472468458   1982.340145272935    1         0.8397768267268763
651.62340761188      9099.789279617486    1         0.45292185030976095
-9412.651642088498   -2386.6215021411795  1         19.398421693841936
-563.5373089845089   7994.020247464061    1         0.3130787657637628
10783.994210764467   2848.592443350246    1         25.368721434666472
10182.853478998792   -1451.0537185930582  1         30.02077516182016
-4910.337063670059   -6613.078566595769   1         0.5889965820395204
-1989.158335918024   8181.230024700097    1         0.46361020512225326
-3902.4856054880775  2446.7383698566296   1         0.9183468144523064
-7893.044053059626   -4250.064042767666   1         0.5450987880734598
-1572.292429228427   4307.38243133171     1         40.893425537492895
-7666.538632892145   -1458.7360494578113  1         1.1547065637576903
1665.8090286542983   -10175.856292222657  1         1.118460129039539
-4510.057437277461   6427.361106372606    1         0.37339166368137555
-2211.479474694455   -2318.618054114132   1         32.98407122567366
-9483.941975817328   -3294.3689365227747  1         0.5797742505045391
3632.480800193611    3106.365486481558    1         0.15324337571664104
-6961.561984691315   -12754.246306839454  1         0.3387450962042049
1196.1120317555385   -9855.416164185466   1         0.7771472309755353
-10139.587507011609  -2407.147028654479   1         0.43385413267006623
2970.9754277914435   -7688.826114986312   1         1.0798803397345156
-4519.508491757612   -5318.6604684434105  1         1.0139440270762723
9587.398583611119    1525.7731660312668   1         41.10444409035078
-2951.250465736457   -5825.547751221597   1         0.6826927634152553
8898.26755706096     -355.62344558577314  1         0.3108301409777779
3718.4551117527662   -9366.774935590012   1         0.26728532467575394
-2187.2828944920875  -11522.306051964377  1         0.39294904756048654
2494.5680252823404   -10300.715368765683  1         0.509741008301313
7154.7614330608585   299.9484176422776    1         0.23389382661753128
-2193.868060783854   1562.8864769234542   1         1.0045273256260998
8208.779798918824    6574.634878705448    1         0.8033615866718125
-2494.842547028904   -9268.073330616586   1         13.302411343509647
-8864.144444386684   -2955.537876777575   1         1.2306942673666876
6078.231045730824    7904.052437647636    1         33.58108798044527
-3992.6280443650335  -10097.913301471175  1         0.7442971330051815
7228.839805553776    767.9760331052463    1         0.44882232003017963
-6608.50391203244    -3010.534654773627   1         1.1298227475922584
3578.495713096418    -10325.016651868833  1         41.28165470650235
9328.225332798416    5052.057712098026    1         0.7053552026133422
9291.000871209948    -1131.9358569710644  1         0.1778067124589952
-6501.086348558834   -1465.8757533992186  1         0.45334372705498494
-690.9460288023062   -3645.499410467562   1         0.8395763947414754
2977.0548261454596   3904.200167730397    1         0.34684692539541956
-8406.851480906373   2655.0100114138895   1         0.7416977303981588
-9277.597929455389   295.06529102829694   1         16.242888423092822
3957.7566214160865   1256.1574518794453   1         0.8288987540077564
-9993.81035720606    -11032.551986609347  1         0.1691247520954733
-3542.967501465298   5478.427365488622    1         0.5515678525742325
-3898.9083693416887  6916.568428730586    1         0.27098792302560837
-3816.661376757809   -3909.6742046223526  1         0.3934678097092067
-10101.052476077317  -2795.3170305666117  1         0.6084230144582066
267.6368166351563    9055.421702299174    1         0.8465069715492733
-7290.656167366171   6927.727478598935    1         0.7068914284919948
2177.5824514278233   894.8016741001808    1         0.605781533963655
-10840.295275027504  161.58355455071336   1         41.5640963743076
-5870.346674628569   -8902.780464612788   1         0.5093563355180044
3799.663247138263    -4927.275191240153   1         1.2330607452470514
-6564.804253459664   -4800.674203846776   1         0.7540449198630268
-1362.8207286091574  -5079.4702977480765  1         0.33072130576516123
-3876.6374229740663  -613.7129405190509   1         0.5381939205971582
4829.155133719421    3348.8817765383787   1         0.44272343808542913
7086.69584097517     -2042.3762540721953  1         1.0350073906394461
4070.6924158802135   -7891.099558651614   1         0.10125733758735665
7616.5277204514605   5702.368402143347    1         0.92239132323714
-700.2417925687104   904.2765674326553    1         0.8131934486699088
8858.250046159688    6022.177223424777    1         0.31518962903912795
5193.2868760987985   10285.336601712683   1         12.613515569904829
-785.6918051572557   12737.325056590762   1         0.49568516421815
-5213.280688140623   -5682.236846721715   1         25.366263682388244
-1878.4342195170166  -207.34213715250732  1         0.9789788562547337
-10025.280220647572  -4194.278832176575   1         0.8837277610681057
4360.880603030651    1449.7131831433064   1         0.3407477649321925
1191.2257786227774   -8426.036924235523   1         0.27423277490490183
472.4508353690584    -4137.3656374219645  1         0.8452004797963152
-1546.3557786194597  9322.491053995927    1         0.1550097451471479
-1785.73657605182    -4904.8675097866235  1         0.4456242914488495
2059.190297890682    -7150.058698982029   1         1.124011493222538
9601.536735210308    3141.292772399331    1         0.3166418502828103
751.9629894798702    6834.374264390459    1         0.6798426673885896
2630.9925648624694   -5420.848175871701   1         0.690307003739355
-772.0678039170386   1189.767305908504    1         10.102006725278946
-4031.888144064653   9676.020024150677    1         6.9643414689710115
174.01911048238802   8008.437011156483    1         0.26525367701932434
203.0998253787185    -2570.293499927268   1         0.708737427938209
3467.5817006835873   5073.389693173671    1         0.42265990511159657
913.4979340913924    -9295.46736730883    1         1.0942017177476713
-4389.204726540177   -1140.408559338056   1         0.15530768134611084
3135.793834605453    8359.132529778024    1         1.182242810935929
7852.166798816028    4072.55067802379     1         0.3050792096630931
