trucks_count 6
drones_count 6
customers 100
depot 0.0 0.0
Coordinate X         Coordinate Y         Dronable Demand
-7730.376571294864   5283.9875550030765   1         0.7714096974425727
4917.623292940561    -6444.762169471189   1         35.27199005310405
-1688.7056211166055  9458.250732702854    1         1.0547329399534868
-2909.86771188196    5793.097644870895    1         1.028060080126825
8915.792411341818    2310.43159901438     1         0.4795431464224935
-5044.367572742238   7978.654129973125    1         1.0513583566377023
-17195.834780224995  -7166.006354391397   1         0.49744233452843156
5814.124078266684    -5889.350810514174   1         0.9226220797153952
-1896.7536674177663  8054.068842792488    1         45.38790717496839
18062.32719332709    -912.8703520695162   1         41.62228505477023
1487.2410242076985   -5261.0365618997785  1         0.6031166594603546
7576.23045557303     -4354.934219685757   1         0.8354658945183429
8323.67368241863     -3646.9457450215964  1         8.509019062823345
-2656.6404047289006  -7914.068643865871   1         0.30347392359990644
9435.658799279117    3600.4564762126283   1         0.4232731664787931
-9347.433982134215   -4335.6987177121655  1         0.9943034312677193
-870.5981407521166   -123.42412050324188  1         0.3004123039625569
-4518.173254040254   -9624.226886143659   1         22.513318059474884
-3710.053088263512   1658.8952968016931   1         0.7355139256263244
7294.655822316869    433.99407618760256   1         0.9009889805663147
-6193.991173101532   2970.169456382067    1         0.4614064014415564
-6801.93129482056    -50.38221265498821   1         0.27968438655962824
-14294.671282714517  13202.942255060549   1         32.82196023314577
-1751.0956035477652  -5649.678448278755   1         0.590023894315465
-7172.52657097104    396.1410700015731    1         43.50170324491215
-1241.7508788518915  6934.388324336105    1         0.5903515045248452
5825.140099064916    -10169.99475900824   1         0.7405952775519221
9984.657737316222    3870.1086524518705   1         1.118814149704532
12224.40160331042    -7905.673650662362   1         7.344400103164703
3806.354955826229    8077.845379339394    1         0.523203461369995
228.27868122051856   -4387.246691050837   1         0.9248271230252824
450.41300307479196   -2554.1567756716854  1         0.7902786799136702
-1855.523870329649   5802.381833390205    1         0.6721597096380153
-6197.659271496292   -1116.210328634169   1         1.1834522325631418
913.043525072495     -14713.808912488823  1         7.754384327960464
-935.7350996990748   2138.8302182999755   1         0.1414128808301237
13091.46229491349    11661.923282144813   1         0.840935318400066
41.484417234492625   -4752.3847839173295  1         0.6776296981792859
16403.116139753864   -1777.8416088600643  1         34.1731703714394
4615.06390086056     7786.603049366968    1         1.141643592701623
-18652.99881382187   3813.1217173061377   1         46.973060054555035
-5260.0839487626245  2006.428114147618    1         0.2691739425831759
-7585.026917141889   7835.816404549368    1         0.9098816940888447
13611.648771682823   -16605.70833621342   1         0.9490273247811114
-1357.0831259954273  -10572.447103663471  1         0.620348092286462
-1108.0171969171215  7440.49192722401     1         1.1320846986996347
-8976.490972650423   -6181.403293311287   1         0.9999747464597758
4563.095944172907    9440.872671577874    1         0.27115942402944615
-1998.6593839836182  9219.04802064254     1         40.7434583656607
2629.72579535232     -4126.79595171548    1         0.5052837665096649
9082.21485902262     -1203.424422532269   1         1.0979894695685168
8302.703635824433    -6992.33181976013    1         0.16767463870113697
651.7566046239598    1995.7778304105448   1         17.553279392225342
5109.626914039283    -507.6329078069854   1         0.7129283033136055
10406.75821384911    2504.9475962641773   1         0.5471793257241141
-5701.7262171259945  1765.9411293299734   1         0.723400787847922
-6944.464759841709   7561.476694595918    1         0.940862695744272
-2974.683913329477   7014.513092660642    1         0.23579000431395583
9607.409783087416    1777.8026672057797   1         1.2214428270280804
-6643.90200206125    -7814.007874586187   1         0.8441439344003864
4661.8200004251585   -3862.4240557934963  1         0.5268483134755095
-3290.153980294657   -8437.60612713444    1         0.23493939474165926
-3006.9666582169248  -6392.396573889588   1         0.2898038433152951
2793.6696236886805   9378.215428534944    1         1.1361045635017581
-9615.435750965426   -2553.936205167957   1         0.6726260761706098
-15080.519596959468  17708.69506783631    1         14.76236664956392
-5902.4828601963145  15323.94462724365    1         0.7661577992839061
3940.7554596395275   2131.8953083230704   1         37.43868534019107
-7124.013291881902   1020.5533496429306   1         9.58683638590295
13606.874964672079   -11962.82975071151   1         0.5205619306682263
-5486.295102549582   4203.190970750127    1         0.23723566109874963
-4373.866409349337   -7117.99782474361    1         0.7969893375287048
-9259.818395783666   -675.3677696727027   1         1.0767719227627897
11955.02585128669    6377.72628011286     1         32.44260502760584
-9416.466701021081   -10373.903444443184  1         0.9939865626512141
-7873.394680857713   5885.609280099376    1         0.10406843769093148
2122.052884154988    -2145.5052709876168  1         0.8904614889916019
2440.2675773168176   1355.5916951601018   1         0.9687989781155584
4419.935247399624    -6889.646143507086   1         0.999100214935457
2278.555114086619    9004.635358251766    1         1.005321861096367
-7175.397803857096   -3867.0025100394296  1         0.6587288307035335
-7578.741786000808   -1402.8579748453735  1         0.6094878144866178
650.9504854188364    -1837.0711806989957  1         1.0506580511001211
-5426.219947502894   -2533.3578023777154  1         0.9456583437084471
-9452.12975403382    2574.3047393364527   1         0.42833570216448313
-16517.512387169947  3843.208537202976    1         48.13831752787456
2733.591100082477    -3758.983536390916   1         0.9220204978513967
-6748.592099164162   214.2261795490067    1         1.1088711201697956
-1243.4205620170542  -4207.064994623379   1         0.3904207490073748
888.6725408379302    8568.937181189704    1         1.0054816403947548
-1411.2538517249857  -3835.325780679056   1         1.0483281349893476
-6165.09360218959    -3910.5277507325272  1         0.6341793856721714
-3086.1674397966212  -410.25484323817346  1         1.2134899401544126
9659.74606796464     -10993.30962728532   1         0.7344169873479216
1446.6907253020477   635.1943606030386    1         0.9509308140383792
10605.931322766897   -299.8189718680476   1         0.1953817661852697
-8224.444244559054   1174.8615641739516   1         0.39275123550508306
-10523.76850453943   1400.3092920213796   1         0.9698943811298713
-7384.607823630191   -2270.8932576908082  1         0.15039493286918118
1331.4777442950885   -6198.040019738891   1         0.383546227592652
