trucks_count 6
drones_count 6
customers 93
depot 0.0 0.0
Coordinate X         Coordinate Y         Dronable Demand
1407.6042252158434   4502.313574295051    1         0.21966129359232006
-5984.157026489107   996.9983133524772    1         47.9073875955017
-1899.8646177150622  -3412.6501633277003  1         45.40486021411918
1065.808092699057    -4273.167767263842   1         0.7830333172606376
3926.581514104151    3467.8005685768967   1         0.7886894721030341
2353.3584816183807   -1760.2554346662698  1         0.27819646016653504
-514.8409319403985   -1375.0068527829546  1         0.6566967744878216
-2630.735765502481   2182.2481194871643   1         19.790183726192776
3999.7081097029973   3966.887007796213    1         0.8435243018063516
-6036.3357068913265  1180.373390918363    1         20.6100548386698
2741.205030748913    -5220.167614701602   1         0.7126012842673669
1549.620085982355    -3821.9198222017426  1         42.71674905673881
-1865.2826619332293  -4497.321095262563   1         41.87932463592061
6075.421839708238    -3129.0808655230962  1         0.1180024848924897
-999.2400837767506   2585.417027227636    1         1.0633705826081612
2825.3346193482616   874.6399234441832    1         0.21051919179893935
4500.47405730463     879.0410269005121    1         0.9853240050524168
3151.798364289257    5336.45039773647     1         0.4120233263356713
1760.0173708042403   5010.277883855088    1         17.378255007537152
3804.08037965462     -2500.506299817294   1         27.370877376114603
-958.5365631949703   2151.3726742289873   1         0.9151069611799824
1845.4497686876218   -2178.938568730244   1         0.19777867750275774
2035.1516701157084   -4871.791826617214   1         45.708553451805834
-1298.1094720795872  521.6518831643962    1         0.6773257144661357
841.1530489340787    3712.6135282644327   1         35.87881246224182
5356.521072445528    -5744.8688021362705  1         0.6988664534044642
5554.401447703071    -4544.9603593252195  1         42.55547670973413
1056.6203961183219   -4712.522946419542   1         1.0646291769803837
-1053.641634233868   -46.73504318807403   1         14.999915412012614
-5452.035039461262   -3173.0650976581114  1         0.632758763887685
2642.6127691310708   -855.8541445599611   1         0.1670605303932547
5744.842318403401    -5573.54949140802    1         0.9081453316053326
4063.406019998726    -2903.6423824327285  1         0.2002579350186217
2427.893528178126    -3724.3717027410457  1         0.19570600294858603
1958.5280962913666   -3795.651874011314   1         38.89746450655972
353.40827062495674   3826.1774797212483   1         1.243899741021778
-1856.0165502860218  -1018.3301963289368  1         0.16307595846862583
150.1047428899215    -2581.762190506346   1         1.210383507706009
-762.6257927982997   982.6456782133919    1         0.13255844394388763
-4175.728269988032   -2121.6588477718205  1         0.2416764162646444
982.0675767595093    166.79826703534425   1         1.1308285904293567
-1901.5768586857241  -2171.1752425833865  1         0.8953391401245592
843.324248860371     -5011.540438326399   1         0.41810835736081997
5796.45584138351     -5103.3642831158395  1         0.6732916259224733
2373.469546764815    2692.1662499355884   1         30.439144475193807
-1575.322446814666   -632.4887122433096   1         46.333550592736614
155.89699439980205   -2737.251622635461   1         0.7253402646877926
-92.47669031263774   -5624.111960315617   1         0.6721140675434599
4144.189264121376    -1986.2278869669337  1         0.4451510513020951
-3352.107500037692   3041.5182469383285   1         0.6980228122176307
5259.649794857272    -5393.032443581467   1         0.7353803402389644
5757.453211225132    -2946.1038271243856  1         26.36623899609073
2947.4502428272754   3188.0907389078184   1         0.5428119214568671
4954.56273628941     5905.886089507647    1         26.69237978851448
-5070.181512149961   4014.6012861089916   1         0.667488272982323
-4649.710193655769   2417.7781877133343   1         1.1448412724567258
-1136.5346589190228  5761.838425821879    1         1.0654332179667794
-2506.6002255585713  -5055.120208957112   1         0.22507063130173618
-5877.3380259577225  -6039.764046658901   1         6.5967024231117115
-13.09905691433289   -3205.3483950892255  1         0.3548179342148883
929.446655986864     724.0410625747955    1         0.6914591763389818
-3852.6054097442893  -3064.591466054069   1         0.8777469289762173
-1184.3023429611442  244.7911154148088    1         0.7740317458637769
-3251.376237669183   -3372.2393626653397  1         0.9020445899080923
-4452.210151279399   6069.598214237673    1         47.29308875437644
2844.1374207770477   -493.5912416261877   1         1.0363251181743713
-3357.8110179716455  2101.4297071718297   1         1.1423335676077093
-1824.8368245707866  -2210.060653152711   1         11.06740117108112
3114.3532616777143   -1043.870435712204   1         0.8259784594248336
431.1555858120724    -3519.1586849226537  1         0.43623245495706175
5408.163584789257    -4786.094412120677   1         9.106215479190675
4978.998213088836    -6017.812964920909   1         1.2076953796903132
386.18599544851736   -3920.1341920836117  1         0.1617221746345403
528.9764562292053    -2989.046884165422   1         0.21354082963963228
-4219.1406605985585  -2623.219823336315   1         1.1333567382971597
-2263.959662422235   -3683.210308494785   1         45.70678094930535
-4101.926579102447   5024.2427661334705   1         28.94273424404375
5917.433154634707    1558.643742391545    1         0.13958373349436326
-1976.2667745505178  -408.3922716530624   1         0.5524677615735425
-4456.67594489364    -245.45184245937236  1         0.4897823922523825
-5790.143089897822   -854.4693183112579   1         0.951039096018193
-1454.5711400746586  -113.53815543347024  1         0.6622511507693629
-3733.4919056155577  -528.1637692383908   1         1.0351909983653096
-3996.0323520507945  -3846.936306066429   1         0.8062450167656927
3658.096170235428    322.1081729023076    1         1.1666841355139825
-4018.135956109255   833.4117154186414    1         0.19297172717722078
-1176.0055347450475  -1614.7313309581718  1         42.23801026068844
3947.8749477020883   -4099.129588085946   1         0.9973608910162121
-223.32015220685452  3353.277845296285    1         0.6989492085969334
5431.485777395304    -3057.4662801426243  1         0.43742529053836265
-353.77210769947106  -1848.1855134113862  1         0.9422434420001162
2842.1416018445734   322.9326695391037    1         0.37577195440470723
-4967.35077836785    -3141.7736382274747  1         8.15488317615912
