trucks_count 3
drones_count 2
customers 32
depot 0.0 0.0
Coordinate X         Coordinate Y         Dronable Demand
-4330.8776473472335  3597.5578826315927   1         0.6397064262323712
-3201.625143899776   -3880.1378039275337  1         0.2556997020228118
-2075.684376092201   633.8286322259498    1         1.096000412990102
1923.6960055095071   -4503.262730905787   1         1.113628451248423
-3992.2787877427804  -854.8699649513312   1         1.0851270340577004
-5559.209356797783   803.8173980606343    1         0.5243163723569312
4203.520791752954    1986.9003284966248   1         0.47644948490366357
4611.155960721403    -1577.2074861298604  1         1.1166403502724083
-4114.651977050358   2917.1342090000076   1         0.9083504805953552
2249.8367105087746   691.7670240939494    1         0.9249883925981788
-2283.402198332921   -4125.682833354725   1         0.21066294427160573
1881.4479018091868   3962.4615200497146   1         0.1637039257482279
-2691.2132225142923  -1638.4705873696462  1         0.17672185980966218
4009.4152091824476   1110.212612748838    1         0.4586947316931548
-2000.8831415242078  91.20038606313744    1         0.1195708018042635
1054.2397235755832   -2422.3450137705327  1         0.9778400132869406
-3428.275349852784   -3038.156431127442   1         4.674799770263068
4953.951775846905    4432.169888445894    1         0.8956789972658761
4306.633190239104    -4817.6837022361715  1         0.9581569291385434
-5776.9609037390655  1430.2469758108562   1         26.649112242436402
-3242.262674258624   4224.921673992184    1         0.7621308952463183
2109.693744731044    2349.8661467404404   1         0.45053799639397063
-3375.7293237231906  3116.7301366629554   1         0.36307572884426254
2690.9483257040515   1239.2090381612938   1         40.222291859157856
3031.4668115405448   -3717.5749033056095  1         0.1767141985139489
3278.7823196455283   5455.322261357031    1         0.22399814594209755
-1903.1716126780925  5761.310858756494    1         34.8059155051641
4453.979612184412    -3758.854402405552   1         25.379553164592476
-904.0169838047404   2753.426205204004    1         0.9395765543726767
2738.60185775656     5416.747899990495    1         0.5365054615327057
321.92061809939594   -581.0124492678998   1         0.6819114847455916
-1145.4960380069733  3164.3397621688277   1         0.21153844276076206
