trucks_count 6
drones_count 5
customers 83
depot 0.0 0.0
Coordinate X         Coordinate Y         Dronable Demand
9958.586360953967    -2023.5078755712943  1         0.9498759729442877
13586.689993466192   -17160.312957376518  1         0.5871001472683381
5661.965276123412    -4059.802067867122   1         0.9883292412118945
-19508.33320982059   15636.383625585731   1         1.1456761651712268
9024.08068664984     3211.304222425044    1         0.3003117909443208
-9597.218270469013   1521.6383500226955   1         18.635336134323975
7099.1348252464195   1299.1109879947742   1         21.920772394212115
5812.409290647322    2427.3197573491316   1         0.541400517216811
-2113.18943771004    18470.473578597637   1         0.4068589377727241
10030.89663897649    2683.0376713997007   1         0.8382545917608216
-18296.29180374971   3334.672548847331    1         30.781203143161722
4165.56740299322     -3197.152241518855   1         1.1301328189146305
-7679.112971309333   1334.9774701347615   1         0.6915678128367709
-4143.01868571119    -4959.966349153605   1         0.7957407533770156
5337.884978510302    9061.117690996673    1         0.11889758747168619
-1057.2137045680252  8700.022228981554    1         0.170259423272108
2243.525216317971    -9319.972386139765   1         0.36423656135574645
-4782.620277337276   -3445.6704555091364  1         18.217943541282377
-6931.660239894608   7507.991328265775    1         1.1901347461188345
-3584.9409410332237  -8998.153822623859   1         0.640675412856075
2227.457363768413    -1959.35616508332    1         0.657437828287843
4942.833471269363    968.8981367811335    1         48.07825617495231
-1327.739521985276   1047.7534726010729   1         0.19733151397341997
2010.77938029397     -5788.080224321726   1         0.762026581761477
3688.653384279328    -5658.3526595801     1         0.7977156236417325
-10178.285677934511  3649.2827169505513   1         0.5433592628629502
-2707.6556589762426  1046.0118289567345   1         0.5845386391233139
7947.411091571197    9840.644631472096    1         0.37386016694969326
-3852.5686042027965  -1671.1654246521352  1         0.8021097857697455
5309.775217027325    4588.520472704064    1         0.8502764010495591
4522.14025327126     15678.23221889574    1         0.6471152017268058
-3378.7139318448317  -5347.6247203488     1         0.5866913148952998
136.81923161922623   -3130.6142512247948  1         1.115286871429944
-10076.256188393936  -3217.2777331656644  1         0.8068086081100064
-8835.896835617212   -2361.899960710469   1         23.669954353255765
6499.4826777977      -1140.9881111879868  1         0.47156559537152276
5072.995846321478    2887.647790778173    1         0.21636335095889428
4201.698287017314    2254.165644479618    1         0.2136494491266361
6199.083625199037    1068.4123117418312   1         1.2125087715928236
7939.422765999293    -6130.681139035458   1         1.2184308648611637
8764.439939183956    3939.610000163983    1         7.903811668769448
-19491.49506553499   -14194.752196745503  1         0.5745308963153872
6729.460002788577    1760.852969175372    1         1.0849992179004648
7444.5290065546915   6457.202809543321    1         1.1785327854944607
4889.779528468812    7367.290577254394    1         0.5500151126417152
-7428.199758392005   7279.487275212911    1         0.2591814170610247
-12077.315842305708  -18075.154497239986  1         36.96754968673132
1975.0373431191838   -2928.4517574259035  1         1.209312806346165
1371.512797680314    -2574.200255367218   1         1.0891879640584947
-2383.1643363648855  -4788.710695526483   1         0.4869812656377567
15642.277875296      -7137.780589862874   1         0.2385156408081097
-2550.4828675411586  -923.6169599588401   1         0.1836412485267294
6233.458715116738    2352.995913465371    1         0.9819545680687615
-9209.0526076166     -5286.766198995142   1         0.8493448344003477
-9251.18168213844    1129.174926704065    1         1.2201270944991403
19331.305130218796   16821.934196251394   1         2.2381865632129903
2704.699721008335    6352.58750014023     1         0.9836771143356456
17487.207993352888   -5465.817514070537   1         0.34720160187941396
-52.9691979467539    9877.282621248973    1         1.1560454936262639
5149.489180720038    2481.019585013367    1         31.21530580834109
8393.908040399594    5967.956803627395    1         0.8036796002404547
-9192.470959024964   -1228.816243038591   1         0.4639014597393797
2102.980872906847    -9567.889312250423   1         8.600654230318327
10585.845634755824   3231.5868312116      1         0.8043568189675773
-1487.567821556759   -10544.642346656328  1         1.0896414722255656
-2955.4184312161374  6931.224456522239    1         0.7343983295701703
-8438.379080590254   4704.916201308107    1         1.224713363681913
3576.166591486989    -9405.266471974232   1         1.2037420763089952
17109.81211899004    14533.058260174163   1         40.23236526470575
9125.108474205486    2086.4549551349032   1         1.0817710789147654
-14988.775086974303  -19559.38709583302   1         4.634407130130056
7508.774027998746    2188.2762175735334   1         0.29328487146324433
18768.26676436216    3537.8728836864793   1         0.23014309758191914
-1995.2373674114722  -252.32868664891305  1         0.8669736437850786
-1252.8981303314172  -4620.80500876971    1         0.34970775571787227
-8270.396648654483   -5530.604257763922   1         0.4562839738705192
-3707.3505556675404  -7386.448539835722   1         0.7645843085710682
1806.2800059937472   -12538.273920260011  1         0.7581705146737305
3574.108408791959    -19666.204286549135  1         0.14384599434607495
-479.2749893049752   760.255726709323     1         0.6149869041714747
9035.942642251686    5081.860751469227    1         0.615072812999361
-5457.562848360535   -146.60447071947527  1         0.8578612587432575
-5773.283361534472   -2709.5700119524618  1         1.220208020320706
