trucks_count 4
drones_count 4
customers 100
depot 0.0 0.0
Coordinate X         Coordinate Y         Dronable Demand
2077.1942777864533   3673.477254092483    1         0.8754541220954138
-8000.352382214188   1854.3168806738995   1         42.0928877420195
-9125.847308391078   4911.169344233589    1         0.3981433173749608
11082.699832410648   -8472.705789723464   1         12.703277400362781
-4.642015085583863   -8684.174775670928   1         0.3184353082600836
-3209.7624160674136  -2988.246090528524   1         0.5346513902819628
1192.9583767094718   -3922.640891239301   1         43.39790188921725
5837.824023147336    1774.833505350672    1         0.7319950996508275
-2265.775780060605   -4466.741475176606   1         0.8060431909180084
-10272.659998632013  1605.1674660583253   1         1.1041100928050676
10277.482428576584   1560.9641910186672   1         0.5440268788347923
-1619.7680253887156  1581.5657959366256   1         0.33734289074363355
2330.2660307068713   -5907.429749346578   1         1.0009007572908883
9977.321542938922    902.3349519822948    1         0.8626676277879115
5490.152427326759    -6013.69618340134    1         0.3079937892097695
-452.68254809709634  8447.364808978544    1         25.034637391951826
-3718.599768806793   7988.026076213852    1         0.8884123126100932
6785.481244357       3199.689441277606    1         0.7736655325925648
8342.216778695269    -7002.014801216092   1         0.8603363867546371
-7575.763705261132   215.07139074652267   1         0.20859574807891976
7569.815780219388    -248.1093311036738   1         0.40003342727410407
-4088.8873793657744  -1725.873246550353   1         0.6433048985224488
-3572.9925798367626  -357.97374929132275  1         0.8628168620765776
2383.2400255984594   -2740.9783052028174  1         0.2783151216777129
9166.830703991573    -6553.368613366313   1         0.1358131243421271
-4278.130203949303   872.8924062964344    1         29.276124392086327
5360.844100582071    -2286.965819255891   1         44.93865848176694
5257.637520852136    3209.5295176982163   1         0.8500258695390318
-2695.0471493775362  4686.758555450234    1         28.332183812601343
-3842.7086048688357  3628.029840524617    1         10.117285583456404
4658.423718992736    -4763.927015324334   1         0.4243940992229942
6378.683184294251    -4916.051343343949   1         45.86380707663374
-695.5474845232089   -9697.083924849445   1         0.1394297000052532
10833.61753665285    5009.5514577103695   1         0.6859138342141339
6978.27139778588     -2906.602723676245   1         0.9412399994057308
-3267.435825233417   -3919.5110257871356  1         0.740579312852578
-2150.6442238186264  1756.1874276455292   1         18.502296349247484
2950.783801241465    -4872.087233730537   1         0.47833822158958694
10984.923654995799   11033.967523220048   1         0.8672661077279397
-824.7767931524969   3427.3152170215503   1         2.562265734583897
-9927.514383507989   -991.0659917582055   1         0.1583878765052235
-2813.668894296585   2094.8100494052715   1         0.4660974402334367
8370.652600804224    -103.62945131764775  1         0.6312770850605834
-6329.658164978236   -3656.4320584891475  1         0.6364626898142813
-8740.806666347986   1399.1908008171433   1         0.3504825831338897
1916.2729763895368   -1128.0220420525566  1         0.27020247496984434
7582.726903927767    -3464.783939855132   1         0.9649971746891058
7729.406918589531    4432.692844327919    1         25.178376022970063
6749.945851167219    1451.5722282451748   1         0.5923370630498326
5760.643690144005    -5840.353240688332   1         0.2169438639274442
2704.8926738496116   -4597.02726736354    1         36.215039246242426
-1839.5264152081122  10430.537252634143   1         39.53382213511306
9653.850944394448    -8309.198775851635   1         0.9499155942797144
9473.962357014707    -2743.4550328974315  1         0.3887564701257272
4953.151841151033    -5845.092077172147   1         1.1338206283992762
10407.337605838416   2849.644875759588    1         0.43062187708953215
-6315.2724939331165  -5808.060198262601   1         47.84695618779343
2619.6735502959345   -2397.9282373255796  1         1.0264443897662097
7704.605281027691    7354.979768473004    1         0.10072738746930111
4840.004834446101    -1110.2028532702868  1         0.3925075883464879
-7262.358067679634   4749.078930519502    1         0.5507563500388472
-8398.422060098606   1727.8385944124013   1         0.23956474231602315
-6140.540096272652   2212.556098267091    1         28.532795985665246
-5626.851361677808   11735.728096295219   1         20.090740939024734
-6688.290214744687   -2120.4905969755237  1         22.489434089282454
-1558.4256137594734  -4951.972662666449   1         4.917346526297305
1804.3047593290776   -3604.101448718411   1         44.779708465149476
-3064.5454420930564  -11389.627316275806  1         37.591551836623985
-6023.227107850482   -6294.77273787974    1         0.17754360943915143
1918.116144660904    7279.612928714445    1         16.134107097402993
-9724.182844146559   9918.714885958578    1         19.73251262870901
-1467.3951037812935  -6965.338228459197   1         1.05033029659395
-5079.789888202992   -3869.409868020938   1         0.27914418380767714
1605.6764885502453   2404.622647085027    1         18.664485038831547
-2521.2759820378214  -10587.835933917087  1         12.185098245914244
-4045.533816182133   6659.518108978074    1         2.9380384296154824
-7112.285847629484   1022.2206059839347   1         1.0994179142564848
-4271.0408676075185  -3492.7216436488825  1         0.35738528185150176
320.08617630396304   -10373.466064259079  1         45.43575356560128
4437.780195823538    -3469.5196165845227  1         22.460024854857178
3359.6337084847096   -124.8943765357306   1         1.1079660070895694
-3967.3777503462834  2322.6165453919966   1         0.17740063598400374
-3487.7360358376673  6790.305260666729    1         0.6065554438675002
4165.182801364484    2719.0171873857194   1         37.7386001474004
-1707.5083953546018  10733.30530410912    1         32.780758589991876
7635.850500639549    4006.345545429052    1         28.280984748130194
1103.936999361386    3338.9963084207843   1         0.36846825377578496
9267.684157698719    -2345.8725040687045  1         11.354833769307952
-3486.3130698757222  -7348.0287778749525  1         1.0296108426029724
3737.530287878818    7070.399661038424    1         0.618533164881677
656.5584631370615    2790.335534209057    1         0.8343045809553422
472.7145366016921    6313.747448419037    1         1.2239865935038958
-10001.99121738921   11103.909443025006   1         38.857538324893724
-2211.2164972908245  6045.437851269798    1         0.4520949500650461
-8718.654504458382   1448.7513209841236   1         0.6600034348257022
-7811.3609228612695  11024.070137702363   1         0.8143888458552575
3164.337933014864    -4725.512330774967   1         7.060121191349646
-2769.6615593558545  3100.593034453949    1         0.5264924296290389
6005.84480867935     -3830.467337667103   1         1.0437121623768417
6783.882436173495    6443.152646882917    1         0.6197116925379915
