trucks_count 5
drones_count 5
customers 64
depot 0.0 0.0
Coordinate X         Coordinate Y         Dronable Demand
5344.02326042901     -1938.0745794895265  1         22.57276012301711
-4445.2372352961165  -4454.225978988234   1         1.0043419065413737
2897.9493910246347   3871.4351178145644   1         0.4119775950822131
5709.9571865450735   -6368.431758768567   1         0.4407328649213156
753.0300497948966    4497.604536523048    1         0.3486419938296036
-6301.817392875847   374.96500514875527   1         0.9418661503543986
3919.7040822492063   -1847.3497569621138  1         0.3754793924956181
6787.943567980135    -5023.403158305649   1         0.595323640400493
6988.655703718916    1687.5981379007158   1         13.233284051285667
-3239.2551363719526  247.97975587375345   1         1.138203704089892
-5297.726904334023   -3296.0894542040983  1         0.5787957723073232
-9.263368930098226   3993.5477589547595   1         0.4885737906396057
7144.026114420239    6387.99311864403     1         0.4338363942576704
-1712.3136950111345  -3735.421431652528   1         7.375343567050275
-973.3689083642238   5308.8797904525945   1         0.12989575989218816
488.9816965304353    5893.087803624133    1         0.9081110481759058
6860.228842063696    -330.92455615526796  1         0.4708741426597456
-353.52644053118365  -6079.213182599932   1         0.13872893031800415
5777.3474818559225   -221.1942080903964   1         0.306065673714352
-1087.8490515672063  -5451.188393593338   1         13.397751361086476
2320.3865669056386   1833.1220455827972   1         0.48844236234470895
3697.087614754926    1568.7153950593813   1         29.674418733310787
-1113.20432294486    26.085748204807715   1         1.1155742528986694
2786.3225877403447   -2750.552114333624   1         0.7620577276717414
167.52684916000524   -5889.431481149406   1         26.386479989924396
6837.085178152814    -5295.051497308523   1         0.635943044897406
3142.384401527493    5630.83818435522     1         9.451426549228069
-135.50173289673967  4435.051411755896    1         1.0920230550973675
-4834.815912192948   2330.796538914027    1         1.2159128236103718
-5492.939153908056   2902.0549577315796   1         0.7786108635946775
2587.6566377632885   -853.631337406951    1         0.7360037074805867
3916.8074285658427   987.2248194416941    1         0.47541199322543504
-6081.132913883541   707.3648163448455    1         0.4523938539146638
-571.2961912469636   -422.8224567906395   1         1.8279043695676784
3269.6541002511344   2523.1699322788368   1         0.6007702125152343
-2663.123064406418   -1013.8776722553666  1         11.13907346873637
-1004.3556810408903  -1972.3746687979321  1         0.35260441312523283
5540.937676959842    6334.455243737161    1         0.655674010601639
6671.804119327162    -2270.9948298501076  1         0.5960106858864888
-269.40711442529135  -2726.750943254209   1         0.2585108743355904
-6190.26407491334    58.67320965595178    1         18.427600227610164
6437.822182970575    -1396.7110730330537  1         0.7513510490446159
-5621.761779909624   -7086.174232271013   1         0.45545058062150423
-2308.3772280998915  609.2387986682826    1         1.008762632833731
-1145.3041929708372  -4360.308076055614   1         1.068787246186021
-3118.26703901319    -2045.6018372565463  1         10.008057632504414
4658.824082050571    4030.0078916901502   1         19.760408597995852
-6262.41334481243    128.06950059325754   1         1.1575933546872321
-4171.927553024284   -4194.995303965913   1         47.7388119566369
722.7710023868765    -2687.383091514729   1         0.6004659156478033
-1488.8635212469953  4062.881643618471    1         0.8064334490346449
-1845.7094237595616  -4784.80268611815    1         0.5201927197655984
-6304.820229356654   -1359.6985493819327  1         0.9593483602617248
1860.0039662750698   -4338.642825446111   1         0.6448492312745829
843.4087099217777    1977.6789392767532   1         0.7178531198938699
3006.268220289284    3280.3785064811527   1         0.2015247675885474
516.556380393471     4181.193043653204    1         5.3351687734290145
-6776.7346115528935  -4748.731035900339   1         0.576183269868953
3477.757320340911    -5788.358200941252   1         0.6490261786009426
3853.725036697001    1945.8894692245299   1         0.8843051753559752
-5286.79740732269    -4312.077795093713   1         0.10415250230232453
5313.584514329135    6023.7017257212465   1         0.20052314059725415
2590.3806020082575   -2174.154572604245   1         14.3381336647157
-5353.549003815277   -977.9687410510498   1         0.20852280685964195
