trucks_count 5
drones_count 4
customers 51
depot 0.0 0.0
Coordinate X         Coordinate Y         Dronable Demand
2131.5350396271015   445.53120678514824   1         1.1848411047824912
3782.752261925092    498.67973014331045   1         31.912192251539096
4635.735390690629    -7023.794396295534   1         0.512132593336132
6682.603377461254    -6675.227080218515   1         0.6741571904386315
-1317.585139719307   2165.2290939122513   1         0.6411873025489996
6549.486234404905    8849.754872938647    1         0.2570167536009833
3209.976112317625    8295.871371235673    1         0.9886704461511713
3254.0222943254644   -5785.670555338643   1         0.9144992103326964
-5673.562998461088   -9115.019341160958   1         0.2555937645267878
-1425.6539800834184  -44.20387473747837   1         1.14646493045753
1083.7194116737016   -3083.2631717674276  1         0.891034263641023
-2796.875123900079   2788.8421107359736   1         0.9940251881962648
8301.875392160997    5356.832101578795    1         1.0356616649674375
2074.802311237042    2875.7415177630446   1         0.15502815250834334
-5938.818431039136   7109.211866385053    1         39.75712515383383
-1482.1916768525589  -3259.388931448092   1         0.9698091591417851
2654.6454768582817   2908.3969461721385   1         14.203456343620369
6191.8083846664385   -1060.3375935017036  1         0.3986244385037564
-368.18838892574786  5555.136561520161    1         0.8217965063079954
5164.307360041041    -713.7799125976161   1         0.3211286017666243
2691.786755208923    2191.2876331047155   1         19.24470541526626
3649.841538114564    7221.696821859696    1         5.4630637038610175
-5408.670146633559   8780.570523462773    1         0.8436524640562972
6825.40722850541     -226.35083923258935  1         25.673648826729693
921.4279607676655    139.48063831165277   1         1.0316865141581641
2983.2602544682686   -553.7317277577658   1         0.6647776203105417
5510.392563795936    1277.0005434733175   1         0.27937363929016157
2233.51309213629     2049.1487858444316   1         0.5983122449166716
796.975339111812     1065.6045333949914   1         0.46917774085761665
-3440.8256016620103  6908.038155032026    1         0.4208606796696386
4872.669912465674    -338.3792719656557   1         0.5201537959844506
6528.213096771046    -4396.306793403752   1         0.7878476763226737
1385.3422742204057   3347.992187304242    1         0.6572021822349929
-7325.621497218292   8839.020986077929    1         43.944969487647796
-1556.797777979812   -3746.2664929332404  1         0.4862138523896381
4287.237379856385    2026.6645149002097   1         0.42781951040690236
3766.4969891177007   8560.27757347565     1         2.0200846755064044
-5517.011452112892   4596.789853297593    1         0.9673050565530042
5566.33215485773     -2234.3739245310126  1         1.0842903322621942
4229.0458620550235   -3075.8354473584714  1         0.739194762043575
6990.737163427577    -306.60751170226     1         8.445422450563616
991.9490080175563    913.9494266949087    1         0.9426032863954937
-1460.9044068981864  311.446348872672     1         1.1283869982068797
-1539.383276306472   4403.214953355274    1         24.629564856672058
3138.53102943002     6268.985822409175    1         34.204581235001996
3292.8906640514      -6982.893398875539   1         0.9931073457311498
644.3371034270236    6340.62907308377     1         1.229652182853034
-4967.7791585788145  4651.686060790603    1         0.6774007980055871
-6740.56376044881    -3553.5380951086945  1         0.7328632852753274
2550.2847433784445   -5119.399080353568   1         43.064856913607535
-408.95543012076     -3589.67637274878    1         0.12663312231039903
