trucks_count 5
drones_count 5
customers 95
depot 0.0 0.0
Coordinate X         Coordinate Y         Dronable Demand
1119.5990054304837   5621.115467224761    1         0.8921509394012138
1511.0273995346606   5165.665328469449    1         32.671626642109786
4246.587014487317    -2644.104837583961   1         0.3743869299210041
5642.214015097466    5947.327891508055    1         0.26537419180006594
-4449.743997447466   -9791.119977898896   1         4.421277445312736
846.5126453997574    -9375.25852154235    1         0.5849754609377446
1664.6913268210951   -5150.0303041639145  1         45.874995573286604
8148.801547487339    -2589.3830314535967  1         30.018509899532383
1136.3568900273422   -3948.381253722018   1         0.6677767186003712
-26.57685569776707   -3531.193815889485   1         0.5773829756075186
2583.6102845635455   6677.277100602838    1         0.8146171715353425
-3556.695919362292   3455.2239675997553   1         1.2399182272173763
1869.6172796400424   -6307.839940907484   1         1.1234797082365826
-8463.54703233867    -1564.5652402908213  1         0.491492954244907
9702.693818806933    3779.0309270818007   1         0.21208242583618014
-1262.897936684785   -9503.700769622918   1         0.7973124350384456
2950.432543760342    -2207.938991909898   1         0.6950989741510119
8966.702605407363    4072.756555462263    1         0.5596432478449785
-2916.693000482061   5596.559158751386    1         0.22708282711040353
1822.136023947013    -6466.012863170305   1         0.8294142231037744
-6706.926491420862   7843.874460189707    1         15.298728327575677
-13428.549697410199  7603.731292789023    1         0.6895737277263002
8419.315368085863    4437.665229684474    1         7.874138851112204
-1964.1562892602815  12695.847809235194   1         14.729452215055124
2862.2163999034046   -1511.4165701035818  1         0.6114301837013748
-8454.389825773453   1022.5172674273186   1         29.346068204632864
5472.453291709349    -12637.283397743722  1         41.88464330747786
-668.3163772224583   -4148.883535365791   1         0.4866593682144491
-718.64497863221     1045.8534652972266   1         0.6182569982507633
6476.847925307596    -6482.33488115343    1         0.527650550171366
-6467.1426396519455  -7246.496471627841   1         0.7973542478476211
2683.987161853179    124.18108659422823   1         0.20997952381962132
6989.165536983006    -1290.6685569210972  1         0.6795893230732263
-8528.899262406369   -5658.541876286451   1         0.4142239096806162
-2635.790734765568   2077.9867608774184   1         0.4920699096343807
7831.649379678349    -5504.183423746954   1         9.113533045766431
5138.777868643066    9149.269465645886    1         0.10206891351567975
7499.282751885305    7261.6931798233445   1         0.2416191721064791
11520.905777786247   -1830.5491853800759  1         22.172735749716388
4215.815854497039    9883.59398758472     1         1.0603276596390696
10081.685244043665   -3664.606523981856   1         0.9493662841760224
-2245.746974458347   -10778.691560016994  1         29.573410950706528
-2163.516576246545   -3426.3510121682543  1         0.21069094855374776
-3442.0809951616347  -3889.6571086914464  1         0.8975708606849304
910.1832654655559    3307.919100268808    1         44.04150905910789
-9358.579815669735   -13844.981450747537  1         34.102049603952246
-4351.922740783293   4033.883859314621    1         12.097102687526801
6892.8480898422795   -5995.35510617368    1         0.11894064819902496
-4256.152237025122   6444.164997006255    1         0.9816649269867341
7614.262424206259    7338.938950309082    1         0.955369715021804
-4911.950540914089   10335.649578533088   1         17.411527145537445
-9005.914825486141   198.6478890277261    1         0.4735899726604822
-7069.539204841796   -5075.965694317618   1         1.0206696292492128
-5349.998169027913   -384.9376550068527   1         0.8538046948781882
-9052.11309047243    1330.7880800121793   1         0.3925508746752763
8497.16080400778     5657.915820386174    1         1.0147423190726061
-9472.826221710204   -319.2060728307654   1         0.40532861531940745
2455.0221930717744   -9825.25220573155    1         0.6686187200271492
9077.131202052531    205.49685030348985   1         0.11257196093700392
-7770.652711627698   1320.1062506412127   1         0.6487826611218658
-3130.144907507898   7406.776070950977    1         0.42384567702919995
-14030.030198998094  -5449.777897873644   1         10.699082494620733
-6089.184995224319   10813.733099600297   1         1.116695097458674
2565.552050923603    5133.678365788117    1         0.9855399906851735
-1994.2646391985354  -8530.520485971303   1         0.15681215733816772
-1650.2227511430865  7508.542821078532    1         1.22711827822028
-5415.054383610912   4516.943327090343    1         0.5065546786744396
-2696.959561286731   5138.88741926048     1         1.155535823660722
12619.161507389224   4873.727548221352    1         24.77206702074993
3259.1684801632323   9596.010408782551    1         0.5936638960256839
9765.600701751202    -4435.150144795615   1         1.1267701066094207
-435.24825465211046  -5271.766572331581   1         0.12871726079220328
8452.865951295176    -4117.773210079066   1         0.5807515923793656
-2364.227717157994   3859.0161246240073   1         18.224665377916605
12138.333584752974   554.9028132686926    1         33.215562882676046
10656.999989029699   1440.5638236831244   1         28.520901863992545
8900.995532367118    -4628.682027821328   1         0.9278316539656162
1077.9813705091542   5304.640774572978    1         39.55974310837609
-68.02096761447336   -7194.8339641998955  1         0.9660625159392143
3820.3456688004308   2920.09805102239     1         1.1441796387534886
-2646.5947622667136  9049.076369818895    1         37.85329227082364
-5417.308684167011   3020.3777565610117   1         0.9695935407618648
8338.452371566374    -4364.1460726144505  1         19.327837390918237
-4865.780895102749   1099.932692908972    1         7.566800294852975
-1825.8021552357181  3497.560179579594    1         0.14161957292554653
-10483.295653895471  1394.7824051787293   1         1.1435516357419582
-4285.894943642328   6039.413946607797    1         1.2014018629141818
-8512.463712244944   5115.1475288318725   1         0.824106647662884
2851.7367872601735   -9142.703908544845   1         0.21069288003356934
3782.804453850124    -5530.608169308005   1         0.3048707301413637
-5520.834690469901   3002.706398340403    1         0.14940259531269823
-2780.420597812083   -5599.738025227406   1         1.079610290524351
-6204.721734090853   -8784.33199194544    1         0.20878308155675787
-5930.375320732285   -4538.8297442853955  1         1.237276147815
-11916.56575886689   13709.31361881096    1         0.7797965870847537
