trucks_count 3
drones_count 4
customers 50
depot 0.0 0.0
Coordinate X         Coordinate Y         Dronable Demand
-3923.61018158444    9432.662983259776    1         0.563666841649921
1142.6002129838469   -9402.549455047101   1         0.7002658647260576
-3223.2766025587866  7513.877750276582    1         0.10738154580500861
7544.053710310677    4724.913388079381    1         39.47528884719939
-10131.71609767593   4498.892800613008    1         0.31503754631822756
-748.2961595311544   -3548.046278344939   1         0.36921876222863315
-2387.8760786920025  -6303.97718151583    1         0.7320048175278188
-8243.482770990102   -2997.9607744588657  1         0.43620830094784524
3133.121039556372    -12667.502509174166  1         0.47765448010199596
106.59901376125173   -9241.10800066797    1         0.48703144055992864
-7318.653088423015   -6783.474440481557   1         0.6203641320364606
-1955.3278053565627  -7065.583623047161   1         1.0808115887469454
-7145.134557065525   4035.8267662097583   1         1.0540263372439869
1053.4067114766344   10431.0615566842     1         1.0819539502877389
-3351.8093979039522  -1547.9342950874425  1         26.58275484465722
-729.0373914490558   -473.65097594664957  1         0.3295490797098431
4936.449555248313    -2951.58202031429    1         1.0510387336574576
-5823.611631718319   -3815.4307717694637  1         1.024660996574496
145.85313728290566   -5642.039496147985   1         17.984557101228802
6299.086953205126    -5373.236849666408   1         24.234728096532436
-2546.9785348525375  -7627.190686103587   1         0.575132895165865
9864.151773379306    1547.9690575933832   1         0.43749002396961645
-5111.0771132136815  -8054.2590851238965  1         0.8164017345126046
-7885.111184350639   -6323.614877810709   1         0.32103433743228615
-2308.3035834115185  -5396.542555191349   1         27.159748642433545
4680.109906931761    -12133.419466924537  1         26.037727897095195
7768.892234422864    4030.611970906406    1         0.40403857261128784
3444.010452229993    5091.6944113557      1         0.883033224060712
4952.330510930402    3600.8002915504717   1         0.1590211928518172
-7777.103112404921   -6389.864752480593   1         0.13414492356558302
9779.883171156329    -3339.198125588493   1         0.8992954253161216
2777.3246337833534   -719.4132383627823   1         40.98046796308614
3142.361811369601    4848.50995947838     1         0.24083776352915887
5374.44419060295     -5227.189199387538   1         1.2372956135379374
10725.552981916915   -226.19656738001052  1         0.7752283573848717
-3059.6476741883175  -922.1843641857059   1         1.1612657801157236
1351.4843598862353   8190.580204706293    1         0.22671745699367096
-6599.63783871715    -2621.1165140542817  1         0.24630157937588795
-7612.921558741002   6536.398030920411    1         0.3041425877556262
-5014.520064249454   8290.877009664648    1         0.49184517801293537
-2376.973195940124   -3737.73038865216    1         1.7299500275934327
-1252.049361847076   4150.663251621587    1         14.664532363762019
-7385.836269596355   2287.975559789647    1         0.35456794799436886
7200.466161625734    -6459.972358197213   1         0.4056901497076648
-15101.41948625646   9923.727976045073    1         40.78337893787508
-5815.845686103141   3706.089687025375    1         0.6920465653299671
-2443.518306577931   2943.131248814412    1         1.0191885803971616
5756.764666387673    -7973.250607054807   1         12.16154489052884
8076.698154693713    9108.040562271894    1         24.815231180287856
-9524.526873691126   5182.503013800523    1         0.9439726856761785
