trucks_count 5
drones_count 6
customers 84
depot 0.0 0.0
Coordinate X         Coordinate Y         Dronable Demand
-4731.450853750992   7097.2040001830965   1         0.8934371227394446
-5750.278799746803   2091.6887819610724   1         1.1180838293945075
-6529.466589912953   -596.0455927251737   1         11.0791587656067
-4135.613453032517   3426.538121800253    1         0.8794552790372535
-5901.013198426971   -1517.6875659640605  1         0.6001936742441677
1582.3967587233592   4618.615655451533    1         0.29816765035614645
-3136.7280232658445  2187.563499064927    1         0.34995129890899923
-89.31547211115108   6769.286503844166    1         0.42346649465152797
-1535.1431984358708  -3764.5816308347303  1         0.965737828207468
653.1604652481783    4228.439061427045    1         1.1285567075816687
703.216452803973     2380.6305254464137   1         0.9498422990048103
5850.202875804771    -173.4338176559877   1         0.736856727600468
2777.1047679937788   -3265.346477306883   1         0.39906396266934985
4781.215159284857    6772.045327728764    1         0.22979635128842935
-4031.930269444565   187.33820576390943   1         1.0691672087094346
5741.172455932085    -5996.429852724724   1         0.5431126175078432
4274.57153295364     2181.3515350375837   1         0.4544474489462028
4560.207730506108    5419.269692713       1         0.2834852111540451
-1235.3827750320916  5017.836974467164    1         18.147028415304327
-4576.3846700282475  -1578.4381329658033  1         6.999876986433628
5981.184650180061    6838.927219207029    1         44.665794017859234
-2592.4035240902526  2670.5984070770783   1         1.1928137539370214
-5710.770359845571   6311.43075263688     1         1.1652578441021586
-1501.0719161102725  -3624.7508056686343  1         38.2379322365566
-1316.2746792437085  4440.814466105655    1         0.3218218622122145
2026.688806667683    6802.4857082957105   1         1.0643194839626924
4941.382264939465    3879.768512801066    1         0.9745351224224197
-7150.243439600398   -6006.132978464072   1         1.1713150960602798
4261.8082543530245   4747.519367716876    1         17.04864619273915
714.8694861224628    5097.200487908375    1         0.9842670342341089
3447.3048352553596   1968.9386538583876   1         9.135685195355212
-4181.105171230119   -6521.733932407269   1         12.515974903967706
965.3059906797702    -3516.5663764939623  1         0.1407143300507245
-1485.5480170581031  1187.0952883788016   1         0.11261575325737269
-246.34165380589548  -101.87429663688818  1         1.2414773836731
4151.0361579898345   -4847.525648608571   1         0.4669804709186123
-1037.5444254546067  4828.054679240553    1         0.690975470151847
4468.401155720006    -2301.3448422399842  1         0.5612609188133788
-6738.965620005069   3050.588897741608    1         0.42928576660531237
6087.301661110351    7042.065140243304    1         0.8851992939514385
3519.7951238124438   -1867.1998014673884  1         46.87113433288784
-2329.003100073144   282.3980230469642    1         0.9074923909107528
-128.20081853251332  -6830.016376963409   1         39.71481720175204
357.64206670943236   470.2619121326123    1         0.2710138809459618
3695.4488290785976   -6467.6691062300915  1         0.778317069472149
-5674.324652923118   -3312.086061349577   1         16.48888189267298
-2687.6116771396078  -2623.5033602345584  1         0.6211963801595034
2246.4059356785638   3815.104510199377    1         45.75224094857586
-3464.7993772291034  1472.9983783654873   1         1.1472161942602384
-2856.1175297664363  5601.130751346986    1         1.225340550250207
7105.776460922813    2784.0675110499988   1         0.907464707196942
2272.688965867807    1009.9610759337754   1         0.5074240890863643
-6074.857924050619   -6225.358618942032   1         0.8598987245624844
3001.1859332960157   -5650.29280237634    1         0.6647667399187647
-1079.0053019754869  -2263.7609461663533  1         12.880431716927847
1380.6149084838707   3691.905116638738    1         0.4859315053093345
-1758.60642957562    -3082.9864888844236  1         0.4307389199380478
4154.3866617216645   803.5252136574147    1         0.7015587611069035
-3303.7378262720163  5323.091532816416    1         1.215387233967176
1841.1471908028443   1184.200654046145    1         0.15634379371870583
-7136.0045263866305  3397.556131593862    1         0.842379251636809
-1651.897827775334   3839.981723118466    1         23.193691941149154
-4439.684543063191   -7172.006301827544   1         0.9947027667372543
3280.9467160109634   3070.3388809912585   1         15.524078774864167
-1419.3889636972658  -6688.1768910694445  1         0.8452950747124179
2829.04960857865     6754.412977508052    1         0.6468187356963813
6846.516736674761    -216.08435422590355  1         0.9092545704383826
5746.591703418246    6779.638536005043    1         0.8114368871701365
3220.2214210933      -5192.446317093373   1         0.7613502471485676
5454.460916490646    5555.402004603488    1         0.45895898086869125
-6177.145139534572   896.254411182666     1         0.9529175790757465
4293.622223644554    4731.824380664944    1         1.0077250198470984
-3643.0671146642867  7047.7078388513555   1         26.22800278731532
5500.733263996472    -3339.8890274764685  1         0.6577853024419552
-5198.71462945231    6155.050419194226    1         0.6747542924552647
-630.3530728450348   -6302.370208304121   1         0.8735171128123288
7067.440103701967    7118.407033222197    1         0.6758994806881932
6465.604166632957    2570.709030020739    1         0.2024488903126983
-4184.716938013506   -6500.996330873726   1         45.88184324246753
1283.0253320209138   -6887.449489992892   1         0.41217688774903316
5819.95961835956     5973.9723541701      1         1.0944419803561005
5997.285603633705    -5960.986883584244   1         24.54935851265985
4967.2980425902715   5571.220011297997    1         0.2550482407289757
-1407.6366620722874  -6731.198686082815   1         0.2750129630086743
