trucks_count 5
drones_count 5
customers 49
depot 0.0 0.0
Coordinate X         Coordinate Y         Dronable Demand
-2314.772579173817   -609.0877333563519   1         0.6200973217903669
4480.361723239652    8836.81511590458     1         35.1485409167474
3577.1667924842873   1196.0314883326473   1         0.9120053867274812
-4491.457027160183   8202.077809718427    1         1.0789450573359423
6417.550365080831    4003.779344319135    1         0.934239175875378
7350.374131361335    -2901.034223481242   1         32.58498010808388
3762.74986565358     9305.294322976624    1         0.4887554824242203
3708.1562379461525   -7272.594524875994   1         48.261546783653614
2670.465660164522    -6386.872866077035   1         1.2425797751159795
2973.206113817018    -6079.460822205217   1         1.0427047488890524
9549.821501170887    2374.2744204097057   1         1.0951877972501922
6701.573778622876    -8172.295255868075   1         0.765745734234177
-890.2452422999352   -5917.656426293262   1         0.3341903208630427
4980.888954748615    3597.677173256338    1         1.1777594834987835
520.5249908877774    -1887.9568581840279  1         0.9213613554261291
-7255.785100395312   3010.8120656675706   1         0.7138808497853498
-6060.737638505403   -1685.0076902747687  1         0.3975679515839373
-6100.992961934554   1281.3104470429862   1         1.2076489345725425
-6959.44455105896    2007.4248615533352   1         0.6753651015835977
1182.5106630736657   2719.0471557809124   1         0.6442731360583341
-127.64367590693142  -6943.703315703157   1         0.10303521672985866
-5766.042317637955   1662.6788767631008   1         0.40158916060011873
38.13726839082102    -9516.024251571891   1         47.70777685460507
3519.8362023750096   -4086.166937529571   1         0.853211704662014
8893.773024139235    1343.7608669680842   1         0.5412315721213095
-4165.430188851713   8454.432283642913    1         46.29019550755387
-5573.400923274746   -5832.917138738249   1         0.10921982904418162
-3654.253145247472   -8395.757459878296   1         0.7271605476854488
5976.378754439068    330.1527480873905    1         0.3170923295441287
-4210.26560487669    716.5120342900002    1         44.86097735830773
-3700.7730047107434  9121.904798409432    1         0.9867757215652152
6986.9784758434125   3386.9802555512133   1         0.7887150513784007
3652.8814909152024   8212.542815239496    1         0.6146073523195127
-8869.358925680206   4427.717356535815    1         45.98286904296842
-4497.219610061481   234.89246146847097   1         0.519431651676734
-2202.963914732681   -9019.153463304381   1         0.6225660302175817
977.8158380652998    5105.840084365798    1         38.851304318659444
382.00596902690967   -4560.485419533464   1         0.5936446065177817
-3933.174223798152   7892.989635288966    1         0.5920074862684465
-4469.603181672788   967.3983338110866    1         0.16176445563060604
-4846.360358527758   4711.012140793297    1         0.8342576248554129
5785.751678472155    718.8386776920938    1         0.4558854728840066
-238.02405821451597  -117.10039198459432  1         0.1987993211813477
8402.573645479419    5742.7597309623825   1         0.31204648385986455
2357.8107787438444   8582.700500744413    1         0.17403426781851206
837.335765767544     -4251.730780937218   1         0.5912017429321819
3051.4300544912194   -8477.506723339695   1         0.17396110131976616
3336.3161492710387   -32.1864442308397    1         0.5190647794909871
-676.8173206245007   -4950.467958535378   1         0.5605791434440196
