trucks_count 3
drones_count 3
customers 29
depot 0.0 0.0
Coordinate X         Coordinate Y         Dronable Demand
-8495.975100242555   533.8736609726257    1         0.6183729399162999
2450.5266135777188   -1702.9102873505067  1         0.325527421226247
-506.55931711711514  8962.316074479044    1         1.0052045576775237
-1721.5630377128828  3864.452275356507    1         1.8648264299683084
-5125.300261759349   5929.651114626355    1         1.1615132336787053
-1770.8943822285912  -6368.956652509503   1         48.89197371662558
5094.932596047308    7759.537587467811    1         1.0208225630987102
9216.763850019797    -9771.884353760239   1         1.1893091533709335
3679.7760413331043   6467.738225394325    1         0.300278935485368
420.91208464530274   8530.950371804087    1         0.20983756287037203
4176.983282831218    3395.6030511033414   1         0.7856276093474831
5041.888483554484    8853.36518013091     1         0.5563615947235443
4877.019080315654    -9204.610592007408   1         0.9818708275212443
-7239.138595998486   922.0447189263023    1         0.45081687176553753
-6067.800497483493   3624.5425111983386   1         1.0156094181910948
-4369.2183183505385  7172.48534084901     1         0.18774122281841174
9259.619201462225    -3282.4781650996174  1         0.8629394369933221
3501.3934408265286   9125.44493949284     1         0.9631730158494927
1999.9853682542753   6882.37929777248     1         0.960761517075416
928.2539851126955    880.6074029716948    1         0.5394947383236247
-4550.218902695746   -3414.0722517744125  1         0.248036219243925
4793.761550237209    8068.5711550745455   1         1.0819751069450207
-1255.099225172331   5769.548240991855    1         0.8101292800238158
7796.414780167656    -2699.2683823635593  1         31.080659807756238
-1928.835092665045   3633.7110865467607   1         0.718073963086662
7859.190707767073    -5993.928855437242   1         0.8775566637513151
-8539.6565317695     -1417.8307738017263  1         1.237702728818809
-4285.598227502087   4449.051122115713    1         0.6553308502418711
8980.868499123664    -4367.316254054033   1         0.16967071893464955
