trucks_count 5
drones_count 6
customers 91
depot 0.0 0.0
Coordinate X         Coordinate Y         Dronable Demand
-975.4735305624861   -6034.631185745837   1         36.16978658078939
-7603.23439524766    -6127.4825187136885  1         1.0012567674360753
-3033.7430380564365  7126.635833049073    1         1.133275954677691
-2203.267463096116   -6265.156351647323   1         0.13580162498499346
1081.8529318684741   -9151.03673566675    1         0.3248703236833872
1152.0429781167272   -10391.131954738228  1         0.7288685075433402
-6657.57744573639    -874.866588440664    1         0.9257405764189516
11400.08436195863    -11527.409009918874  1         1.129190432369041
-1926.21886940037    8167.08618164068     1         0.7634484143323996
4251.954131437209    8252.330445924503    1         0.7781151867152565
-1843.2938404379718  -4185.557902464397   1         0.5572824945483777
5743.495314011731    1261.793335791685    1         14.365480568222242
6156.988154541599    7131.116166554149    1         42.79335487596365
-7766.9966089110985  348.9740512119369    1         0.5916013417586239
4555.880615327753    3077.2447980657794   1         0.8320243827132983
8964.84555975476     -1025.5949732655274  1         0.9957974489548023
-9987.026619206612   312.6468041163436    1         21.488853186862155
-2891.4496366401445  -9836.58381972518    1         0.22460240611649013
-6873.0538375811075  -8196.004458505173   1         0.9900399260701178
-4976.060154071517   4084.802097710167    1         23.801715237947082
-10687.31517602426   1974.0818786297314   1         0.3729385323411063
-3628.3274450818494  5697.487195813087    1         0.22404488713031695
7625.353428670084    7491.961575119094    1         0.6470265096288843
1986.7449227263278   15546.976212920377   1         0.6317961255292613
8461.667001266922    -6395.568077782156   1         0.2099890934108288
5338.678289668706    7896.097730352547    1         0.6841074379993684
10538.824445350823   14567.961385270366   1         0.8045898994288128
-7304.417774347206   5461.728953141552    1         0.3932275585604902
-2794.373339887225   -8174.004504536716   1         19.127577933251782
-10093.32007460375   -2467.214201328863   1         0.8087780881691367
2211.9931694007714   -5239.192586988301   1         0.6500402320316863
-1353.7565571853647  10691.972609123884   1         1.0437284206282236
-10624.474335534507  1952.2427986968355   1         2.9289539410200973
-3198.5025630985933  9935.491537636202    1         1.1480200406720715
-10528.795704710728  -2054.9765175793545  1         0.5065681759216891
4842.767169483911    -7394.981293856128   1         45.91329696584244
-14673.485735290471  5663.760978849659    1         0.7274669801063789
-3163.3576781510815  9229.615878032288    1         0.809347587898358
-3645.6295652830286  10544.310914808575   1         34.90187944357112
-4291.732498331478   8272.24318303778     1         8.93591565494652
466.2821023045981    -5042.74909768139    1         22.085132754344208
-5727.035689989394   7009.7909114495305   1         3.026712573049426
1235.3263778777898   -3805.8529547595413  1         1.1662439508573945
9026.52115318177     3812.9853705700584   1         0.6168725753648954
8880.713627205674    -328.85018756086157  1         1.1857038193528773
-8831.938310899972   548.0972097163345    1         10.888430728840495
-3838.5836675710048  -3383.032548771946   1         43.0575883892353
3894.3886746621006   -4692.00240038424    1         1.0601176298236772
5623.391973059651    -6266.57809216807    1         1.026396142974671
-3056.056526717902   3643.6126092004865   1         0.40570808637926237
-2555.709554425033   2381.159145614001    1         1.1931548344901306
-9767.32805351679    2856.5848898938757   1         1.2258583000805117
-1316.5431417506768  -8159.889056883572   1         0.8197167804889718
-9235.477164205688   394.5502429828806    1         0.661153119805341
-662.0679038733033   9393.537328551152    1         0.7262598941769728
-8731.008726407894   -14065.977255474718  1         37.15688676726844
-2580.6666392492434  9240.60654887273     1         37.9211040976649
10733.215274976887   9182.43458330039     1         41.517286337720705
-8507.55681610159    -3625.5794367846356  1         1.1510838789084563
7477.300331192921    -5128.853251329082   1         0.5474781178226761
5204.849512403198    -9355.551839345222   1         0.8317139553531872
-15289.533243065192  -9401.952958724516   1         10.112190210403105
-4367.097371886337   8521.946840979632    1         1.1160314468471237
-9943.687363946303   -16245.046087365014  1         43.68328507550464
6614.474593207153    -9266.863273132261   1         0.17483967522297597
4879.2519479140965   -1703.6513754905561  1         0.13774286085384183
-4060.1193280857424  -8846.34361208177    1         0.7809442403721213
-1742.3025082746403  5033.245616464721    1         0.7096295758643452
9464.50848664381     650.7306398543003    1         0.5060981099699455
7828.3067437929      3140.685869044151    1         0.8811502803324965
-6204.6272553134495  5783.2681956465285   1         41.13651280987223
10013.154516673436   -757.3234675253624   1         1.9327550795836772
6459.540389503443    6448.638919869592    1         0.3442436239239872
2157.7979200715217   -6270.380094781381   1         0.14054752543816154
5783.1967045536385   -8813.96807449502    1         12.57196483303942
-694.560542249962    -4499.316730040815   1         0.5567275137404749
9310.809022391231    -2125.7520121467637  1         1.0196757951500115
-14534.053498770549  -5261.209435550161   1         7.459278530362403
-7443.206164767617   -3438.391707678366   1         0.10137432968326485
-10184.860157745616  -3923.1314183384357  1         0.45562439016182177
-8356.993702349402   8348.515808159067    1         0.34736945177227385
-7636.892436917104   -719.092707492372    1         0.7467618793596444
4114.596115687563    4862.340286990507    1         0.6730948559690743
-15050.951392260093  10754.72794489792    1         5.7608414307943505
-4193.240773964929   -4210.788871448949   1         40.17511889721926
2956.3317350881503   -3450.6683893817485  1         0.9394093204141801
3180.084595762535    6290.197523870149    1         1.2086232136133572
-9180.760277367122   124.46742030663675   1         0.9596406005676361
-3711.8592584818657  6167.229344077044    1         1.0854938313616709
-16114.60392525793   -1249.65234158959    1         27.55200227880076
-5168.669635610538   -7720.9563493669175  1         0.45043753116023766
