trucks_count 2
drones_count 2
customers 33
depot 0.0 0.0
Coordinate X         Coordinate Y         Dronable Demand
-5603.360727671049   3908.0278805746407   1         0.47931159907084586
-5711.573085199306   207.64147281152398   1         0.1572635047449283
1958.5768234296195   -784.4093330226173   1         0.23213248105480724
296.630868791839     -3727.3998153740195  1         4.239360118309501
-2557.1921348183846  -4735.5114574534155  1         1.0356684364790216
-5868.671634149084   -1809.1639717883083  1         0.4622126304617452
2078.923895163033    -3789.895894255469   1         0.7069997990739221
-6070.499711442317   -3598.157865116085   1         1.1322149868083033
5032.633563463019    -5412.395239417084   1         20.45101519252485
-6504.376004932454   -2450.7088075001093  1         0.10694698376928592
-1394.0125400982422  -1696.336214415315   1         30.623316823706574
3573.2786174794064   -2476.316179507779   1         1.1165956253890406
6745.360153271831    -5473.46668200965    1         0.8074111817442108
-2134.4753545489784  -1185.6362477440823  1         46.599162421941614
6438.419398422151    -5539.859023841037   1         0.9744494745011253
8.590887682839417    -5984.657971495069   1         0.48012541617189297
4620.396403237663    6712.638721814016    1         0.7836160655921237
1552.2535918625408   5522.498004646196    1         0.8238487426532303
-1301.8216933776262  -6307.068602713413   1         0.33790629769334446
2982.8610771978865   4154.855309287375    1         0.45811800263924063
-221.12429232879927  -5400.738061265542   1         0.8907100914751337
-3131.723614927878   -2966.983087074836   1         27.911594727743978
-3288.7618411749218  3624.7949654456993   1         0.7022850056607858
206.23860226043539   -147.50139581574888  1         0.2984974433015573
-2383.370465351418   2931.039224308541    1         0.9997776115148675
6799.904848167916    5724.575606682466    1         0.4158104167274901
857.0603808811513    6554.203009403503    1         26.398957094540613
-5393.32630080514    1446.7015361467363   1         27.05210131757735
3703.5593997183546   -6179.892803577159   1         1.2208888345365247
-4960.228397983398   3783.456207196321    1         0.274202477322984
6872.747516167579    3599.322925410938    1         0.43231629953554174
899.2338330592665    2957.0888850628407   1         1.0694391307390805
-6476.315666274319   1673.120089139661    1         1.1911541163349704
