trucks_count 3
drones_count 3
customers 24
depot 0.0 0.0
Coordinate X         Coordinate Y         Dronable Demand
-2129.1873219912927  1074.1442296053378   1         0.6256848522995249
-3983.3449804424     -8671.690136785413   1         0.2077210611039012
-9048.077099583626   -3713.7131066620063  1         28.27293557190915
3304.2946863923057   7825.421180591051    1         0.4047140409077016
3924.294506657685    11338.439423617423   1         0.662482851993894
4764.0295678399125   7447.556581152981    1         0.7055051650809301
9119.844321370303    7168.968979630019    1         31.646300943968864
7031.355548768628    -6309.208722664433   1         0.6290974598241352
-7857.809961083735   -6102.350829965537   1         1.2423325902384872
-4855.048793961231   7623.928280638108    1         0.9230862785185678
8873.83789734467     5371.91127032791     1         1.0265742082913913
-1318.3222646889226  -5997.42429257273    1         0.7137366519381452
983.4949252819097    4394.141899910512    1         0.23759068134026573
4074.2744605809717   6972.17526748339     1         0.3094331813835427
5009.154986009822    3363.381109612907    1         0.3355994220330169
-283.56466305672234  7310.995238140242    1         37.73554453354751
-7045.319042080664   4204.750509555417    1         0.9240799063124638
8019.069369679035    5903.870261666062    1         2.6182195691209125
-1297.6236012968377  4692.3868259001865   1         0.5531268130789749
4931.620213542373    3259.1140237430564   1         1.1165558433160703
-1637.5625233571043  -4972.21280956066    1         0.9978261896405314
423.14179834943724   -4540.598256945358   1         0.3323514987502092
638.9890618450837    10129.334239256978   1         0.5828579880145518
7010.250909557101    4482.601814174305    1         1.24500419078544
