trucks_count 3
drones_count 5
customers 78
depot 0.0 0.0
Coordinate X         Coordinate Y         Dronable Demand
-834.5483475687033   9593.316893283007    1         20.377642056447442
804.5321153907673    5240.442940396768    1         45.57935546862353
1539.8959777545647   -9229.777345616247   1         0.7817450061432287
-3672.088907885953   8704.752383761726    1         0.8906316527282907
4729.419248980326    -2266.6822612948936  1         0.507083201375655
3240.5179497069253   -445.2784902387735   1         0.4799601939684779
2238.4210279510153   -6807.858616047493   1         0.4115681483156103
-931.9666065090987   13065.843689906304   1         1.9928883068672938
7743.741975022853    -3182.2793823777956  1         0.8230502096486613
-1975.783402599463   3227.0051659118208   1         0.424646335898639
-4139.817285281439   8606.823098263772    1         0.9971021461339664
158.61726929154995   -7016.05911781486    1         0.8035787342546447
-1107.5401107970647  13522.884263177557   1         10.023222626714352
-2697.1462443297146  662.7314813195337    1         34.5582849513309
9207.944342459641    -1922.8735057680124  1         0.44843225266772735
12245.83622854767    -8882.142823932554   1         0.3767780484210884
4206.22557600895     115.86726860605434   1         0.4670706561035125
7293.351752038904    -3516.309618983416   1         0.5966473514246836
-5492.031414527531   231.24531396159747   1         27.42028436157178
11710.010625312565   -11152.655981699654  1         6.818749051040989
7378.555073217678    4114.66068637158     1         0.10450183915862093
2532.457740433189    -10594.715217339408  1         38.04529897955661
2815.8226152391517   5060.230613092091    1         0.7554684645672852
-1249.3868258309944  1641.506818002024    1         22.044794682642106
6989.514325187208    6849.9280207399415   1         46.67341505946422
-2228.620810701662   -9024.523833822488   1         1.095952175163063
-6377.26827025546    7115.593291542181    1         0.7897040094566246
10109.267730900774   43.80446127118147    1         0.8805359482168436
4370.920833522369    6741.379638359243    1         0.19903528364005352
-4553.092669724578   -8260.443690776343   1         0.21054173261715362
3956.585691065482    -10010.492028969922  1         0.17330451842188807
-152.26323542089554  -2103.132587751484   1         0.30096713954290244
-7899.687503609151   -1089.6588299102616  1         1.130969641554019
-7053.205902848857   -4397.132051506699   1         0.513082979333797
3093.6502957766043   5820.413914651093    1         1.1452791188266185
2482.2963818928592   8646.159560209459    1         1.183780421069232
-135.4056757943344   9462.775236338475    1         0.6991684433598665
-1139.179806457426   -1862.7947194184728  1         0.14461409000384812
-9480.975423542937   212.714256460252     1         0.36874775928206915
2266.388852421508    8303.03628023424     1         1.0488181386028042
720.4082734456221    3745.778416753655    1         0.989949775064518
-8098.344322618158   5600.287612393307    1         0.21543765824311717
-8467.663383760826   5741.999014909116    1         0.8989176334237517
-13271.403943713321  -10603.836721508727  1         34.85258939027812
12264.190803630247   -5864.597764955891   1         43.80045655722216
6948.552082809222    -1047.0898257444692  1         0.9086050165119343
1491.3141123584076   -3323.494550017107   1         16.481311855113404
-7119.618157237751   9945.22099618886     1         31.744296844737807
-9202.062626952256   -2138.4763090677275  1         11.1141054668704
6538.876625828646    -7557.606458915433   1         40.819920899372406
-13573.533100527782  4051.707089650148    1         24.718828206929082
4812.6031917853      2192.032604244728    1         0.14386298189035507
-3447.796094251895   6123.038090945522    1         0.5134985289643158
1381.53968631409     -6620.929039687994   1         0.401101716677393
6836.286858917143    4549.630478550709    1         0.1589061648080939
7836.929688628228    -2506.2427391384513  1         1.023488153687153
-308.9501280330366   -9694.334062133537   1         1.2282009499518647
2435.072286370047    -10413.52809071495   1         0.37497914543343824
-7447.587419561967   9106.448477462973    1         0.32869131707787613
2667.0350388533016   1608.7868241427989   1         5.864428962490599
-4270.716186313093   -1030.362559157657   1         0.8235564528291569
5248.323366772091    13426.397619596808   1         40.472600333400436
-2906.2203525894306  -8387.457653038908   1         1.1305508863921256
5941.222497065052    3776.663839710327    1         1.0243487611881237
5676.637723241476    7137.643353570987    1         1.1757223033685933
-474.70393863487527  4165.243954525927    1         0.5131508403280094
8228.269025594407    -6220.0148256367265  1         0.9867367247618584
10209.63537891518    1741.6470439866223   1         16.831137149809905
-2704.9606823195863  -4318.325989169009   1         0.17109482269977178
11733.263481229793   8692.926538287318    1         2.703739518185063
-536.1794517921309   -2333.9073649915963  1         1.246550756934956
-3154.534415962076   -9203.944517806593   1         1.1904822252499474
6736.209730595274    7869.724927581479    1         0.5415924119671235
7828.28349448605     3732.481026904653    1         0.14587043664097277
375.4728922956923    -6861.767402897944   1         0.7753513021218457
3334.445527527556    -7131.58110843042    1         0.18397530308947327
-4628.019887781153   -33.938098340295255  1         35.057954205726915
10091.265969988724   13576.649832075573   1         0.7526311862585988
