trucks_count 4
drones_count 3
customers 73
depot 0.0 0.0
Coordinate X         Coordinate Y         Dronable Demand
-10301.294724467678  -309.7128974616      1         0.9893794208650769
2703.046243010791    -8620.398219334575   1         0.23986136586100174
-5209.183476817505   3206.8159458424147   1         0.18129424043744302
2368.6324969751477   -3066.222655506113   1         0.8137298257737362
8064.366607627365    3363.1170629056955   1         0.3959589440147635
3042.17117959826     -2178.8719895812087  1         0.7878605386726969
-2970.9910531389123  -4289.660582934464   1         1.2181805468485336
-1846.035219598493   5177.198136776597    1         1.209291827780529
-2609.166783926165   5544.351078041855    1         0.7499465552470324
-4500.648168737442   -5943.587111106338   1         1.244651399088428
10071.919203408183   -2104.060431019338   1         0.17624815211700542
-10729.65441662241   -2185.449404369402   1         0.9975321611859493
2215.6870098307118   2818.7189041607726   1         0.3800304053391793
-11434.153951578828  6.139387076600542    1         16.45964411635433
-6130.941788633458   -1819.6048398562984  1         1.136744928036692
5896.2288262805      285.8633598162005    1         0.275619925551001
9717.243759414345    -4673.313747587801   1         1.1921799322868312
-5026.51547261104    5392.455713526536    1         0.12066794835711142
8009.3347998112795   4950.33061873503     1         1.0217384466741926
-5667.194091603437   1220.161560873615    1         11.25127106825678
6148.031377185286    -2230.558386903957   1         0.6648123334273512
-5248.280568460029   -761.3432992346872   1         0.5328865499580101
7003.13843026267     5672.16856385069     1         21.363071526582075
-2888.599973066708   -6150.61692508163    1         0.8284543072112115
5005.778974716091    4515.8674468945455   1         1.159601247195567
-7335.409777886811   -5229.588388131205   1         8.71693021857174
-689.6793476115638   -7109.74277005897    1         1.2384993757986027
1098.2453451803224   -3143.815587004263   1         0.17100933734553944
-5147.190189341554   1245.4435246786227   1         33.79999241887775
1137.2322662194306   -1138.5807014295942  1         0.10413744752166508
-6264.369861906278   7871.399877808908    1         0.6526162822441851
387.3965492349653    -12880.075889686643  1         22.741950069954346
4531.513452978655    -7335.88821784779    1         0.8715043073689653
-164.9312331360033   -8743.29829507373    1         0.54825378843644
-6937.308995622922   4320.468358544811    1         0.8652691285084968
-389.18357926894987  7763.852843467763    1         0.10108539723696405
5246.542673682045    -8406.104189902993   1         0.7787731590669213
8079.612936220303    7089.104739177226    1         1.1204627926500352
2917.8703571836736   7042.843083586646    1         1.0703436828347919
-5067.275586389812   -8092.8155678304065  1         20.083294310233075
5564.66285651857     -7538.880311566815   1         0.6096806845078758
-8827.128657029527   4523.911771148981    1         11.672461436215285
8025.888238532119    -5153.196106464762   1         0.2903616252393348
5323.6092373581      -8063.250599120218   1         12.218135439411084
-2771.9679398257267  -4973.630638054642   1         0.5761373591893351
7866.638172700782    2580.3798484846725   1         0.47011622454274204
4969.906628039214    -4145.665361159816   1         0.9400442102624236
2100.3669382742405   -231.01484245099743  1         1.1078389904002253
437.7018825563482    11790.652710859104   1         0.30305759970865453
-513.2660819232038   -2722.3634776584563  1         0.12390929544051128
2799.6156189407625   5552.0325785604155   1         0.31140254620845786
-6474.1910185330025  7425.056479424184    1         41.59683905746047
8206.959675695683    -3549.056175258409   1         0.14710597473336554
7401.6194504739      -1448.7993171401358  1         0.45888918740353035
-82.75621873173623   4552.430557516087    1         0.7709758966559741
7886.584328985769    5295.544045372815    1         10.894824461900795
-4846.210966010408   318.3451851356781    1         0.16199531481745383
5321.516328249907    -2885.468745591871   1         0.2124487207117895
573.0463485256756    -3403.434987034353   1         0.4564209452681077
2038.7324688430206   6298.724209251238    1         0.41914130792710835
-3918.336546133049   -7404.9079076515345  1         0.4003671344049876
-581.2892299860941   5184.161999286887    1         2.0252291876801163
-2632.9629653603242  -8091.54656974629    1         0.14256792800052162
5777.954340325989    -8293.720485150778   1         39.61072849085744
10118.679352827989   7803.513280320472    1         1.1393946411452949
7354.305258531845    6485.299618528071    1         0.6952032178598624
-8608.36137640078    2640.3870262923415   1         0.528020301027654
-1133.7369721878592  -8688.435764881977   1         0.13144688265533358
-11146.517622777297  -2546.259173555469   1         37.58860285564064
-1869.202017026936   -5506.48273895681    1         0.5913762599971218
-6284.047680667242   2101.7397450256744   1         1.918524978869531
-7044.494856933382   -3917.7101687482473  1         0.49803577339148164
-1704.4084290663407  -6117.635888693164   1         33.03282495127722
