trucks_count 3
drones_count 3
customers 40
depot 0.0 0.0
Coordinate X         Coordinate Y         Dronable Demand
-9346.545163589783   3311.671201860421    1         0.8272713560833115
13115.435426757285   19219.771441676756   1         27.553159777595425
4149.158915008732    -2244.252041170257   1         1.137046832925839
3359.2389356412386   3117.985854366714    1         0.7933622439285304
8375.414692449678    -6013.5352710732     1         27.986375293177293
1549.3532370438768   -7073.5601903495235  1         0.7338239691772681
-10464.87013256753   2106.4856844120263   1         0.186510074248722
3255.284626670661    6948.228839704025    1         23.555555462706835
5833.999235867811    4369.59812135986     1         42.71050881355765
-2646.929061312558   -2865.4874399020914  1         0.4256960785604059
-10645.678350275788  -304.43596018909636  1         0.665393709366943
5317.8622217250195   951.2501451135655    1         45.023766524487534
674.5061159486668    3058.1888365456134   1         0.6901487006935986
6835.790083755295    -18807.981191427785  1         36.95934931857566
-5690.502705676274   15696.848404073171   1         0.36942608328511095
4751.743239809443    -1153.919707628792   1         0.9895010132577408
5163.366152163325    6523.260485515626    1         0.17697255118950184
-5945.462797041135   6792.756946715073    1         1.0607951273889216
3875.598780047452    -4500.986964834387   1         25.413483644883264
17823.84049856881    -11895.415503484772  1         9.340090259601158
726.551704562132     5732.088784698788    1         26.254753566965086
-7316.952720995468   -1569.720863173938   1         0.19635978527506182
4776.780412497454    -9779.397529504533   1         1.170117422828732
-5827.710204039683   -8965.505801444311   1         0.2855336602084214
9477.299416753911    3470.436722519902    1         16.821130469227086
-3033.6850249011377  -4253.233351270092   1         1.171499869639439
3158.3039074473454   -7070.128806173357   1         0.2964997491199247
-4136.059278943645   2525.3204232921635   1         13.535928830496074
-8026.171944718735   -3274.760346002793   1         0.8091811228023285
9565.873274963546    -5112.441144634013   1         0.3245728440479799
2419.0877132178457   8367.051757267516    1         0.5812452106147974
-9698.057221007086   -1508.7667136296443  1         0.41827538264513175
6694.857372728304    3625.714251050107    1         1.1376645465220763
19408.177712424782   18753.341257514687   1         24.222257725471486
-1571.9823400175746  -6418.5667350861495  1         0.9601167780166123
-2452.7139890252183  8340.790512526066    1         47.03829252632105
10051.654037790044   -2271.7214933900545  1         1.1021310806876865
-6510.941691574934   -7928.195139677418   1         0.5707366322767491
10342.735299012225   2012.9950471473458   1         0.850308609492319
1422.0294183278481   -2910.0377711766787  1         0.9071896578012759
