trucks_count 3
drones_count 4
customers 43
depot 0.0 0.0
Coordinate X         Coordinate Y         Dronable Demand
2085.923467963703    -7412.827946454867   1         10.58471502017957
9826.582428212032    836.120271095348     1         0.742090261991285
-6601.76156313553    3262.9519820878068   1         0.22617735311246354
1194.5770438892523   -6373.758243888713   1         1.1667318356650107
2030.6968212476593   1146.3843793975248   1         0.43427953727424573
-3534.9004303609017  6858.539983338462    1         11.03952894556508
7215.315760308683    1833.3471622585018   1         0.1315157926725479
-9577.780885220032   -906.8830070430387   1         44.91879974535571
2777.9040287776406   289.3109824919915    1         0.6190044570716849
1584.4431632327744   -5195.246487797938   1         0.7659202193285785
6036.155661370788    6350.086183684551    1         0.9108684452717687
-418.5348195328821   8597.851706677995    1         1.0276136952571289
-318.6998512897377   -9926.769444328178   1         0.32258932104313376
2730.215416838585    3214.2510119177964   1         1.1166458592498845
6574.652420236227    3660.727059364737    1         0.7332890691347641
-3684.4170688956774  5968.617488496637    1         0.9933699799480897
5145.772609552834    -8779.21302268377    1         1.197764218974169
560.7785264934708    3260.754610644522    1         0.7311633553744145
5289.325865452356    8877.584546278824    1         0.7886492777201919
-5788.427453471376   512.043235893863     1         0.16275057001994608
4196.224118446944    -3647.445831550841   1         0.957859866631831
-1715.1888550435497  -8072.094149254086   1         0.41040960452230024
-2164.590419485556   514.9904892392681    1         0.8594612444532962
-8728.500146388096   2919.5747076167672   1         0.9779977805192832
-858.3319083040957   -10009.206443278885  1         0.37045032409044665
-6054.985792956721   -2273.111713506212   1         0.7440742628543527
-10310.440364858348  1580.988909537984    1         1.2064385044962351
7455.1580972064385   -3270.82906805785    1         0.14105640179658666
125.25944025146971   7983.816360849064    1         1.1660683625435098
-5427.650157564403   3765.7419464446584   1         0.21524034284258398
-3009.707722903748   7044.397505821109    1         0.892310248864224
126.95228456023547   6006.850332481167    1         0.9239535198262664
4551.854416016732    7010.5893102744685   1         0.31595831899226323
7463.92688120856     7364.076194672592    1         0.4212613063627745
-3292.6207456546576  6506.9046966594715   1         0.7785241472601538
-5718.402401681106   9299.280515290446    1         1.15301443219809
-5194.937221706265   -7243.291571366226   1         0.8483058937309597
4798.161110266474    -8336.143193838529   1         0.6880229476671313
9163.175680551565    -7550.969489422927   1         0.3178722766564117
7992.812516097925    5711.73507006376     1         37.00009870720147
3296.090099284861    107.90397593001688   1         0.6018248730320888
866.6770461968442    3565.160666200137    1         0.5254205446244186
-4596.472477497737   -8058.799795701983   1         0.3445176345623321
