trucks_count 6
drones_count 4
customers 90
depot 0.0 0.0
Coordinate X         Coordinate Y         Dronable Demand
10535.842462035089   1167.9160014528916   1         0.13437216165008867
7219.40663237306     3771.541586023909    1         35.22863569420368
-636.7720021307832   -12325.030464610143  1         32.68789299816946
-8396.07254465604    2209.664866006596    1         1.2396393468511882
8541.506345854325    -5037.451432076606   1         0.466235109152877
-4243.322724555539   -1751.2764113957344  1         0.8131367030152576
-6340.580993939814   -7526.835767907198   1         0.679000905041222
2093.4563255760186   75.18702946723351    1         0.4475350148989048
-7950.445298834783   5492.546578506159    1         0.11631328742863223
2360.668640679385    4720.914763068223    1         1.0253698370232147
-4475.920448680155   -4836.200739731354   1         1.0798568840134066
-7372.933006848551   -1487.2093953202718  1         1.2521365012977006
4826.173703958742    -12034.437094352943  1         1.2174758054927786
5136.958145868726    -7145.1162067165715  1         0.5147867802677644
-3424.441442058485   -1982.185282842426   1         0.5825974985288892
-10557.520771550358  -819.339019900106    1         0.8381947097637183
-7213.399934899746   -8008.991287246705   1         0.5704522161085978
-2827.3236801429994  -3545.136675321008   1         0.6594435088684043
6935.574931650567    -63.521197830014096  1         0.6468786058166198
2670.24376793811     3927.6165594079202   1         30.417197050498366
-5870.7765314003655  6424.30093329926     1         0.6595528858410025
-4800.096597179998   8448.718921476466    1         10.080368825699908
1729.4404023717832   4766.250470526259    1         0.7684785890263527
-6316.154869657225   -8786.877762499862   1         0.6243807100164632
-8725.317948557094   -3659.097317443477   1         0.23161996589350758
-3870.4091056469274  -3162.7166707122487  1         1.241474965068157
-5471.640899617942   1343.5712242864142   1         37.33413830038144
1893.7231248833673   -1885.007859862317   1         0.6780366238810448
-9281.763185892269   -1565.501432219972   1         27.357020449088324
12049.189374431819   -4110.253559029916   1         0.495622621766877
8320.616441233286    -2923.467338011811   1         0.26781566508787363
-9243.776385845886   4798.750548177979    1         0.6838909985699849
6857.5919119344735   459.3437288649194    1         0.730667293500421
-4298.723833590301   6389.398201564574    1         0.6729685462446607
3327.652621332091    -3637.4298017377646  1         9.863749013919536
-10677.427109726666  11915.992502233068   1         35.29597163046747
-1756.3303139040038  2010.8464307296365   1         0.2844239594406397
-250.3677105639927   -4196.06854813183    1         0.5803065970463809
1875.1693795365827   -5787.13832515932    1         0.44011172836532797
9209.34546159449     16247.682181185904   1         1.1583526451168444
6522.165186300634    -3433.22968039622    1         0.20968709789396087
5526.019149538237    6748.793814942061    1         0.24132706956219468
7802.951576232499    -4652.470536909348   1         0.10313784019707357
4935.3147168127425   7243.678110752216    1         24.786614953621523
2037.446676914663    -7165.732297778295   1         0.5332987530567439
-8932.908345083895   4726.233232455767    1         0.29386827329188603
1099.7706360825111   -5249.256037240479   1         1.1694325790425362
9845.910692769958    1703.5180525197447   1         0.3301137667714832
-8522.009357976613   -2985.9187926078407  1         1.2471611216870506
-210.48609344256084  -5297.877540785246   1         19.280732800630204
6620.120108832933    12341.99363270805    1         0.9221393112227615
-3718.9528524576967  9453.638785265859    1         0.46948591492726743
5842.942767629134    3033.194179292256    1         0.5346189428257974
-259.1982003950534   -5053.234863963811   1         0.3418364351807835
3960.2184591973755   5644.543351050268    1         26.267517559395735
-3348.00579363988    1520.988012722776    1         13.538597482033264
9537.083880287111    2706.036893225493    1         33.80750422530026
6558.27449825274     -914.4898077184498   1         0.8018573508147485
-6480.691955388511   -3505.2884462054453  1         0.6128588746723355
3467.321173851467    6064.945019812421    1         0.5781175380205361
16372.00536411404    -14677.99008441454   1         0.6778694221874927
-5720.254150218394   -3299.136191950633   1         0.3227820333081804
-6020.585654329046   360.6300261416511    1         1.2350762719700872
-4729.871932824386   -3206.8749796877128  1         1.199291404815685
5576.851311790753    12607.50083234485    1         0.8307491480994393
11.87687615981039    -9881.284359929286   1         1.0995494621174964
-7507.26505601273    1961.8649356922629   1         0.582265282577056
10131.803958916578   9068.401240836625    1         1.0308059833682832
7057.003725011566    7664.451756490326    1         1.0486127056974002
-4727.1705351376495  -6841.000660707144   1         27.08047475689051
-4305.021802956335   -7148.965955835734   1         43.308443767993936
-9367.051448785714   2986.841076864804    1         0.3723149837981856
-4098.119248231776   -639.682401610569    1         28.394273818947738
-7234.181762019722   11123.536955581727   1         45.53604987228655
-3055.895376340801   4769.092234508335    1         8.921462865447399
-3505.7144842342664  3003.7579792226784   1         0.9772426167996384
1393.8909749958618   -8650.932055342762   1         0.1731828170896873
-2140.3097336424808  7224.716110099368    1         0.7416159761192023
-251.47903802096198  -898.6757222679377   1         0.8585673937141041
-3449.9282206353773  -6547.539616906272   1         0.3994450861989929
-530.9398597091694   -7838.488607682432   1         1.1733789200650855
-2008.5317507625593  -10517.255529111055  1         0.744666607239883
5428.808407339401    -8605.382910569482   1         1.0071326243654486
-4503.571111755745   -2565.397953710049   1         0.7452394189928164
6365.426169522553    4086.074381606134    1         0.6021512085692321
6634.1828192689545   4852.440827744849    1         0.26420669945607134
2414.4945836747734   5272.261703664429    1         1.112171973599837
4433.592249551049    -495.75546446100896  1         0.36449131839341375
-9511.944068112798   1287.973663555258    1         0.37935467591533467
9365.985791586012    2229.5728868209526   1         37.07711537090014
