trucks_count 4
drones_count 5
customers 99
depot 0.0 0.0
Coordinate X         Coordinate Y         Dronable Demand
6324.077607763399    -297.5691665367418   1         0.7634987959654468
-9457.259171153373   -3481.627457034207   1         1.1703223544948786
5678.325080160161    4127.590357159814    1         0.7224740675984548
-8537.814233076795   -3077.596699733213   1         0.49354570179695345
5313.3871750318895   -9323.54575159956    1         0.8380632382522565
9241.188374024401    -3548.962421447766   1         0.7940055640826813
-2186.554927866048   6332.311934030289    1         0.5182308189235348
-10854.542892340814  -4299.981579232501   1         37.59534206706599
346.3833199691833    -10780.219714022873  1         1.1131037864858866
6934.731055302741    -2650.394304333789   1         0.9195455689531927
-2950.338445164482   -8806.433822702438   1         15.864343793122062
3845.548495582334    -4828.142488961654   1         0.168246593827789
9011.82828494945     11350.25028720532    1         0.20743952333269533
9167.495549565923    -10714.370469935839  1         0.14338463860602127
-2128.2952899390016  1191.7754313673881   1         0.29352430086395714
261.6290119495607    -1806.8559142132306  1         1.0513639043167828
11614.404564528846   4604.007492519595    1         47.94295287773779
6012.179986160326    6740.623131118951    1         40.58727053950444
5520.706307520878    4557.722986222731    1         0.1777772147743618
-5747.269465239085   649.3298125842596    1         0.2944045169210222
-5741.8293397793395  3853.1408869495003   1         0.8662448087752909
3714.729224975923    13531.489524131659   1         1.1628954302448098
-1144.6337209246458  4181.179994408777    1         0.601943040932591
506.23810066633575   -10769.848016453527  1         0.7945599513966971
-1593.4924141142092  -11772.087386326399  1         1.2417721704742581
-5198.748989412684   5232.892540239127    1         0.3735482188415271
2639.4313227504686   -8622.749501905675   1         1.1662343400092687
-2570.25955792927    3390.1058862582213   1         0.2809371227762305
10368.339626924248   -12131.964751077887  1         41.95024759883365
4511.003377984564    -7842.070644544261   1         0.6801320186943222
-1065.3656254960001  -7420.276977621372   1         0.20142205811402297
6799.685520418422    -5822.503882709298   1         1.0343351938401943
4597.491721090004    -2802.4145446037687  1         0.9367781975296058
-9452.944829413942   -1313.861496194812   1         44.101631126915585
3155.7416663529684   5556.095968960945    1         39.110253483664174
10280.623755606968   -10252.378953939575  1         1.1784437593296146
-6197.535231946688   5836.579815931228    1         0.8944185106172565
8061.619660802652    3304.0964346447468   1         0.7200242165732037
3430.289708730102    4515.518035256445    1         0.29292912423063644
4364.505084760771    7296.805029530539    1         0.500918782964817
5011.817720170392    -8239.361706908343   1         0.2370672297247012
7497.415400176434    312.3117825692512    1         0.3586371183661492
-5386.46418809499    308.2651186173447    1         0.9263418790359618
990.2418610100852    -1657.1892412695386  1         1.0310040922017762
-7506.369860149764   -5052.6580666499995  1         0.39930861614342894
3187.5340676006194   -6913.906946292499   1         0.34327641406519815
1439.7404254392986   1199.7221082235828   1         1.147240794048017
-3427.743789790734   10050.268938470143   1         48.29628257979707
-1145.2669255600345  -9136.197992131278   1         1.0256374252366531
-10065.0388710176    -6664.413911604436   1         0.7026412274694164
-4390.716755088809   -9601.472586805256   1         1.0871976262843734
4728.453227712017    -2858.9948120605104  1         20.94189886761438
9768.090364171068    -4237.2659881528625  1         41.651531234829015
-14048.590555253353  10853.822745298545   1         0.2554410465036442
-1811.7620440064368  2324.5459821615555   1         1.0202826142479295
2031.8774228532693   -3787.332671973168   1         0.942433061572251
3515.91229308744     4199.568375267205    1         32.78153422477774
-1949.9842726497682  3418.5708737287587   1         0.6009402403532664
1542.2269055293254   8233.66578446429     1         0.7333072107371928
-4912.796048608179   -705.171756953112    1         1.0755152953506848
-7210.356092044312   4703.982295424597    1         0.6717398782156714
-3661.341245659444   9936.940127755854    1         0.9097035573193017
-7141.657176769867   2874.756202708606    1         0.5631655173729735
6122.035741665572    8319.77734865432     1         22.334635697242675
560.6767493024994    -9897.995454237578   1         0.15301364081245075
10363.12409489544    -3165.105199503617   1         37.59194971124922
-7800.960314461566   -2544.7024471236714  1         0.3005969172278716
5569.317759335907    -9171.55719759046    1         0.9326650351762137
-6800.943464783663   -2452.205851342499   1         0.9743766487240877
-1444.6075870300488  -2590.782153625893   1         0.4979464224656902
-2665.0319147079936  -1880.645185169733   1         0.5348550494055059
-240.48582515434066  8910.869532217923    1         0.1575806376728987
7521.225913460282    6541.591595542973    1         1.0019874746244006
-6717.021950003884   3380.8155010849587   1         0.11569767107879389
12564.910676762705   1888.4157399762316   1         0.5960341858560282
7883.973597692326    1319.1404700352384   1         1.197892352329705
-8660.777354416117   2472.1745947519544   1         40.626015434056704
5391.638084748899    -1930.1778103723698  1         19.28516526337917
6787.841932572096    -5730.084328756226   1         1.0137512728155307
6819.284583833275    2845.9971184548262   1         1.0565088312933342
2374.860533740514    6970.65800776297     1         25.949716406830312
1094.730945114074    -6803.714919743821   1         0.4130410280432587
-9324.02900891431    1892.030540201228    1         13.289268283867012
-543.456216259073    5267.516076017637    1         0.21343049363714642
-2854.448700417359   -9498.69025485416    1         0.7843669947446509
-81.10783149655003   -3668.0499555384026  1         0.9037484409273802
2020.0918206744664   5255.570074371044    1         1.2389431572664513
5700.587063394266    -9349.830283496643   1         0.12885943948374876
553.0405099665281    -10509.12710015316   1         0.4787323669508259
509.48497552006387   1571.0245111150803   1         0.5235245276393419
2520.569071749536    9285.87623822479     1         0.4024846284625704
3172.786768535277    7958.219144052981    1         12.218338485817313
-9003.131872514978   -2029.7662795002113  1         0.592546270250974
-757.8221839446318   1961.8395682364355   1         0.3839779684499849
2611.7430512218916   4858.868478612302    1         11.89084143096431
-4283.216743275367   -10193.377139148863  1         0.3781383551429275
-12098.478803932743  6532.982541101588    1         43.55453969453329
4729.545874615939    9324.4916597661      1         14.88020423091065
2268.9419724062773   -8600.829536157486   1         0.8258930183433747
