trucks_count 3
drones_count 3
customers 23
depot 0.0 0.0
Coordinate X         Coordinate Y         Dronable Demand
-5853.145803852161   -3112.493295070322   1         1.1871622475929744
17.66283946780391    -7787.8988432983815  1         0.7238966864017441
4220.749897801294    7565.723559828957    1         1.0074271409445081
6835.084168467984    4305.502713426683    1         1.1295023992846847
-793.0251990335219   941.7394121044981    1         0.6379309207839282
-2158.9845204421013  -8503.741858673207   1         0.17590124814319136
796.6670385288744    7798.362412687957    1         0.4983601118299853
4871.427519656967    6885.074199212879    1         20.233026668400516
-5187.778622942073   992.8210302299649    1         17.532459720781922
6546.068408774947    -2080.7541757586614  1         9.986176551729352
7202.286525679795    -1757.0239112176757  1         0.5916678278260509
-5960.793669082173   3753.8048751618876   1         37.466015141599456
6810.356466593568    -6815.369364869121   1         0.42497197368629425
6515.879507481962    1870.6997074008618   1         0.20378876794177744
8571.97353341311     -385.2851353776714   1         0.5734608512775363
1446.6248874591565   -1317.4452129568754  1         0.7035523938177843
-1077.582565517961   -4298.690488499481   1         1.0326980304407143
-3673.380271258162   1342.711764627371    1         0.2998325515893349
-4341.052030788222   -1843.2706307849353  1         9.036663240898225
-1038.2062016039258  -3804.7156138744967  1         0.807573310573504
-2636.7071220515663  5013.2513312573765   1         0.723563081055033
1135.1668269327347   1868.4761757950528   1         0.10922560519094257
7003.865899268272    -3323.6654543690747  1         46.49376014530624
