trucks_count 5
drones_count 4
customers 97
depot 0.0 0.0
Coordinate X         Coordinate Y         Dronable Demand
1826.4901020231223   -966.6943178904111   1         0.6913477552016694
-6693.312958903647   14333.273682719398   1         0.514012570173287
2533.288569666725    9490.814909616645    1         21.272605473268552
-2089.9019561082205  -4465.166883304602   1         1.1750289681528128
2337.391387088356    10142.059857115797   1         0.7872659432758371
9548.754483095712    3664.101722213145    1         0.6720269565643792
-17037.748904253633  -6371.328332609941   1         0.1773450408697021
-4047.5581741553724  2942.0556230429975   1         31.493432863701074
-3159.401504714784   9721.248972539523    1         45.23673968512471
1428.481401559271    -7645.615482634801   1         0.40226139839029595
-8126.098003865073   -3913.096054977707   1         5.106385749941276
-11472.93829951806   -6239.694791637623   1         0.6721264122101412
1822.4040621308452   5366.450923074245    1         20.362948371881252
-9476.510547253856   -1849.1793644046497  1         38.142841000355425
-10150.010219467498  -3682.4696570994315  1         0.542435150199575
6259.4426219867255   7242.9881776203665   1         0.18513632111457398
5376.390270568184    1756.336423784425    1         32.33170111774045
-8873.251309285251   -2183.92320954777    1         1.0312294402706708
6.090371045927044    -3914.4622852628117  1         29.261101196474666
7656.650633391001    -3565.8400876932847  1         1.165044238264377
-8809.388874547854   1970.516466450859    1         0.7629723411750126
3559.273428988038    5094.197399536914    1         0.24497965445891987
15171.023251104296   -557.8458711986968   1         0.18609572917522516
-694.6414252382091   8121.3694931539385   1         0.19012795487173784
6199.94571283531     5411.370402313823    1         0.6592560084984068
-2891.334405229746   -7717.853816778468   1         1.1536178261873473
5160.952541095868    -2483.336419606803   1         1.1600305242158768
-15006.103119040888  -4785.334749441294   1         7.023570088474469
3117.3229432628796   -6178.970433171754   1         1.0339003194352496
4246.602084417796    -9825.256727982325   1         1.183858210089
-7276.657448916026   -7198.95673075505    1         18.56064050112859
6535.655408863933    -6317.932941732276   1         0.2763962568772994
-12766.228472034083  11096.66288497323    1         33.820225437021676
16783.93813382519    -10273.587915919132  1         17.4776028883442
3276.041347630686    6214.321972115409    1         1.0240159400936906
-410.2532264164766   -7892.992236371562   1         0.40616953688267676
8951.014894253147    945.9583204248429    1         0.5211803698355575
-371.75595369799913  3294.383452954803    1         33.69742934650353
20.705406957535214   -5163.728721754977   1         35.27587616839635
-1979.5780839390977  -906.4364205603263   1         0.26616203109418296
14051.479814078597   -10015.84342625871   1         1.229696163408212
-2103.921965711628   8583.231892509171    1         0.6385525301227964
956.9843260771914    -1554.1767439896257  1         1.1157779097708356
-9806.304244840663   -9894.57542645742    1         0.7738672498946553
2372.8413069089747   5748.760255187457    1         0.3122716538869283
-4476.148860810051   5063.53930370838     1         0.1868811461650844
-1794.2533509349478  1589.634505013864    1         0.17499555628700103
11268.089629288908   -10619.568332633466  1         1.0640861597302793
-3725.367563268288   9766.033958999295    1         21.39369264681114
6814.240215705305    -5124.487825923641   1         0.33848755399610747
-3509.924815935295   2466.9513716308056   1         0.8654156038239669
2540.3723985608863   3805.2256504079305   1         1.239345331735907
-3429.822899610484   -4603.323860266775   1         0.23400090656788625
5560.279085667489    3407.461028381067    1         0.5264707295541428
7765.252776692541    -6650.788344448317   1         2.618472183152774
4531.0507185619035   979.2871172616369    1         1.0930984820256733
-6283.837657620025   -8869.547886671418   1         40.082324596161236
-3438.195033007009   3284.325633220268    1         0.3279704212603637
-15038.92217894353   13134.807929603161   1         0.7675999343719117
4613.958573912102    -3007.514570856596   1         0.2040558653989319
8770.045261217678    6490.217107069983    1         0.9004997927323395
3628.239346213476    3606.2806737378064   1         0.33191605769840316
283.05301909240865   1061.523381702717    1         46.694837728992944
7701.247332792843    -4421.118894649      1         0.2780068747614166
-11108.257898854637  13734.295060068293   1         0.2920454457396097
-2917.904773884832   -7453.992846785933   1         0.744567760198368
6696.445380283367    -5311.05464061842    1         1.0382643918050418
-9801.92081185442    4656.464958157618    1         0.44452463548484855
-7803.289689271031   1961.2663864386768   1         0.42862575744555187
-4544.405860817932   -9647.513369445734   1         0.14013279344313642
-1312.467852421439   3917.808871986156    1         36.23629647432984
1313.0919712542882   437.5876306413171    1         0.7493543818955984
-8859.045656895134   -2691.595804050343   1         23.482675099205316
-5867.219310682074   3923.816576365333    1         42.71844711525182
8949.939783416556    -1254.9881852980038  1         32.07735907553682
-7607.668100026699   669.4428190998283    1         16.99082934335876
-1500.1065164667036  -2992.649769708911   1         0.38831915454503674
4927.827394909789    8773.647086636382    1         0.7692712542906716
-6494.658102039587   7195.005495961402    1         1.1944420865130856
-2370.375419239799   10521.354486183212   1         0.3465974988521314
4854.744572696044    3611.0708725957466   1         0.7902642362170331
10376.45843935652    -9494.697568641972   1         29.804653386152474
14893.121220417579   7168.633635198363    1         0.22833799748288933
-7779.280074503584   -1797.8853326187148  1         0.22002511579902412
775.349314480516     5377.392560575824    1         1.0073505781088574
9249.388629310242    -5397.8237137676615  1         0.8805087781306709
-1796.7672518182837  -1723.7204035636898  1         1.0324427852250468
4128.781407486293    7958.994110121084    1         0.10717960338796094
6917.33865703783     -5165.978636784446   1         26.320214454482095
1481.3580500146522   3553.2867445968745   1         35.20644982278523
-1156.5685335244416  -5930.898835709666   1         13.271745893621386
9875.752460228741    -17053.94921510641   1         8.446516561917582
-7283.409758611188   2485.2595695642203   1         1.1703182343340572
-8337.300572897753   -1128.148217299236   1         0.5597031343919102
440.57245818927834   -5683.230682885705   1         0.1280975031715589
4947.258655423705    -6262.119127692564   1         47.44990851333593
2757.5399220951285   5428.750788042728    1         0.8883464570778068
