trucks_count 4
drones_count 3
customers 68
depot 0.0 0.0
Coordinate X         Coordinate Y         Dronable Demand
38.62034677820852    4025.8820588910394   1         1.0698764659082478
1552.0287049063227   -10477.400237856966  1         0.21653388642802743
2968.1786885891033   -10098.330960951482  1         0.9499225296211166
-3846.763776046193   2680.932810268775    1         0.5409459386712009
-10044.779934880089  704.4048723770005    1         0.9144178100874197
-2712.8280139977032  -9499.826925764652   1         0.285212215843245
-7112.253910826308   -6009.933246837901   1         8.715938226812131
7574.382424406239    -1197.4024598875064  1         0.41181840244713774
-3377.4561577186805  4623.8292709446      1         7.031883308617467
5426.05226060901     3835.3073183893002   1         0.18599541358189148
-7906.419473617985   1521.2656494951939   1         28.62998875704355
-1657.8027560095263  4529.212317259609    1         0.7918551022219669
10499.74028499141    -11880.85637504793   1         0.8615717339423974
-316.18570157008173  -2536.7051634957506  1         0.5499360857689979
5742.007129057581    -6999.2571168537315  1         0.8207296455400139
-7166.242333220433   -7500.124732896049   1         0.31325199690764094
-1868.7435964651124  7897.422626243066    1         0.17758958965584343
7742.847361332941    -966.2622192198412   1         0.9223923588462601
-4165.947835379762   -83.83808153971245   1         0.8495629851220039
-6993.14164182401    3949.358077078986    1         0.45597707602892534
-8920.23179143643    -3016.121205591173   1         0.3235254567637068
-5414.511899215617   4782.58767059894     1         0.14844774080603773
6190.673892873534    464.387882342671     1         34.103411309586626
4661.492350084891    -3769.9472439622978  1         0.19236568253767689
-2604.699686362588   -6270.375137051839   1         1.0972569737280828
-8541.587737757574   -3811.4431056867707  1         37.457444825476465
5148.16060885494     5092.179475338117    1         0.9421948315212266
1841.5783743395532   10540.377448676109   1         1.1953326080528224
8011.599600501795    -5368.430377395205   1         0.20085554878648945
-1656.2666062859978  -5325.062874319592   1         7.123005746490863
11929.767885418783   -6823.334377479294   1         0.9618992004562088
-6119.293660869002   -7464.575696647832   1         0.5506178239024483
12272.407354595442   -10366.163776949305  1         0.3513802673919041
-4868.868857142268   2469.7531382670495   1         1.229900724892454
7260.836187829991    -8824.405909107947   1         29.86112897968003
2678.0207009167552   4036.443273116285    1         0.23596474345585008
1074.5819288256407   -3451.571788932346   1         0.9218440129044357
8960.540954205575    -1206.7571998020323  1         0.16822779153244552
-586.6766148618124   9349.026792324452    1         0.5659222442275041
-9987.26982558234    -3851.7157858262     1         0.5021693695697933
-1303.4522014867553  -3674.7276125947424  1         1.130075240159367
8136.75038351506     -4241.87234432154    1         0.5232702091250374
7441.358873850723    6141.2354672928395   1         45.908127410043065
-590.089667728076    2201.6449619467676   1         5.02549957261136
-9995.507495622966   918.6462680889877    1         5.337698869275202
8350.315046508718    6446.756047972448    1         4.824054496593311
1112.846034953231    5196.989528627921    1         14.965892516605876
6169.697408725875    -3584.714456667876   1         0.7791399867691452
2378.8319199821035   -2978.0698701012075  1         17.20075095944993
1518.1241474589638   572.4590386179119    1         0.32310924366012983
-1048.1684589940992  9080.222390687262    1         0.712664409155884
7387.854034309819    604.7732870379607    1         29.867012923891902
8932.770017601144    2954.4775307387404   1         0.9101172998710099
-3459.928687410851   5951.058846763335    1         0.8462591973240849
-4603.690161044873   2395.7705609917175   1         0.992601847864499
-5775.118039471435   -5909.377864484973   1         0.19564562555934195
1908.4484412652755   -5833.035689067279   1         1.0068709214870704
7547.700498622336    -237.39960018759643  1         0.4026331419609481
-3709.931103211427   -9434.435357793982   1         0.3131786241358137
-9773.197320041234   4125.702223693679    1         0.29136090168721396
457.2189355119002    -3284.1226039523954  1         16.252329747990785
-7346.929579901363   915.1653716333966    1         0.7184276077177995
3085.682294760303    3134.0094159997843   1         1.2260265191789097
-4107.658172543378   7731.760640927801    1         0.6031828452582356
2703.4954140325726   -6273.566963965728   1         0.41190596726841866
-3381.99283994126    6333.980813146841    1         1.1931177353889777
6366.9556247624      -7094.993732657831   1         0.7087733761662426
-4183.473619938032   1762.7526964317176   1         0.7745868058708536
