trucks_count 4
drones_count 4
customers 47
depot 0.0 0.0
Coordinate X         Coordinate Y         Dronable Demand
5937.265363188072    -765.5928001733021   1         1.127222371283023
-647.8825095965749   3179.3191951803037   1         0.6226502777149867
6836.374894789582    455.82115475099647   1         9.618850542160446
-9055.985359788741   9664.002322461665    1         1.0408885137277186
1356.2525304214248   -3714.572701573233   1         0.9272092063619445
-2298.42260209469    7095.020721292391    1         16.620399094368445
-6231.324407553356   2389.592942523978    1         0.8777503450095789
9577.729151657433    -2331.9411449693607  1         0.38972122240915064
4412.671435393376    8738.654300624532    1         3.133546234217472
-1780.8379810197343  -6861.974044307687   1         0.4865607573499888
-8922.559169904906   1848.5735362292849   1         1.1137696706083289
-49.29414301059086   -10810.45854989567   1         0.9139807683767895
-8871.627631084562   3469.4546069141306   1         0.6957607195623725
4600.306170654404    -4636.444469030069   1         10.489060187482577
2465.166742681752    4015.8215450104726   1         0.3469802177699104
-5518.7572375334     -3645.1029372373214  1         0.4774064463146295
-358.4468278845605   -2894.82909272329    1         0.25564777969283115
-9614.530046120746   5074.304975510771    1         17.629660280607183
-7660.531838583549   -5247.242375704341   1         0.3502671262121895
5619.644233614825    8355.937618749145    1         0.519682377530202
1616.9290465049269   8363.649328843996    1         46.88580077798074
-333.8982815985077   -5540.980408087714   1         1.0375612520432727
2717.3512825404127   -5199.92071706629    1         1.1486992877165514
2612.5496093474244   6430.288641463661    1         32.62296755337765
-3007.419951338501   3799.557094405447    1         31.164900760354858
-4960.5370495593315  2342.329309137522    1         0.9207165597227559
-3324.9492547718855  5142.00094877128     1         0.9523700504871127
-6314.463469987706   5748.211165943123    1         0.5916403621520585
2921.7906726690244   7814.397488623312    1         0.6243872514230566
-5131.000009366246   -565.4030368314533   1         2.0700677205920144
8827.32741992861     -853.6774295573279   1         27.063142570008427
-1391.4501819731267  -5792.460554480091   1         43.52672314184591
5997.785268076257    -8180.652586982521   1         0.7936467002248667
872.9096410705031    -8773.35094354944    1         0.19097142950104878
468.4532596374003    10506.42471043039    1         6.063373741780913
-13440.53454541421   -3817.349688538394   1         13.939823666399443
-8736.990844473012   8228.433931576112    1         35.4747758618795
-7652.077574930148   1007.6339616195706   1         48.89208006954034
-644.9486820199152   2653.8119100582567   1         0.6633390739883539
-7714.272010524424   -7049.998765647475   1         0.9095558935980058
4272.512590157458    3763.676560559728    1         0.5989957026322573
-5126.903042125968   -336.42511821556184  1         0.3017810816563547
-9445.159369955361   -588.2138405182484   1         3.797321199468105
7264.83143563489     4550.595457989679    1         0.22396269028891702
-4533.267969817079   -8848.492094124626   1         0.2570350178790714
-7667.54228120912    5121.217699535551    1         32.22524643444757
-3555.1540010241297  7512.422434837441    1         41.94412897818064
