trucks_count 4
drones_count 5
customers 86
depot 0.0 0.0
Coordinate X         Coordinate Y         Dronable Demand
5317.773836642697    -2154.580849495549   1         0.1784582820929433
2915.717405429654    -9825.566941756744   1         0.5846799184974287
4556.302571488422    8929.636321379472    1         19.56949250279486
4801.048212671327    1377.882396630551    1         28.343336605942582
-1967.1430111689658  -8335.675212925804   1         0.5650675767973284
-2233.38546542359    -4473.629560833523   1         1.2098445007547647
3725.6623304984964   9351.48963972146     1         14.977774203258065
4182.405922742551    -2412.2660962640543  1         0.1250987831120277
-74.12368278543657   -10071.194122968567  1         0.8163600655270165
2806.421859682891    -800.3873389752622   1         0.2982667623549997
8275.17061010099     -6470.233715527077   1         0.377773244064744
7167.838603815445    782.0227109427442    1         13.052206080713892
7587.313290156498    -7812.879068759549   1         1.1757690201987339
5590.864210463344    -7505.754449508448   1         0.9332416362488858
7402.292275421374    1029.676945188787    1         0.7296318495705039
5924.627090235009    -5638.337406329873   1         0.8632310005460733
9022.338874334397    -7138.695073065356   1         1.207573670442515
-2566.6174480200316  -791.2779624692008   1         0.45559515433162057
-8188.176082708027   5158.725949269452    1         1.137053668740368
-10943.40763960711   -73.27336729170477   1         0.656655733149643
-2440.5557120998956  -1179.4643922347866  1         27.514622708585012
-10001.149150403446  4361.79901024112     1         1.1586356758737046
375.94483338145346   2582.1954631841645   1         1.2432289386573667
7906.285597942871    -10614.880749303638  1         26.08043035388631
-7330.649324930884   492.3772751098947    1         1.0890033105033738
3810.9889226198666   -7220.580877447517   1         27.03007319081342
5528.766640232734    -258.3570719332565   1         0.47453658234384877
1080.2622813381204   -7674.530469494794   1         0.21762273198328763
-5811.038751380668   5584.349597963292    1         48.96437065342592
-5014.428044479214   6271.35891729869     1         0.9652281573303604
10612.89933890479    7896.52530007622     1         5.853388718605991
8283.701920496687    4040.4249742523816   1         0.645923081250553
2196.1941716674864   9310.340340115832    1         0.5630651626359348
1850.3499808548015   -608.9727083708154   1         0.6018002607494521
161.38208549840817   3660.135249841671    1         0.546999745201755
5533.142227595224    2935.6630362700516   1         0.6490158505718501
-7091.309364155872   -8087.699503784268   1         0.2887491339698054
-3226.259193304306   5553.114387827997    1         0.8742606745256088
254.26965774637938   -386.8319957309832   1         0.7929021028361414
-5436.69693051318    5702.839898481254    1         47.78984388934109
-6845.238703703112   5272.138637707421    1         0.4437147652179362
-3696.5364294311357  -1719.3582210394954  1         0.8360987736748157
-3408.5423971709542  -6971.668048307823   1         4.843138223012293
4128.802139644471    7059.695970073918    1         1.1360989409080091
8722.673822810144    -3558.1350775173732  1         0.10532008749991718
-2494.428524039007   -6109.453672388906   1         1.0353312099964596
4282.2181757063145   -6020.477625224587   1         0.13372797503220454
5765.914353122298    -6286.646993606044   1         0.7535517581290903
4150.5499912540345   1420.857105514986    1         0.7491363768229005
-6642.25394672973    3356.818825139193    1         0.7945150783143687
-2197.799209970859   734.0449205049845    1         0.2766882955312726
69.54189021657112    4980.826536226434    1         38.22677354091056
3921.8694334699558   9827.428126244728    1         0.707987861110083
-9596.102576218625   -2842.812066632112   1         1.159341748082451
3785.3169230709436   4796.719530245785    1         0.6315567332064953
-4178.260374320984   -2321.548565465848   1         1.0791349561494838
2838.707631457851    -7166.496087141024   1         0.3283235590638055
-1594.7980876389759  -3033.360176268445   1         0.30727224299210953
-465.4142411668181   -2549.6875379357207  1         1.2462445520888075
7085.0250859818      -377.85121739537175  1         0.10370517717312747
-3572.2168645332904  -10704.011092287183  1         4.167359306113729
9076.61300985827     -1564.5920596456128  1         1.031227535622945
7690.21690815494     -4599.916518339101   1         0.32266571385508275
-4467.858282183961   -9027.26402939975    1         1.1222441287133709
-10722.271859192713  -2065.3825464702536  1         32.918942850049184
7910.845730636618    8755.13704025459     1         32.27765162030343
4831.640694552329    6031.000349231769    1         0.10856094939859698
494.59281336626964   5093.747088170384    1         0.78691045207595
8293.892472208969    -5801.1396384384725  1         4.0280000290522295
3198.3653634181956   4827.844307784771    1         21.09120933926314
-8277.999186229006   -1195.161596516251   1         0.4591500784114029
-4578.45401901398    -7491.584364804787   1         0.8820545447463045
-2332.549713831297   -9336.146367818421   1         0.9452231416178319
-3408.6185875546407  -2573.177782634006   1         1.1873845375511685
8676.629326502554    2721.772060305028    1         1.1836300214862767
2296.812359217247    10447.86874604138    1         25.31135852892414
-378.79137709951544  -4069.72443485801    1         1.1542897669942203
4359.405706964859    3921.5455061862795   1         0.649432990594176
3851.693945464725    -4230.572022644347   1         0.8058944436937546
-8789.814525895325   -1956.8701270493855  1         0.3889892777889168
-6837.66569354668    -9724.890259249742   1         0.7457172079266539
-2938.9061329335655  5710.359422045819    1         2.2861728194068456
10853.511119875966   -223.59457765114712  1         0.73596724918237
-3596.7110742260124  3740.239933603003    1         1.1170544322466756
-15.998550406768212  -8799.679730217755   1         1.2219252069371291
5808.8097616291525   5104.691340528369    1         0.5826964536671387
