trucks_count 3
drones_count 5
customers 80
depot 0.0 0.0
Coordinate X         Coordinate Y         Dronable Demand
2874.3225588057867   6636.599907172193    1         0.549795836774819
3373.2195421317206   -7309.361708340882   1         0.7276580658193127
-3072.779404917796   -1318.239637568659   1         0.48504969999771197
-5642.480914310832   6430.775409200804    1         1.2095472975313932
4701.560272638625    -4419.7913298211215  1         0.4860482118680146
11088.002696525715   -6554.892304993056   1         44.242015688655066
-6607.698987096646   7925.613523146746    1         28.082382785959968
6414.776798762068    3445.572214715745    1         0.5076643852826088
-9608.05380945245    -3283.642353127192   1         1.0861741737549586
-1630.8621671406547  4107.167170367866    1         21.3182970775147
8764.198153923558    -4187.969295607741   1         39.35756280042818
-14712.150989758002  -11365.058231479103  1         13.092188078767188
-3225.599343881355   10059.574749271675   1         0.3316140158852865
7562.011608844346    -1415.462024241428   1         0.6995016024443051
-3833.280560364522   7772.624201565196    1         0.44146642382508294
-9595.427328192627   -2045.052700117577   1         0.6859813089518693
3044.344901434086    7280.327528953772    1         0.17052850521448948
2278.043062270958    8020.066228150845    1         0.27609582006695144
1222.5063428161657   -1801.3234034882285  1         0.7638239380106063
-3370.582393299701   -403.98329285920045  1         0.28323833056167386
2293.522681812252    -5992.784652287562   1         0.9719393021283804
-8940.97574975609    751.4826939876531    1         1.1498063548480624
8171.024602650046    -5504.078410809841   1         0.8999625079366779
11221.529878899468   2815.566810684364    1         6.576440439087119
13667.296909865772   4585.2200288562835   1         18.167391013942787
3475.0955177567093   -8244.272506766829   1         0.39310255106218206
-9266.467750620643   -1016.0507908044427  1         5.3672926340978755
-8737.724808975618   15536.157193113473   1         0.7231583746586986
8574.814576145596    1377.2042940289562   1         0.13232170626427062
507.47145477314945   9795.77857472055     1         1.0217843001341418
10003.320324300708   99.35748742590866    1         1.098940517165546
-1091.4356017834677  -7690.775864666702   1         0.5517190961564821
-859.3929514784384   6334.160329021924    1         1.2009138922208653
-5339.481410403261   4859.293430971689    1         0.7019330055365989
-5031.117663277769   -5581.50052843087    1         25.05422364052746
-7645.388421126878   11796.22314720963    1         24.23628920750463
-4442.746256790313   -1899.6040112577823  1         0.9451317260461721
-816.3775449858189   -11.55233777202397   1         0.9043747397657027
4091.9259260786407   -3291.6135442746954  1         16.193436558018462
2868.3288259528094   -8231.782372833271   1         0.5774907423467841
-8692.112056386279   4927.453185447342    1         1.1534467539200195
611.1359327357029    10709.049063439457   1         23.604525858620924
-5887.899769664442   -2728.523778951923   1         1.2202375008434714
3528.621389505134    -2634.270707358055   1         17.376173016580616
5229.214818812543    -6626.686464323648   1         30.46868518633976
-7333.91584348967    -1909.4366777570126  1         0.3044958552737004
-5792.037268927706   1243.8295715107179   1         1.0375873071983428
-10704.666590328308  12526.71184013413    1         0.37962582533182154
-2958.128966959734   -7702.849358800628   1         0.18732456731451574
-612.6866149413811   6444.181810201093    1         1.1196288719021186
-3733.562483870219   -7132.318384671275   1         0.3228765097418965
-6891.571084671371   -4701.162009614437   1         0.44799161938921184
7100.393274925218    -3887.04361004177    1         0.7616887800692733
-2839.7906918074477  -6638.694812366549   1         0.6498735477431791
2839.689525827684    -891.3260290161751   1         0.33835304534771504
-367.4369860392536   -7967.60679362019    1         1.1753036103638803
-1553.4874772472547  -3526.6706642406266  1         0.7906631044416376
5257.051694950979    8321.999897408612    1         0.1380907732404072
1747.6641414238463   1567.054770331997    1         0.48725742340665057
-1522.5865796912547  449.563873285246     1         0.6490651065985195
2596.827071251946    855.0073983087877    1         0.6600717422113754
15004.641404709184   -5089.986988592116   1         0.8912477994592413
7108.606551047667    -3657.8399024744645  1         6.845982731426958
15.17494163066629    -6003.1560078851135  1         0.1738622918205145
11516.18067716652    13926.830084523759   1         14.574478104482512
-5712.336556263401   6455.538120882087    1         26.609399267235297
-3791.046124701619   4548.255120202501    1         1.023397160263623
-4019.954787682687   -8972.195556090956   1         0.2777374639258923
2737.1420059591196   5167.2778348815245   1         1.0738033222863181
10133.129695636415   7129.824081925797    1         0.6006306428451996
3814.3065671657137   -8463.830468033344   1         27.991238230894226
-9786.563873067968   -2784.3417571923073  1         0.5693281332368918
-1890.3429288164261  10481.186247961505   1         0.7598901855905039
-3774.6984850620397  -4053.6070973101837  1         0.1342098804967885
-12.531731440962176  1216.326554879617    1         0.19093947973857095
-593.1444457376363   -7450.656456600115   1         0.8726511369565719
6013.185883549339    -3068.57703476307    1         1.1419648309322208
-9810.158835193213   386.58305564040114   1         0.6932838905883142
-5070.553686695411   9103.154768021197    1         0.5180901901114855
-2740.20522706293    9618.650173999844    1         0.7969451390357917
