trucks_count 6
drones_count 6
customers 85
depot 0.0 0.0
Coordinate X         Coordinate Y         Dronable Demand
2264.740684504339    2554.6328976507366   1         0.8679550861506001
4015.8133010859015   4666.197547675274    1         0.9071940054992121
2155.368535325716    -6234.016065627043   1         1.1497229409250485
-6062.954883661206   1461.3333192129558   1         34.04073469776569
-198.63023606557314  -4094.1470625585584  1         0.5425214329570798
-1418.6293140893517  -2154.81273463938    1         1.1765176734996448
3356.306104176336    6436.851995570536    1         0.5014744461093502
-2788.885622662692   -186.65070171854416  1         0.20475225281839698
2736.69463875544     -7117.977738410842   1         0.2993661130949803
-46.26328803862543   978.8579119817732    1         0.5851731099639883
5212.216151113344    308.2475407231924    1         8.272962405705876
-5610.178857621389   -2766.9650868403187  1         43.76775312152589
-6442.301454763116   -708.5351859330965   1         1.1376880470542863
1347.6935371866618   -942.0161391241895   1         0.9873135744508689
-3932.140997306463   370.8499118212285    1         0.13003974085112793
4806.118426594219    -2766.579010296253   1         37.01801764127648
-2532.8766454570678  1386.6156630410933   1         0.8166666348890224
5579.63238652363     4337.665179330652    1         1.1656319733421425
-696.3916815720514   -5692.286419067358   1         0.6308675714414436
3439.5383693437266   -6030.6345453841495  1         0.9365429157487802
1119.7558569401874   -1109.7225998489002  1         1.1767050323471648
-3261.898922245422   -6459.522076583129   1         0.24330470285808298
-7068.781164955389   -846.5952332724431   1         0.844105379243562
2812.382601562111    2116.8805125905487   1         24.562454046264644
2196.8028987495236   5500.5279715538345   1         13.466756446749867
-2970.0428617525467  3389.5836444805946   1         1.1686753384425979
1884.909748868144    4566.456966623896    1         31.969720968282136
5615.032742144296    -3726.310019630237   1         1.0136260220824205
5197.338202494335    1142.8120062100916   1         46.112422464901016
1646.6987003247032   1297.1424344599786   1         45.65903644426087
3482.779034160674    -6787.954978276766   1         0.37120514184627473
-6158.966220830543   -5494.293221246706   1         0.7776363825582767
6026.94006240495     -5340.945447491808   1         1.0224738130627042
2848.2997076717797   -5386.635587862838   1         0.17949984229316773
5754.904418904338    -5053.026354206708   1         0.9036390628257536
-1367.3431646424035  -3585.3130473401047  1         26.858244927671198
-2602.5622520574493  -3629.1292452462085  1         0.1537564296098995
-5969.774903277449   -5982.028227677697   1         0.20955600325186258
-4319.829552357643   2962.3230628623896   1         0.3271355925621675
3663.3790069072547   4406.981601301362    1         0.5188838059774128
-203.5329801390507   -2685.6740258502145  1         0.2678237392763523
-6799.264112833571   -6754.270428015506   1         0.9240257348387702
2549.816834237564    -6372.240579067858   1         48.10527782170349
2694.561615885872    -1521.148492214485   1         0.35730118165195257
427.6171673107656    4960.546482322955    1         0.5401585676376959
-385.88206788106066  4601.176688913962    1         1.1208911752039008
-3082.904961982221   -1048.7147690444917  1         0.24024735962041158
1481.10319477118     3781.964608321852    1         0.5486432454143512
2140.5860111471297   744.1870970797237    1         0.45049338931423033
-628.8094329301557   6024.671492438705    1         0.7926962421168362
4863.623891695626    4861.883692652897    1         0.9144286823939136
-4754.914471816697   5715.3712297358625   1         30.877656315249798
4586.121129366115    6925.376355997146    1         0.5440284728032994
-756.9780534925003   -4647.936736764545   1         0.9585010783560614
6729.44614163204     -704.7687281879763   1         0.6968084890625874
-6768.601673047229   1975.7069930080845   1         0.4934517201523648
3751.940677461399    -4218.023555711888   1         1.1863631266942731
4947.670820545278    -6957.141708451618   1         0.9460286001188762
-2646.73119539925    2218.644637448936    1         0.9742840671246374
5294.295003468398    -6813.1214531511905  1         1.2395605391072044
-4849.272499285062   -396.7942367064479   1         1.0894532864019968
-6843.135417029001   -7083.737479086358   1         0.36320189624207044
3966.9549581444608   2571.5793256325705   1         18.991852525418643
-5270.721785168883   6791.572872500976    1         0.25993125312883547
2119.9398394418763   4580.259557412812    1         25.292643575054388
-585.5036624277983   7198.2409672516005   1         0.783045410023347
157.91148353802907   -4996.22453826078    1         0.22654745986837907
-2372.6907702415433  -6034.920483991114   1         0.1294991997211039
-554.9069983207814   2643.6746547208813   1         1.2385435115949193
-1766.1357692294969  -2498.165958091116   1         0.7635127869619115
6784.581406759387    -6257.849424683746   1         1.0182304012514014
5774.024137856492    -6086.36839747933    1         0.5134230099994419
4290.263492066091    -4196.199165098682   1         0.6843133444308734
-2339.9616230668867  -7107.268395974981   1         0.790332900848231
6699.494851832685    428.0235324495699    1         10.27478914691598
-3050.112563372396   -3913.708325385823   1         0.4152748702415464
6001.647009390576    850.316269930311     1         1.1895426992804687
-2108.904452592513   1179.8039593307403   1         9.897314964971013
4301.397763142366    -3981.1093672166417  1         0.19185050046364732
-3591.3529399476424  4759.6244604768      1         0.3075162124964673
4161.184425219466    -229.912002315853    1         0.9400375044788462
450.3874722142085    447.88105971547714   1         0.34023332372310366
-485.4007199884317   2659.6078681473705   1         1.0964289468987571
-791.6997480384948   -3747.300763517147   1         19.825323814887224
-5866.04286303679    6255.799323573257    1         0.2334623522486653
