trucks_count 3
drones_count 3
customers 60
depot 0.0 0.0
Coordinate X         Coordinate Y         Dronable Demand
-3285.6913433624595  1165.4921907967187   1         0.7679789833236681
3264.6776414854767   1606.677858125423    1         0.2936474145310152
-383.6612388332745   -4302.00404038676    1         1.1279038860958215
-1538.0661339704482  -6636.280741912501   1         7.1415101653388255
-5304.547316436503   5061.932331689459    1         0.10914562471129291
6859.011676616894    -1469.5948114696007  1         0.8636052832203678
-3323.269385226665   -6212.577112300314   1         4.966328126895354
6320.652080635487    -5500.969584310527   1         42.9370808815433
2863.8215917568737   3171.9024387701106   1         36.447162686818814
-1809.2000016261575  -2221.818534201065   1         0.23849601777405585
2515.0485546071986   -5201.989928141466   1         0.6721660652234703
3575.1096196360622   -2965.096846258581   1         0.6759810826352165
-4439.462012462178   7771.55401317228     1         1.1196515549311996
4489.580571846636    -8628.786615630856   1         16.618203749274713
-796.4823171996759   -169.33605420461208  1         28.174686142101617
-473.92406264159035  -601.2642101042296   1         0.9423551477721931
5071.351430449508    5913.09170782574     1         15.08526051768626
-4156.437386934582   6875.889033855593    1         0.26240694262529407
-676.7310167748583   5841.1616721507635   1         0.908949596335175
2670.314219968548    -4160.628723201418   1         0.6126821605031276
6039.563612478374    9773.500913277945    1         0.9607979890193642
-7475.478146541202   7543.49784482631     1         48.99417217687859
-8903.577528932197   3836.7313258593267   1         0.816909361993351
7010.952251078494    -2386.287195233703   1         0.9443327888434775
7246.994412608984    5758.326183943301    1         0.8542030907959473
-7759.448597155294   -1999.366242486195   1         0.47038584525146243
-3613.8401783989552  669.8487021799214    1         1.1716707727137399
1962.1746986501112   -5467.618589455132   1         0.8707782847426557
-3444.4714685863864  7613.220778786635    1         1.4736197069467523
-2761.736183124586   -659.8222738467659   1         0.5794345285900874
7224.6816580268      -4535.08715188082    1         0.26622861253582353
-6847.979801805448   -8175.203985760033   1         0.12772352255625635
-3927.719386301498   -3052.6314451606418  1         0.2442835302802342
-8380.606686169605   713.2620927422419    1         0.9681098832078409
4452.553873337056    4489.0173331552905   1         0.21439331604389467
-6568.474711381695   -6360.970042618713   1         1.190403284632881
4341.170523003196    -65.89231132128486   1         1.032600036568975
9916.060039464834    2278.5391225314697   1         0.106744304646088
3878.6509098489482   1403.046734120922    1         0.2604857550060914
4981.648375826682    -8758.510240338575   1         0.9485288530638031
-565.9750919314534   8893.506970945615    1         1.057682178625234
-8785.96980741632    1558.7914824312381   1         0.897365949749496
-6710.170862806896   -2760.5864947488685  1         1.1006373582726612
-8898.630209793291   -3344.9570757252013  1         1.0405710347512382
3430.7435692732215   -801.8415432175419   1         0.4131889038845986
2169.0763791512722   -10034.869607150344  1         0.18658010015658932
-5866.070305514447   -7331.337649914303   1         0.25736667282602554
151.85002145043788   820.9224575049345    1         0.9215067089749901
-4126.31286273611    -3401.692268785827   1         42.68102650837405
-4074.7930845063333  -4742.143768005297   1         8.661624235586547
-1858.0421621127425  -3982.760938712143   1         26.86097089990124
-3282.4061744932324  7201.745173004398    1         0.13933401864784345
8833.019672181792    -6059.072030617859   1         0.5663900362363661
-2433.8049721953885  2045.6553940761933   1         0.6734782509277204
2503.2040908561376   1473.784319969851    1         23.239296781081183
-5144.3347167219845  8424.968492461398    1         0.12826449532745465
453.6083538509476    346.48576335674227   1         0.4156328735920676
6556.272172525593    -6905.992081952123   1         20.042061044598018
-9459.394588458952   -1744.6404715721208  1         1.0116874182599382
-4335.45155869118    7950.933682826213    1         0.3532992635390526
