trucks_count 2
drones_count 2
customers 39
depot 0.0 0.0
Coordinate X         Coordinate Y         Dronable Demand
6371.829308393655    -1333.0874957429207  1         0.2597286101500213
2922.442764422718    7153.933266089194    1         0.8338312469646728
-3917.575027635014   6841.36884400423     1         1.1924556291642556
4176.705528310991    -10694.739209425816  1         19.492782828128426
3734.3820341539226   -8986.798598086876   1         39.75546415578212
769.6312329647299    1504.7248386714637   1         0.5995324584255418
806.1802262485843    -6541.664604375102   1         0.3366472291948919
-5745.152664534928   -3522.9315950178648  1         0.8639109690196415
-5377.157301233277   -5928.010835187404   1         25.687327056385136
-4922.195098134114   -4253.149755780244   1         0.8180792672193931
7678.25578102972     7003.700952755072    1         1.1280996318516547
7808.012906823356    6387.51892483303     1         0.20759680113132845
-8220.801859220364   7903.716692240596    1         1.168457855140261
4187.145030321637    6734.994406272158    1         21.47946098878892
2093.949525790953    -5316.750265868717   1         0.288733677103743
-4028.5817866750035  -8050.415789030585   1         1.1690548201498467
3662.3075253962497   -5593.815284573404   1         1.0700815657388592
2154.9445920863955   5291.6637557941085   1         0.3031529232925554
-718.5883463450641   6620.227976438387    1         1.1129731427003038
-7987.3529688026265  5633.754130714116    1         0.18501613957040436
9124.231913519743    -1517.52657148019    1         1.1662572336790253
-9399.223545835182   -1356.8644039410758  1         0.3140346924790224
2389.6891024525357   -11581.601719109305  1         41.444480158933416
624.3560147598844    -10782.650424643474  1         0.7370802101131009
4098.993443015632    -6489.5004623762325  1         0.3142293083294546
9632.382392133215    672.4677795480154    1         0.4052892440173015
-611.7054709722087   2606.7808970616384   1         0.20286756115589982
5683.627850496448    -5728.990696453136   1         1.2402010441531244
-2968.9473856584223  4313.735409722592    1         0.5616468507071912
-4413.758824464732   1157.3685963603502   1         0.6461566179418043
-7868.4695456135505  3630.3176154820953   1         1.1834592243579156
1120.3398113973708   -7701.926291736276   1         0.9859079032929725
-6790.408643813861   -699.9650989668427   1         0.5692651857333267
7639.00752654425     1147.0368693299179   1         0.8835310798713314
-12202.241553053518  7347.028633376372    1         19.105491490705
-8507.297870252321   -3647.876351525801   1         0.886555006253002
-1701.4045192757578  -8655.928874305064   1         0.8248781878424275
301.5013671109282    2587.250020150368    1         0.59810353262241
-6438.5814344771015  -5182.9634096097925  1         11.1188447701514
