trucks_count 4
drones_count 4
customers 92
depot 0.0 0.0
Coordinate X         Coordinate Y         Dronable Demand
-1946.0121493071272  2201.4923613344936   1         0.35010154697468554
-5057.214553191152   4279.629625551554    1         1.1974230734546836
-1521.4473383456952  -3329.3415937257664  1         0.8111755705463135
4389.2960104329795   3967.679046743974    1         0.2931513321359378
-3859.414156412709   2822.6722918076184   1         0.13736119372892375
2018.8952642785289   3826.1445137479386   1         2.7762944041657054
3078.1028245634825   4014.502593645005    1         0.5438294566047973
6198.068183949576    4350.14232333642     1         10.656209477778022
680.8548803887435    -631.6386201482342   1         1.1381895167106488
1641.628292859374    5895.595508703724    1         0.10992627425530654
1020.5920271793582   5842.2246257546285   1         0.7221622435688585
-1231.0959770994143  716.547547967219     1         0.45355656294873326
-3229.574460650536   -6208.070137159403   1         0.6547962969970249
13.824237054532404   -5825.532111121187   1         0.18334742198202159
-282.9757693685315   -2002.0870450224365  1         1.0786058988912892
-3451.286533780221   -849.60026362607     1         0.1519549743817315
3346.0507253364394   -3372.238652550193   1         0.771344976225493
-5676.145783368272   1885.1457392600332   1         0.20840282713269237
-1261.2550229802196  187.40745498628905   1         0.8196901614510136
-5495.730730239345   -1916.3233060102448  1         1.1990297773960636
1420.73430024345     -6105.570732719738   1         0.43632158174268376
-6134.640733083425   -6085.598783937234   1         0.4191436264786659
-3725.143996058261   6345.714401800237    1         0.23394669699323617
-260.53972547500416  -5773.206637789916   1         0.3017494403016524
2646.5987716328186   3124.3998215812403   1         11.994132415859253
2373.9047853027078   -1686.5920715470847  1         8.05877753050324
-795.8696353083942   4174.220074724259    1         0.5477158020423032
2434.7508314473403   1620.449177597077    1         1.1164025797141952
3723.212032806538    -1807.5932992364446  1         0.796544125650195
6116.666105294835    -1343.8062762207528  1         40.6724094798387
-3228.753322226233   3540.667020600678    1         0.600522115995195
-1768.6508423009186  -1669.8587831877621  1         26.639372242269495
4966.489325397217    3927.4942261256924   1         0.5034671235785833
-3591.230831634949   4465.704696700226    1         0.8725492705418834
6305.863469497727    -2364.1297174217407  1         18.06525867713289
-2431.3901462401027  2648.3371217581043   1         0.8305017232148418
914.2856135634684    5062.0132375276535   1         1.18515555412713
5286.094203377041    -2985.326743886402   1         15.812381223183129
3130.745552524097    -210.74253966787276  1         14.447569617224483
-6096.553584560271   -5358.682038202423   1         0.7245555420595037
6138.918549350947    -3544.7049398522704  1         40.12812288428032
-3997.7123473264496  -2403.016548029154   1         0.8035251772902063
4570.909548901597    244.11393373554623   1         0.1072366782453795
4192.755559468968    3787.9795885485123   1         0.41167814012441695
216.02992084178362   -182.8750893094711   1         0.12406112829793899
-279.7525131198098   -5526.744243798439   1         0.8872490155381146
6048.031643386873    -4822.350094843621   1         0.3633693813041675
6177.7089162206585   1530.5789003123002   1         29.79207260468992
3705.5354429833137   877.6650423387003    1         1.181860187362086
677.6032813430904    -1656.1321714369587  1         0.11912893214741026
-2139.4129453159685  1250.6916407883973   1         1.038894737756853
-1177.8292209678561  5730.660173549594    1         0.12248599745924561
3945.535072785362    -6079.209158714138   1         1.1030846817085598
585.649558528        -2968.5997693811787  1         0.7007369052056973
746.8623073922281    -2569.191143385586   1         0.29596408600616614
2000.3433702986022   -1632.2056204424462  1         1.1255177204645022
-5335.213508172861   -2532.6267363936217  1         0.5206150167105672
-659.1739346517188   2522.214615080543    1         0.3454761948233458
-2741.9620691958326  2898.3447087712866   1         0.11805038942831317
-4961.628143880538   -3284.357715506627   1         0.173581822592964
-5152.303036390036   -2336.6045152618462  1         1.1546872162860182
5028.012086986454    -5800.584535729475   1         0.9901827969744701
-4296.9622653876995  2259.2740079364007   1         0.3911170390598061
5031.981388420297    3569.922222930641    1         0.78892748620918
-5953.777794242005   1625.7698398578223   1         0.26774637210351515
4444.195188949087    4464.534545015321    1         0.5510290071231905
-2065.0907071823394  3135.827877117547    1         1.1890177028330033
-144.43534470442742  1205.8923931597872   1         43.55200505160878
691.2875367461857    -1225.0039144560988  1         0.10097589311448577
2862.708861575747    -4550.619148247375   1         0.6023300476423529
2756.856027578519    68.24492541651335    1         0.16432126330574776
-4716.587652459148   -1929.0870006124924  1         0.8590703020739561
4865.361246038522    4644.847855152476    1         34.086329367491565
-6291.7771784764755  -2965.9886087598315  1         1.1752197904047328
2387.186340410346    4361.13219226018     1         0.4700483722254305
265.45424071443745   -3204.439257256389   1         0.23514355755806024
-4621.726172995196   4477.395781559186    1         0.6048457686094069
-6377.337709773898   3818.4117738945056   1         0.5491124048840172
-2071.204066976363   3932.95912758759     1         0.598732126600475
-2026.920635867503   -2591.707890075949   1         0.3509130222719019
4095.004609753908    -3941.281170364592   1         0.32092600406054794
-5506.21287196577    7.743846809402723    1         1.0016933838033506
5192.55325652586     862.9117031962592    1         0.11994386365192061
-2408.6329730344683  4402.092180332161    1         0.29925199011418213
814.2667843647682    -2091.9093449904426  1         3.01960088943817
5244.878638154204    2577.413665318929    1         1.2205491854376427
2072.830322513736    4819.754726344474    1         0.555941250212723
-3205.4616034139713  5360.067897996334    1         0.4463528570534552
-6313.404527950079   1645.3324628922728   1         0.8369487818355269
-4168.409589011867   -4020.477443784264   1         0.751668923856709
-5142.7924607587565  -3230.1954252432324  1         0.4708129634028031
-4362.74234579116    3907.7842991396083   1         1.201895655074758
