trucks_count 4
drones_count 4
customers 84
depot 0.0 0.0
Coordinate X         Coordinate Y         Dronable Demand
6984.818507503808    -3032.2425560051943  1         0.46658918675192285
-1120.4700927624376  -1586.3318736074498  1         0.5530419444287838
-3238.764365021194   -7674.941909264838   1         1.2179200993405326
-6969.431994205658   -4986.373900717871   1         0.7333270881776951
3650.4425851154656   5707.332275265727    1         0.963710075956359
642.0582572833666    302.94790308343136   1         0.6070778032499222
-548.3257218890341   2033.4962654156352   1         26.987778572629512
6018.668651278163    -5955.9607363064515  1         0.5443342264566432
6027.367466133778    3288.317000329901    1         1.0486164058032648
78.8630092205148     -4624.597720110418   1         0.686503419636867
6441.978097959242    -5913.2051117119845  1         1.155554332446452
-5867.210296026931   2881.0187909112074   1         1.0275015851382585
-5363.233347095806   1666.6960607868969   1         0.5481823693781601
-3741.2928431970067  -3277.862990293351   1         0.5663532258139797
7151.405433039442    6306.756983561236    1         0.6873154326221598
5199.969095922628    712.6528602038832    1         0.9340012591520656
-4565.848407324421   5318.394880776988    1         0.3011266396776418
-2793.9353603237264  1360.25629697803     1         0.8624818787585323
-1545.4282670983316  266.84497839031354   1         1.1110155812692488
6095.018620146426    4296.089692644414    1         17.090684081274233
1302.819533714003    -5933.6504317915515  1         1.1242522545877276
2411.2714462103154   23.396006210072848   1         0.769733886260944
-2144.161359153113   3304.269415492211    1         23.37061581090655
-3855.4162546921275  7141.844389297094    1         0.9343234993098859
-5670.990610739806   3762.445408703516    1         0.5423364532120445
4979.744620945014    -3470.1904476595205  1         0.4230906866201982
1990.5444005856975   -370.13661562142966  1         0.8887064339115147
139.2659107961881    3173.4615619977094   1         35.30879833413889
-244.16762634825415  -3183.8817851454455  1         0.2638390940237407
3197.5259100895973   -5647.537898221713   1         1.0947100827175273
-6247.209358153638   6452.5942107754245   1         1.1898926144565973
-1616.9398049929516  3152.5213600990664   1         25.983835089486284
-3885.699121700917   133.16342349605688   1         0.1676772506756427
-6845.156455241686   1131.185055583154    1         0.9964365050203368
3717.0544237701224   -3919.9418474948557  1         45.976900489082844
3671.4885748402494   7790.0995061079075   1         9.690673768191534
-3587.467041101382   5118.211491066872    1         0.9792498422721418
-6316.482626642348   -2788.1627010967686  1         46.58591910438338
-1696.2388241793942  2099.662790180044    1         1.2027945311410122
-774.1348005385772   7067.606247878262    1         0.3148040265458215
-2525.675544148364   -5661.419981966649   1         43.28673369315994
3843.6712378468987   -400.34583415881804  1         24.518247888328858
-599.7444097631351   -2561.4792670821193  1         0.2469114181995528
-6845.4993711827965  -1554.5220253743419  1         46.8756588945245
-7267.098845611888   -5086.632933629845   1         0.6405029987056065
2176.5716316424446   2523.590925450263    1         1.1704551262195135
-2561.378221620024   -5483.645013962451   1         0.15937701760065703
4954.747351299101    -6227.495385548719   1         0.7042709039584042
-7755.428375744255   -6184.362412659756   1         0.5181523733483577
-64.65590360350485   3518.226271989199    1         0.44872772053323784
-6014.79640313536    7252.952660814605    1         0.9680598003042686
81.43148917709348    5268.977836020005    1         45.74731895886695
-5089.582178231872   -621.1072663287086   1         0.8816045884233076
-3167.747203650289   -3627.920119806217   1         20.70453521750487
3111.9780949352985   1563.428616010833    1         1.2332483620044181
-4247.895748238778   -6290.693391289265   1         0.9849582446717473
-1690.9373698151894  -1352.3379279057056  1         26.805395869703418
1349.036900447131    -3606.180368589975   1         34.91746086240762
4583.150894556394    4488.825666108562    1         32.26904092851224
3700.756592094208    -68.8103642915978    1         0.5570782280901726
-5804.91000916171    -5859.493143737785   1         0.8472260162001755
-690.6979878290769   -2561.85935303184    1         37.122216023623615
5554.989933434416    4102.747270968971    1         1.1781665568436541
-1248.792343704183   7401.324932121287    1         0.8514256888301285
-1435.7360821157674  -2856.0534594547817  1         0.1255245540758943
-1234.9072391597872  -87.49565383332177   1         0.31644899313100566
-3746.140297990016   -3957.483627253688   1         0.9799593293279516
4633.446218097096    5348.61000425175     1         0.7367417835365861
427.4117356456049    -1897.0588175656071  1         1.182886831988993
322.0893876058799    7277.219352050896    1         0.6437035996599911
-4974.249468414823   846.4695961839598    1         0.7400220541419884
4161.9039717486785   -2852.3110209050365  1         0.3226059604951134
7453.970095800184    7511.666963424225    1         1.2413197206988613
-7719.305204974531   -2731.5434757743897  1         6.918485949288029
-3541.2006195198187  2576.945703997996    1         0.34110765672218285
-530.9731855485201   -7538.054607653946   1         15.298223069330636
-7016.5507347266275  -7294.55261568518    1         1.2097095404747369
6758.360186378658    -839.8755916709397   1         0.28484659249267463
-2762.992757383624   2235.864989891449    1         8.971260687348721
7642.981394174559    6381.956381314201    1         15.344557351632393
5359.006295863643    -1163.012191004625   1         0.7421190930806255
6390.794730247036    -2452.50113326575    1         0.6002363159987403
627.2698902864975    -5431.941547326505   1         0.3238583311576605
-5058.182601013631   -126.64916483669015  1         0.3874656231912198
