trucks_count 4
drones_count 4
customers 80
depot 0.0 0.0
Coordinate X         Coordinate Y         Dronable Demand
-8603.23277615434    6040.449996492554    1         0.21176262607637386
9007.80610103452     -1675.7499255931025  1         0.266941762750342
3245.590356947404    -8352.026644754635   1         0.5584675238712702
5669.975575546454    5197.9611634791045   1         0.14079450684509492
-3740.8000396490693  4890.294048324682    1         0.5018107964904202
-1721.1628628557974  -6265.823723584577   1         0.34230886233718405
4551.886093674845    7192.844094983105    1         5.489582444278159
5356.344931968118    -3409.6105844188774  1         1.0947622141447062
8413.814145564402    -4812.025332319089   1         47.52396617697157
-3747.4646423255376  -8203.753638963237   1         0.9803656416688453
-1803.4594130847245  -3594.4514197461767  1         0.26536924208685087
-5380.645968472672   -4971.111948424317   1         0.19126656172183149
-3257.7701231346628  8871.46341367922     1         0.5391860287191134
-132.89977625792199  1887.9928696424358   1         0.10687843546615738
8573.33357288096     -4113.336993852109   1         14.031829641739673
-3805.3746858878258  -378.5696278608598   1         0.7747278800030792
281.4009725903356    948.2691954941077    1         22.783438042234245
321.99726113847953   4884.178328146705    1         0.6030285775834349
856.5483023476997    -4798.5954076738135  1         0.48819639463181297
2884.40220533324     2862.574818008678    1         0.5775588001471258
8144.782952907399    -3956.203544507506   1         9.248177703878408
2666.0862345351006   -7588.4201069157625  1         0.8940142756820705
-3671.9289703486493  -5681.74887374346    1         0.862215611301568
4512.724987345095    -7053.6437333040085  1         1.2443895693486373
5888.22015206946     -4853.126966511894   1         38.308206324727266
4580.820680106852    -2061.43933250145    1         19.75823452100821
-4644.644788387506   -6908.144666248      1         32.93193113202478
8475.129645843746    -5939.33257649432    1         24.70607162593319
-3815.154718834825   2017.2003361169184   1         1.397918243354431
2501.001757970902    -4713.314116753566   1         0.9209942625597888
-5679.825469482957   2844.3670309900085   1         0.7054842401417352
-8562.385676564747   -977.9973494032519   1         6.749836954295347
4512.259901883512    -2187.3707097271754  1         0.7724573255344132
-5259.896291571421   7814.791874387595    1         1.1367217040659527
-134.23046442609933  -5740.024325721987   1         0.940894144412403
2367.3697216227124   2052.3786420404426   1         0.4495704260206975
5714.205071941423    6996.702236885127    1         10.801695119069999
-1263.3338368548941  -3826.060080689954   1         0.7847142334853333
3224.1145865369444   -4899.346606509205   1         0.3182819636561674
4231.3528668849685   -5820.103827461826   1         0.5425535341329042
-5122.149355753355   8584.835849763054    1         0.7028987298762566
-6294.16860889671    2534.0831866422027   1         0.9106870958934146
-1822.9076518847514  -234.12815585268856  1         0.28962234475646675
107.19854439407892   -621.9933506004691   1         0.8978964719264769
3258.8010851618433   -7857.400711427606   1         0.9157291831539398
5131.606201200679    -8298.096006687532   1         0.9902435071943227
8280.82852630659     2013.0302769068542   1         1.1494359857720324
-2914.7571321004307  -2149.6220238458395  1         5.6274602366574396
-8663.701525501194   -7940.801249311213   1         5.039528386548776
7980.762530961916    -5944.712469142913   1         0.3925995693967922
-7275.975362153605   -5357.263685733387   1         0.34767081037350034
-4103.909493894284   1850.765008976189    1         0.31912563494959406
6331.481941930322    5433.840216172404    1         0.7785411989412709
3493.716020598853    -8201.83300765973    1         30.45160149789556
80.51594769123871    -8026.8055355579745  1         0.8329982030824026
-2204.066145992189   3043.375942625884    1         0.6959629334860074
6636.260989439841    7182.268569404957    1         1.0637212929873316
7701.572195762914    2781.807844670692    1         1.0013424659039565
-8336.87078749312    981.8227174953033    1         0.2590043888666733
1437.545770377473    -1917.3116521839872  1         1.2225816010300015
-3177.708553372404   4280.641819198243    1         1.216674408320167
2390.2025359981017   -124.33415949310515  1         1.1760730648230064
-3547.1332441633913  3492.3278946193896   1         1.0226841786832601
-3201.24555432293    7824.156985807291    1         1.0237812025882236
-6882.715144664961   -3388.8853160698964  1         0.4469777752062375
-6671.755496813887   -8071.484659305317   1         0.6238414563456149
5829.0656107108      -897.5986268706025   1         0.1198114627899288
6482.429321617042    -3113.1393940744833  1         0.5311130959708221
-8381.62636041101    956.6117036580515    1         0.35738262672855314
-7659.437137326533   -4585.635544736459   1         0.41452928699471225
2409.1220544657745   590.7732986576418    1         1.0912237611815223
7966.264811133156    2737.8206426774577   1         0.642996243928168
-1907.862627091645   6402.497665122727    1         0.8317464312244177
-1682.8013122896175  -5032.164758781192   1         0.9166510585054574
1159.4244045544121   -1803.0127869453243  1         0.6330467119031384
8294.032846325235    -4316.141403246702   1         7.773883010187764
1081.3650628607381   5675.651250869072    1         1.2382523901650762
1162.9572797723752   1196.9359923922843   1         0.1081052336384613
-3668.0163439367498  -236.29487755172636  1         0.9559170798715378
6589.495196963524    266.8850919797741    1         0.6547452767206021
