trucks_count 3
drones_count 3
customers 62
depot 0.0 0.0
Coordinate X         Coordinate Y         Dronable Demand
-5762.1107485814555  5482.143974721142    1         0.8673755097397425
-517.4485915547075   2723.9546354749136   1         0.7910450942977082
5456.5827456994075   -303.1762595311255   1         0.3703795878385966
-65.9367673531828    -4982.528248723839   1         0.21225364314126458
4183.391895933261    3273.5725164447163   1         1.2060885798440226
-3589.3656093787044  -1791.2654081706926  1         0.5970652708529965
3680.120763807908    -2234.2918477192657  1         0.6454967671955463
421.27367251987715   4103.850955702557    1         0.2521864459550085
-3951.974915436148   2961.1897147187806   1         1.0669202452845394
-3046.704475034142   3028.451315838295    1         0.9625954500620278
-655.7445139429863   -78.77043255230072   1         0.8337846258847932
-2060.185821049253   -1466.8404920305438  1         0.3987139678641646
-4657.363278377841   -201.34060657729964  1         0.7595245339829366
4979.736119738738    -250.85994346605708  1         0.8489822015117499
-208.47021138411392  -5642.481576428059   1         0.9908527381306663
5064.078901197102    -2252.3302659417373  1         0.7575440246630614
5420.349007407037    1765.4114155958819   1         31.431653734576084
-67.06963842324824   1381.0567155671413   1         0.6808125324949326
-5938.707195053799   -4736.687579228171   1         0.26274648428243397
-4506.782083829722   -2918.8918980339145  1         0.7062000059420506
-1887.4564531855876  2735.676144344644    1         26.134965862490596
5450.9019251406735   5541.70160620151     1         0.2623536541058604
-854.4666015049852   1867.6788618476198   1         1.0448003915410624
-2825.845505093523   -2446.9009089415254  1         0.16758300380089114
-1078.4562483942611  -4366.06977526665    1         28.484960418191307
5076.76533410532     -3111.6656960468117  1         0.3077952133865647
3735.4320292016114   -2278.108345719038   1         40.75727513479474
5782.957874547025    -2183.9778113295183  1         0.8000141816563454
2704.038307540392    -6032.813194255754   1         0.9024509373833391
-1296.5638772097052  -3235.808112215856   1         1.0025895707908874
4262.272153653407    1142.634432026874    1         8.530602226838926
5877.697025516862    -467.28252049188086  1         1.1212627717269255
-5306.941929550115   5506.620768278157    1         0.1860558006343174
1941.2290622623532   -2352.9509097001637  1         0.5985614507729505
-2635.658756978213   1647.7976370622125   1         0.4571463989534874
6032.657163981148    -1623.1560154227154  1         6.631765996911567
4541.96737453499     -114.37729746917607  1         1.1742331762043785
4489.749068238515    -2269.2024800156582  1         29.854347039399094
6154.192658204879    2930.6291965828414   1         0.9473641337622343
-2161.4337779581015  -4363.234965234521   1         38.894410245118685
5056.6836402154195   -5712.606760804893   1         0.1056428871519962
2993.2837537253627   -1616.3761996013338  1         35.164693796568926
1502.557693678951    4517.854517472834    1         42.21447126530768
-2440.5744191058557  -4415.582455814123   1         1.0347222534532636
483.88490817816637   -3746.5346027852925  1         1.194783963309706
3449.3373007969503   456.61174839152045   1         41.69931657840934
5744.436814062531    2628.777264031533    1         1.121976230618337
-1349.8370037671739  -5749.781330903756   1         0.596593626523293
5089.175246274869    -5551.118396114386   1         0.12633749735696242
-958.1489948596145   3404.1371034993963   1         30.640119060494726
4143.386412462844    1043.9891512108557   1         0.3943852694336655
-4553.590175037832   -2156.8932902006222  1         0.7356989902985692
648.1638175261812    3576.0780914745487   1         0.41964167649200956
-1153.2439602095799  -4332.717795633177   1         0.38783687834004965
1424.0164521613276   1267.7372827696965   1         0.6516483454210943
-4412.896935275397   3070.157640347067    1         1.1060217759717852
6167.601153220747    3622.401051139364    1         0.5571566973493426
-1549.2806359951394  -1428.3384228735902  1         21.307481038742658
-6179.932738586872   -3342.6402998863346  1         18.953722854986083
-4041.8962823419574  1716.3323553883863   1         0.2519934880788973
2139.0416995137575   -3410.409242809632   1         0.477247106774895
4439.072788814334    5160.0815245300155   1         1.121368350342719
