trucks_count 5
drones_count 4
customers 98
depot 0.0 0.0
Coordinate X         Coordinate Y         Dronable Demand
7344.42421508052     -5494.149876604954   1         1.0710369531574178
5311.912113546983    9337.736910121792    1         0.48367475096536516
-8192.54587786505    3413.0280047397696   1         0.577085768924629
-9647.15912387172    2056.4609748590906   1         0.5009166179477329
4455.447229071698    -5828.9342337872195  1         0.1876718547552441
8216.205236108952    5138.821589028385    1         0.756439479459128
-3234.3866763526166  8283.917970592363    1         0.8163287334341214
-7400.667481726534   -3724.3730201639823  1         0.31530169114711826
3170.672386497059    167.8725471793191    1         0.6210954313450411
-3257.3502281096057  8680.485253875047    1         0.8706630711771018
-7329.964936144309   -211.1134444618492   1         2.0628506896241103
-355.38195050617867  -579.6729298760462   1         0.18419149496000442
7068.455667230912    6782.818536032373    1         24.355292746244306
3308.496900016561    -5084.352427863971   1         0.33552391690245875
-3308.1524570933343  1027.346292639598    1         1.113063408836515
4214.565567976053    9499.022420883617    1         0.22864428132011136
4893.538458628335    -652.8099212340876   1         1.0411174146919575
6532.437133004712    4685.567657764931    1         0.720585403696637
-6738.506041489281   220.99065581891722   1         0.5840232673343669
-2033.7303353888876  3103.6797464571137   1         20.67192691786988
-7079.08971651093    -433.6561942231254   1         39.0668326545686
3721.593060845563    2479.6564560016973   1         0.849620148734845
6945.486897012215    -531.9938463286853   1         0.9473094425778574
-1071.8715727538315  2590.153361595995    1         1.2089728675884317
6887.486530655141    -4821.744953009828   1         0.9545632583994188
-9371.621394003632   -4103.296523086485   1         0.6186199713621267
-2489.2314779311664  6344.329937301033    1         0.5990042167550723
4600.745105863503    -5407.687041539261   1         32.11844686336042
3511.6788459596833   -198.83698072770497  1         1.0388582101420931
1821.4152038722495   3443.548894917435    1         0.481348296243845
2294.1365687764705   -2713.4111505399096  1         0.4705395068668278
-7048.046142030851   -6480.491528685726   1         0.2859548774239128
-4116.96269127657    -4658.656691073793   1         0.2861156898682321
332.8997288684589    5758.136270611122    1         1.001250973423086
933.6358776287234    8261.407706544833    1         0.7320588445051018
9609.48513686022     69.80432932531755    1         1.0315917040539022
3229.570366306083    -5268.876277537628   1         0.497999827316407
-7527.176181353706   4725.078660322798    1         1.135201571786906
-9102.161769711336   -214.439175382699    1         22.41053110008322
-7397.575404273979   7737.411447436266    1         27.162389263866444
-6990.0080243930515  -3900.5486457711686  1         0.6190792412727483
-5037.483529733453   28.440594565341293   1         38.93305644951675
-3241.4314894905638  -3901.1170760688533  1         0.2427546307021566
-821.2800375984589   3374.271073580325    1         0.988134814521932
-699.3511755991118   -8568.659546070816   1         1.0952072096747771
-5945.025520549441   5531.40380938556     1         0.6984008636531349
551.5887670311466    7769.096576182537    1         0.580220883586801
8940.563962567074    -2456.662155165757   1         0.9935311399805062
-8446.987839877456   3603.304930324024    1         0.527277739222055
6405.900216250953    -5897.885293881152   1         0.2425920190498568
6771.69244446532     336.0563701552658    1         1.280604665650711
6518.152400339032    5616.685401497803    1         5.948606395007575
-3794.6402574699086  7653.030034787852    1         0.4330476940223025
1550.8260039224808   -1889.3237329997864  1         0.7990028612889934
-186.97281617107336  425.9077410879332    1         0.9917185664809561
-7400.776128406506   3584.860725696644    1         0.907791452452539
415.72205624934395   -4230.870644732312   1         30.725031200546404
2915.3811970604215   4745.145680345725    1         8.275921731652113
4113.935058155653    -5798.8354112983225  1         1.0757646953741735
-2142.266840245418   6420.307260318282    1         0.114737539720836
1979.755257391823    -1665.0486241420476  1         0.9766072650086668
1557.4905962215112   -7034.94486262158    1         0.5440079760306549
-1972.590632463699   2290.8068744843576   1         1.2284636449478545
6365.557891184662    2364.8423301552134   1         1.2298295233696463
-2681.602227167079   -1280.9020672836432  1         0.9911642712009596
-659.8414793992724   8680.61452942619     1         1.1349499219829473
-479.11416243618686  6048.004194426995    1         36.830430510275285
3793.8773260325306   -8622.477322596751   1         0.3645752488668741
1761.4967607425588   8192.406960995042    1         0.16872770768291678
4508.711592772081    -8159.103588678794   1         25.918065381126514
-7547.160138806121   6642.187110257411    1         21.119430856940134
-4237.190029946131   4979.977054255667    1         34.083349834520114
-109.8111803165094   -3862.3580467077118  1         0.5003762811479833
5979.323405763625    -3662.2858180632516  1         0.40963035381306534
-2851.789274202432   8659.883598971508    1         0.80762610863683
-331.49580431304275  4354.05712999579     1         0.1459179717990438
-7561.864578608198   -3271.597316343482   1         0.43701204997393384
-2875.4178800514464  9430.917443895576    1         0.5275788137739059
8990.626559347456    -5281.737030525276   1         0.6150506247498742
-3531.3258061426027  -7944.553821760332   1         0.39661828571288593
2377.1371109577867   -3164.49219828009    1         0.9056300322133449
7143.7139318276995   5914.31512742411     1         1.1822561193372434
-3007.941754561953   -5287.364087157092   1         1.2445902939919125
2043.0509759700408   -7914.588945800411   1         0.65275009958031
7753.264579867417    2166.347896826357    1         0.24132231105709617
-7226.4837721032645  777.5817119528452    1         1.134165034708131
8643.645747313061    -5545.68458801787    1         0.5793755752763906
9582.371256610222    -797.506371134447    1         12.4369462779459
-2708.301915204131   6306.497509413098    1         0.5649991522662732
-8674.459288247685   2566.579927475361    1         0.2471608351995543
-1562.3590778599657  -8502.244437352008   1         0.6812305399857238
8111.18004608482     -1758.5157623404111  1         0.9437845051797897
736.3365091299918    -8010.681190022118   1         0.3530910995319816
-5210.690851355072   3955.0461033119745   1         0.557353384822425
-9367.975755473399   -3545.6047770319456  1         7.583922410110935
5609.323003040741    5554.177390908126    1         0.5635052226362293
-5473.851230615555   9440.079740037905    1         0.2687310827177327
2076.8980171713015   4528.45420502678     1         28.197294142385275
