trucks_count 3
drones_count 3
customers 37
depot 0.0 0.0
Coordinate X         Coordinate Y         Dronable Demand
3220.515461130928    -6637.272734378609   1         1.1190254767528849
-821.8778791310924   277.80661201151815   1         4.708583332690636
-5153.066278132389   1816.508330010276    1         1.0385091947178864
-836.1874147059361   -6142.342188148871   1         0.47938384554822244
-3630.2232080993062  1206.864622070445    1         1.1111431555295754
-5495.503185597424   5939.07887169986     1         10.054146068510752
3373.6219511214845   7849.388770152302    1         0.9051498390204816
-8790.619724877164   -8922.078693680394   1         0.5961313915385381
-5709.732179107382   5974.777829379054    1         0.3654140180593235
5330.085740485576    5447.258988562185    1         48.28700867999549
-2697.3504541879856  -1005.0801474151684  1         1.066962785351897
-3961.355166537771   9873.636664673902    1         0.2867567046669815
-2456.0933795574088  3640.4244698823127   1         1.105871481922351
3903.8536269410674   -2230.371788207718   1         0.9572585383958915
4602.086535173811    -8268.674896607528   1         11.367529882715262
3744.5582292016315   -9426.578354481666   1         47.267687863981386
2562.4616567974604   3318.9901614295673   1         0.7870957822934835
-2468.05091280263    -4564.63970545377    1         0.8477945201452134
-9280.218428778635   -4302.867604797659   1         1.1341523203741228
801.2808111999       -6750.672376905938   1         0.5814049878362368
272.5015016504286    -10026.973649390426  1         0.8906786748282046
3604.0759891143966   -3148.9905402542167  1         0.46912031433562795
1084.547896003892    -4982.381669728327   1         0.5517439277961789
7698.180886616567    -4729.853433728287   1         0.35926526613652665
8835.993103227662    -2856.353615122384   1         0.3170573526361572
-222.11874530621176  2508.3667971504497   1         0.2550799505787827
2107.88226557688     -5529.236667365385   1         1.3803857716377426
5263.968497549003    -4230.724113331068   1         29.95895033339363
-1472.107987483837   2715.202308897727    1         0.824692356898837
-1070.8140099200398  -2049.8177550245437  1         1.0119012210285707
-1746.1301983127419  -416.85300054529284  1         0.24752336654536913
-5820.977253088982   -2095.1165154957785  1         0.7271292947586463
8481.002462929735    -662.578743567087    1         0.9698029863516346
-2569.343086578947   -1453.7722851057406  1         0.5015080705741297
-5544.374167744389   -8458.014518566315   1         37.45940812652634
-7981.582075323103   4301.0264492621545   1         0.6210862156018083
5384.760971191844    -2599.666950733974   1         1.3747513114289909
