trucks_count 3
drones_count 5
customers 77
depot 0.0 0.0
Coordinate X         Coordinate Y         Dronable Demand
-5206.140484762817   8798.844416536733    1         0.24999940272047158
-8583.197735235275   -5167.38442792646    1         0.1027142178970045
-6690.3720809853685  -4638.859858414862   1         0.5076966664925632
-1219.7969816476518  -3901.4791630844397  1         0.3437688868016615
-7405.556164757241   6671.246532140278    1         1.1788702960334763
1661.605869530986    8226.167069042966    1         0.34257105965835144
-237.49013536772395  8198.650805823858    1         20.696347231443045
1696.3539361351268   -6208.1636646901425  1         0.3373487195462078
-7558.563525687469   6445.795430564664    1         0.9963085050263674
-6665.772215903033   398.13352197163834   1         0.20400876662752776
3411.0875957556327   4090.7357998910534   1         0.6043618882934021
-2153.1841020454785  -738.0294788451298   1         24.48940939355552
-722.128742929726    6836.6067456177125   1         0.8619691650036068
2213.1777737206357   -4136.954988487267   1         0.8886580092413827
-2728.8854771673123  -4194.421248753043   1         0.42876012274714936
5700.83555007803     -8373.57729165915    1         20.089767574647215
6102.4087916250965   -4900.636076839116   1         0.3112434259535285
-4095.5093954094464  5618.679715456412    1         0.3577708413133869
3449.029773000616    6010.890355002154    1         0.2061931172827699
5422.358006797767    -8475.515141684218   1         0.4458855535500299
-7336.851406061915   -1983.047491541799   1         1.2072364562843285
-6055.508227540564   8797.285218818208    1         0.3510179004312065
-177.29230648972586  3970.238306592743    1         1.106805974248272
-3127.7096746061525  7625.929993030166    1         12.377611395602365
2221.1023717980506   5023.619663804328    1         17.552596581492768
3535.2253841740985   -419.6566434933596   1         0.9470414472424633
2439.7165342045664   1641.9861577542893   1         0.28222926177007374
-4099.668804370843   1006.1827645962404   1         17.266339495942656
-582.6670625211386   3852.982673226268    1         0.4249150444143882
2460.2508388789633   6744.791461662901    1         1.0468510159044202
-4643.773502573687   702.204352366195     1         0.40941815777473
-2921.2014823533154  -6459.831441448054   1         0.36890177064215535
-622.2628136213342   227.10831433528097   1         0.9720973526027389
-5876.353714034732   1828.0283648435263   1         19.889681857002905
-609.8343013962431   -8568.576020632023   1         0.10279153580631785
-6779.674533409834   -2833.344906218932   1         29.362558110863294
1249.9543705910683   6657.638323950231    1         1.1604236654714961
-3331.351346008856   -8324.23700786741    1         0.4816532815269672
-7803.675673678119   -2079.707852441731   1         26.305765606630267
2121.2146572171787   6681.127562868036    1         0.9132665186430697
-2283.3166808495325  8527.380665590053    1         0.49898334418812496
550.2498938688149    -588.6688604785315   1         18.154893212942387
-725.1433042191552   -8760.412178397648   1         0.10550377027306729
2153.4941049926565   3516.159872431708    1         0.9274602282401935
-8727.688499681197   -5145.619400857675   1         1.007354027331282
475.8781010092954    4970.113515792928    1         0.44751315784197754
2125.482798670061    -7916.254946272392   1         1.2370051449488564
1488.791135369735    6390.280229807236    1         0.7941426409640769
4338.647767643074    -4868.732176992229   1         0.9013446000778992
-8453.687104291459   4299.806576079935    1         1.1156456332355342
-7493.641752117383   4763.744918815337    1         0.7841685850049391
-8062.039744497926   -5262.106022128157   1         1.0417723412831763
4360.832622709377    -585.1853384220703   1         0.39500132678789823
-4994.175942741728   -1417.1212738416086  1         14.337372859280116
1853.6003503276165   2858.201698350392    1         0.6581483890225707
-143.9453099197431   -2231.559599297031   1         0.44979805128555417
-4559.456946381394   -2642.087031143339   1         0.44186121006722434
-7599.454263086436   -6190.326924658062   1         6.027751592880332
2990.9665945634424   -2916.242199606023   1         0.3840902820377504
-2718.850349563001   4598.781399431386    1         0.8345286678931657
8910.867527884007    5949.492823481115    1         13.033312120196557
2248.268863315206    -6157.726822946344   1         0.20470680522976387
1434.8886984555968   -5369.420430499149   1         1.1131560539516459
-3721.2383335210743  -3518.0747233865063  1         0.25549348791033144
5880.0000206261775   7306.808106613977    1         0.3886067952158747
4512.1685507172615   5140.506613038624    1         45.20690708046097
-122.31231836689595  -7405.614665355855   1         21.12673183425462
423.2510021080206    -8627.978601276896   1         0.5402193524321376
2339.101102129773    -738.6097099774074   1         0.8678089577625026
4290.755854873485    -207.8392413220613   1         0.2692978935121513
7116.963871711414    -1784.9248795298872  1         1.0560124340628703
-6150.005466999824   4578.597921080894    1         0.4409179484366824
-8090.978520184064   -4454.680699132888   1         0.5254626943519578
-2739.1336521237376  -8993.477243144234   1         0.5641722383718321
-2263.443579337245   236.68158766358357   1         0.811138179744115
-3390.2902781030493  -1583.5870773122938  1         1.050275751669927
-1478.8995578572124  -323.2615543615535   1         0.8468831260890702
