trucks_count 3
drones_count 2
customers 28
depot 0.0 0.0
Coordinate X         Coordinate Y         Dronable Demand
72.9221386248426     3707.417081496217    1         3.288115869349009
2272.802084136941    -3175.137386553772   1         13.637644146647467
3335.7667436927263   -4520.266286302918   1         0.6552011703490139
5600.376891833725    -5589.386638421278   1         0.9733189376780219
3117.32926908497     1409.3715962550473   1         0.7294296122466544
3748.334443545207    -1487.6240167569006  1         0.47755120341749036
3050.141557526274    -1609.9078574907653  1         0.38453569518179975
2593.098117578271    -1057.9774269192462  1         0.4956100912882102
-590.8219925495781   1830.6377810433592   1         0.12365630423321791
2485.617438999277    -2566.2030758074825  1         0.16213372168397963
2395.2286638760397   -2926.723297497274   1         0.19325357984091968
-1242.6718075837048  2829.6391220098994   1         1.2222557118334256
663.3947372631208    4393.305038871635    1         0.5653109411483378
-2856.7568277694536  68.28528272128389    1         0.24247078079608317
1554.110731589738    5225.010832095151    1         35.327541012863584
-756.698872619272    -1138.6442626097642  1         1.0395899943706723
-3820.205019368748   3381.158101917485    1         0.2369312166196461
4344.158994363787    799.2585908607805    1         1.0337601080364207
-4474.213723322707   -4900.170473270767   1         32.32755784139927
-1699.2739295152428  -5203.68567062644    1         0.27146470856699245
-2655.5061731852165  -1279.7404158834688  1         1.0836845999578568
-1420.4467028526178  -624.734880819934    1         12.231678651806925
5600.415205069846    4699.659084323039    1         11.886545527281033
-3876.8012286124094  4061.4620726934163   1         0.29549957729604426
-5025.69878909919    3156.003308434785    1         0.5399615882925496
-1515.322290912755   2068.460313750799    1         1.234826475607508
-5273.633040728397   1150.8895892265152   1         0.8552540793894493
-4585.570846362115   4770.882933735012    1         0.6444398817295074
