trucks_count 3
drones_count 2
customers 40
depot 0.0 0.0
Coordinate X         Coordinate Y         Dronable Demand
-7265.759679780552   1644.8243966401806   1         0.5035178844540458
-3933.471548623137   5324.171595762552    1         0.5832562685921568
9424.905718260177    -1128.8349295376     1         0.37590871892302014
-2121.3466183803703  2362.5426029622395   1         0.26079952943214046
1009.0775946556041   5987.106667831353    1         0.4673639643213495
-7322.065676593013   -6473.347112132837   1         0.15826266133085848
-6696.688445320121   3989.4568522554923   1         0.6564808335192398
-9356.574984272951   4265.905132255825    1         42.85811860840715
-8047.520015354931   -1055.8084393937897  1         1.2433673457443561
6883.637197389023    6385.009598812842    1         27.231242173538266
-8148.7809528260395  -7231.735721496493   1         0.6166270363471086
-8875.709591168574   2376.7886905544437   1         1.0131247586080918
8940.658083436629    -57.92898912400324   1         0.7246329543598634
-4055.316351289986   -544.7179227071155   1         0.3748187441250411
1336.1782464413868   -3774.905141345861   1         0.8409551929304171
8812.572265980714    1890.3067975077465   1         0.5395961372932004
-2877.185577557943   -9065.358934726306   1         21.306129935824316
1364.9519105612458   1863.5831688091648   1         0.30048525582350927
-625.3480460202536   4971.755324522423    1         1.7674742035682922
-5529.412401059784   7675.200321984029    1         0.7661047017342203
-801.0289210832639   1913.5103823521674   1         0.7707697701835258
6753.078768332226    -1007.6851792535085  1         0.9538435924175742
4209.263920102145    3776.0370966941564   1         0.2572168196820298
-6149.632411315343   3702.3692785074063   1         0.5154525043315854
-5392.882195094176   4709.619330508151    1         0.9096827161236487
-2664.7059028395543  -6777.98470834313    1         0.7223034939099308
-5147.165925685907   -6656.14774603926    1         0.6399086289092261
6355.00735100461     -2865.3026165779575  1         0.2874166539202041
7448.4290216347035   -4234.321143168993   1         1.0618952869421316
54.87776458867741    6076.833302754177    1         9.556034188915861
4572.359044689185    -5688.011616887721   1         37.28112122423012
3653.9949453687323   1977.393516950416    1         0.7618956828148017
-8245.585337190952   5921.915860069208    1         0.6067774091144936
2759.3674526652685   -4971.500411767145   1         0.8254415349245597
-8804.052168490074   -4252.015894874693   1         0.1237261318256977
2429.8034723472992   -2785.872326177694   1         0.8225780797422002
7846.530983969398    -6430.320992236182   1         0.9923417024315878
-5163.201564826651   -346.3358837515334   1         0.8914497610971919
-2727.995503185837   -2712.0227157593367  1         32.95288221515705
3348.6290861977104   2663.783120880038    1         0.690819550493518
