trucks_count 4
drones_count 3
customers 52
depot 0.0 0.0
Coordinate X         Coordinate Y         Dronable Demand
5604.899051766383    -5631.402979969601   1         0.28802288621661576
-8874.160874862157   4734.889588485781    1         0.5214128277432923
-1571.8826510374163  1604.8582778754583   1         0.5672722931522848
-1836.5229754760205  4359.22324466907     1         38.104463663091245
-7762.6905441161625  7170.809082843032    1         0.9828454538481262
390.7866810617124    1891.1249369245088   1         0.7888514191997534
-6747.118774187109   -4710.542641353962   1         1.0249376803537404
-3435.1347395678463  533.3343421692317    1         0.9229596705269184
-8460.39998588124    -9511.527871664874   1         0.7407854153914238
-1734.8039634401207  6597.303786925456    1         1.218387784305296
-1659.6603071685947  4320.541773751699    1         0.9313528522748384
8983.077148338589    -5699.782324681881   1         4.248112920834846
-1839.2003995604603  9660.79231226861     1         1.046672932534154
5727.64497763617     740.892283886622     1         1.159051257383075
1947.0770534120659   -2417.3853118178718  1         30.99750974044545
774.0858302899742    8753.10394275057     1         0.2665847225067123
-816.5911844868314   4608.158198272091    1         0.49537491923660415
-2068.6589884154873  -2063.9705783752624  1         0.5293465035127658
6492.9749466452095   -4930.941429854722   1         0.834136073536244
-9538.13695382152    -4626.898486200464   1         1.0825292064309993
-7144.362517386847   -8004.064876838369   1         0.7611661314241223
2793.041700668764    4148.611714444745    1         0.9132985763440347
-8468.934088116679   4940.3152826036585   1         0.9384783490567019
-4014.7658950584537  3435.8099232206673   1         0.896786858812224
7050.439428092794    6711.409348176299    1         0.19772088614108285
-6266.251930166614   -2972.9353994522226  1         0.779501293712882
-1816.5561312292366  5134.823978372735    1         0.32194383403399085
3073.115471587032    -5108.081709131387   1         0.4944467646329854
4147.255126562409    -2669.32911209079    1         0.9401381982829918
623.9061751260433    1693.4906035235017   1         1.1180623023830738
-8757.761710844792   -2225.5590277688125  1         0.728637257530931
-3402.814877353337   4549.494345267244    1         36.57753134332313
1383.8384713607813   -2667.2364928490506  1         35.99101045322019
-8101.52393984479    4282.6267287974715   1         4.697870725016082
5438.280243837414    6358.879328964451    1         33.825651969845005
4583.288063206073    1393.28445681039     1         0.9004539415111819
-198.94768870345692  -1167.0328800943219  1         0.6547878361675715
-2571.6815347362817  -7627.294718589853   1         19.615390092677305
-2638.262828327804   -6433.320392645397   1         0.5430711075957946
1468.7141458598048   -498.68098578813095  1         0.593728161500338
-612.4786445938498   8390.525807336437    1         0.8479302959242442
2666.570448882405    -6705.273767081742   1         0.21589199993801234
7117.621029410595    1378.2735763168102   1         1.1271357314599777
-5014.546167091208   8574.53200645643     1         0.6425256519274412
3866.192543514906    -3774.302985848968   1         1.035404927802155
-2496.672591230479   7109.9908409937025   1         0.22206249509948384
6255.324486798431    -4698.637571011669   1         1.834264158882958
5712.9172740757385   -1760.1793152334503  1         36.73587285725275
9414.126448928471    7119.088770409731    1         40.39885140746217
2393.9339052698338   -4948.670837843663   1         0.4120979994509113
-9163.982140643382   1319.1770213295663   1         0.6074015786215817
6060.225579793681    -6907.930333850022   1         19.433745928069932
