trucks_count 3
drones_count 2
customers 20
depot 0.0 0.0
Coordinate X         Coordinate Y         Dronable Demand
345.5419487056555    7410.994064510365    1         0.6121041993641496
-7802.068006971926   -59.8241081745557    1         0.9289333515021346
-5961.286717353988   6170.357911530691    1         45.759325664179535
1531.8371721703975   829.5033423545337    1         0.4208534380748046
7320.812167785814    5122.432916867374    1         0.9369044577179092
2431.156753958503    4269.599210390215    1         0.789071236639475
1549.4296599984136   5481.09973458724     1         0.18123005192728506
589.69486472656      -6965.992996726945   1         0.46360796955861094
1959.4215248081211   -4780.921403398643   1         0.6776822433352164
5615.800271522954    6629.625266707844    1         14.846092177757763
2706.7473147472597   -7558.501382032458   1         13.78781279566624
3334.486629466899    4062.9374392812497   1         0.14062244765401602
-3688.821918720263   3419.3458370691383   1         1.224431336041261
-5112.897346532008   -2982.5029522580626  1         1.152920601164333
5779.227592384008    1321.8998656697634   1         1.127452635244731
9810.871872920741    1976.2214131487906   1         0.9426472726530993
-463.33952579662684  150.2381363638522    1         0.12830741921886024
-7309.584650625353   -6810.939234659307   1         0.8903474329158079
7707.330054252772    -5519.238648319333   1         0.8893239196469686
-1055.8597328559026  -3602.9947198792624  1         0.9863713280814053
