trucks_count 3
drones_count 5
customers 74
depot 0.0 0.0
Coordinate X         Coordinate Y         Dronable Demand
3335.5517439871837   3141.192474223575    1         12.655549796824223
-4685.181133766564   2141.6125450000463   1         32.51175553316205
2484.640744030462    4196.786053487839    1         0.5437217247209972
-4994.389736920628   5805.19418160224     1         0.24444912297346313
6011.258745852024    -2291.9411679670884  1         0.5788874967444056
-4580.402711120279   871.4740123178517    1         0.8227224172239741
6882.339500912619    2474.250347874618    1         7.616038400094156
-6849.695848825371   6096.638871871009    1         38.65417304450746
-7262.014397530701   3470.278165251688    1         22.138647671413878
-4678.070324801588   6124.188085392028    1         0.47054258441810326
-3765.1440115330743  376.8619891610312    1         0.8631239425296326
2555.9169025445763   -6355.454796531044   1         1.2470832448034295
4405.460626299053    -4441.444261003827   1         1.2445523709097936
-7324.726356730608   4779.6974490693865   1         0.29828851274732815
-3688.2376016824387  -4947.841157497255   1         0.9425576143978436
4743.523858806214    -6566.130556004583   1         26.25668003911758
6851.807670781486    -4337.752564796668   1         0.3641334114356858
-1692.6930180136615  -1493.4365352392979  1         41.35669805023269
-2185.69855869138    -2936.2631451675998  1         0.6442258628553111
-4721.22397832633    1126.9273341725398   1         0.43682213398410996
4745.122173534736    -6162.835166575376   1         0.5614454788710812
5877.032713170857    -3484.0904944806384  1         0.6724213203901932
5779.490400344402    5498.7737883356685   1         0.1879264230066991
-1174.7222703477264  -2923.78588488699    1         0.14935166648796155
3605.7988322085744   -3994.917830681717   1         0.6762032902251789
4794.97004142066     3229.5370763619485   1         0.7359499173220629
215.3233319573965    5921.783821244608    1         36.504118957996084
-2534.610570939349   -6280.6584684565905  1         13.672512148501571
-2079.353678526817   6453.567951535763    1         0.12287049429813246
-169.35698922958935  -2956.30396753996    1         1.1780485300581385
-3830.500524538234   -4043.184127568946   1         0.9426628737240699
-2004.2244849346134  -6426.995222129083   1         10.293546884467723
-2180.5899598983115  5315.153577680356    1         1.0028067712255573
-5964.696482744678   1046.8218627408542   1         0.10794631887447927
-5931.530746923787   -3121.7586855999816  1         0.9841651813422323
3723.1933846409293   5204.33427084679     1         0.479883807318812
3953.299676324791    -5909.59323103628    1         0.3414845178642102
4465.884176421321    -1531.187318806426   1         0.12220340693170198
3817.1272655261632   -4230.504137094327   1         0.4471730073809983
5966.488320397151    -2322.4026277718303  1         0.765075007680192
3627.859222015472    -2941.786843161316   1         0.4276005396873702
1855.4145769939541   4475.039136434746    1         0.31857396410298766
-2150.9068614989205  6198.621863222855    1         0.19317489750847544
986.5761204288183    1067.30316429742     1         1.0734480577665197
-6221.048267346848   -861.7218093012068   1         0.34149299553256957
-830.7974652300218   5621.567062777825    1         0.48579165987768547
130.73086357386273   5388.93855250409     1         39.75229612187268
4814.842263486617    -5094.4514873204835  1         1.248130083702716
6050.57513805857     4628.554779881251    1         1.0565429673383897
4778.130033506464    2851.261693771931    1         0.8556072670677496
2568.6599920432245   -1020.4643187786605  1         0.3715808650943392
-2334.114559225036   3601.0980909995624   1         0.38389787192683855
7233.484059971738    -4101.2714689320255  1         0.5337149533785513
7264.206001959269    -2516.449556258218   1         0.9072167958779994
3571.666857609579    -7179.118763325881   1         0.2769640561443164
1320.6028184221952   1059.1049839946766   1         22.72262657986497
-5967.605738001464   -3720.038309549485   1         1.1903265768020084
2961.3460405007495   -3152.884337249573   1         0.9550858934148629
-2402.2440201108257  5744.079916536736    1         22.09555760420042
3301.8609559244924   2316.262666844408    1         24.98185221093022
-3431.265180104319   -5746.909898570801   1         0.8129643448144414
-6626.097501351982   -192.66169185144696  1         0.16378055232431366
5618.217887317304    -22.918614098015457  1         1.1422389265415624
6540.281200050122    -414.1870519462163   1         0.33398338638129016
3580.6977296746018   7077.070039878269    1         0.4594003100352312
524.6007768294819    5496.774565509606    1         0.3083433764836242
1631.0116555630154   5969.291058193613    1         0.9086982548808197
5541.510207980885    910.3130468942645    1         38.88537272500798
2903.8181830709073   5161.889668855862    1         0.7261868926590374
1097.2243737695471   7332.03250515691     1         0.6302527355846127
6463.322311660794    -1099.8391570579224  1         0.9773423863405114
425.8814367186668    -2973.183882661608   1         0.5389003183670317
3006.1329493317057   -5146.587704517046   1         0.8004457625630534
-1973.7341405996206  2877.29904356104     1         1.051212506005412
