trucks_count 3
drones_count 4
customers 44
depot 0.0 0.0
Coordinate X         Coordinate Y         Dronable Demand
-4317.732461523792   9706.449784543971    1         0.1827274923775468
6937.97705946038     -893.1183923652394   1         16.191352851780504
8274.61618130383     -5150.016231804841   1         1.183884294845105
1434.5974707292173   -10513.11286703103   1         40.401759820968145
2769.1516400662254   7442.966426864938    1         0.5584379187714448
-1590.3468277790682  5698.071759020459    1         21.489075660487714
253.69105614355      -6256.473440081857   1         46.53661288357355
-10502.48907085853   -11029.454280350947  1         43.98360504854616
6246.894509522101    -5877.71723677078    1         17.266997088070987
-1455.5781016860087  -1407.1870798073096  1         0.7669819715042175
-13341.048207677793  -1020.851534097992   1         0.2670894189131269
-1531.8657455941375  -10902.439550730869  1         1.1723336319194064
-882.1184915168129   -7259.830979559993   1         0.9864968201734362
-1498.265805736938   3958.103576955181    1         0.5724080051367347
4614.050203857082    7315.0718241524      1         0.4033788433931894
-1483.860868467375   -7656.4037718276195  1         0.7909495666554982
-2144.4898532751795  -7998.239750384352   1         0.6112508940481133
7440.612812178805    2329.1670342219572   1         0.2649067216708145
-6529.139281908093   -10682.0233639334    1         7.776721709717709
5361.658043947872    553.3515958281022    1         1.1240920622779609
5221.92225731503     3470.504689682091    1         0.5047016347548337
5506.757586380096    -2945.4766130077287  1         1.103099533266774
-925.3680911962688   8986.800046009033    1         0.921007346249367
-1736.410265907504   6720.687482874591    1         0.5998115332101045
-6142.454002774493   4015.5045586734245   1         0.29651101293795534
-3679.8452699976247  8782.846274666226    1         0.15352851644594334
9432.296360915234    -1890.7181238258743  1         0.5540286199677673
-3831.2795419897025  -327.443611417445    1         0.2368311490123585
-6000.915959434885   -12885.161842620562  1         46.91463527876865
-855.8613742615366   -7657.434639710252   1         0.32217497547693175
7210.92913780855     2626.483810460094    1         22.28731195944424
9787.037166049127    -1387.6232064400026  1         1.1646615248465528
3668.5267587236513   -4349.6184528761     1         24.602210087386936
4018.2646860118552   2536.440766067225    1         40.44053955542635
3177.7689925372188   7694.553637839228    1         0.5658480634385611
6625.095441716641    355.80071733813196   1         0.7855567525885832
7103.769488949928    -7798.174325475765   1         0.15925632418052024
367.7912694218395    -6847.1601039734405  1         0.19987137510401382
7474.577723270996    -4346.266852674565   1         0.19173454193986444
-4902.188992303431   2929.1676024553826   1         0.48985912577281265
-2866.9355895493645  2294.6945503003117   1         0.10467638161817722
-4708.975697479683   -3872.4343057470833  1         0.18675931355893
-4089.035431738272   7986.622347912519    1         37.58454701122952
-1692.9464360787315  10218.070100976523   1         1.0781146489660274
