trucks_count 3
drones_count 3
customers 20
depot 0.0 0.0
Coordinate X         Coordinate Y         Dronable Demand
-7503.904174093967   3887.3422296393237   1         1.0446173676471981
-4276.605127533725   176.51900840488236   1         0.6192585045022077
-1371.1690963167694  4425.166645621441    1         1.141950324306111
7179.526397611018    -2704.728696351096   1         0.31673874667437296
-3610.728515783714   2906.2453495396057   1         6.376368303357114
-7444.1206409274155  -7493.082922321194   1         9.030635025037682
-3234.553147954016   -4521.1227177923865  1         0.2722145891459987
3338.4458153733176   6802.065055381729    1         0.9389689342291065
-3213.2316186826542  -977.191274939649    1         0.5182803498761773
2093.9167717792407   39.65627102181861    1         1.0199058337597173
408.8327371497515    -2180.6680533629387  1         0.13192513367340866
2458.2432921173145   -6990.922707746308   1         0.3732529933918546
4541.983566124712    -5384.098391965089   1         1.1627385568542215
-2423.3004530169956  1845.8188377341796   1         0.6582719735432891
-3312.822327348517   -5971.741575518207   1         0.741433592548947
-1434.8313799622547  6342.4275478848795   1         0.8156011101411711
-5909.888254686403   6852.8712607470325   1         0.8934289621247099
-3438.7650917181945  5219.987059320417    1         0.44696218742845495
-868.4629809346479   -2087.984070671713   1         0.9184226564695791
3998.9829033127226   1691.8505999386198   1         0.7806240714346121
