trucks_count 4
drones_count 5
customers 100
depot 0.0 0.0
Coordinate X         Coordinate Y         Dronable Demand
-8816.309221646248   3414.7526157543552   1         0.8489435873707675
-4895.681558923663   -3846.1566205738336  1         0.11013838393313388
-3864.3214332784355  -5199.029074418177   1         0.5434988832909405
5182.938733102799    5503.764770497       1         0.6773153703216493
7664.015251123401    6826.910986089315    1         1.0922081861109063
9076.82859398449     2691.97050592207     1         35.63197942220473
1273.0092794598286   6133.409054421062    1         15.735238343401072
9432.383167490327    -1191.3430013254042  1         0.30827544990139355
-946.038225541613    1140.7445444401317   1         0.4071066777210608
-7385.296798178793   6116.017046326802    1         0.9483555328218678
235.68202292536404   -728.5277742221546   1         0.12177630600066817
-1247.9114561079612  595.9967053446652    1         1.2278469057750665
-5256.861671079125   -7022.846817464303   1         0.41897073108459093
-8093.43400887556    3305.6689693274875   1         25.069212892590727
-575.629170341419    3845.749608651575    1         1.05819144433904
-4814.989638221999   -574.788337480661    1         0.5183287716888477
-109.66304009913884  -87.08841495613898   1         0.7952991081320946
-4411.800046001931   7440.466593832784    1         48.516381011110774
7139.733212060543    5723.840457854043    1         0.44208704343756156
2686.334049451436    -9779.6145301001     1         0.5774960817319864
2857.232989748611    -3997.2226115699586  1         11.746969934546987
-1746.8783221269289  1745.4212805411316   1         0.9829515750189161
-6966.514878669439   -5489.030127757579   1         0.19082780342689148
-4767.619330716393   3683.7724795810095   1         0.2687741613240624
-2014.130089884054   -3278.524055765729   1         0.6842570133953861
-1299.30276455708    6049.444660114266    1         1.1057513357932436
4132.582042399516    -3105.0686040915775  1         33.37877071781905
-849.5821160549468   2253.0342552818124   1         0.10799636122262646
296.1183445337218    -3704.160486933253   1         0.7658995015817074
9640.255009177601    -224.20005523554227  1         0.8231216049578446
3422.8719787208915   -9620.015552282293   1         0.5330665719374611
3605.5885106040364   -7682.375709863278   1         0.6177000216080973
6849.9171665089025   -4976.436977294714   1         0.41017030511359875
-5087.52226383201    -8324.613725691905   1         0.6168353812265086
-1242.2140577101982  -9153.529358661777   1         0.3175696190664651
9568.081309052148    3991.4459528814405   1         16.345729744083602
6830.069017437971    -6987.008342420447   1         0.7106900278555557
-6337.380004838222   6685.246496715643    1         0.4781887524917441
6259.649818961975    -6509.924268291569   1         0.10121113385596067
-1670.0272366064798  -6693.903554704741   1         0.1444157156675361
2791.961885065996    9164.925360512963    1         0.5933711906708846
7182.215282563023    -4294.889846836829   1         1.215524432906112
126.66926616771936   -2315.052938018743   1         0.74467598072199
-1850.399796032134   -1056.7200721601655  1         0.2051242449484243
8442.672025526734    -3178.519097128222   1         0.14069594125295687
4588.599604675478    9455.294213028996    1         0.6300554177529999
-8524.154234181267   2164.592835321515    1         43.53516170535414
6212.821076455315    4040.515964304588    1         0.5668183808615623
4218.894872737798    6512.587460538562    1         0.8060485780668429
4520.870111444892    2875.3378906012435   1         0.6771732806343849
-6396.235666551442   9783.150642360115    1         44.121563664509075
-2294.1215433966804  7028.8264313829995   1         0.9065748703345295
9522.260530310745    3429.843524900526    1         0.6455244291647604
-5396.9396587332785  -4264.62131979025    1         0.8371883043931364
-3771.5277652875757  9528.69233139349     1         1.025731207722271
6009.840436718896    1743.7643384867208   1         6.718334542796765
-5470.124823100201   3205.059357322613    1         0.8804634178261466
-3604.5983778815007  -9638.33491922077    1         0.9987154502326527
-2165.1119640611987  -504.7356838752478   1         37.645543190205125
-1112.276152580133   9674.636662450199    1         0.7527404665315324
-1160.9861445214942  -44.09679284429321   1         0.23453745412226443
963.2862845133768    2655.511256797934    1         0.5135861179265604
-2140.901350318231   -2680.253815297429   1         0.671971518345433
-2230.540216583676   -5970.95107256538    1         0.7223528065457546
-1965.5113364105655  -2791.156923407294   1         0.761614428819156
-7495.660802075688   4834.038845653596    1         0.6936856668987825
7635.337095745677    282.95235535815056   1         0.10317620675750641
-8698.981177859045   5057.313276830028    1         1.2389934805716205
-1788.861560818564   7971.185804352152    1         2.6657115601046186
9226.958989776269    -2924.4094257143925  1         0.9656486255657728
-1288.3338087680718  7529.049154416778    1         12.358267377799505
7962.0827451403475   5831.7072131722225   1         0.9647708345273325
-2346.4296052218306  4490.383070611359    1         0.39542062318749993
4794.440799835828    9672.039902266444    1         0.9125944847890325
4107.076831713902    -6457.456159933564   1         0.9411292273077091
2158.1260829395833   6893.149744136974    1         1.1559372970067303
-9196.790302908548   3734.429619286749    1         3.5811739829296725
-7061.379070040764   7476.513736881096    1         0.22345026489907754
2719.2109314454456   -6729.476222387884   1         0.7472035762663825
-8220.124684464921   -2888.7726038617593  1         0.6543202320085398
-4178.079336558819   -8106.660538901844   1         30.740446937101655
7423.844114783433    313.3805010440682    1         0.8494516281146781
997.0779389109678    -4296.408447138366   1         21.236860093244207
4261.076496097387    -1868.3022230265105  1         0.9839931858957316
1436.3593970513323   -6887.432125222971   1         17.70081058035419
-9418.230163880706   2603.5613799028283   1         1.224602432460535
4388.590186254707    7430.30125818275     1         34.26573226870763
5727.718634943044    6786.006658022879    1         0.7342807065300919
5548.129699349792    8517.184852968743    1         0.2926986894961989
8439.257465816785    -2785.5573337488486  1         0.9409270369386056
-7004.824367037505   -1236.9534166328883  1         0.2853578577535551
-9881.8863390994     -633.4854972273891   1         26.27421443863899
3206.508176822194    -7986.42785829378    1         0.5894189947759175
5620.744521004648    -4270.960795200819   1         0.6011777177247891
-5766.976674132416   -9731.778801805887   1         41.20632173865909
2898.147885109102    5625.036382960119    1         12.464512016385497
115.91840736470277   -2070.3803313300195  1         0.1091444438587998
-8474.21553433142    -8635.305141796889   1         0.9663528803285382
9744.978447948568    -808.7683721463483   1         1.0441035525381108
2835.0984815580996   8505.455063973079    1         2.272831412620807
