trucks_count 5
drones_count 4
customers 41
depot 0.0 0.0
Coordinate X         Coordinate Y         Dronable Demand
-1902.7787883871188  4613.156432409678    1         0.2625514231976511
4216.346087682954    4915.994030214155    1         0.5932249330202377
6348.664980024485    3898.41291097243     1         0.813237699153937
-4334.678940348476   5886.885307269402    1         0.145387323282473
405.41843778480757   -2872.3560148537845  1         0.29007334377981553
-3502.021203608602   -196.28704251013812  1         1.0491324320686877
-3531.2048235660545  1267.5754645278237   1         0.1019507731531542
-2491.1562907456664  2238.2670514201855   1         0.1864869471393454
5934.3128083351385   -3012.8569125537197  1         0.45124557573452606
-5194.768572292455   1775.2736296047917   1         9.52643486191231
-4896.52635211617    6739.925232443919    1         42.90136144283625
-3958.29157267775    -6100.360645181175   1         0.4996689545673797
5677.11195943783     4302.194891208015    1         0.9764924349425503
-1251.312937451359   5801.216171635789    1         1.057717268404474
2832.4850868225203   -1315.5980344379668  1         0.3344826422814849
5712.58384443815     5099.430331739804    1         0.6411710538412118
-6737.937628406364   -2002.687139096898   1         0.3030724128422861
5490.159578335285    -4758.477831205081   1         0.23207493105802443
-6113.166413982108   -2672.709903290149   1         1.1272567988232833
4644.129764003504    -6197.820369635036   1         0.549506058933505
-6197.287688243276   -4058.274877301165   1         0.2527923068215983
6008.263132072478    5001.009272993436    1         0.5554386637816207
-4660.527151180587   3007.023197366929    1         0.6936358377576161
2832.7775301581387   -1392.4281629049447  1         0.52712328275401
3193.405826318405    4896.669258373218    1         1.0080615838943932
-4875.552400927111   -2134.707719144069   1         0.9273747347136545
1751.7051575657888   -307.31314316784386  1         0.6410812584210857
2546.6169877418147   6328.438717757002    1         0.9990044950807121
4622.4450176028995   -4483.8248554573265  1         1.2301526856968865
-4585.852061330631   512.9840919886942    1         0.5127509527023456
4838.4265042820425   685.9397954100659    1         0.485632721455467
-4660.686571482728   -689.9056088769919   1         1.2362933180657651
2785.9270821557157   -156.09713396266997  1         0.2436921986261709
-1296.8260956361923  -5733.23010743343    1         0.8148501272089619
-2820.176383307381   -3767.347268295273   1         0.6061762584109799
1661.1544697977276   3792.1686750195363   1         1.1772532860856504
-2362.3045153931184  5937.329536407672    1         0.8394517854865907
6596.295716431038    2652.601051170948    1         4.968791943856624
-2764.2162586460017  -605.6673252786932   1         1.20521708714234
-3781.0235455766046  -3724.1907873285245  1         37.264981625929565
5594.0641204483045   -5811.797760461988   1         1.0565112282477718
