trucks_count 3
drones_count 3
customers 78
depot 0.0 0.0
Coordinate X         Coordinate Y         Dronable Demand
4641.287509368289    -1926.4398179635818  1         0.16316726144352794
-1971.3651445437572  13065.245668950443   1         10.552800545984185
-1762.3446504594285  -8905.436046751021   1         0.7633521813133887
-11669.932945526332  6665.297924264196    1         0.4478922535016907
8205.718956551227    14473.207132338437   1         1.1464933159404984
2412.5509347532907   8566.286659818734    1         15.589616977907314
4677.184857973648    -1106.8109480166643  1         0.6069216004534281
13458.619590719081   13703.59269317656    1         8.395245214595162
7415.773745433825    5738.464605909476    1         43.10696415215678
2178.813477331304    8529.26847867555     1         34.71525920238593
6979.961735812707    -3178.182301626402   1         3.655066382108923
-6887.0116194310895  129.76943684015845   1         0.5936968352287906
6049.7452670243065   -6307.812848262072   1         0.39331300078766196
3323.347360857051    289.08962842184883   1         0.5267410547525602
-7494.677579201359   4128.875462375607    1         0.8356143848172656
9691.214406076031    -4760.990435847541   1         0.16702770555976507
-2816.518721938348   -1708.579725060091   1         16.578629801236005
3500.843570530081    -3380.098154046939   1         0.6592134211071767
-3045.823515541125   5774.398511375288    1         0.23442423440904286
-1130.2036207307249  -1186.8550488483932  1         0.15371814915449272
-5898.904184039178   -11924.961397161656  1         32.21131795860409
6025.054988622695    -6390.929393258468   1         0.8536502819703575
1500.5545356604289   6214.866885410951    1         0.7680626618976066
-8982.309969315624   2267.2592466047054   1         0.6909350211058537
-327.6838900365897   9287.956539873341    1         0.4518672708255782
1154.6378339832763   -5584.81695773885    1         0.9687447636648263
2584.8894278148086   10561.546512984298   1         0.23678271203162904
-4911.937787649969   -14384.169170635054  1         0.13109644299521353
100.26848043250675   -6672.963985812607   1         0.750043605318447
-10795.846119658172  1366.9763546413596   1         0.5254975267308979
10587.488403928764   12088.870515903782   1         0.2611915181682016
6430.901036745469    -4853.316024165729   1         0.3557006690463217
-1664.1003960534813  8838.055752554297    1         18.248283534492174
-1857.9041016396736  -2984.766525774755   1         0.8043060077385097
-6977.941344248494   3944.195121790638    1         30.5397776114383
-5809.14845640733    5347.339236034518    1         11.915805536960427
940.4735093707634    -2596.259069599994   1         0.13564493341478032
-16069.335780437348  -9366.963179469985   1         36.403202255740034
-7264.031419574481   -3000.5937897298527  1         15.978435042764573
3203.9659981300842   8236.077342400462    1         2.7372880311055834
846.079680625028     4106.87548438004     1         0.6981647196702319
73.74678833272628    -183.70165936298145  1         0.5000254658575717
-2440.924635314027   -5412.111725883704   1         0.27886077433535844
311.5015628149386    -7456.58272702057    1         0.2236722241881622
-4295.299797825648   -7766.251858120222   1         0.6345286866066459
-4015.659057227283   -9539.785711519362   1         5.458857016066538
-5671.326886154082   -8631.780439976183   1         0.46869339954750877
10246.51184140319    -3485.702023691993   1         18.158687757631604
957.3121579749583    -2274.2527672955894  1         0.26275313261260236
332.68208532542445   1391.3278826510386   1         1.0334484153908343
-4747.090324197283   -7131.616521024893   1         0.9877694666048119
7072.051717793545    3629.3348896955836   1         2.3406006206364176
-4762.81970545138    6471.999561915824    1         0.7762259361991176
7365.831492057608    -3912.133383033339   1         0.6388143577435466
-2022.0818578398907  -1500.729097737361   1         0.4508537204789683
6062.437704619598    -870.6229230340397   1         0.8132784026937818
-7290.492700976958   5793.098791236243    1         0.652772648002177
1476.662828360736    6121.1335606348875   1         21.549489366939362
-11000.508024046896  -16981.845382669206  1         1.0903698935937356
4839.394880295365    836.3104119878979    1         0.19046388744053278
8580.529628241953    2488.451248895425    1         32.48187006645649
-1083.4563269012058  3689.2346084532282   1         0.7255253091597692
-10173.692910006614  -1796.8259121926349  1         0.24126674351841065
2518.4802188303656   -9201.222139118767   1         0.8335316720125772
-10006.299037312892  -698.41277467512     1         22.527611491306377
-2823.46933025961    9949.903191906533    1         0.2688097376734401
-7792.455128115851   1865.6959800835978   1         0.8603043861417268
6755.325692083076    1534.1975781272824   1         0.8007548953275613
2437.5904426389516   -9864.522177112258   1         0.3647099041584071
-8738.519677973554   -1453.6965493126684  1         14.81696186131343
-3801.2397966545514  4481.55674136841     1         0.9490359935383231
-3521.485686126776   -1875.2625954151576  1         0.2740576639863357
-5928.350382300167   416.5905480156193    1         0.4909012794581853
3092.959067996625    -5789.446279017178   1         0.5781317176616727
-1519.7457606187468  -4507.07634008632    1         31.93596429231779
7840.100869819622    1763.0776583535273   1         0.5509797437932015
-3578.5516542839327  -4350.707638638163   1         0.6122415821599952
6510.861459644304    -756.6349998316008   1         0.576484259996237
