trucks_count 2
drones_count 3
customers 27
depot 0.0 0.0
Coordinate X         Coordinate Y         Dronable Demand
-1177.0048891761342  -8298.457780609348   1         0.5420628056606117
15526.182352866697   15131.711983013556   1         1.033174829306899
-3607.667481716375   -5947.578621694232   1         0.6289668148261426
5971.707969021755    5132.032562308966    1         0.21524841903169323
6231.491105787264    -2242.7216251210466  1         0.19773423988850886
-8087.3367240993775  -5740.256315851298   1         0.15960796850739298
-9844.893545501265   3536.678270808678    1         0.46093088049274
-1051.617434020677   -10512.627184925434  1         1.1204705053912332
-7209.695636822241   6351.574106639873    1         12.89947626355957
-4204.539863699559   9054.94275198115     1         0.11813313849987583
1214.190757770548    9829.468395372998    1         0.38789691528314163
-5801.802105190125   8249.996108952437    1         0.2736996140889174
-1771.0835764694343  5766.495677532824    1         1.2041497809186326
-3908.2913809670563  8001.337230386228    1         0.26596590806020104
1922.017411449386    -5797.859353564651   1         0.8292314821233201
-6334.269815344083   2962.831405559402    1         0.8719811158461966
-5596.701943626141   -9344.932174843232   1         0.2952353250741937
11370.705961815718   11420.63663375426    1         1.0460319990225935
8214.83622990102     -5857.604111412221   1         1.0262077370984117
1259.9341646114212   10214.1067102998     1         42.81109520964554
-7378.985073099344   -7838.097197279202   1         0.21972796624138055
3315.4997293108318   -1577.660742891614   1         1.0981207809234925
3830.017730335836    4316.327331777945    1         0.6399423581634348
3427.0499368314195   -1267.6075798521176  1         11.835863146297612
-9211.35940669225    -771.70204813663     1         0.17270273295749128
-1220.9992138513771  5694.432750158756    1         0.7479568403946867
2778.6980488983327   5534.4969455456      1         0.6422734966633414
