trucks_count 6
drones_count 4
customers 88
depot 0.0 0.0
Coordinate X         Coordinate Y         Dronable Demand
3510.516549777284    4805.68479338591     1         0.9006633918730844
4829.772507812482    -1508.769350115604   1         0.42645345018167924
1526.5433876848042   713.9736691740459    1         14.360604048779638
571.7979067512124    3289.6309564638186   1         0.37640862480783843
-893.8864662086344   -3105.879778589877   1         1.0746698363311298
5670.753648191054    4843.109386381672    1         0.6785696533858908
3680.4793913007807   2174.0132270090953   1         1.177748817712038
-3043.715639993476   -5089.021686094122   1         0.4468119913314922
-5938.241936504267   -6599.878484932495   1         0.18318749943364265
6404.802959534086    -4342.819664003475   1         0.6490501076297683
638.4347542251326    1100.3162437680903   1         0.5097477793093783
-5292.7179025604855  6017.524618908759    1         0.9036933374806907
-6483.024146384266   -1509.9874489759707  1         0.8733445349325283
4205.787201362432    6690.791298982459    1         0.3962219451492611
5194.955246781974    1349.6397013408655   1         0.8369134192887291
-5280.301093194729   3008.537654608862    1         10.837664768198213
-6531.545227229181   -1231.5320692632679  1         1.1674421065034832
6781.625800993055    -5315.156902838562   1         0.4990243793655139
4620.9144485319275   1827.8483955699553   1         1.019210204790884
2497.9920129905086   6028.422412948547    1         1.1558507475255542
5202.329066430357    5804.538616674843    1         0.5388587184276773
-4895.423224033492   -4580.434579623474   1         1.0834031957005954
-2411.4422219416865  6229.988440779566    1         0.2330655373646284
-1648.29096890223    -4348.760087605666   1         0.11271132450856942
-5003.975550733675   1780.509518552571    1         16.340453998476804
2578.908999960021    1422.6335279335026   1         0.9033034314865781
5283.207654283025    132.57385171429843   1         0.6241497234419964
-4261.76950225623    1885.561735695451    1         1.2202415581536867
408.57329759157875   -565.4620496235665   1         0.7619957102106136
698.7914841254263    -3024.3438174407247  1         39.083269707233605
4031.9389686355225   4627.44748019902     1         0.3284730838872826
-6478.094461543194   -2577.220704802011   1         24.666205728739268
-32.12825031625198   -3168.32195230776    1         0.867916254355009
-992.7834318553239   -2785.0764315818765  1         0.5817470014627246
-5738.482119775805   1863.4652285971      1         1.8751743474975897
-13.057142014518831  6723.090401929953    1         0.37887920115365314
-1733.5391965554174  -5045.658026721864   1         0.7809426780341518
3324.43386368783     -6672.273392081433   1         0.313602178799483
-2389.9874836318186  -6198.563548627632   1         0.14452214669704636
3260.8453602406344   -4288.52919581877    1         1.6639784541325267
2952.9449188954377   4656.19473768525     1         0.829292258619526
-4462.8435846547045  -3138.5264241210634  1         5.911177467707703
1764.197596952113    5780.089295164431    1         36.7746744902411
4156.94073278449     -947.8198113842217   1         0.9108883105891162
5319.3360141919875   -4214.033947016517   1         0.5290389306990739
-3639.242572160176   -4016.4226112495917  1         0.7077761129185122
-1071.4018759081873  -6706.268600447711   1         0.16373425387119034
-3384.9482013617294  1459.8613232061593   1         0.21252371889995159
5360.540900910567    3833.8876402733254   1         0.3129412816086282
2464.927735189171    1745.2898281889734   1         1.2328176772872563
3523.092310615072    4095.1257752785477   1         1.0726082990079722
4263.655401836895    -3184.309397420021   1         0.3938508499676796
-1.136099229976935   1972.810360194383    1         0.3646139711132107
5866.826881713007    2461.847882948759    1         0.5251383975522779
750.2404345742532    3055.206703019664    1         0.8415903868288912
-3965.8374931396656  -1700.1436665100046  1         0.4439857070174029
1192.289416454031    -415.23502856112725  1         0.4002574377106939
5446.115445127707    1342.4835520875379   1         0.19597524516719117
5068.870884528286    1166.4025044150055   1         0.4732197408701526
4636.07654540718     -26.328977370640107  1         0.8212897750605525
-3134.7986516646993  -4207.69746327201    1         0.6203577164009072
2270.236502070512    4192.843208528356    1         0.9724387960265389
-2005.688398234765   862.9684509985123    1         18.945028025266392
4425.5764027643045   1776.9137831375801   1         0.40641718589548537
-1964.32833120399    5093.810154583473    1         0.5683146114326763
-5133.551470517446   232.37733233490474   1         0.21603222740303557
-282.1415650291437   -6339.1536596694805  1         14.69665311549502
-5372.559028851856   6090.033624472205    1         0.9544959881381566
-6152.291558636885   -3851.5175896848145  1         3.80339549339641
362.26888108310214   -960.8034307115876   1         1.1210014594569797
-3474.686027676274   5514.566087084112    1         13.304755691230506
1044.0442533827218   4479.550816161035    1         0.8148461643382259
4507.755048494705    1395.9133054155636   1         0.6180496760394975
-5529.182662370427   -3456.7863349890695  1         0.38378203247233234
-6064.395925389779   5944.183393887017    1         0.6920347549926407
-1319.4786583444745  -3860.9528985343272  1         4.789765407282047
-6332.846065930523   -1892.7068099773892  1         0.6013875449885555
5556.992055797074    -1910.37609735144    1         0.3923558254650362
303.0765355214173    280.25541325943396   1         0.46478618591441834
1074.300275737416    3026.6781563468567   1         0.6666529439516374
1613.3914939338542   -176.93250577888114  1         2.9645196773567104
1613.6041264866883   4389.665118862413    1         0.16468693571643872
-5211.560089915198   -834.8058240356183   1         1.2014735485315349
655.6438451602556    4257.521794161048    1         0.32370258998172996
-2765.8988340775795  6670.962823153184    1         2.0935218783168708
-5422.168774230893   -2251.8263580125986  1         0.8625276394068269
-3238.240283583768   -5970.029813746926   1         0.8103522393183566
4290.333617993944    -4333.077712588166   1         1.0021978441003696
