trucks_count 5
drones_count 6
customers 84
depot 0.0 0.0
Coordinate X         Coordinate Y         Dronable Demand
-3502.018890247533   -2081.44640214733    1         0.3497265809019889
-7512.387023557849   7719.741731145401    1         0.415738190729661
5798.7768533489225   -4417.121221758269   1         0.215482611332538
-10135.673931666703  1316.182584527159    1         0.13126279713340647
2890.4344529803325   -4229.921371476853   1         0.9730036619926713
-11205.142578337345  9269.891399742306    1         1.1706649846969572
5021.010706485684    9145.063812438633    1         45.69441680516168
4079.709745434378    -9361.424670849628   1         1.009606143048991
-2364.373678493314   -10519.98666436942   1         0.12629858313977213
-7461.293484693085   2578.886675830095    1         0.222217392611962
-4083.7760401119767  -7899.669039413153   1         46.40862575745367
-13139.45983564804   -4407.732429688069   1         0.26636246870309344
-5893.574813111388   956.6360272417033    1         0.6652866096275878
-7149.558392830191   -7038.217962052936   1         0.44849837503694
6420.715623198622    -8861.889164909595   1         1.22847681737913
2962.8421865558594   10467.6296095464     1         8.15794967768772
-9499.69769374287    4220.896507740589    1         1.071855944770705
3217.357080294818    -5288.296588796788   1         0.4520076327163707
3682.7253930818706   5788.086370596491    1         0.5951835561330721
11090.344542665784   6055.848256715863    1         0.7163624478404447
6740.813691044493    -7656.72024495022    1         0.35325903947148674
4937.237404717795    1190.0720120360304   1         0.25615109492837285
989.9919286083608    -3301.3351377472454  1         0.18291957536263956
-6523.374059135279   1032.1167178361009   1         0.6551818188417067
-570.6086124591177   7291.544010015968    1         0.794391589557836
1760.3868104873548   5131.313042298308    1         0.9103671210675593
-10700.834065451047  -1435.6658611662533  1         0.7161945028184139
-13351.4634328797    12756.93583761354    1         1.0518289275428998
29.6526028314706     -4058.0197543536055  1         0.37197916596342384
-374.89227438342914  0.3898406926825098   1         15.892709277252738
5546.336399786473    -4868.517661679581   1         0.6503192977206869
11376.343694848836   6248.976416666546    1         43.208029634050284
5211.427250715105    -4336.141284259434   1         38.59662494732472
8941.617536773942    -4362.288559642553   1         0.46392237319517393
-743.9200577156261   9113.052439755067    1         1.2190391089894694
-3841.44217332884    2836.7130795018447   1         43.56113068223112
-5809.012477934119   7248.108243062723    1         27.493889579411668
-5370.051906162258   -2844.791018602257   1         0.920313663271473
-3004.7491916052095  -3311.4840944435296  1         0.4137629651982079
-3970.794427927592   -8188.878573238775   1         0.11463559053049363
2350.816357624633    -2631.242147746305   1         0.2999151042282237
-6167.581880656886   -955.5463356519418   1         0.9257476202136636
-2684.5949695318973  -670.6923337827137   1         0.5330043030354815
-7922.109191589413   6176.288787007427    1         0.8293203543631467
9106.632264294602    -3649.5916749851744  1         0.11322023307768467
-1853.0526266440538  -1749.8151320189336  1         0.9150931741600609
-1433.8614934447644  -10068.268593526094  1         0.45602908273173814
-2433.4306851470524  -925.508638532066    1         0.21036215396254604
6843.575053564386    1724.8970065406854   1         1.2152493652395426
6171.972992157398    10098.853431686448   1         1.0206243374912158
-13613.038330713049  -14518.31730751579   1         41.04179280053083
-5115.310855618429   -3738.4124144358047  1         1.0379185984217232
-8335.698428909944   -233.64193074679937  1         0.3286248880398387
4014.7038681202835   -3666.1498343705834  1         0.6616990537287399
5883.048740807768    947.7511619179259    1         0.6409209111148647
2295.184611902974    -490.5447374955744   1         1.22341715350916
-10678.192264496416  2262.8319033576768   1         0.4761804462628202
-2063.1500763411454  -6058.448274375652   1         0.5480774535437897
2482.7469100672142   9134.811954367924    1         0.6782636413890946
2539.1156769679474   -5585.200921309749   1         33.523988107851146
-1992.8926047642688  5709.642823215069    1         0.9225757639500569
1436.6112692691936   7353.585409362182    1         0.3069438317763732
7863.114467604683    -3683.6278343424397  1         0.5722366528974208
-3800.0018053782746  7269.36519408109     1         12.802429189210171
-12126.22364336783   -6974.711159512946   1         46.79527270311733
-5562.794426887217   -2722.708956538123   1         0.585769991075838
-3864.921134756527   7193.094590206669    1         1.0217231733174579
1162.9535417862967   418.95874021545166   1         0.7691990436559314
11025.302626543036   11556.505993132649   1         35.69334843386696
-7342.709153802472   9513.38332398005     1         22.9210512886716
-993.0428472710009   1228.6879820714482   1         0.9218413766809516
8797.885541806663    -5752.817796080089   1         0.8565961533302544
-3370.803330106245   7180.49848979061     1         0.8103733281816808
-973.2179022574426   -4031.897296893088   1         0.8933221894066705
-10711.259750832967  -2067.276252109072   1         0.4974857260454286
5426.9281848566625   -6691.420191948111   1         33.676386637254005
6339.8254211881385   6675.360725545086    1         0.3699853135443263
-3998.78785351229    -7050.301820701629   1         1.097450983601427
-1941.0114480845807  -6842.120938095891   1         0.682444527166942
-3195.0669870052902  -3985.4657323268234  1         1.0199560499834743
-146.59305369895023  3920.598293272038    1         0.4519653599834156
9147.457091058404    2891.868843570159    1         0.6323569332408809
-4607.68805007836    6556.754360168101    1         1.1174360980086484
120.16527274199079   2834.0230455927313   1         35.655951994351085
