trucks_count 3
drones_count 4
customers 76
depot 0.0 0.0
Coordinate X         Coordinate Y         Dronable Demand
-6089.450113717157   -6131.083464189817   1         6.0843628170119235
-10363.675259636375  -3004.4144028635083  1         0.7393916556613488
-7331.512468472604   3647.3955669100674   1         0.6628793830272978
-4836.523710758059   4515.203647263247    1         0.5840123634885628
-8113.5706089862515  -1169.8898434235111  1         0.9463830865864491
-4564.541741400807   9038.257638981713    1         18.226904503273744
-852.1062887980677   -2893.9387178709685  1         0.9995595499461049
2474.088660154465    -3902.1753856117575  1         0.4691852736065134
3811.497773913685    -6814.019895145927   1         0.675118273515984
10798.519244314679   -1059.4492533012133  1         0.8187393731703907
-4491.144704339359   931.4192744456918    1         0.5482308806258812
-7382.656560210091   3458.1367648068776   1         0.23364815348002838
2976.1026849279206   1638.6722311247647   1         0.13055969389808114
4201.733769674064    -3662.928658489632   1         1.05420567792967
-9792.838411848417   -4208.621819374006   1         0.3399269308767197
641.0767635076639    434.08811545764854   1         0.8388167435899151
-3222.8974216370434  729.7299801185891    1         0.145394865573125
-409.58147960786846  6150.424367615116    1         1.0435156446842353
9148.455534573242    -3412.610118540369   1         22.308787738748205
6425.559334976694    -7723.751820487296   1         1.230693535485912
-3743.968272645995   -8522.244915279682   1         0.9583542754899153
-5790.34287981896    -4724.994106289829   1         1.0735891527415664
-8700.189586837274   -7381.9604154398585  1         1.0977464179411065
-7919.60171020248    1911.8957779644334   1         1.1398722566335244
-9721.005644176254   -7673.395424643791   1         25.419263104905717
7897.241079360861    -1182.7704521611292  1         0.41382061892953004
-5230.188316987535   1965.3442414706396   1         19.407719703284343
8642.19816130518     2323.0759705840105   1         0.8991328053787442
4906.96724421973     -9466.77308879536    1         28.621597745315444
-8582.261841167088   5193.619908251252    1         0.17819369757369696
1296.2913864444781   10590.615800613949   1         0.202864493637678
2344.87946169873     -9644.846608976171   1         6.539925862785101
1640.9929377384524   -4681.809829020542   1         1.041490036536899
-1042.8043467504087  -765.0105604531266   1         5.574138971593824
7465.390037544566    -885.8605116086728   1         0.6883557142355659
-5820.332738349738   7021.689565415851    1         1.0246520478137637
-6753.506057001741   613.3094970117493    1         1.162652932177809
-911.1817714906892   7769.388952603281    1         0.22156533156907907
-2638.832537302292   -437.11831287011984  1         0.8636465136052656
7044.602788665991    -1084.9554142739055  1         0.12029936193328948
-1066.4302672547976  3735.4563512368295   1         0.398956354961996
2783.3424607861557   9726.068438340932    1         0.616140985499988
-4582.735952372434   -7484.233550556667   1         0.7624764336013683
6871.082393623426    1705.2222238560691   1         1.1459918755535943
2969.3044850051547   -1356.200653800381   1         0.6527598018379566
1500.3399231713336   6833.182967021857    1         35.2987465742359
4032.0040233235973   3006.6772939416946   1         1.1511004332585864
8585.790642190037    -3943.645531273959   1         0.8438776543334191
-2527.545866763028   1076.080686147976    1         0.19282517559142323
-4969.55891661641    -8875.075120471929   1         0.35918255301727897
-6634.488982995326   -3877.0609636770723  1         1.156074562599213
-31.021840512201738  2137.7685848056926   1         8.071794899544106
-8191.46706360723    2177.4345401678565   1         0.24067850960395776
-7015.992264739116   8867.39471442116     1         3.1770710938710174
-7057.244354394303   -3083.586559298578   1         0.6867256918864418
4995.273618049118    -7919.61941158787    1         1.2328192748012083
-292.90791824462275  4647.659558562436    1         0.663603272113062
4685.705069058994    -8791.360804636208   1         0.2112546532870515
-4220.848278952537   -8303.897678270969   1         13.03489619223997
3740.88089250257     6411.256326660114    1         1.2059305672447933
-1894.431104517907   -3940.726877190848   1         27.260450579439073
-649.2857334207961   5837.451761294096    1         0.7983808951039053
-6550.245296153818   -1352.9038223996406  1         1.012273420539124
4395.426882115011    -7711.816163506855   1         0.3471517650088432
-2994.6547423157745  2877.3386805204427   1         0.2323063843190804
-8498.867044817265   -3252.292235196561   1         0.3833978827284783
1241.665911776946    9615.132691643517    1         0.8121196512877595
4215.928052514057    -55.67379953585513   1         0.561833849212724
4807.70235790228     6203.6902266558245   1         0.8774592607698438
-8451.86550995676    -2296.157364067449   1         0.7487930384687498
1940.3476892884428   -7069.297868940201   1         1.066120463171595
-2327.747462305562   -1124.5059230782706  1         0.33419162952618814
5697.509173113898    5101.617480144402    1         0.8308897744712427
7441.964305349996    -4301.102424336876   1         0.6792994011301285
-1288.6894673269744  -949.6830011284328   1         0.6463199010195577
5949.37091535889     8670.523708871791    1         15.195738201413484
