trucks_count 3
drones_count 3
customers 36
depot 0.0 0.0
Coordinate X         Coordinate Y         Dronable Demand
5201.115907360145    11694.062494173988   1         12.299754294623371
-7262.361447296344   7662.722654550809    1         28.244142164049045
1059.482376367193    8723.08062948724     1         0.3146196533429769
7035.904331380471    -1397.4319613223545  1         0.6504367625598925
-9151.722889654548   2962.0663800051752   1         41.32429158598939
7777.622102266171    4096.938269368319    1         0.5532718454178109
-6860.552679251186   204.21453194327728   1         37.034109161613955
4542.821551297059    -7043.046447517843   1         36.67262154019288
718.5026009712674    5253.024984551994    1         0.41735831622237984
-13391.176970291235  3881.6154553245324   1         0.6168210032742029
-1928.3888817608392  1505.561017982847    1         0.596731820287885
-872.8156065574373   -2980.622848276146   1         0.7682505242340364
3506.435955079335    -9915.737940511266   1         0.9800573904149715
-8856.195136806195   3415.9133215762645   1         1.2328824942818641
30.759690586369707   6109.873133938801    1         0.43049136220906925
-0.10308918817915748 -5161.018394550799   1         0.12633810269503765
-493.9703533808676   -6759.873010229713   1         0.22137978754775256
1633.0015565726756   102.44511933455478   1         0.3529959635427713
-1061.1425351786042  -5267.068180990626   1         1.039489405152497
-5548.641175059725   -6188.91032278046    1         0.6622029505646345
6532.506671043098    -17396.73248072074   1         1.2406713044611497
351.3252061858391    -4406.627678619419   1         0.3618262397702412
3927.0412356059023   -6016.778040777684   1         0.18864728343415832
5748.9485099998265   -1121.058067258225   1         24.946129165051612
-10529.601135415034  224.60911475320287   1         1.088553189338386
-50.857575121208356  4988.4127594934      1         0.9094822481115512
7450.822690483264    -5976.996424676791   1         0.8975953824627436
-10052.317646115847  4010.569124361571    1         0.5974310790634219
-1841.4506486100038  -3502.028844197621   1         1.2099685082633564
-2518.7986030640013  -4814.150660780619   1         1.2373603416346153
-5792.71837721813    4170.410267813419    1         0.2767151364977653
9867.025977167228    2939.103406082127    1         0.4111737944750401
-2528.499718044674   2639.156733297764    1         0.20438666710365327
-9135.14623300233    5567.426475222892    1         38.60678532126347
-2272.947763008369   8912.269266923924    1         0.1430524223907995
4539.282297940892    -8570.128352546715   1         0.6382808993151518
