trucks_count 5
drones_count 3
customers 56
depot 0.0 0.0
Coordinate X         Coordinate Y         Dronable Demand
-4328.36747947798    -9548.733219343289   1         1.0768389068396886
8111.296983560217    5494.695640096665    1         0.2353572505176218
15964.767968534863   5952.909647600973    1         0.18511619952174113
3507.7057009438568   6884.39824669672     1         0.7845541821849571
-3723.6815484686385  -7269.77015059778    1         0.1706313523866682
5028.1464216887425   6462.222680949338    1         0.9313757631138665
-2305.7664402734886  -6301.378068617085   1         0.8963510646224904
-8721.132443361363   2455.1269586586573   1         1.1580109129742524
-2317.352594666042   4228.643380250673    1         0.10264500257371606
-5657.389924258811   -3758.4959754325496  1         1.1664609930964833
9489.91519768518     -1918.3405897478924  1         1.230249904193611
-14906.968860309134  -8480.158383278436   1         0.8409417392152648
2763.807084448268    -5243.8840748667535  1         0.745460439904653
5332.809225537138    4538.763768826812    1         1.0382678434601957
-1106.0730466138634  -6040.987211064358   1         40.75373461322248
-9169.393206891886   -13752.331686440488  1         1.1232671294900636
435.89757011633304   936.3858174211042    1         0.349063310134035
-3061.2607999353454  -7184.648595319841   1         0.5073451055009219
3273.3936329120006   12374.394523672054   1         14.431182242252738
-8685.007005921929   -1612.6781146431358  1         0.8689639592927987
-6241.65827732256    5447.955371977593    1         0.7161960399808966
-6833.939539769966   -6925.913484935087   1         1.0155072157444196
-7887.5419385934565  7263.301570030007    1         1.0168182894011781
-6724.043903540757   7443.000365433723    1         0.5214796011724585
1728.530565165666    2306.3902442157137   1         0.9706353119011706
-6699.831684105239   -174.7523711716459   1         1.1659930101818943
7096.038440126601    7644.332129165387    1         0.36615745426142843
4469.6762039898085   5.112320849207045    1         0.4036308604967299
4054.5710838616214   1436.2213037457514   1         0.32789004319423054
-7920.155518420218   -4870.019828108973   1         0.7221905817934887
-2393.1328618704792  11278.93755031236    1         0.20939908474445162
5343.433375343917    -5402.048988823376   1         0.20846448211613836
-16.306148757742694  8141.186536973633    1         32.08068648724411
0.9727142911811433   -1427.0168207014422  1         1.2281055718226024
-1040.9450281546233  7719.819567828748    1         42.947567270893515
-2010.7316817795715  2525.3599420874702   1         0.5027356884170089
1810.1286588388066   -5590.709996390551   1         31.259860040237474
-822.0409106998382   -8724.198476802225   1         0.25247785152594837
-61.25816052144092   -1093.2643370043643  1         0.17622583417462906
8217.204000697851    1222.5032798247369   1         0.25660643422122736
-5088.426601773176   2034.859558783803    1         0.2702277200312154
-584.4386186050194   8851.19618828875     1         0.2295381136962732
-931.608253362852    7961.192458796501    1         0.9617514751912957
-815.6709531047202   -9564.948297183033   1         0.24519040448311147
-3016.986378360239   -5589.229564789705   1         0.1333135719026026
3890.95585884053     -4315.227719019429   1         0.7382010572782038
6438.0235430860375   -5959.502009005584   1         0.13166251396774376
6816.676244971219    7630.674866276563    1         0.7503464344104298
-9419.971073259017   -9131.267904659553   1         36.543565107029536
2290.168274690677    4874.781066912754    1         0.28731423166561276
-5456.219076477848   10283.404603920633   1         6.805635326497612
7783.483300588161    2738.4423581991186   1         0.379446832029259
-3991.9748239408596  -8346.959557812908   1         24.81532842036497
4923.170172332828    4788.778426155214    1         1.029938648944614
-4767.782616845561   10629.229349592271   1         1.0183195421793492
8637.416846106014    -1137.1824440406026  1         0.7005538300201147
