trucks_count 6
drones_count 5
customers 98
depot 0.0 0.0
Coordinate X         Coordinate Y         Dronable Demand
-5648.472346285973   1016.9854424035188   1         0.44565618521287975
-6596.739088610613   -1734.289661878697   1         0.2721304942021815
14968.661483822201   4977.143639131904    1         45.11774095737937
6508.9196544774295   -2247.281490515553   1         44.3854523206286
-2851.464615671236   5277.359398354413    1         0.7489369379005478
-8563.261268048722   -3295.6612528163955  1         0.8345705042163091
-4641.002544747918   -4236.118979688606   1         0.5001579558262387
11949.936941565255   12094.900253550473   1         29.622585964009325
3042.0381150694534   5127.033328271458    1         0.9391524997235394
-14931.35943289909   -7392.95963130704    1         0.3905776764734349
-4535.002069141212   435.67034000259014   1         0.9201423598870841
-9352.490363965442   1223.2907082782367   1         15.325394283709764
-6882.042121275096   -6332.0751549363185  1         26.815757277931787
-9639.782761082086   -3783.619228161683   1         1.0106488000158673
806.8692829843573    1592.398715361084    1         0.540678209670496
-9500.274590101124   3947.4477025749775   1         0.655240526198325
3264.175793795067    6120.645357061386    1         1.0446922743126388
2791.9991930809874   6410.192943575391    1         1.095714208248952
2065.7739309719645   -2173.5454063247594  1         0.4725322669586912
3128.283136931146    5421.982152399161    1         0.646515480670491
3122.1713893620326   -10318.163444048374  1         0.7288291120681665
3352.9542747060163   -8959.817809543756   1         45.220170547027614
4094.2205320454564   -5384.994262777357   1         0.38750425438976843
2293.7547183978672   -6096.8233169133055  1         0.2585008703921716
-8807.345213520242   -582.9859303365936   1         15.313872351315316
-2522.833957659577   2670.781678455523    1         0.44793846732797615
2188.6004180115633   -8773.78403394512    1         0.6129700397767401
-7174.298735378541   -1960.5832319158105  1         0.9763064427634425
1246.8748046651554   3524.7086542043985   1         0.1543733767824639
8389.769169444136    1833.9591458296818   1         0.7718138924342062
-2111.6517395850847  2553.9404214169053   1         0.9422084985784415
5776.51113790499     4776.251724668479    1         0.6411794589388415
1192.828931412936    7409.1227380770415   1         0.3033529985303286
1374.4677283428573   -7947.042949180813   1         0.8008794359748639
-3218.65372073106    8484.54267165456     1         0.81967142142164
6796.179917584612    -6123.415840573929   1         0.17488854423321984
-1932.7386628244985  -8730.701062445227   1         0.9875806746457921
2639.8887715901596   992.9597021173771    1         0.46445299845042676
7576.581591679229    2761.708932999044    1         1.235380031083842
2720.430675826988    -9830.993798667558   1         0.7500766147164996
6408.723092606279    -654.4683062763859   1         0.6209148586346763
-4416.556532925623   -3512.1327778436175  1         6.290171990430108
9055.201357308015    267.2172559356893    1         47.56853762087608
-4316.474857035382   -7491.734907263022   1         0.22903815334421485
-6982.893968545687   -3697.4900127411224  1         1.049914441858549
3027.593526440507    -8371.417526761956   1         1.032047616777549
-4068.4586437090293  8866.178329297956    1         0.8475106643793828
-9578.989442887942   -2370.6992226987977  1         0.6367683987293598
-12390.432333885667  3814.619750688209    1         1.1799878039434857
-8881.580434421772   5916.744472451066    1         0.7219391253537623
4014.8143599576165   2167.9582609271      1         0.3799182717157834
3736.3494473891847   -7994.1413742109235  1         0.2724791693150389
-596.8411486061563   -4391.018819428552   1         32.50208975711871
-2598.025873716899   -3940.532508533881   1         0.3894978003023908
-8220.39098792451    -5473.852718508135   1         0.28714290828084565
-5096.790961958215   -5759.281066442182   1         1.2275522417170504
8857.38004292297     -449.63970994874984  1         0.5433023092143079
-793.8075801493022   7794.568078900781    1         0.2838284869339803
5324.016291856654    -3901.1849802231545  1         0.8789096595117692
3931.668817166579    -1172.7019440983595  1         2.395909536844012
-3012.6128236963773  6697.41384435816     1         0.5836151640716774
571.7685808473776    7281.803493000371    1         0.6398891203226927
540.2374791561222    2523.5640800189035   1         23.649787449325316
-1741.7950173501224  8886.910872989556    1         20.773287553891414
-5631.405194764501   -3577.053422938195   1         0.3463449840316145
-7539.8996578158785  7401.715146367223    1         0.3776017893164425
-8640.695918333216   -6456.398151447016   1         1.2332339927648637
-7350.36052456769    7709.414172335388    1         0.7783287687722359
-8028.283203136385   582.3331801761487    1         7.97238466861049
2086.2575838326966   8405.009486888075    1         38.487859948304276
-2069.5518574800367  10100.40382495429    1         0.8359303470563162
-813.0878891385995   -1480.4335584236396  1         0.9661381151400934
7965.21014260548     -14993.652344789425  1         20.586535354639015
-1053.526884528384   -542.5955090667799   1         0.3609392191208044
-7262.362659501548   -1068.1189628205634  1         8.353879941602226
12392.169776484283   1512.6361591603854   1         0.6773451322358551
6696.188335845273    444.29562547890555   1         0.7803045184777148
10519.598066366589   705.97024162838      1         26.327010629901
2129.6312900940225   964.6381943497289    1         0.8752205123732175
2563.434662473172    4697.198165411322    1         1.2240972531555332
-3796.4993606428884  -4770.280214330018   1         1.0080692684939208
-9321.613948642114   112.01187427635831   1         41.2229089821805
4190.240505333104    1363.7064846059511   1         0.815830542841412
-3120.9092910161053  7708.391060706471    1         0.5831554171280856
1095.0606798551141   -10505.179629525404  1         1.0470211853001563
2360.466677443669    9749.294698673713    1         0.4565378984862757
3428.401104288879    2613.2370809516387   1         23.16613090395769
8545.896439932612    -3234.159772734482   1         0.5475375925756499
-4318.458825421146   2228.747206810223    1         0.20395299564249225
-1677.8320925753353  -6225.73079685448    1         0.8589529568589821
-10003.268325788706  -2944.25493385961    1         1.109237104508429
6609.973799771682    6262.298299548494    1         0.8832137950317528
-7915.433052254489   -3478.6126790773747  1         13.46810571507272
-1063.534676305515   -10555.097229579605  1         0.6238258356238472
-6502.711199396804   5828.43841581624     1         0.7798049938129796
7325.480409790286    -6149.47288624053    1         1.132450792230545
1037.2088243130672   -9582.591044138975   1         0.7256646863893664
-1659.6855248974775  7228.896099001866    1         0.5475278437948726
