trucks_count 4
drones_count 3
customers 51
depot 0.0 0.0
Coordinate X         Coordinate Y         Dronable Demand
-6011.34522777194    -2768.762137492533   1         1.1579789336364992
4008.093987527612    -5189.393338934594   1         0.7732515330113104
-5750.964605674931   8976.918107175377    1         0.36232338934399
-3843.2291589367496  -1391.5228933600188  1         0.3072711847723456
-2724.4941113938116  -516.5680315229315   1         1.132861035287438
4964.20270290617     5937.650237046872    1         1.1949129965736662
90.55569360665194    8131.96883288569     1         15.48602472629105
4629.27001103465     6388.434721634425    1         12.192660547747645
-5998.85566924457    7004.10703538198     1         46.55887087119418
-1324.1147851294895  -88.0980824817463    1         3.159532055884909
-3126.624907171634   9990.960178245905    1         24.16110264784962
-4255.92307125287    247.8168820831505    1         1.1740189975187285
-9450.68986854326    -3239.9002401046505  1         0.39144516500545656
5260.384437894334    -9036.55851762883    1         0.31612266359503216
2374.618292614238    -9688.037589308082   1         0.3230997510627833
9644.499507935563    -163.86741500620465  1         42.07496687181889
-3407.405577619035   759.3810611343781    1         0.7088186818641014
-6993.08091765552    -8270.16567467689    1         0.21096568478052946
-5511.495489157368   -1494.623991454362   1         0.996945009520929
3896.4234829625802   -9967.745322574197   1         46.245806131466665
-1041.0181318773593  -9203.381031745042   1         1.0309213778731179
3409.0586594882475   -5566.942897483721   1         0.37323183254200576
-8927.802249094742   -357.06943111853906  1         0.23308483854498874
3101.74620023308     1771.5682969197535   1         0.6617215719561134
5024.770845666486    8841.125139006317    1         0.5693675335163445
-6178.814110839548   795.907258740831     1         0.8773573665565305
-4119.18853339942    8600.305311045446    1         1.1155136936721908
-4910.283562546843   -10906.101199571105  1         23.755572209210587
-5928.005360811694   7895.667875783378    1         0.9209161222503084
1662.8422628447784   -9848.27155773808    1         0.8488764625744796
-3269.4459637790774  5861.238435707687    1         43.36989082029197
-5967.045138212234   -5375.6168022117145  1         0.6568821098518308
-23.33650727798701   -9034.376663689529   1         0.37542938319995256
-8363.993774172824   119.29352903600041   1         0.10831129462890425
-8917.779056516276   -5764.928797013209   1         0.503675137781888
3124.4504802632728   -8866.753749739632   1         0.6552600000803728
-5276.262804203518   6030.304053603156    1         29.37712342758308
4685.792866973197    6287.065276325773    1         4.463657043900772
-6517.384756539726   -5482.155578724515   1         0.8205536830069569
-16.645747837021684  -7950.9764285563215  1         40.70380416428068
1692.2909392153529   3832.941444255189    1         1.0882942196319294
-4930.00444867325    3958.168171020793    1         0.2882378018048213
12331.082247040102   9343.136125647825    1         0.28490639620824976
2914.6887794774175   -3627.701218987265   1         1.2333510137715218
2188.6796374670676   -2174.0669747715115  1         0.18312175856131885
-831.2308823370356   -2552.61395530829    1         0.4288226180537412
4061.9559017416714   10166.82918211613    1         0.12987046835112706
-2806.138942866964   -1843.8522376299466  1         1.1473830572345816
-7453.532004493299   -4170.535791407772   1         0.40836309588810005
4218.421900525116    -2997.0372947479373  1         19.375842470656565
-9218.65698831436    -2326.250960914554   1         0.7494458543403041
