trucks_count 6
drones_count 5
customers 100
depot 0.0 0.0
Coordinate X         Coordinate Y         Dronable Demand
6981.279041760996    6347.795830818325    1         0.3198940853522447
8646.399957681757    -4164.817508146715   1         0.22643587763469136
7674.140864120567    -5624.799690123639   1         1.0512260936829456
-986.7768467647893   10889.60860684834    1         0.26409162108512524
-6429.221066227262   -801.5075529336971   1         37.33355098374908
-8669.680885466661   -5404.921954538113   1         0.5667950257888935
-6466.440074365403   -2495.2649714687104  1         0.2711680205459947
3199.441994965806    4221.211230742153    1         0.3723039840084643
-4326.172736031864   6829.448722690774    1         0.4416371640220832
-9369.392365805328   -445.4982832380756   1         0.3181638879919201
3766.8563764072087   -7073.128254733113   1         0.6854808547778677
7104.324647075213    -7482.035105784376   1         0.47462017408785695
1140.0254433732916   -1432.2523871507692  1         30.377745161209358
-275.54840579958403  4886.78052040926     1         0.39678666486837844
-1711.8509867366265  1295.5471981847531   1         6.756577957536032
-5978.011156677186   -2693.098004264977   1         0.1979797518930108
-4324.141573418844   -6199.792574571419   1         0.6530098079344747
-6289.148100005154   6329.062273454678    1         0.8965816749546941
-9936.649505615998   605.7843736201435    1         0.20671347047581284
-6966.839595679647   2714.4362463915913   1         0.9074647274726437
-4171.210340311055   4255.462302180833    1         0.1951807033357765
-3842.2073032098683  8699.20949734517     1         0.4335056958325558
7639.297366231167    2096.6030123844484   1         0.15359751682905437
-7285.828948056546   -3021.238195495462   1         3.439872424524805
3999.9738361280934   -5950.560083998917   1         1.1309556557317963
9904.846546269131    6123.654004033109    1         32.08906928624486
5632.936624342049    -9096.244981576327   1         0.8986376957421346
-8557.934586323963   -107.20833303643178  1         0.18459389752303887
7041.862359821087    10933.997616980247   1         40.88402508944373
8186.863984860544    -6132.679290066698   1         0.8367002701217122
-9087.746459749025   -5691.52418208372    1         0.85895283746417
-4007.9014925916576  5694.553639049173    1         0.11206452401477114
5462.0796329631485   6007.477197142558    1         0.7204180962633834
11053.974750335383   9990.960394884187    1         16.56461456062749
775.4847650611565    7409.488404570317    1         0.1529974230867737
-7769.154413765592   2927.8969099646497   1         0.9981090709786288
-3564.0396474806857  -2671.159738893699   1         0.8548575030708956
-2168.283239669168   -2470.471284071195   1         0.9160104927400872
2928.6363664960777   -7228.085633005792   1         0.1694805668183508
-2249.9662574209433  10084.128293145543   1         0.5415257384687202
-4072.0129771547504  -7760.706979285832   1         0.8651111374122098
1713.0271203810094   -4030.679293325458   1         35.22354838619861
-1054.8368687971672  -9117.505233279373   1         0.8848730280750619
-8536.774962463402   6361.007506224775    1         0.5025267085661752
4435.378807222104    4486.859022126145    1         40.907927333408594
-4587.37679884893    -9385.807197986209   1         0.3877645918822594
4485.221867646119    -9828.322624641261   1         0.7127530310233658
6774.861805951687    4587.606534149851    1         0.48422444697093436
-8499.150486676032   4594.277421005965    1         0.12989046510610075
2002.1632350190714   2201.283350270547    1         1.131723847281981
4990.07162843913     4589.693408992202    1         0.5888793213626862
3540.8710170275954   -4367.021223696712   1         18.897116209373195
8238.196552740095    -109.76484791683447  1         0.6050095674538858
-354.9782339139053   2417.4462218722138   1         1.1218931896802284
9309.745446444715    5404.6134253069895   1         1.0202083247504221
5480.835507428263    -6167.925256535027   1         0.3174040826765411
533.837532833309     -351.49494286069927  1         45.004079380813664
-1631.4196015701648  -5084.181578465315   1         0.8338796090251362
3159.120055166164    49.34006413673321    1         1.1371707318010924
-2311.354761081787   891.2230160585077    1         0.22312729038104676
5016.985656585069    1203.6366656858129   1         48.56010612106867
8701.309622419756    -3836.3933707369706  1         0.4021613441303876
4695.107665936601    -4160.681008235632   1         0.5063370281352165
-2185.5307238563837  -5448.819529380845   1         0.5222070716668932
-2113.972980719879   -4047.7404911010667  1         0.23583269000949553
6037.982021863669    799.6350034096362    1         26.351196529336892
3914.9651261110466   -10278.170207173593  1         0.22208245070178684
8591.12384314289     6436.665378391483    1         0.8965425094991513
9188.709763401814    319.77471955160246   1         0.16340008640313253
4940.74996506161     -9745.457456305881   1         0.7071760694969222
-9470.604235346651   844.4693776191958    1         0.5518949817656834
-3184.2913868221453  -2178.6933712068     1         10.07633413103384
4481.969444888443    -9948.782410039576   1         0.9673299968877318
-3414.3094194233577  -2865.017077582911   1         1.169798863491211
-1599.6807687614516  5353.8808423793835   1         25.563534403722976
513.151845893421     7395.402949042026    1         35.97011350753945
1704.694295765629    5375.636197063735    1         0.7292631818249928
7693.949554122858    5035.792660495016    1         0.19779763759036614
-43.53393304118461   8951.004546774575    1         0.4389263255170668
-896.6159471984025   -9720.637338383816   1         0.4185085393247927
1899.5582823106192   2948.0574042932267   1         1.1011351669083986
-8018.57234351904    2383.3351014915957   1         0.7512841389950503
-6556.442463236223   -9781.951119344492   1         0.5814167762389074
7979.661261078036    -4855.608960558876   1         0.19735251604449394
8219.432201510446    1528.7908715496458   1         41.1394761460255
3285.5977394558167   5704.897280502916    1         0.5037158551536859
1027.5074458753716   -8986.383522757384   1         0.1811081924050821
1170.5826508587106   -7765.302418738066   1         1.2476900065853727
-645.9413031990211   -8178.855964622066   1         0.6572029655205809
-5932.99024881695    10063.031197918324   1         0.4535957795342903
3714.065678669881    325.6883291446178    1         0.3786278438298991
-5858.0827699040265  -5388.970662266988   1         8.498406822457467
4519.26778599037     -6822.1073604174235  1         0.8280822415457583
-2078.4870498636647  9610.693565504305    1         31.932469752144986
-6997.458505234838   -5281.256512659766   1         0.2472237320354334
5000.6023554942885   2452.5048431166692   1         33.931640490269274
-7684.467351194125   6337.177274572877    1         0.16147049397245053
-8362.956399878012   -2472.4202568569945  1         0.11311784151739915
-1943.657985272294   -9821.964298702747   1         0.8596981485306069
-9957.84512230036    3540.925860213055    1         9.381366021592726
