trucks_count 2
drones_count 3
customers 26
depot 0.0 0.0
Coordinate X         Coordinate Y         Dronable Demand
-14398.383387429716  6368.491042772952    1         24.9057920017608
-9857.668952327886   -473.44852588386726  1         0.14217306329020374
-2025.846601014883   3576.8927415806      1         1.2112155460055056
10063.178478033062   -3522.0197877509886  1         0.9099803072576701
-3922.6504685484906  -9552.818077534377   1         45.44501949911108
-12687.723288384539  9315.106209036287    1         10.252033908791754
-8499.363888635375   6326.013839337495    1         0.949126382288352
-690.8944647883593   -6029.072645848673   1         46.97540337799913
-7405.218296598316   -6139.018586482294   1         1.0959587803321604
6944.228348132538    -413.3628930411969   1         0.720045145463877
13492.255594498918   -1528.1474871248993  1         1.099719971935325
-4273.234802537975   -8633.681998500067   1         0.4880761806754017
2801.0384989581908   -13935.198257699643  1         18.69990613491374
5461.121212664092    -5002.229480302519   1         25.55614438856703
-90.31892118809388   -343.90395403670954  1         37.073041568839706
-9987.83283030086    162.79013542474868   1         0.6550583141575426
-7408.7655688668265  -3951.5718114395268  1         17.402232189460538
-7989.320120081249   6119.5003662112695   1         0.29113017546865183
789.5782844984533    10111.309105954584   1         1.0914372204284395
-435.2949590094132   6364.4577005898      1         45.85450966274749
-5383.435512067508   4141.327313513559    1         0.7673894280290152
-3233.1487286492197  -8892.50023467171    1         0.5701793087274882
650.1666223471258    7860.399963560826    1         0.6180938924080474
5254.863773511273    -7467.357464294594   1         0.8121061631142938
585.316280534215     -8287.192171064928   1         1.0242572782769075
-14661.389146308073  7236.698317081493    1         36.05803583802127
