trucks_count 2
drones_count 2
customers 28
depot 0.0 0.0
Coordinate X         Coordinate Y         Dronable Demand
-6550.597588777918   376.02431849334147   1         0.685998517382611
2758.791394867853    1389.7051618696448   1         0.5130267686888974
-6688.827252635467   6118.970078342062    1         1.1569258652083174
4803.160811005824    2268.251074707103    1         0.40430636314294544
-5907.189941031572   7650.225474224629    1         33.89675819464285
-3942.750895880659   6547.197335588547    1         0.1033454822754293
-8880.356700278895   -5119.3112726516765  1         0.5380489825534682
-4550.65604929003    6227.220823673381    1         0.9509074498295234
12.121274867483258   -5839.816077535917   1         38.78871337534665
8031.8225690717945   -438.9391835074357   1         48.63270622166936
-8889.105856430448   5979.505029930414    1         0.900773477296471
5949.341681499047    -7607.226812021254   1         0.6496295057400714
3944.8622446999752   -5965.107990012658   1         21.029407385523758
-3012.6484493748385  -999.6045044062196   1         0.9589284017372431
3602.324642969222    -833.9782379654214   1         0.6339644175620208
-1422.4848427565425  5078.445213988205    1         1.0726225848294055
442.8469562179154    6238.390417391085    1         0.1626850383935654
1587.925395425137    -4126.251073828274   1         0.9894377715294206
1736.81358929709     -5306.856941244241   1         1.0772660468787063
2175.940963607055    7960.453838855738    1         0.3908273792324506
-4376.807906234574   -6038.976721684481   1         0.4440324167437727
-6184.085850757341   -2033.1385687438851  1         20.010890213100684
-6335.42680889008    5742.348955718249    1         16.111394039735274
4477.264136767606    -6980.9602017244315  1         24.627856894245397
-6665.917919645277   3900.0850524761877   1         0.5825789362406049
-442.21454911180814  -1741.1539294255988  1         0.11558431632714437
2649.5762460228857   -4478.827712519314   1         0.7364528175649643
-5817.3452055257385  -8266.816000186722   1         0.9175710863973379
