trucks_count 3
drones_count 3
customers 34
depot 0.0 0.0
Coordinate X         Coordinate Y         Dronable Demand
6421.509550696272    5857.560327367582    1         0.5463614488024674
5226.683227692471    2601.3276474380036   1         0.7829158657291682
6573.408643076377    -5966.8969935028435  1         0.4954302577998324
6300.575049216811    -4356.519603212059   1         0.7622639254340623
-74.84905417107711   -2255.083391355388   1         0.2733630729356429
-6268.406134398791   -1435.2984084806303  1         0.7273288411283961
-981.8623562953246   -5918.780226648844   1         0.46886278249994895
1778.1781517973352   3775.505569425058    1         0.7311450335538296
-4485.286849908802   -6668.2075801221945  1         0.12448776617959136
4524.466085333591    4166.2201954058355   1         0.7215113551998964
5743.27328298182     -742.043009857735    1         0.18841302591636938
-903.7179597664135   -1050.314824453314   1         0.4753304557561341
-5777.385006389616   1372.9622450221989   1         8.525616925264023
-365.723951327788    894.427971921511     1         0.15762695739646693
-1142.1780038012778  4998.387535993264    1         0.46540818462551425
3165.4197955985      4070.9594104161306   1         1.124029514036503
-4488.280201303555   5312.687538895573    1         21.58047495646174
2400.404722181749    -6803.277839054265   1         0.7018230393413225
-2890.7890703829453  -911.1289067118169   1         0.5816741732080176
-5671.588454873933   -1590.7027369141592  1         0.7365820253741879
2875.6894663264766   -140.28355023362747  1         6.707594743658327
-869.6721788737705   6695.184796576491    1         0.8875454990159234
5356.366096038068    -5509.061150728681   1         1.135652663996692
-1108.0418184398804  -2631.6696475081008  1         1.0041877074833723
-100.5477024172933   -3793.1548816238032  1         30.80905442689896
317.684115633579     4487.848478431035    1         0.13413107708750463
4705.911212889608    -3434.07706918284    1         0.3084447716249631
-6765.852025138325   -3576.8653907937282  1         1.2185486941686963
4112.379350865999    3263.876247014472    1         0.978821543506497
-3109.268518042883   -5381.257287231872   1         0.39422190251330336
1491.9673059120132   -275.3496049202831   1         14.473167810454017
-3459.1714598745325  222.97876967420987   1         0.11158286318810703
3402.122936400986    -5701.258092997626   1         0.5173286201868486
-5748.5719978591105  403.29696632109125   1         23.867470099346583
