trucks_count 4
drones_count 4
customers 74
depot 0.0 0.0
Coordinate X         Coordinate Y         Dronable Demand
-1456.2968473975789  458.68200191206296   1         0.47322433123915775
-2529.4720346760564  9183.188329799255    1         0.7665597927320843
2078.9929292372094   2522.713653249317    1         6.282754387732892
5693.008424820664    -17.426873726647564  1         1.1441752021999907
-7345.3262177008555  -5815.868735086418   1         0.9757783918509068
-1799.7533526891782  8745.15562069931     1         0.3260887962922735
-6942.256212175959   -8226.977186079139   1         16.122956740881154
4377.456328177154    1675.8105126790983   1         0.13970725696948308
6578.166998465918    -2001.4907732813729  1         10.315002213167645
-1199.2262944952843  -10632.268297621544  1         0.14330819982758217
-4064.4690246333384  4623.944207615973    1         0.5735467680967357
-853.1323950021475   9319.092496884557    1         0.8681644253454388
-6490.740783395863   -913.4266707232995   1         0.3496049181811544
14054.336536794563   8681.489193149442    1         0.1565344348034208
2774.713456285225    5845.82026272075     1         0.7411184047156198
-7220.1803767492975  -6135.068615140413   1         1.0509475224957874
7639.025952199193    5723.398463003143    1         0.9275962289510795
4081.605153928968    -6977.675691916976   1         0.1659027309926211
4124.003040489575    -9709.075058328526   1         0.5460305811664445
-4165.213416410548   6044.81052848022     1         1.1363744625503818
-3615.2085747451883  -4919.262790899079   1         0.12313343990567721
-2746.017419384472   706.1773073715041    1         0.9205248551694256
1834.0892473825627   -3002.0684991116073  1         43.700042421297425
-9915.15649566134    14177.635098435549   1         8.766586046628191
-6829.240144693637   -1750.9524157889239  1         0.7163277621981087
-10698.493111961547  14797.531145352896   1         0.45462270129502513
5591.2536378306295   307.58876534720093   1         0.11008307518831217
10989.395185730406   -1507.066760873713   1         0.5039223639380291
-367.7732340416422   -10796.260519109104  1         32.577898866288436
15658.705536993533   -464.7666673726162   1         46.485938549935035
3887.84041497893     -1850.4277595488597  1         0.1297892066984912
3705.64101341374     -8149.119146290475   1         0.26304881638275
-5031.5113304587685  -867.631006037891    1         1.0173416877440447
7865.725584876841    6578.4854690211005   1         0.3926925295254813
-3803.906718580036   1372.8620015305282   1         6.137265452522854
-4144.8584529308655  -4465.239099305172   1         0.30415327655116525
-5252.40287457358    -1561.4890449175978  1         0.37497914474261984
-5107.337453741769   -2461.979475029221   1         35.87699342023261
-3111.939637434147   -13604.947851944726  1         0.5528702144656287
1216.627040773482    -10432.884664386107  1         15.46038695738956
-2056.3529730940495  6675.0656890038235   1         0.8734724448262653
-4644.016268713327   -4115.26831501421    1         0.8572617607206428
-10720.520091728635  -1552.2043572223226  1         0.5443174227083215
-8143.723864781093   1603.0639281802098   1         1.1281696911331316
8001.6976186737675   376.5494936715559    1         0.9327471286164789
6531.427027239214    1476.501973023425    1         34.71472387004654
-3794.3794927886483  8871.07840346666     1         1.1103072666495544
9402.990170985131    -3505.0064075728314  1         0.3800682606863036
-2731.4850093088507  6303.174583195119    1         0.43698128589519736
6704.76766569537     -3646.176831712643   1         17.555089761538127
9174.81077976648     3940.932955979797    1         0.5730539754666291
5755.647943286544    4290.914599207061    1         0.3603568147931233
-14518.764001590698  -4804.791630628477   1         0.7633087313221346
-3094.5066053597716  469.7372312492513    1         8.641992161600683
-5816.02643477156    -5490.021249525726   1         1.0241082831438209
-1797.694955528581   -15723.715402736843  1         0.16659647868593028
8588.596504207804    5557.694159883491    1         0.2933895425609404
3359.0398533789566   -4113.885211228559   1         0.10172993855042037
53.75328151716556    531.73938169191      1         0.7681321457864602
-11936.583544268338  -10920.9681895073    1         40.01085834152778
12637.937555095923   -3116.468603726071   1         19.22501230019414
5209.265017039104    8527.461815595034    1         0.2464423502047004
6896.045920609195    -7457.3310004236355  1         29.989591286901
15626.610837247266   1012.5651521645923   1         31.998171342152556
-11667.415620430558  -11201.739572002698  1         42.226098887231814
4298.812369811134    -3453.003916396866   1         0.7651774249223942
8113.238966022754    -545.254898628804    1         0.2832531690036452
-3735.12919974384    -4094.5074466802907  1         1.1542372542894406
-99.14596784907876   -4871.6741884864705  1         27.515761922447346
-4134.209705676321   -5255.964140270922   1         47.627491862216075
-15555.725610084944  -6131.491211832521   1         47.2126474658501
5697.33242375133     -7525.245234134403   1         0.24363241876318179
-1418.8116821823558  8054.260559263445    1         35.43635715967777
3232.9226267599533   701.0434068318551    1         1.0744423319488454
