trucks_count 2
drones_count 3
customers 25
depot 0.0 0.0
Coordinate X         Coordinate Y         Dronable Demand
-2797.5175665502625  -8188.761815366598   1         0.5396365452117851
6258.332003764198    111.25687789592523   1         0.7792902921454514
4768.8479911258755   -2583.249912027809   1         0.12899088117940138
2470.3585483466113   5166.860717502122    1         33.28000336041175
4753.328171881981    -7010.729812041302   1         47.417558318440314
-236.0603842963901   6641.2549764799005   1         1.0861290144071556
1046.7001718208999   10241.715208108106   1         0.18201314494867782
14013.700340394062   -4787.5078948164755  1         1.1522858755761158
1606.0598732416338   1954.6785755215021   1         10.713624464223134
2335.8450437611173   -4529.401373129382   1         1.2085273822335298
440.18806333977      -7214.5255249861     1         9.502866919221274
1637.930788716014    -6779.895494221126   1         1.6303833555365297
4858.8171982880385   1848.6655245244444   1         0.6812947344633569
7180.616782728791    -6063.634571031617   1         0.39280664439951796
-6273.962919220008   -2476.741679803936   1         0.3078339279025132
-10077.794657030816  4111.889663893646    1         0.4596613092517178
-5954.336411351043   13693.408920459256   1         0.960465884917313
-5481.857402417201   3598.503767386052    1         0.7918920848477725
8966.731930833754    5096.1453695844275   1         0.253481996416852
931.5728432294957    7907.807788466525    1         0.46738959412757963
-3600.2275151930257  -3120.758906000123   1         0.14131367892907715
-3396.5417548639916  -5053.3527986394565  1         1.2290471521401303
-2804.6063735538532  4902.044884832963    1         0.28650741937199325
1944.0319366422664   5739.639739276114    1         0.2747042958329432
-7595.213933989092   -7710.6928844945405  1         1.0917855231083422
