trucks_count 5
drones_count 4
customers 82
depot 0.0 0.0
Coordinate X         Coordinate Y         Dronable Demand
-3968.783957109265   4082.988335463481    1         36.383444887485034
4721.150515425958    5923.7372360309055   1         0.6338242070043093
-9924.173786675106   -452.6395650105556   1         1.0530222867377472
-2000.8816444187844  150.4737640573073    1         1.009449896248165
-7653.7601730941     5698.9038832207925   1         1.1042059495404626
13066.180116293104   13474.736405513355   1         40.37947173502066
-7425.252294194785   733.0302866072725    1         0.25895541504486075
5864.219476664237    -6538.315938310858   1         0.987697915579284
-9567.136524469612   -737.8558784214662   1         0.5061193554208221
-785.075403844142    8108.408586629149    1         0.19887498433311285
-1132.4979134156554  2062.6101332180906   1         0.531958933331209
-854.6752843274732   3128.3823903469843   1         0.8933371658848862
-2567.3484270142344  783.2388196032189    1         0.23507709053095005
10796.672798611802   -3191.564498349817   1         0.8847638140989896
-4920.784935247831   -8222.113414550018   1         0.9359365551742976
4057.6823948555816   6757.472154100372    1         1.0173850376291607
-9771.673653458573   -3039.4857568983402  1         0.7106551711544876
8530.028390681746    -4039.3805969421323  1         30.15915026180158
4698.946717262006    13509.351821276476   1         46.99189001855175
-11678.566011521048  12982.170766284446   1         0.3295374963173735
-10685.091151101624  -721.1584590274559   1         1.069871305694873
2512.57927654428     4711.7738841005485   1         0.26516349684061524
-7345.59851424377    -710.1391938048231   1         0.1536077142691109
-4481.015943021314   -3862.4870929973167  1         25.225495479042447
-2829.9869080805747  4622.140830325046    1         0.691466270104113
-8653.860636471263   -1112.7457182810215  1         0.28005516632215566
8942.287130903956    -3608.2655099193043  1         1.230673839902056
-1991.2390453879925  16914.442091493867   1         35.28016373398521
9105.309185063676    -4196.507772220746   1         12.893426097951528
259.442959538109     -5177.268468223738   1         1.143721052137643
-10356.842784753828  5013.391915925124    1         1.0599852334871451
9027.22397520135     -5960.194722629794   1         0.3322137857801337
14301.219549343958   6966.735735632701    1         1.2029005242916446
-1697.8854341555204  -10287.907380832938  1         0.663018067205977
6088.03742735656     645.1658498950479    1         1.1986297089177864
-1899.2043187801419  1047.6867198065822   1         0.7149458395935793
-1634.3665519192868  -6348.570372364132   1         10.20060845406504
-4017.0195377447753  -7064.7087409313945  1         0.44311697999501887
7832.89625367538     3785.57642937448     1         0.5244385341462278
1158.31699641531     -10670.343293868837  1         0.38657994878076873
8644.940747256294    -5697.2730622573     1         1.1394961316875456
-9583.30436086403    204.3993456497356    1         1.0038056250602625
8670.890623810352    -2074.5988921094827  1         23.093116937725377
-3455.3475514497095  -3815.134766493276   1         0.8397263051735159
-9535.477264402898   -2421.330374231378   1         38.96360419555082
-7328.891226477062   -12120.893869170784  1         0.3970795662432133
-12140.503147705407  10892.216582203033   1         29.02448557897419
-6317.032956336521   -4348.929529981009   1         32.687954752018435
13599.878338880651   -6476.7587352687915  1         27.190307320850078
-1758.1739005484678  -9698.671142849287   1         35.797727482558635
5807.32718818219     9267.912429918506    1         0.7385190450646003
-2509.718989420957   7505.879866426829    1         0.5644364711590154
711.1526038195805    -8299.574352891821   1         23.35987635499084
-1484.1775145527436  -7341.5557227312365  1         0.9117962495318551
-106.33198052412261  -8460.923628642362   1         0.22678120813670383
4962.06872282742     1024.8129587528906   1         0.975697635691904
3376.3972415957023   -7603.339776900192   1         0.9335066198341033
-3811.244876631729   836.3438854055245    1         1.1767986492109637
-6633.507596155089   7138.235222799605    1         0.915063963809729
2726.092092135219    -9251.771853092796   1         0.23970269585277112
630.6854680979231    8243.965897167525    1         1.2210048119009156
-4884.599879841724   -5493.703553606812   1         0.847242270486805
-2124.3300337631586  3897.4272350080246   1         0.13351178206349493
778.4008979289694    4687.741552522282    1         1.1535673462895386
-5241.508209446958   3270.860925389304    1         1.0416137672528858
-168.17386095606489  6281.439822266899    1         1.0578519162800022
-3239.97671094042    4584.786865157125    1         0.7077428819016074
4708.544011827341    2684.059408509227    1         1.2028737111517056
-7022.901645896331   -16602.480272850982  1         42.6527216217934
-1367.704719094922   5292.906151543801    1         0.31694674561519887
9972.625582328019    2185.118256060854    1         0.8287936517305287
-2708.260108655162   -4556.357738248058   1         0.5896262228237247
3446.8024249131904   -7048.714100811329   1         0.46896990787564075
-8926.34919749595    2054.3184666728916   1         0.5359854463709816
6230.620374825026    3825.8237968050535   1         0.4348092301244796
-4109.044366962021   -3086.3856486560517  1         47.41304838896808
1414.9872630617472   -1107.7927291905446  1         31.04236237109454
3721.3022330762747   7722.205210582515    1         1.054933451461509
9110.85425216317     2047.8072382465218   1         1.0015451011435
-9677.937221712205   -2118.290789448184   1         1.0488554867028974
-7507.6627284577     2576.4583767941203   1         0.5781366218274478
-9917.498189172393   -2331.6177303275053  1         0.6881468259353885
