trucks_count 6
drones_count 4
customers 100
depot 0.0 0.0
Coordinate X         Coordinate Y         Dronable Demand
-8685.490262442385   2403.5503890998016   1         0.30706784690669325
1606.371201982623    -3769.4265761538913  1         1.1090067051309231
5727.760944134586    -2126.5530301944323  1         0.7773754025460903
-3081.368916417964   -9549.974546977806   1         0.8545618411150656
-619.3772357910037   -7103.390350757754   1         0.2963731209874165
-1760.768042101592   -9624.124758055124   1         0.1790214173691707
251.04490106534098   9198.221675553565    1         0.249931283137186
3240.247820860506    6714.105503595483    1         1.1084214467692923
5548.446404651809    -1439.846216185112   1         0.3472844695894962
-4207.1531607134975  4717.208297349318    1         1.192318777333202
-5039.941606763679   2845.039493810736    1         0.5790735138437355
-2245.1881010131156  -1155.2729204483924  1         19.146576725705764
7489.0456240432695   -1669.1594604320187  1         0.1815234641760099
2684.663905376472    -9771.084129187033   1         8.149324777429989
2345.010913678385    4752.762407175671    1         0.2347784041628994
-3135.0743169369107  9750.210192787896    1         1.1806466013600705
-9555.005827606798   -3672.3093540141717  1         0.8129918003602217
8423.911814037381    5780.121423122541    1         0.635976376207272
6615.991916638826    3773.4796575920045   1         0.9317244072100027
1324.0831610184441   -4137.027994305165   1         0.8954229371936807
-7820.134927939076   -3207.5907861863598  1         1.0831060293267074
-3663.1614088715132  -11224.973649258567  1         28.36233959292939
1703.4881080065877   5459.248640864235    1         9.124175642908828
-5122.229350004594   3448.3179936206343   1         1.083756894364976
1017.0723008000823   -9971.769348093523   1         0.9952135740842427
-7317.858702330807   -7930.82111212139    1         0.4711415916688484
375.136370743677     -1928.9749957489587  1         1.0771415713096946
2697.689570101104    -10399.654127706195  1         0.870308459648086
-2892.9030797789096  -4943.124005258815   1         1.2248346750239747
-181.66168797686478  -4171.319830508609   1         0.12773812760535655
3898.6373115955757   -6412.042117315324   1         0.11906249269697931
6585.246723280756    -9274.509935163582   1         2.946953677480172
950.7776167218536    7933.9320730811505   1         9.22487646135551
-4489.159556009821   6872.498817753898    1         0.10329994277913422
-3739.5426928370807  2185.775506007833    1         0.5328979057909301
9867.488697777871    -5018.248083763428   1         28.05430496971676
6059.257519059356    -2970.177087127172   1         1.241392078654516
8099.881572342934    -1275.6822548267828  1         1.2397041896206178
-759.7265714876903   -4563.706186501232   1         0.48380949408743523
-3029.6337341662124  -1992.088069544661   1         0.7277578053749424
-7379.656680132591   3973.6859787080953   1         1.1981947503833272
-3134.2731737689423  -2723.202722591964   1         0.7659049450397084
-6339.225205679844   -6637.6132224253415  1         0.9907363116829236
6536.568376531823    -8189.391094903008   1         1.8227926418558753
7264.262115441852    3624.5679012042274   1         1.0436111184247465
8523.177537213565    -5410.476693225313   1         0.5042264124055129
5071.379358420829    9552.889276795062    1         0.29030701983082974
5968.119202361193    -4218.4037701934     1         0.7369726082644571
-7809.688066977475   -5927.8607839997785  1         39.869140173165846
280.9422937470176    895.06144962656      1         0.28278510324166295
3649.6946469268837   6572.955547952134    1         0.266088792322747
-465.1122454170036   10622.495078243644   1         0.11158517192251691
9358.197933309868    -1336.5998663942123  1         34.75500130538245
-3666.413588627692   -7800.083069440235   1         1.2355162296900426
-6409.538383402005   -3585.7759112101185  1         0.5637924152207245
-1881.1865007906326  4183.136188150442    1         45.20748161844733
8997.624532224921    -7384.174587975096   1         0.31416901472038716
-1799.1505217324793  -3639.869761273907   1         0.18914110765537998
-5192.186174285831   1531.3075254462212   1         23.283924135539763
-4342.692065031023   8181.833351876855    1         0.5294127894181098
-245.60021608497067  3732.4649256801217   1         0.6125082751472274
966.3249526742893    -3171.5769774621995  1         0.5673409634847651
-10442.470558764739  -11151.573896514801  1         0.444529814981774
-2269.765469239182   -3330.76572175815    1         45.74777906028421
-280.6143351838209   2653.262802116833    1         1.0083588411070405
-7516.0016517759905  -5458.476133638978   1         1.04274127468495
8487.032311640623    -4621.801999444971   1         0.2481332503264138
1444.6490780444185   -7678.574618754947   1         0.22290529877828189
1180.372507839281    2898.0043647660323   1         0.6402247405148397
-9128.309583275259   -577.8134774856325   1         0.1658852550574427
-2916.2879728345342  -1690.4758647150877  1         1.1648045816872203
8787.437939611498    2708.0127594098867   1         0.39538683181386547
-2995.598447317439   -7446.131919224877   1         0.6669775372472098
3209.609106079712    -5215.407164491262   1         0.4627538628393937
4021.0245581479508   335.81586657058534   1         0.5571274062556513
-1273.1350691820353  5348.653949875012    1         1.2236975533720336
-1856.328301540859   -4875.351431211691   1         1.0362408018725577
2250.3874369182904   3652.160981432278    1         15.011256196728267
6374.101353195654    -10351.045620639643  1         1.2101030232400272
-2202.5633067155577  9624.519823024615    1         1.0833634705234556
-7543.818244483613   10296.42818946577    1         33.756732889233014
-2817.6062149421837  8245.392100114466    1         0.8326855283348192
-4674.999152096406   7781.432999493282    1         0.838865088576447
-3318.9874049310065  -4194.643173435629   1         0.2721931413943296
-10341.481250460762  -2957.288772452927   1         0.31490354413232263
1783.615993423594    -31.067250863570475  1         0.8078133168082843
7514.489137678445    -6030.291991897728   1         0.9187589058521652
2552.6931482912573   -3486.1878680262903  1         0.6103207894880672
-6618.06806718266    -8719.048411934718   1         0.14936299247837126
4486.628215828007    6143.2773511546375   1         0.7611437272645714
-1640.2245319790593  888.5467718058053    1         0.7210742148165038
-9548.973113877571   3536.133037983507    1         0.5491570165358245
2670.0665428696534   -8816.271931052752   1         27.44632846779267
-6258.534086973184   3579.5035977269486   1         0.5868320252948178
-1706.5846411954317  3189.985242984058    1         0.21800483909646906
-7420.729031415735   5626.611987439935    1         47.12670401224678
2703.3915484094505   -782.0505248807422   1         2.683085491668031
-5788.247501409438   -4346.138208403637   1         0.3306555231711717
-589.0872990570515   5242.3045412693355   1         4.069211886407449
9109.689653005249    7209.26595897128     1         44.540401164817524
