trucks_count 4
drones_count 5
customers 54
depot 0.0 0.0
Coordinate X         Coordinate Y         Dronable Demand
-6542.149308105647   -2124.8270759486345  1         0.39062979941516474
4030.787487342488    -4442.628501689944   1         0.6336954884760945
-5082.465706393933   5852.580520068001    1         0.7751113684643967
10022.39717041193    2032.4043350221898   1         9.821308478608842
7413.820841714578    7467.259185532513    1         1.0082906194891625
4213.573613183247    12.273159764287952   1         33.90041963419194
5025.981211645663    5999.650266744828    1         0.1972724519676529
-540.1034566700994   9126.639928110631    1         4.194512936900957
-5591.297681770063   6924.1722656252605   1         0.3475800820440754
-9136.715043964456   -4389.789343696601   1         0.4573558349652258
3330.8506373179434   8981.511944486481    1         1.196449376746205
-5243.65572554659    8292.703937780865    1         0.8533328087556125
8257.954623653999    -7006.488595169306   1         0.43346533001944443
-1926.5725631642774  -1985.8686789309934  1         1.0772757220040459
8643.90004685539     -1330.4865453237533  1         0.3241951182188038
-5408.880357720598   4565.820108842317    1         0.9492573305112956
3290.821917130304    -9782.718297625428   1         0.2704619901752442
5316.183981172443    -4515.301763374788   1         24.675140502815875
-7710.272781221392   2674.935112118206    1         14.222616850652301
4389.074414364119    -5794.610591300899   1         0.4413152703597282
8594.6025605092      -4202.778385640156   1         0.6144030550549353
-2497.7907946222776  1828.0398996487731   1         12.49646883521332
5952.597812283617    -7662.1990327753065  1         45.38813409969682
9536.27931731633     -1341.5012115372615  1         0.4170083647734125
4873.843082165168    -8102.734752287377   1         0.21600900553192903
-3172.179721811676   8138.080815114087    1         0.9858327695175163
5828.633944406793    -1088.7635111041736  1         0.7261459633686375
2457.896455538466    876.4643720533821    1         0.5038469306147519
-2089.139712848469   10599.791901392186   1         0.47934896837355834
-8110.988634697972   -1854.4415823839608  1         0.5653130950788332
-2146.180043993466   4926.218100328518    1         0.8255569192636028
10690.979447926935   947.1367787978845    1         0.42614163627475865
-5178.664514250742   9074.145544300318    1         1.163973780398196
-7212.951330514701   -4460.96640971489    1         0.6830357468386681
7976.481968449914    -3820.557138722417   1         0.31807858850131854
-8827.494640194474   2414.336641071211    1         0.11800231533804877
7919.500382785629    2165.379199669212    1         0.11954267804954821
8654.602699329596    -3462.169167895116   1         0.4216867618637845
4174.1071445453335   3234.573145468971    1         0.8057417212721083
-7661.212971853758   1168.2351131045966   1         0.24717195806397463
-6242.395203982007   3560.0378373492717   1         0.5728811014288799
6568.166991872247    7491.371458202149    1         31.82805770299036
7023.940009986551    1146.9487153508205   1         0.9552345166289048
-4650.176809085597   3169.4896821572943   1         0.7899614866042352
3734.8855966097035   -4205.810906907209   1         32.31488238287286
1185.1752756463397   657.0301596535082    1         1.2011088986434277
-10139.782823642325  -5723.719237143387   1         1.2312386583348585
7361.651201355153    -2163.8010256990233  1         39.37512833566919
427.11717346265084   -2634.237910754237   1         10.103244882674922
-650.1462652408595   8367.289683269579    1         0.23949804403420874
-4035.113968475907   -1181.9216084900481  1         0.2974771829451119
-3842.2920034094395  -8880.096550850556   1         0.2623030577549343
-7513.009357655837   -6876.983830693754   1         6.9000276339877304
-2199.455492734204   9107.67122226432     1         0.7526009144799544
