trucks_count 5
drones_count 4
customers 89
depot 0.0 0.0
Coordinate X         Coordinate Y         Dronable Demand
-6024.130061200402   -8623.840371110658   1         0.3689896245137656
1514.8179788039013   -3612.495346321071   1         0.2662062041665663
-8224.123779898975   -3072.958338865025   1         0.4210096215442849
-4414.489352644764   -7600.964480274503   1         0.9303417197409921
7801.400606252762    -6637.375144305708   1         11.945339478915203
4523.380064633015    -6620.939358015655   1         43.60287623471586
-8674.11777525925    6843.9849679877625   1         47.06840572975234
143.18929268105268   -1507.7125373680938  1         0.7284266601640356
-7620.09296630673    2741.565340854372    1         38.474994756986554
-3513.1042699001323  7443.063562546062    1         0.47510792506584854
1646.4147602863984   -5518.659167922828   1         1.0962215824640615
-12690.278195662082  8589.365504695328    1         0.5159260144858169
-8774.138257353286   -1327.4871065162658  1         30.265570810270123
1177.4232349204235   -5776.646919692531   1         0.34821118937240647
6112.278280347693    -780.9402120713544   1         48.25728546603695
-534.3540931014106   7130.609640213474    1         24.9860964305885
11770.845426732489   2759.705913265989    1         1.6604524823496365
5166.945082875173    -942.0483448388778   1         1.147334541592065
7365.086187352897    529.2905560362311    1         0.12833982298006974
-3725.7019211776683  1619.76025815801     1         1.2343763429324186
-3415.0438327187912  4289.000516444485    1         0.23249180337136546
-2798.7441493279794  4313.6714135832535   1         0.5939506916430524
9577.462021566404    4306.606086271198    1         0.9698005867278133
94.42313244986482    201.0332743160502    1         0.7417260276077332
1340.6011595748096   11070.351616509513   1         37.33680693085761
1806.4374062832048   7249.839015021407    1         1.1720852004595608
5749.573698766346    173.1979746325844    1         30.319426704938973
-3938.8886870962588  -5966.113691225706   1         1.0256612445750486
2183.7261418189337   -743.4145028364803   1         0.8807525477849449
-5265.578915246308   -6125.40338133441    1         0.9899479196660512
5633.814227581671    1024.1435468296806   1         0.5607107231925706
-6859.823203506968   2427.273837493906    1         20.135892209917902
-3102.826226765018   -481.1422485548974   1         0.7216406517064309
-9758.918268554646   -4182.043959723135   1         0.9946946688581626
2208.882672557238    -3589.6155661412968  1         1.1381480032226134
765.1319933598558    7422.515538164358    1         0.12472988350784156
1787.7731515226146   -4117.09458656573    1         43.24322214132861
-9640.060453576827   4229.948205506202    1         19.90608796825536
-9205.225241307313   4725.3554504976555   1         4.970194667064442
-4165.924030147944   8135.545304028805    1         0.30568072810115343
8384.805161931552    154.0710637428282    1         0.45357059077291306
8340.854124367967    5279.556707719574    1         1.2204064488237047
-4872.595652064703   -16875.61097573002   1         1.2478384223827705
857.2209970756564    -4427.201398064671   1         0.3783067906896841
-928.1903762777855   -7885.580717046622   1         0.12348887958390649
-1201.9607071106411  6055.916477102689    1         0.24813115953472176
2823.5657816560533   -7766.119860170012   1         0.6058274243778651
1966.363065104473    4500.783391005462    1         0.7126883281079807
-16363.248046859855  -10145.126119307313  1         44.816497424791166
6047.4728374657325   4756.708195467207    1         1.008645663078837
7102.439457270975    -4703.720099311922   1         0.912795991970931
6346.075247805326    3179.697433956149    1         0.7292284908984948
7218.090474075274    1927.3735742694157   1         1.7194444897326107
8961.519462060733    -1046.4003256484684  1         1.1611909040640311
-4670.979878683091   -3718.954143725214   1         10.095841525286668
9360.170416680809    -4254.337427717928   1         1.0997954577707296
-1358.3975049390822  5661.375388731972    1         0.8535717536393868
-3547.7232288156115  -4893.005328114719   1         1.2231020404390451
7626.113453881678    -4602.6079668154     1         0.6703949895086158
5186.488759381435    -8550.07734521755    1         0.8205115521579178
-9692.200281251744   -550.1864366635749   1         0.7805179117791732
-293.6260578911356   5880.95914734417     1         0.5549145492012839
-7199.977261547932   -5917.52446892458    1         19.295820404048385
-2674.3557138899073  -7801.043439213342   1         0.2011694348471525
2779.889639048789    -532.8012498743626   1         0.21259357037660398
-4881.183371396044   -2370.2883284094505  1         1.0647718637821353
2933.526539499548    1950.0354371811259   1         1.0840346332816067
16568.524441828587   9403.1874708086      1         31.72665911897728
7417.112625146233    -7802.9933182550585  1         0.49847688071025054
4691.558093708101    -8373.636272207385   1         6.883668244618286
2907.0444776633767   4598.114534902247    1         0.7674168256467853
-13312.428521894086  -18761.196507462097  1         0.1667802026268053
-9342.701268475274   3860.2128815336364   1         1.5590667988503553
-19059.605394580536  -18056.5445210877    1         7.5912335738239625
3757.33817833376     -8310.088762914125   1         0.9577417444493134
10713.118076878882   1995.9417867576126   1         0.5550777644566826
-8543.10511365997    -1100.9635458777616  1         17.52653673770584
-2994.1488992807053  813.2507922785126    1         12.362230945393216
5116.460032356729    1908.5278512607126   1         0.7643043564479246
-7425.939076665149   6645.777299130641    1         0.5636754664749298
-1681.1047516561748  650.5871529857401    1         0.14612954719406307
5245.738759505899    -8008.5203530195495  1         0.8496011223021916
-2062.1961184203465  -2755.510365253529   1         0.5463576157505152
829.9373945809242    6453.95014824333     1         0.4166649236955827
-3905.9486026237414  8455.13086829983     1         0.15893925450460034
2336.2043878986606   -7979.317000117761   1         0.5626072310391745
1160.8514870545025   -10680.640815461265  1         0.6101862193339462
-3297.9971624889777  -8327.330816174992   1         1.222155013971329
-372.09454029439485  -8573.428668194043   1         16.781641565219886
