trucks_count 5
drones_count 5
customers 69
depot 0.0 0.0
Coordinate X         Coordinate Y         Dronable Demand
-2242.4290349474663  -8708.6577742704     1         0.501315705817487
8857.613487546085    -1783.2157889021817  1         0.2543677991036396
164.85636937988707   1307.0994419150684   1         15.509650791518519
-9377.418155816957   2591.7246198979647   1         0.9330176042463575
-449.28125620818025  10670.999870214484   1         0.18207925717830065
8405.34752249782     -4200.600348144117   1         0.6928651893970418
2521.9780325701427   4204.137681012125    1         26.29025904715106
3491.437943349329    -2991.887254281653   1         32.69032866131731
4840.4272353088      -7164.350489416794   1         0.8589008489817709
4947.566213215601    5023.76989665551     1         1.0407504499038265
2162.5648908021344   2334.8954339235456   1         1.196778978576258
-9553.52004723676    -841.1102329231899   1         0.5350840602214668
-9286.123421230657   -3115.1667150836056  1         8.349981516439492
371.29992784190085   -10709.920057952793  1         0.8228805317151411
3733.161376248612    -2499.8004495426408  1         0.6303428830079554
-7300.876487832111   7766.171732944419    1         29.884266239287378
4707.954098458163    4001.0529784624364   1         1.0363488883558787
-719.4265760457985   8293.229008235623    1         0.18146383722541254
-2995.4371060824833  5482.90053904887     1         14.548290679218574
6269.698104789999    1716.7971346611705   1         0.8943914428048632
-14381.300202859607  14340.330484594746   1         0.325826053363466
-16315.947950009631  2452.907090459925    1         46.19692309969239
2399.645772086033    8353.078047743487    1         0.212252718676262
-9242.096165372977   966.97511637441      1         0.8492912170638567
-8043.453979688293   -535.6419576526968   1         0.45780822515523856
-2209.157701995428   6953.668955173869    1         0.7987622748276141
-3887.0201917150803  8722.226077311076    1         38.45010971416599
5051.477433375037    1382.3945346176693   1         0.6196458595792026
7.448326822712978    4029.215824857839    1         1.0680320763521705
-1841.575160347922   -4220.38364321502    1         18.689360640238043
-7892.298316585028   -6548.141517484929   1         0.6986443792796926
6353.818244662065    -3044.7135702629116  1         0.8940391672823962
-3051.987194431474   7733.052611910345    1         0.5559179463728562
-1113.312816113898   -8529.541578458797   1         0.4589672141132818
17037.64365447573    9630.302085557803    1         0.38417517999218675
-4648.278855690041   3521.6756136550016   1         1.1566736869105265
4715.9098866946815   -4565.403085126168   1         0.30694757272780726
6296.526175448668    5741.2032215932295   1         0.6682488734987346
-3065.000426057995   -5816.729197627822   1         1.2449487539377186
7811.208926487032    681.8366763346413    1         1.1836656445993035
-4015.4798739092166  5343.807073526201    1         7.8388747900975915
-8364.83139880601    -5423.7135512755995  1         45.9736384281702
7353.275280186405    -1629.1849104621424  1         0.31421496660885606
-10355.849328537315  -1609.1080476068419  1         1.2255558831196627
8720.183170666518    -14222.815687021746  1         25.32830225057456
8647.381937652346    -1374.5920056285236  1         21.324776783320367
-373.3441712760338   5222.88005977802     1         29.677403141283968
-7009.228889953465   -8242.660857392819   1         8.815469944956305
6334.195746875812    4499.578213194781    1         0.4946984179771755
2293.0089602433845   -8141.196487657435   1         1.2451205926011875
52.95522299368747    8986.645476173433    1         0.24799569441831
-111.37662189193497  4476.671606162       1         0.28036408028223236
9759.232491275174    -185.2334455693225   1         0.8179009885267854
424.5836373582728    6992.443963330072    1         0.5130526173344179
-5383.622950108456   -8581.619891923694   1         18.351647332132615
-6714.800420319954   -3058.455305114687   1         0.8383311150160982
-9406.817345304282   9843.945959427008    1         22.847647706184276
8711.896330935368    2442.0069542077485   1         0.9994381843643281
-2489.6397853416847  4964.695109044917    1         3.3055521269077675
8784.444061292583    -3929.917234297675   1         0.485150781997694
5721.790912571435    -4275.926239090994   1         0.5982495090036651
1507.7772478583356   -9649.356917609166   1         23.976140009802386
3246.5376664113896   -3400.9320925031293  1         0.44130254825833415
7614.055436677733    2462.884049740786    1         10.75339751619899
-358.49461901918284  2157.270713198035    1         36.609568500691935
2951.798918347864    2713.0477878834063   1         42.11000652532348
3520.497723761172    -2373.365010121566   1         1.2400676199964704
-5942.625532874137   -872.1797202776979   1         30.89731370058671
-3470.226779240723   -4386.227702036827   1         1.001645727925027
