trucks_count 6
drones_count 5
customers 87
depot 0.0 0.0
Coordinate X         Coordinate Y         Dronable Demand
-1108.0345355198199  3696.146276474681    1         1.155932843195816
19403.14363678389    -6999.177711171755   1         13.322616913517
14822.323029083149   19425.60784923778    1         39.22080480430587
7659.394742216875    -2896.768048391211   1         24.925454718851547
-3970.5449977279345  -1363.2494578334995  1         0.8749804598845194
-813.0124249370386   -5844.575298495823   1         17.08371014367164
-7532.473213967257   -5796.540467277903   1         0.1389163403825607
2097.926230341933    3101.061327057255    1         1.0687735747224305
3861.080610607695    5538.040373969571    1         0.817587245403038
-282.5885896956247   -2530.8052892174765  1         39.98886913130879
4091.3479371523254   -9907.820705858534   1         1.1659593436533549
4981.284382808763    -2786.4299090588906  1         0.8742075839847024
-4221.113241887734   4866.942217029789    1         0.1002401947219113
1376.8485000441294   -5743.072182021906   1         1.0345539052871313
7293.7305664542655   -4307.3871226364745  1         1.1741579102201576
1297.5240457277175   -10812.136900657124  1         0.9420168176681376
9359.221749990395    3510.5136877298432   1         39.0688571293654
-4186.463793583507   -407.71603357675446  1         0.5536917009786629
-3202.672385682581   -1449.7271624381374  1         0.692279101570624
9572.479143516128    -11627.12604293524   1         0.6199975869513848
71.77316893327847    -3517.2843287854835  1         0.7078556604292885
-4324.336603091348   -1725.2174944967883  1         1.041507570228473
-8050.296911570484   2494.928728155873    1         0.8731603774749108
-579.018415419213    -8212.238656726458   1         1.196985130610659
9414.507313698463    1410.7529925331824   1         0.2626748421711428
-3749.4506488989973  6029.08050368251     1         0.9507513025002191
7969.970132485161    6691.3566052440665   1         0.5069280142742404
1816.1267565392502   -9505.101503094744   1         33.39532211041431
4451.433727170759    8190.374737014739    1         0.9903147637898713
2714.872520351904    -3983.342405708324   1         0.2615373913322512
5840.266244005561    18240.13076418064    1         1.1058453305324123
1826.27237134221     -8152.287224850459   1         1.2444811129688316
-7167.169749672165   6426.4599865956      1         0.5036006755185068
-4386.249646928183   9813.914671751163    1         0.5097779721863671
-1074.9788962426326  4392.937764317818    1         0.2981127047385712
-7970.165333709574   -5594.062229027267   1         0.8581038758692249
-10647.197877224116  -2609.887901345566   1         0.4335595440000405
-10557.758923668584  2598.0430690887065   1         0.6948877781401098
-926.6280735779721   9051.008063591762    1         1.2347762415102703
9195.50459518555     10108.749830080105   1         0.7256648390859248
-5832.694784562841   -4529.928535759733   1         0.14328912174844147
-2974.7540925891685  10149.739011849171   1         1.1785410511483625
-3204.6566250244346  -4583.921084618749   1         0.8423477913388907
-471.2609661436769   -4719.511987546033   1         0.6907122055012433
-6394.194570472999   6131.431324820733    1         0.8161878381244538
-9262.435332447654   5202.218336721315    1         0.35159687920010974
-7333.178147941718   2321.0872546083256   1         1.244841633680253
-3580.586503203682   -834.5808612511707   1         1.0650540356617941
-3682.2985384813496  -4385.7336637507     1         0.649974133672314
-1569.6510211998807  -2251.2738804032583  1         0.27007053268239867
5136.844370516173    3396.2358697803006   1         0.5313999962221023
5102.52208698573     -8827.099735522492   1         0.5415924581433412
-8810.189829385154   -3985.8408926271545  1         0.10828865114370682
13365.403845513305   -8197.64137822604    1         5.511934529648316
5918.0220834389975   3339.235277945277    1         0.34081687543440237
-5544.830569927994   -7601.081039779431   1         0.797417016014338
-7687.325485047258   -6741.3771421632455  1         0.5787041404127422
10462.53485264848    2117.854624225226    1         0.8603721078411974
-6265.458712070446   6898.798159902065    1         0.9802997370651513
-2721.705295733871   3204.3080939060756   1         0.6633775974929472
2443.5674146797455   10055.265834982427   1         0.5822463771620053
8945.943074400067    -1232.4823409712358  1         0.752788397686448
17777.140663804654   542.131976074219     1         25.50858579114567
-2726.0249932984802  7172.379076217361    1         0.6519094199337441
-8708.599460021025   1722.134821570522    1         1.2324369572684095
1457.8084248652347   8171.508729714925    1         0.3253639031814395
9080.902894673438    -4797.101285075674   1         0.5469648472673772
-6583.268081977051   8339.18313641149     1         0.9510593241669606
-711.9596063356106   4694.629462193237    1         0.5754748144647492
218.21419851206076   8506.015793288709    1         0.2021318812379147
7883.770630910187    803.6271290016172    1         0.25608456171664246
-5592.122949226312   -3709.3127373866137  1         3.5581605440538175
-1376.6561235391937  -1867.209971610074   1         39.65492221068585
-4337.006046820949   -5939.625382620932   1         0.7191025282060168
980.8238210370799    -4875.386794424052   1         0.5716865334322292
1694.2143869386841   7802.536080602944    1         0.42048691169594965
8434.689568073836    -5825.230956562073   1         1.1540069164742002
5567.224863976356    3655.988834528554    1         2.22542606728515
-4710.498256889569   3570.314779759421    1         1.1122938335878294
-7337.043133035694   -2543.6608333415634  1         1.0017976722183073
1566.7490015462565   -3335.0646086967045  1         0.8711552453909179
6263.75744564086     904.433014429352     1         0.570687216835987
-8519.141129244303   1509.3260033035376   1         16.66687694240626
3575.2492912965618   2879.5317880804164   1         0.9945818293157517
-3199.8811366092145  7957.925581456619    1         0.4671402531741319
3057.9736752835897   8554.146137938027    1         1.0435170842326331
5403.3443169370175   1895.5468966167439   1         23.420434475675634
