trucks_count 4
drones_count 5
customers 56
depot 0.0 0.0
Coordinate X         Coordinate Y         Dronable Demand
757.844864638963     4749.388132459412    1         23.14831021207285
6822.685052019196    -5652.219194174224   1         10.896250406554119
6600.164372919479    6466.481034563938    1         0.9509613424937234
-1919.2060475575236  10598.564145307557   1         0.6144968496872268
-8488.46038963196    2878.3281922595284   1         1.0668705074116602
4983.862135418419    -7191.6914254732965  1         0.9276516881588213
6828.394664569775    7952.584070766489    1         0.49044375687463937
7564.807458351558    6612.534605422402    1         1.0425369522058214
-8354.081626687415   6029.781393591304    1         0.1199310804740421
2994.3217481288207   -4776.6702920298785  1         6.548872068263924
-5761.578459218837   -12950.475856434929  1         48.93409247777052
-3626.8578896176696  6811.620357744846    1         27.511404759662202
-1809.3886059205663  -6279.214229516744   1         0.4843138186684147
-1712.6799968161151  1.6905412715985464   1         0.8406644703317121
4663.793640467321    -4720.71738932477    1         3.1266199721579837
3493.513644982017    -8897.862453648717   1         1.160102853808718
-1441.5071070840402  -6081.311552365244   1         0.5986395685483022
-10776.764938002858  -1098.0060703311756  1         0.4616464568090217
130.89398843681516   -4423.652773028611   1         0.9797535846289939
-2701.1623649489234  8615.302681873764    1         0.8948433259382815
3425.1566868315854   1953.052848934735    1         0.6022903397595165
3491.6438721227705   3031.2422279348575   1         1.0541383970732243
6484.153620584244    -964.6932235568893   1         1.2248665922985502
-6162.893211996983   8032.056122790442    1         0.49370506569890593
-7429.252282227927   -14096.006273131265  1         44.02223498273186
5762.7085912080265   8401.85573462394     1         0.603561480757959
-7466.7221136831695  4133.624729643046    1         0.14688981692575204
7801.59602973926     1868.2433867284353   1         4.517400988738687
13155.192576062762   -11989.3079470237    1         0.32814265204237436
8728.843615798862    -1999.1317513468496  1         0.5660648652813152
8174.267389280847    -9751.23023330776    1         0.4935284451908125
-3103.954061629002   1203.8555088461228   1         9.320426268404518
3796.5991660871673   -9561.284209771968   1         0.29243654282669085
14684.514590214107   -4395.473442603521   1         4.163043166675186
3961.9892807411316   -8285.979021420966   1         0.6015003687435613
-3878.89992935013    9457.85549197643     1         0.742191435909287
4045.722982682295    322.8317963543131    1         1.0535063735674548
5842.266760138224    2791.9356698843644   1         0.5046598152562909
-10183.579795342506  -6507.096054200407   1         47.20252224917068
-6913.358723584025   6600.820360301708    1         0.2107148744366077
11747.78927219369    323.5719764769383    1         0.8064401800943415
1061.4170701816925   -258.31250921807015  1         0.44537771071830135
-1076.0714022858858  3019.3899017552335   1         27.367328200581223
6984.85848706472     4873.481107899212    1         1.2289164215055255
135.7535924586464    -2659.81849584287    1         41.45490231687037
-2041.4140390957268  -4578.51015086037    1         0.9069257512331191
4650.634888199844    8282.971062778797    1         1.0593813522947506
-5740.648630663769   -1510.828954813527   1         1.1064718067544481
384.9290967385514    -85.44535169871779   1         1.1569210079435994
-2990.9970751822     -5311.644339550289   1         0.9282354017868318
1546.9789172296412   -874.0838846974709   1         0.3125593478701518
9264.446053516682    -12181.600894536936  1         0.7902987441007184
-7604.57962354631    -6969.697539363219   1         1.2283903985674693
-7900.487730389613   -1297.6072800063948  1         45.09087169322085
9790.206305280264    13618.52659855439    1         8.939453525588217
-1904.976535236615   8779.376043295295    1         0.17645511937606806
