trucks_count 3
drones_count 3
customers 20
depot 0.0 0.0
Coordinate X         Coordinate Y         Dronable Demand
9352.926877545524    -500.61825714128855  1         5.449053849595288
-4268.438080804722   -5955.340819376603   1         1.0295597897235642
8468.315617557242    1007.0694953403419   1         0.35748125039323
4734.612790793679    2857.814315251733    1         1.163676280158747
8239.239616230763    4169.296373408856    1         37.83790752033416
7035.699315867896    -6128.830907414295   1         39.52374229658708
5568.613378395774    -5633.967500946396   1         0.8661000895973233
-7595.189494371037   6172.76813881054     1         0.5536332757557443
1479.6425305764424   2608.8590927777896   1         1.0218103969080574
8640.517803321713    4169.113776680249    1         0.7608070614941388
-2662.2286454744954  335.4762294404128    1         0.8250843914085588
-4570.548289970704   -3518.436264611006   1         38.58894166861196
-8876.64605608937    6328.43675580636     1         0.16549206917948314
-3046.9965250763757  -2808.3199020267757  1         39.43626278873044
2195.9547722972106   1970.7813147114982   1         1.2152777530933043
-611.0220551390308   4926.191811876139    1         1.0921685663782241
-8257.514919332069   -6194.5569334429365  1         0.9109771294202987
10010.819266725195   4104.915820568677    1         0.5084088117305934
1910.075432769226    -3283.784404286726   1         0.3236167512186835
-4860.562054747189   -5052.228639383946   1         0.4593826485276006
