trucks_count 3
drones_count 4
customers 71
depot 0.0 0.0
Coordinate X         Coordinate Y         Dronable Demand
1921.3550081967398   -6593.622461375145   1         1.1421465700444882
-8350.758611930112   -15469.655929423505  1         0.49009105530605723
3753.491717209757    -4319.611297211712   1         0.8358420767712581
3126.833750872941    -9529.596222020558   1         0.3337386328519502
-11262.577131398708  -15050.508539228393  1         0.9038388815667502
-2261.2384356822167  -8532.839620874303   1         0.8110821502840194
-3896.632781319154   -4410.829697174628   1         0.7278759309036757
-8144.170905568473   -6001.959126595622   1         0.8414086715932766
668.4210714421962    -9015.140080194673   1         0.8549851725043042
9213.962236497733    -2490.3207165414547  1         47.703264275613556
4596.528484678119    7530.638769276155    1         0.6657442229905363
-18134.77388771637   11658.457610317022   1         0.9686487594588755
6279.907091771916    33.94905161819051    1         0.6134596936987449
-13007.4748798732    -9569.26414369018    1         4.6486701380278355
10509.533504010711   2006.6136380046678   1         1.148185939014505
2020.2400162894555   -14899.132308452456  1         1.1069735135448082
-1067.3422743489396  -163.36958037642069  1         0.6410859922764813
-1380.2626663145056  2938.5501382764796   1         0.36565154864447724
-8875.852454906122   1326.8850005562017   1         0.5032249203621183
4048.089814176663    -5922.140690990924   1         3.86412518966306
-4034.5085451702307  -6850.608708781172   1         24.46787886829758
7690.540184118633    6387.365431650387    1         1.1220255258472736
4396.252581327096    6579.93436989296     1         1.2119939366245156
8022.915925628754    -3569.9188506561377  1         1.099036881116161
-3777.022212662995   7922.542730539375    1         0.6392727451813929
4000.5252534600545   -8057.312093481797   1         0.4104284299855524
-8688.412932047911   -1253.00821848566    1         0.11312070959089032
5660.751662226904    -1004.3981144187544  1         0.7229123894084478
-3043.7116074590685  -3927.3641559028715  1         1.1592429366623849
-10790.566843292088  -709.6016983229623   1         1.2084087192861537
4675.285083734805    5537.3693086543535   1         20.823508670369364
7789.529439099858    -1649.4501699069292  1         1.0953427031399163
4079.055221973197    4507.443667851297    1         0.13473840605748985
-218.93267655715087  -10014.825864387858  1         38.44825796343015
4410.421699764501    970.5507750956348    1         0.853404077667503
1729.817704456006    -7453.727760035008   1         0.49052862694564237
6202.270315045608    1638.7480876866425   1         9.832984556256337
-18336.3518232453    19225.685795874328   1         1.1053875057011686
9501.335432288688    141.645877255817     1         1.0507650937989528
-6900.427346834576   -3994.533748876136   1         0.5518565949339982
-4670.530562153179   9807.800218302782    1         0.32480634034704003
3618.0598160564273   -10268.557436392102  1         0.37971629347502633
-6373.365634409362   -4643.794893031895   1         0.8946967781818627
-5660.206124906934   3878.3808253988323   1         0.6755163992107036
-2696.743044330976   -7719.269676995998   1         0.5494822975663763
695.5460732306674    -10394.349300053796  1         0.46694670112943515
3920.70211750993     2635.1319529744146   1         0.11953386903205822
1907.8964891211745   -1350.2611759164806  1         23.045300084937356
4899.674128111685    -7754.870124621722   1         1.1042673884652396
-2529.1705428955306  13.466567231977214   1         22.41664547650549
-1394.2097956079917  -7972.327963430222   1         0.40389928145681264
-4320.340135518322   -3171.8174831326587  1         1.0939583636846428
8144.53772712747     -6153.086672686579   1         0.581926182377847
7070.064799338886    -879.9507765392224   1         1.0931154391325593
10866.482400748364   -1302.46763651885    1         0.6917117057322725
-1666.0204562758777  -6290.748074247121   1         0.4008613346763291
-6758.495497908134   -615.4922191183034   1         0.4346827728916356
-1076.2848679663823  -1861.8751399420946  1         8.677906694162377
-6222.360694047168   1112.3826655752625   1         31.43799749264801
6196.96082856457     2511.4222783191717   1         0.13684252612821893
-8758.990192828636   6374.109451832972    1         46.6971117356011
-3053.0960674208936  9556.540216818861    1         1.232675002061969
-9966.803944867443   -2890.496917425473   1         0.2047711720080328
2818.8016353093153   -8919.535157514647   1         0.5836199790740282
-635.4847169395509   5515.32819379852     1         0.7458547934946284
-4883.683827848625   7973.142678702418    1         0.12861181123528972
2302.788117069324    7770.639444585823    1         0.868130960638121
-2704.1455978536037  7887.422400423259    1         0.7689627411534726
5856.4381355942      -3767.453105911011   1         0.366438897744103
-8367.378018585447   -963.4976323498754   1         0.9895604211351148
13008.699759666655   -551.4486453548416   1         0.6544421253098085
