trucks_count 4
drones_count 3
customers 49
depot 0.0 0.0
Coordinate X         Coordinate Y         Dronable Demand
2748.29904114489     -2665.916654187051   1         0.3798690930840418
-2178.1826868409776  10674.058625189173   1         0.1471547687801031
-431.1602614564919   155.59415264226195   1         0.49461447777675505
-6031.2362399115045  -2296.459495459629   1         27.6290180258073
-867.531464814203    -6505.521265041455   1         16.119466092016943
-923.1436535654643   5711.2650341310555   1         0.1536846831212506
6063.089252007298    -215.76112030673767  1         1.1119939648872386
5230.1190834386525   7931.343928853041    1         0.1966985727957818
2836.0253852304777   -658.2286937710687   1         35.94696044683404
-1913.5642062916922  -2350.92258751485    1         1.177262572121303
4625.733841886502    -5261.022515473286   1         0.29252118216689277
-2619.853713215317   5419.169076834944    1         0.15658294683890187
-7993.45183801885    3744.6304352038733   1         0.20015386268306543
-291.5520721657016   2176.3035234925446   1         0.2923605845391913
-4999.015036600339   -9596.42177248587    1         0.6199991606481835
-959.2729218168537   3106.873113041051    1         1.412126769852512
3430.00951385937     8064.7206913805785   1         0.16758498528205296
-4772.414886667786   2284.3337488224715   1         1.2388324324320534
1202.0121416859881   -2070.832489833499   1         1.057757983684005
2143.580239231753    5714.592271715356    1         1.148319497451805
-5659.330093060769   -2119.8995117224517  1         0.8146549640858158
-4075.6555966142078  -9716.036693359853   1         0.48137049002030297
9302.816018986015    -5175.896750035216   1         0.99732877083665
3451.5048881931225   7906.49416268662     1         0.7458466548912024
-6597.258848631239   -2903.336074101791   1         36.37383005845932
9209.205264095777    -1428.6160895687217  1         0.9955794231060314
-4759.926765769563   -4484.353396772546   1         1.0575929148434846
-2846.551759202589   -7947.016339098578   1         20.714873278207033
1758.6443308012676   -3644.6843534098552  1         0.8767190027937027
3700.4228734753306   1555.3286023111295   1         0.7691130560845758
3188.7046236721835   7998.749643950569    1         10.495823423202054
-10126.634978589678  -2478.5865703647137  1         0.5473091122839588
7036.724606928866    -1779.5579120506034  1         0.4850333776500554
3231.9011764985744   1950.9041528125983   1         0.9622104464634518
-9934.447548660906   -1873.6115034254697  1         0.4760981277787223
-8207.229705340855   -3567.4422668303623  1         0.4729538610957392
-6217.34885024513    -4343.066156562555   1         0.4528973557916698
8875.793034375287    4725.317346705293    1         0.40666051594781893
2044.149460038052    10396.864903482528   1         1.2089816058034097
3925.7314762809997   -4395.02246863981    1         0.16307277645690565
5870.176774787815    10893.538602212728   1         0.1187178703391876
-2133.7119735372053  -6066.479568067725   1         0.5092335438135692
-5049.721148046953   -3391.964344729362   1         0.30114561050873123
7898.349808485816    -6566.68155452913    1         0.23001118049143462
6753.993696890586    5736.988877582576    1         0.15021539694915298
5321.69474714079     -5378.625932797004   1         18.414497361830858
6217.416790473751    5754.098231607443    1         14.48401609612545
-9206.736930282885   -5613.500824070794   1         1.2066680213736052
2044.375604936874    3457.6783078520743   1         31.15274098880777
