trucks_count 6
drones_count 6
customers 98
depot 0.0 0.0
Coordinate X         Coordinate Y         Dronable Demand
-1490.3650262882002  -254.7897565717085   1         0.846632182484423
-942.309515931052    5458.667103353973    1         2.7842753517395904
5524.459116142987    -452.40238600053846  1         1.047542558026841
1060.8881715704217   -947.776222940593    1         23.143195191994717
1508.4782834587268   408.43406059157525   1         0.44256093558737153
928.6299567037781    -582.2690341458824   1         0.5656437665984944
-3068.4023299938613  -4571.870818446666   1         0.4796202911099493
997.4462542159422    -6145.294281205938   1         0.8492077722347193
-375.0755292274829   439.2000527564173    1         0.8594523830235492
-5843.308931618125   -2361.907661570761   1         0.1862352203423127
5133.493651701687    4337.153914827634    1         0.885213902988116
582.2265027723881    6320.563669485466    1         0.17301582585857295
1684.3159515585785   3086.364278505197    1         0.5682664359026962
3975.3174215802424   -3700.4954291068816  1         1.0082408130790552
-1422.4222296229375  3336.843829336431    1         1.236448646768476
44.66364519412218    -1440.7897137271557  1         0.46962343743210455
-3854.095281621016   -617.4746593840936   1         0.4228860190288226
79.64389828581898    894.0626865779559    1         0.24260183392715434
-4656.253035355775   -4757.0867366959     1         7.3419919694865605
704.6257724857998    -2636.8255264840273  1         1.0589857844477033
3708.652338367705    -4678.723552172838   1         14.915276076473027
-606.0928050700602   -3014.9076667128957  1         0.8345171815785606
1278.48804615992     666.2541514118562    1         0.7427145447609456
3052.3405763854466   -1357.9955084324265  1         13.981313891344538
-6519.367685100237   -1455.8410280606454  1         1.063339900853953
-6555.735668581682   -5914.752234829535   1         1.3683394019417414
-6516.850753851367   3256.543143170741    1         1.1860968906339384
1976.8549579842302   -1739.420629443427   1         1.0369016731881846
6188.934178209619    6240.03184104903     1         0.7864252767484217
5332.205465039803    -376.6645353720979   1         1.0789510431474323
4365.964473987587    -5861.774783188471   1         2.510372946658939
5964.058718102918    -6028.273005680969   1         0.332453525699598
-3959.643524548874   3352.765365525611    1         0.1038963432191642
-1127.5972426149267  6175.984380358643    1         0.15294273291373817
-2197.1955238427904  1458.3116007971441   1         7.250036524335215
3792.8037030872556   -675.5773831150773   1         0.5901809667569076
-3279.545370991118   -1121.6507548862219  1         0.3284873071180694
-2326.1455934666933  -1437.7615646083111  1         32.09270294867345
3829.033440287421    3713.4343854311796   1         0.3015883359794339
5413.488710452336    5878.594586747466    1         0.8277249869847838
3550.6965748847283   -3905.9287112123784  1         1.1335069893588774
-450.52516441067274  -5323.444789754575   1         0.11610533987909671
4053.158225824618    -4843.7303414353055  1         5.482876210665428
-695.5968542655019   -2503.8025099864867  1         0.22290816032319166
-5403.944505493078   3620.314441466515    1         3.3100933719511496
-1734.8362387444874  6355.02485523415     1         11.371521281287464
-4644.696977121278   -6058.48079161919    1         35.78120077512435
-1332.829020182854   5650.879456231711    1         1.2474322717005497
4960.544166515966    -6217.737887673894   1         0.8528770832489051
3319.5290244564876   -1366.938455376335   1         0.7899270411167588
-897.7267372054956   -693.5866097279913   1         0.14031623525825504
2417.8131651631793   232.42888013034917   1         0.5436171069176864
3787.6547326473865   -3706.6406785970416  1         16.59050129862814
-6047.380738985057   -2272.947334730108   1         1.1804041863770962
-3764.7637895773187  4903.887048837949    1         1.1791048081788096
-4825.016680106984   4310.438091840169    1         0.8417971437207182
2975.739204072343    3490.3988677410744   1         0.4254717392070171
510.9446276176705    -1341.9788575338234  1         0.448719670697995
-5096.561320224178   3471.04814783988     1         0.17153077278223344
66.96344793405018    5372.614924114796    1         0.9131837985790187
-4576.632826690406   -1959.297262853761   1         0.555314817048471
-3600.3530657420583  5821.93840691867     1         23.660707543170204
2915.824491370389    -1238.1638139195006  1         0.8143548202058558
-4427.496962193451   1421.4745790781362   1         1.1783009789628864
3397.479649845629    5327.01116635536     1         0.43616790967978336
5555.713697432711    -6481.520371296733   1         0.6924916142532219
-4058.6240820050893  -2048.033550657271   1         0.9197264418085837
5983.413001621212    -611.1072212868187   1         0.42002333818683013
-6421.242153424484   -5071.919072543456   1         0.9570138326485514
-6096.719334320606   2147.9283742555917   1         15.55862551936975
4468.769474967108    6642.036418441537    1         0.41761721882511915
-1804.5208847604426  -1917.480313771349   1         1.116488552334478
-3253.644216864864   6292.619771174184    1         24.610055748284474
-2745.983552985028   1272.9196938347977   1         0.43454213654137464
-6662.818791344249   -5767.022353594584   1         0.16300086585159687
-4064.789957723317   3070.4961328374175   1         0.6868832073325236
-4969.873054786867   -535.7208930903964   1         0.6076460488414719
-5849.13240601323    1552.2326754197654   1         1.1409315598347174
-5086.215230994956   -5531.099504947201   1         0.7092071655306987
-4533.974696068893   5058.481848198101    1         0.7221230589329402
182.5566869117998    1411.9525985335317   1         0.20196168986145147
3165.5952427691973   -5570.131145511658   1         0.3396922053748306
-1792.3475108861335  -4962.75041189444    1         15.850389569536468
4643.269149344257    2696.8613761007996   1         25.403936238568445
-2307.6759440174374  750.1193896672531    1         0.17848112880845124
-575.9598039948473   -2698.4789887921506  1         9.700625004810798
-2530.2563139197764  3936.7529433935524   1         0.9974010620407103
5467.665444538949    3833.9530541155113   1         0.8885758792578891
-491.7952475131742   223.42838260703957   1         0.93122258600363
-6358.571050881946   1114.5001190237551   1         0.7894534140693178
-4933.943404162765   -767.1399864255062   1         0.9168223783260939
-4144.000238635114   -606.1366272182677   1         0.900748061107054
4942.697675301531    6060.019264870505    1         31.485252250692298
-5548.495523025051   3851.3843061931166   1         1.193877220211399
-6055.968870803062   -3013.7653730583334  1         47.719352398940224
717.0615743398328    2557.5317743520104   1         42.333201636264135
-6250.632797303878   2784.5726149480492   1         0.5349996009232426
-2644.46755990984    6156.094184013371    1         0.7517715909523383
