trucks_count 2
drones_count 2
customers 24
depot 0.0 0.0
Coordinate X         Coordinate Y         Dronable Demand
629.6891941085347    6839.742016525448    1         11.573082900347377
-1583.1702172894238  8469.537939968526    1         0.941124242047965
-283.38802377462207  -9065.180013074214   1         9.936972814456192
5611.832846514744    6299.761248142118    1         23.728608390754864
378.73067105378095   10698.322444351857   1         1.0380211070361018
3248.1322835485716   53.76579990128192    1         0.40021669384274217
-12276.563589692254  -11395.794495118655  1         37.46729604438759
4598.866931253127    5734.020896229255    1         0.17770981308996528
5668.045752157624    8091.992698777773    1         0.23446633469945793
8869.780859261753    -5318.88035137494    1         0.1916316158896687
-4849.8182311578485  -9351.426875805524   1         0.7868021843819167
-7601.153254164766   3324.146966493283    1         0.6172608736556783
7436.931399033957    -4438.54667622246    1         0.8159936508735594
-10507.621897526316  354.02822831177946   1         0.7325842864489692
8628.457617052318    -7628.821391206502   1         15.683834315607903
8153.668656068401    -3086.329107724758   1         17.297059902326346
-10554.958389260886  55.33076122994881    1         1.0079681304423813
-2453.3630908128234  7849.335610870857    1         41.64807429484145
2441.2237546225365   -5883.156684838485   1         0.4537587381020606
10437.62669792553    3016.920220284504    1         0.5096917988294328
369.27272348755866   9411.378954993628    1         35.453034085030474
-1412.918282795128   -6814.683097342461   1         1.068088122502182
856.0850693417506    -4287.635333371524   1         0.9222814775042283
-549.0165834801313   -7113.702409307996   1         16.807875033157345
