trucks_count 3
drones_count 3
customers 56
depot 0.0 0.0
Coordinate X         Coordinate Y         Dronable Demand
-4765.718934516242   -3900.9466522218545  1         0.12212550608009225
-368.65558397982664  -1525.3880292237886  1         0.1783788420802387
760.5566763685546    9177.443812819085    1         0.7446244814772115
3739.127786213259    -1036.9793978462612  1         0.7784696939988326
-6822.696055770598   6428.168199619927    1         1.133786914001043
4256.85126253485     -4028.927029765379   1         0.16429604251264743
7803.285780246122    -12957.079947076922  1         36.075391525171455
-2213.23607278407    1928.5011006235786   1         0.9648666687246575
3934.591528260096    -2581.0037477978985  1         0.7892586108709001
-5274.609059537847   -1468.9745941646954  1         0.6602049893087285
-1834.1875588341513  -3640.9394850861822  1         39.457131543591274
242.94939279079307   1116.4738670663814   1         47.602397152297385
1221.3773270861682   -7285.0417614115195  1         0.13768292654098596
-334.43816909772386  4070.8580329713614   1         1.2480746736542017
68.30826436698771    1375.7823695602056   1         0.27165780694745556
8979.195446380108    -7380.221756700392   1         28.344342078544507
-2467.1057992627143  -6040.169719130508   1         0.7243924781553326
6827.378561482422    7956.0189977383925   1         0.5302212657648682
-3617.931241866983   450.22170676944927   1         0.7929372372277765
-2546.013876828134   119.28996232042664   1         0.6063777067409631
9633.630893990081    1799.0114065705384   1         0.1386313087259183
6517.0327346529075   -2839.1493949764226  1         0.4726329816884537
3725.649721064102    7762.794676112425    1         1.13765908235882
-9165.094169539645   -2163.4758373881723  1         43.9703046370176
10901.938935205102   -455.6802793039907   1         0.4020500317992918
8290.35351033719     2274.818510357263    1         1.0434703325664214
-5608.225460108661   -5088.211170301178   1         22.290789207667437
-4369.315648638949   -1597.4928814228574  1         0.6982684275854785
3783.7992226027254   3653.0112612380494   1         0.994082955745064
1637.6279037120173   -1526.1903693293991  1         0.8897700796696388
5884.284961290595    845.3643846907245    1         0.43054462043118735
-6880.810812066951   -1283.8853787282994  1         0.2800881926180995
8901.519226032811    3221.2249508754576   1         0.13042017470799513
-1901.3177730419818  -3410.465484400819   1         0.15598536493406095
-9938.728877233414   -4239.114312904609   1         1.047489897598603
1342.3122355289863   5420.626943920412    1         1.0181832136444666
-6485.194781437625   -1692.3926339027341  1         1.2321825706182357
-9787.80521362747    3610.3417362458554   1         0.22781598920900553
3427.0506566220283   -3082.407751496825   1         0.481546048893448
7772.435468609292    -3569.4666221882367  1         0.893980687304087
2372.0775134235114   9155.384441476293    1         0.9647859568590536
11810.272213535023   4228.379043469144    1         36.83346148977502
-11892.570746518702  2440.1313360385684   1         0.8524314752225503
1092.0643789675316   9290.306242977214    1         0.3664014507805906
-989.6610900630568   -3405.6018118961033  1         0.2238350252204434
-645.8851198921922   -10221.633548612053  1         0.5791842286283837
378.6938930690542    10245.703506687432   1         0.3923362701868339
8694.470152453394    3899.4880793543775   1         0.667585083800235
-6358.1497257696465  7912.739956946731    1         0.39299353944810833
6262.929436385646    -2314.876296950908   1         0.9712867443250534
4168.166012583159    -12675.414035539383  1         0.991564502912446
1201.6813226742477   876.3670569029098    1         1.110621905084613
4955.566405929892    5048.608214485059    1         0.8842748766155701
-885.1778866837958   8779.682247219844    1         1.2002066951357537
10778.2042950997     -1069.9392702747625  1         0.619155236525882
-1631.9777840958195  8662.498259769394    1         0.49211773294840644
