trucks_count 3
drones_count 2
customers 40
depot 0.0 0.0
Coordinate X         Coordinate Y         Dronable Demand
-2083.995521060336   9337.064725078963    1         0.6915285803567693
3601.423010777203    2499.5761468462315   1         0.7507020471770874
-6091.41959669675    4674.129192629902    1         0.3718133929798122
-10481.423552116172  -8644.649739761993   1         0.6280368484707255
-546.3074452643596   9138.553643575884    1         45.14386286624174
-1728.6766025522531  -9794.930167847006   1         0.8852967820868527
2494.144205414704    -10328.420680641557  1         11.5043397442778
-1010.2715718746739  -968.4044206326851   1         2.7417590252386397
5279.367201027001    109.98123089506193   1         0.3647434277311008
5390.727714572765    5521.753413095369    1         8.590951796774032
-12482.365541272879  -5954.075959410022   1         0.18512504259629764
-4610.756378628047   3543.2819836004082   1         0.7343479585789516
-629.1376411869369   5826.689523711688    1         0.7698036938703484
2293.987619700637    322.65103670955585   1         13.961193118078233
-9318.608669493424   -5747.562674787134   1         0.9453087327904299
4790.393533966778    -5897.053025302563   1         0.4324656581732329
-1058.1291510879032  -5523.499828085886   1         6.190630975750098
-768.8182271297333   3950.292889384981    1         0.6680003613290766
-1582.4230653942031  -3595.2786105440714  1         1.1019713645298441
-1521.2252225998263  -3498.140748672209   1         0.29485205487492455
-5672.808092035775   -2553.144873066217   1         0.44640362563334657
5099.939170350594    3935.921134487899    1         32.36607079998177
5264.75517434253     5865.497065576614    1         0.16475854613497212
-4964.089692660333   -2637.122030343812   1         0.8258781531284678
-3599.1875116538504  1790.707415590913    1         12.27438390788197
3425.372484987328    -10293.316669046631  1         0.2822210060846336
-10418.506149762905  -829.6489451945924   1         0.3767362426691111
-2597.7508278239266  -7650.200451201725   1         0.9151933810213884
884.4707851437936    4688.154408267746    1         0.42802227942883475
5524.324190915226    -337.1114159508986   1         0.14209327459499568
-3328.7804898066265  9556.49513304982     1         0.6915183578161244
-5406.269023062438   -4632.198093490156   1         2.5174551697850904
3949.665941651742    5129.810449403254    1         1.002602241216413
-8507.151269236394   -11541.13782079497   1         0.41317243002155113
-12795.1502325161    -8310.346250289225   1         42.60810500657416
-8341.003396408429   -4913.256797373482   1         32.35669029728067
6845.720335449575    3869.7642054390385   1         1.1141813850060454
5170.194340145312    -9344.224307122899   1         1.0584812784359383
4298.264745955255    1557.7368888418719   1         0.29572788840471803
-6857.1191749768195  5743.063150096355    1         18.879425451004636
