trucks_count 6
drones_count 6
customers 87
depot 0.0 0.0
Coordinate X         Coordinate Y         Dronable Demand
-159.84547221700305  -4638.945831967674   1         0.8347989427592315
-5179.725949987174   5337.45071155849     1         0.6558321584841017
-3838.7995101544743  -1027.3801004665904  1         0.703625730979089
1277.7958687418752   1728.5080228116324   1         0.15256914629239257
1763.4337303497787   512.6046371993347    1         0.7334899046113889
-3731.658070709119   -515.087590241772    1         21.534848235886432
415.3572627344443    2944.8132693488624   1         0.7419327604531383
650.5350411439301    421.51083568824396   1         0.8731669659909742
-767.0818329600596   -556.717427130309    1         0.7183992884775297
1642.5062966229082   -4831.714304703828   1         27.520604163703347
4828.63740598019     -2146.287999584156   1         0.3953567404003435
-4844.8646041620605  3990.501453756619    1         1.1351744944285618
-5055.038191790461   -3194.845241242037   1         0.5723954638305074
-971.8175129877673   -3372.3852956104797  1         0.3400136908092224
-1056.69266249271    -1782.883917690352   1         0.5232991875851786
-3054.223644359867   2038.2117837104452   1         0.2270407080322499
4023.0648793579317   2627.758828020993    1         0.3691275873350408
-1683.3908735846414  499.7346622632554    1         0.7872822524978194
1787.0390693151014   3131.927394141586    1         0.7124422248260165
-5229.385432046883   5448.232822732839    1         0.9968629599602872
1064.8731479463106   4905.160165296142    1         0.46155113579294815
4570.666029390558    -5276.67882260056    1         1.2193802188185936
325.6489201118865    3498.4121273205174   1         1.0330005467939585
2330.1746840840397   -4973.444626609378   1         1.2494583978327087
2421.355298727729    -4746.398316453653   1         2.005036315254005
320.16129231602804   3998.9587012616626   1         1.143612700512034
-3678.130479020715   -4697.33748033137    1         0.7400448066848972
-1513.9586814008226  2179.2720864116604   1         1.0126353198938578
293.8584948968147    -1409.3058169603278  1         46.81073272357392
2977.768981987699    -3943.9060946019104  1         40.11165726253713
-1223.4740760415823  -935.889499710152    1         2.3866186428806255
-1640.4224899452533  -4065.982977969795   1         0.7971784334254628
429.49105755240157   -664.6401622798611   1         8.257571149797513
-5393.092076480051   -663.4005824558581   1         2.4261941646621015
-4855.82533971856    -3075.7655442729474  1         0.9375191131555408
631.3491851617486    96.61182441830766    1         1.0855559121818241
-1996.0935437145083  3549.4791413479393   1         0.13021098630890326
-3202.485012601627   4158.407777056812    1         0.15358280654578832
4337.859139777684    921.4503160648096    1         18.0270932542999
3730.7204448158304   -719.7810892077465   1         21.834202993821734
-5059.552812861341   3327.267609533568    1         0.5880720062989043
-2117.9942852039635  3911.17084749496     1         0.5898833312206639
-4131.790244346813   3140.6394275334014   1         0.8595989634921907
5316.910625936778    2300.604674336278    1         0.7287105633271111
-3917.206830626646   -3701.8089750772065  1         1.0451450911205262
2023.485959646996    -953.4109437202615   1         0.8989354774917035
4258.356242786792    -3501.0714391007446  1         0.41248823684644564
650.5027218487988    3027.847837439158    1         0.9338136265453341
4277.60353426594     -4304.149167287451   1         0.3331831130509907
-102.92754393013116  -2163.474867525123   1         0.6719585869695458
-4466.42107473963    -1861.295327810198   1         1.1643965487843593
-4307.566795333194   -1074.1245496385582  1         1.167856991465254
-5.010359078307374   -2180.9574616240043  1         1.0640877447797081
5428.238121885105    1221.2052103690785   1         0.5573897610443285
-1171.132372930261   -4985.185832157384   1         0.22023688880157938
1857.0940984124093   -3194.01679594061    1         0.7470820938238807
-3963.3240196032466  -2748.2914631328713  1         30.249240759259866
5146.8325179290105   -5082.049462327204   1         0.46906983934860635
-784.7528416471006   -1216.5509375645079  1         0.9076527893921434
-3473.066017745727   5299.141040932321    1         0.3654710173638259
-4911.428789849375   -2196.5192058248313  1         1.1274677070273744
-1884.7480298804085  5389.064829569167    1         0.3272684019874485
-3537.9919640260823  -3824.262396344601   1         1.0437466439735965
4164.36533982672     1142.4401726712015   1         0.6458679408000194
-3211.024604559611   -4984.900502549189   1         0.8713335648445572
5260.16699425585     3021.9493603098604   1         10.070115322969478
2673.3846929177475   5518.637854546247    1         1.0682001310453917
-1041.3686893733943  -3660.637742467507   1         0.8885411671422744
-284.61652017945795  -1952.1649404899754  1         0.22039823135525166
5535.686585859437    -3074.0269036782797  1         1.1386630836356788
1959.8671718572004   527.4157684699352    1         0.864348948284781
-3331.6202279842337  -4371.823092733985   1         0.18969835963479167
1717.5648659378778   3899.763558517334    1         0.40328811274986376
-5606.52702186065    -513.1422665303145   1         0.49340896356863284
-3061.609157258138   799.8741081453712    1         0.44259449499015324
-2122.828464592603   -1379.0065607544047  1         1.1894698979934908
2243.0874527332194   1748.1874599144573   1         0.605431189799921
-4787.436494283983   -5515.863301137792   1         0.4867137462168776
529.8520538027122    -2898.289778425985   1         0.4029953184939983
-3089.746120440486   3987.6474132802296   1         9.700027647674542
-2572.454430057484   3718.6186005015315   1         24.77638278990107
3154.6942718978926   -2531.8408775010753  1         0.7218860764645914
746.4939827989213    3393.9683284406055   1         0.8857180641535825
2175.190109177965    -85.95991082401561   1         1.1515179212708824
-4315.604986254348   -2712.5962272587567  1         0.7884007567268485
-696.1156261810802   -2251.2534387430487  1         0.6390054503873461
-4642.533479691165   3848.4388126651047   1         1.110869055065904
