trucks_count 5
drones_count 5
customers 85
depot 0.0 0.0
Coordinate X         Coordinate Y         Dronable Demand
5093.923269608832    -6948.689253941524   1         0.46572937181729557
-7974.1542938632265  -1559.586028686913   1         0.4238960730486815
2843.96742549848     443.8277772381389    1         0.7523474881147244
-1691.0644701974525  1440.6938066939292   1         0.1737428900913846
3886.125879093677    -7179.003902580561   1         0.5234181146039389
3836.892628217188    3647.4976618544642   1         27.736148413771417
-3350.688785462362   -6679.726871189755   1         0.3728521566510994
-557.7382887086587   5008.2670597376145   1         0.1944693043294874
1143.0073063880798   4241.124215470074    1         0.4958255527024702
5430.768938126208    -2099.699078954442   1         0.6711779958608939
-4740.269559188243   -4211.869983661904   1         0.4603163755441523
6678.519653835247    1308.702277017474    1         1.034961782739375
-4831.833461696973   1736.435068978354    1         1.1456752719492
-92.99187181834984   -70.69766761539232   1         1.2258908815496392
3840.734131492327    1833.8011123722638   1         0.9979411257645886
5092.731231073533    -155.25662000197408  1         1.1495215465045
7861.244140543935    -850.6136370604341   1         0.6892278040156337
5284.370863330305    6797.309104866806    1         26.349566139904866
-7913.654316954399   -5498.10820922296    1         0.7920199579790513
-1815.5068757348897  -1391.0444743055716  1         0.4045712623363291
5998.261825042064    -1614.9686398104122  1         0.6247407890916059
-5147.566813198516   7852.285225030435    1         1.062508787253909
-506.4824302582505   -485.1574038363847   1         21.699410880667454
-911.3874297684088   -833.548462174751    1         0.951583356590142
1340.3245147940197   -2388.0487270850426  1         12.851002664446584
5569.615934778455    -6059.004072155102   1         6.938407306209663
-6828.667838320633   -1776.660638860153   1         0.7217955024633088
-6714.693899626627   3882.163105013249    1         0.12214783447525665
4084.0875849699273   -15.375142992122823  1         45.44493417679862
7899.878398056926    -4851.9031525622595  1         0.4739430700108477
-7462.90113136695    -3315.749411128003   1         1.0830480367109756
-5595.083357027418   4063.7256922680685   1         1.0468060834518385
-310.2863300601342   -2038.1784365097965  1         1.2024850556003612
-6026.942032296962   -3525.543272169131   1         0.11306614156655612
-3895.282153217883   1818.8665136087784   1         0.8322261500929945
6995.175898714469    -2324.450363753549   1         1.035235199536696
-7141.192195335898   -4358.628610571776   1         1.115731766909668
4244.3660974208615   1894.2103422472212   1         0.23656575940448857
2300.8245137730346   7303.505024702317    1         40.929455215677095
5094.142261794818    1515.4232778878118   1         12.373940072728999
-3261.9497733912203  -7651.672848435023   1         1.1513484983723883
7564.379733165966    -1314.0508650148477  1         0.10954500358799478
6913.980518147928    -5991.261612388633   1         0.7903830533920947
-7240.576018737694   -5133.929345421013   1         0.7524783446833971
-3807.759717895021   -2667.0946911111896  1         1.2317783999128529
7062.529896384515    7417.1767251660885   1         0.5706214810786724
2058.3525881496494   1002.1537379834446   1         0.4492866586682187
649.0288462005537    3937.7301988771524   1         0.4864112707918854
2280.106025068042    -2143.3125451818523  1         0.5463644662354241
-3271.154740917838   -7360.667953248057   1         0.1896413313179639
7251.549578707834    164.6620472246923    1         0.3281481077210706
3534.9410888402854   6832.284649308869    1         1.1324492960556107
2343.0608286761167   -3287.9367142300107  1         35.812927167833806
7168.616300370223    7953.238027437587    1         36.31453861507739
6563.855298919847    3257.4226922359726   1         0.8658438376633227
-8013.890361179349   -1839.2096821059824  1         0.4228606486014782
196.624065668796     4058.568520518688    1         0.20218921335088863
-3233.338954474102   -7133.671612790637   1         0.9409854448734684
6823.577428619524    3135.7055542543458   1         0.8619375060579471
-6067.5531244892845  1316.5157057858792   1         0.79524608274615
-7507.355998210499   1006.6349255391921   1         0.8552621878644604
-6707.565787265188   -4044.9287994492206  1         0.8815605358486389
-4153.226380415213   -4483.899192971688   1         1.0699543908867202
-6172.36712981217    -1014.3050202512159  1         0.8125780586004488
-5936.068618554177   486.5790971563034    1         1.0753989171307496
-7984.1515025564595  -4374.634648926019   1         0.7988418926553676
-5100.27796623471    3289.9544021756415   1         0.17879522057687128
-4968.184641846995   1091.1646190582185   1         31.216014681076953
-5747.751298859215   -5632.496203282832   1         39.851289964605485
736.0012283088761    7952.478680435505    1         0.4044287423910604
7029.556253903929    2204.273866514194    1         0.41899848185981103
-5748.042670765412   4972.52714447324     1         1.235992400475007
3347.6824785448503   -7425.764348941976   1         0.705448051087319
1274.5876002727055   -7289.509681860114   1         0.9725555203091977
7002.430732217551    2559.1032065743775   1         0.8279459706114874
-5517.776816342777   928.2967951569208    1         0.6012468469922431
2139.8849521358497   -6590.543177012497   1         36.683595785723824
-3188.055924753792   3697.165093346821    1         1.2383863731254705
6064.205893589041    -3843.61685925236    1         0.1385223601441976
-1627.9056265011343  2478.213209361236    1         0.7186131440264943
4679.849667815459    6066.636348436216    1         1.1809521353000838
4649.7994406532125   -8032.217292538703   1         0.4847854584206407
-4637.081689759759   1406.1566300251288   1         0.47102763311587226
-4404.910692677977   92.76551811587787    1         0.26112590810462366
3871.3345624147096   -6964.773402334322   1         0.23245044428995365
