trucks_count 5
drones_count 3
customers 49
depot 0.0 0.0
Coordinate X         Coordinate Y         Dronable Demand
-10677.64473212093   665.5456784450969    1         6.409289050301647
4649.498869992807    6807.485964592846    1         0.8810134264948888
-11128.591108775563  -4382.499842254854   1         0.17721368704840712
5524.233519173443    2512.1433492433125   1         1.0897220628989905
-17860.869665443468  -7180.532109320926   1         0.7159049734297247
4947.492922503196    -3178.441257775543   1         1.0911319196038138
7601.561419188539    5049.774308676471    1         37.93515927591993
-1028.0408121761645  -10506.625207543364  1         2.6612388620954297
269.34042895602033   10124.358057809193   1         0.8293413095253365
-11751.222640019707  14573.783161479747   1         44.76619209568475
-4632.672650720883   8835.51341595575     1         0.526763834650703
-5143.713705403676   1823.3013867808295   1         38.557553306509234
-4576.823906161973   -2246.924921888095   1         0.47583966872090855
2158.513157963195    -8162.586505218393   1         0.7970272828681959
-3187.6710409075176  -538.0479820522255   1         37.96558356644868
-4082.0425487050215  9308.243480511665    1         0.12599340213091847
-4984.492371847126   -9584.58431582865    1         1.1318854171123045
4410.353601363059    4822.831694657848    1         0.7713909168836968
2159.738228023135    2040.6170420648236   1         18.59584216066894
1145.8651310557145   -10515.206946431803  1         0.5079538062517385
6712.268732804699    3722.3608352861925   1         1.0077161196450601
-573.1232865311083   2893.9487556149325   1         1.061776569052253
7940.10468609603     -1155.8195259204986  1         0.19100810651454053
4540.61547675466     2414.264994806704    1         0.2637521231333412
2819.456531444328    7561.343068674847    1         0.642943358107884
1635.7602873115054   5270.885606752764    1         1.1982536799081016
4520.788936579003    -2992.998163735837   1         22.289869167215667
2535.535891537653    10448.989133142677   1         1.0196726645819156
-5104.905891912297   6987.27219941126     1         0.33514544632785626
-10635.191150304077  -894.3603647434269   1         0.977796015867368
10226.494043183366   3662.347157594599    1         0.8731659825163064
3057.877562728466    2802.798986036063    1         0.726680313241841
8061.016842485583    -6462.254442345976   1         0.31531217204057016
-18820.913407282187  -13439.185636247308  1         0.28682293618287924
2255.7888910315223   6106.170110061424    1         0.4042281309974267
-7729.544274535823   11503.027095567537   1         0.4952310887963791
13919.314648928404   11637.127808645255   1         0.5577443748951729
8106.5869902786835   732.5055895965123    1         26.616869452763783
6398.786661590628    -12121.833313232659  1         1.163625604526125
1456.2358599316576   1890.7804645144606   1         0.8759835470998487
6277.370923098527    6780.276617526037    1         0.7364517719250767
10620.706559990955   -1949.4261527275235  1         0.11112930861030702
3293.3768898647554   486.2004130616087    1         31.206292257145776
-6825.491564925468   6788.414897120526    1         0.8349251603613561
-13282.084384732309  3233.521177065475    1         29.00680089658202
5796.651411721481    -8312.857380115165   1         0.2206817323310124
-3503.4048880786627  6025.1847879602965   1         0.44792067603015806
-6741.878062990453   5395.132889146041    1         1.2303623388660878
-10588.2378981343    764.182817742316     1         26.605665647966298
