trucks_count 3
drones_count 3
customers 20
depot 0.0 0.0
Coordinate X         Coordinate Y         Dronable Demand
3702.6982293372557   8809.99836803129     1         0.5589373384656887
4896.060187223765    4266.0341008203295   1         0.12094302116015758
-2424.227489168076   798.8694848114602    1         46.151259050096066
-2360.5634002543416  4135.902610721376    1         0.4783565812409526
-1404.2237050717993  7537.051214935782    1         41.08945230819848
8244.989867700086    4458.4916391427605   1         0.5861560535901051
-2637.4366652270696  -6481.016508250882   1         0.2531181962511727
3506.7521180628764   -2456.4940887036073  1         0.9595814316214522
4986.720944234284    -3256.7680382214744  1         0.5813337762432643
-2010.3305944098072  -3891.9323685209074  1         0.779481711072726
4541.023645161858    6719.096947914759    1         38.02058037787106
9281.914411641548    -3030.9384682844557  1         1.2235580009017195
-573.748192283802    10097.634123886273   1         47.566901798325475
-1029.5013562909014  -3059.2643452016687  1         0.38048023606000825
-4859.711971348993   2954.219239748216    1         0.2628337683806218
-1486.3648134891066  6020.713548882589    1         0.7820018726220983
1498.3131122244567   -7785.460128338892   1         0.8381363449281406
-1509.891455214658   -519.3682173649777   1         0.9547898167726523
6150.059845739825    6020.120925215793    1         1.1295097959828133
-460.7052664143408   9073.65395112238     1         29.247898996746244
