trucks_count 4
drones_count 6
customers 82
depot 0.0 0.0
Coordinate X         Coordinate Y         Dronable Demand
-3471.0522840125955  -548.2561041254029   1         1.0923207421872425
-1385.376575196692   6120.516357517205    1         0.5338744171774673
-1548.5309541649497  5500.753264578752    1         12.664614000876453
-7302.850456674721   7899.093625599146    1         0.17811115974602879
3640.1933376830357   3139.3310050141845   1         0.25550382125155946
-8836.984763178601   6484.163808862511    1         18.018218124957258
-2765.8311584192693  -8147.835070876876   1         1.1730075744890203
6333.372874794666    1346.625874425241    1         0.9698966609700594
-8853.592162608184   4260.927842780726    1         0.19963607131875766
-1438.6827743061149  8300.931730980732    1         0.34128087672340246
-8733.889687536821   5327.978949071054    1         22.150938760630257
-3893.9797560552915  -7471.229722921113   1         0.18735192751729568
-5480.620020681748   119.048403516892     1         0.9069779823827194
5009.720305020739    -8063.98009573173    1         0.8317804157523639
3560.3112288396846   2893.804626643933    1         0.4467512212157476
-6505.198919013669   -6786.650620614792   1         0.996493466103379
-7218.902678425878   7160.627172868399    1         1.0556677680368873
2212.7189364163273   -8051.807672083893   1         0.15584038302126238
-8719.930171307378   -3436.8646246144463  1         35.67300438268213
5486.203734940931    -8308.87151797164    1         0.5299369693757625
-1081.5222151364048  221.72846272822056   1         0.6433235323339384
5108.944215156983    -4357.326182109785   1         0.6037897710328366
939.6844639096109    6220.872800549361    1         1.2228475597648258
7792.266000836359    -831.5811390293187   1         35.91967669495707
-6002.801103757801   -3090.6779153285347  1         0.7039709336728519
6603.770549059005    6211.954375842169    1         1.0610297544169887
8172.405354963235    -5184.668975640738   1         0.8776489757721312
3702.050329020938    -3441.130942995218   1         0.3088882765227614
-1004.238670584479   68.61152573748535    1         0.8112997139345053
-4107.322505497993   -8238.149198206609   1         0.9060359547365027
2648.713380139063    -956.0668285931679   1         0.4250603103879348
-2948.4522277379137  -5213.669392824111   1         0.27210995153721695
-2005.027533115904   -5244.17742095657    1         1.1025249954056262
-4978.196051642941   3569.542392611572    1         0.3932351770522814
3476.710591415757    1596.080783399561    1         0.7528038631852942
-7348.51098229552    -7281.924780090357   1         0.22949141253654873
-6487.693368730713   4704.652505248059    1         0.993801850882072
7573.25783529074     -2626.319970882456   1         35.39795515208016
-5297.023892816427   -5219.310222170878   1         0.17791495725020728
7939.077259489364    2378.052784812734    1         0.3556821184454627
-8635.640973323101   -5534.647626429389   1         0.4538493311767863
6227.700572137062    372.03093363609446   1         0.7787267264721911
-8684.697925579912   -3115.61941902125    1         0.44986521499601584
5526.416395739161    8641.937993293368    1         0.737796494186554
-3546.434889180168   8876.92979483791     1         0.6531588729302852
-5999.565673518842   1817.8545131257827   1         0.10316376437708176
3338.1739949068906   2828.503500824978    1         2.2292078474464927
560.7165711853777    -371.22573923643176  1         1.2107017527796016
166.2048306074842    -790.9370709533257   1         0.22709812976149454
-5814.939512104913   -6053.24347353656    1         35.230699418539544
-6325.541678469255   -6253.564482698504   1         0.7154982605914668
2333.663354365981    -9007.153228805562   1         0.9924361375384367
7534.999029698381    -2754.726291893829   1         0.6663570327135884
-4203.680136058607   4403.249261871866    1         0.13862306215185172
5257.957221988729    -165.24759017076576  1         0.8910982247857618
-3403.277126797297   -6404.368651260864   1         1.1287946113931175
-6740.7607094864925  5176.554061481999    1         0.7706113077596469
-3472.167262538387   -2395.548585864859   1         0.35972708612837245
7.743962171943903    -7715.151838460049   1         0.31930751673235436
-7061.18557772653    -5191.430112779764   1         15.288115191732173
-3360.0898240231845  -8802.245024807376   1         25.35568060579037
-5892.122148372688   7052.062929976295    1         0.5081627936532146
1804.7614916677337   -495.89399636941624  1         1.074328567663595
850.1354580706553    -5353.247324635916   1         0.12389666633253885
-2042.271222834108   -1682.7435205614875  1         0.7545937441419897
2352.914277150361    1370.5921517193892   1         0.3502893039085815
299.74268701830465   591.3148628207341    1         13.561003244352237
-7858.517007572545   3797.6108208199307   1         0.9695300658530779
3447.1453643414766   4381.096030189396    1         4.367642667016114
-4326.743454069165   5600.756987915225    1         0.9988226081743898
-1099.362012914099   -4735.2139526095725  1         1.1626530847110403
2321.716683709389    -3458.105483145302   1         1.1126825023327325
-2000.3377745074897  -2837.781784434143   1         41.4444978079759
509.28264491311165   -8033.8415962698855  1         0.8769191862052668
-5464.8432965677575  2892.89062795318     1         1.1477492325561731
-1343.4383807200009  7416.148448877353    1         0.7247803496289373
-4428.999840785827   3954.3215498701065   1         0.15102207353333058
5403.576964967422    -8391.100822740245   1         0.6430256267798679
-1577.0158535981573  -898.9174486301345   1         0.5572537314802658
6010.41334755821     5349.83031620255     1         23.14525811948737
112.31234872958885   8715.35466600819     1         1.0290551269230173
8828.451416739386    796.0426510867164    1         0.5226075555292128
