trucks_count 2
drones_count 3
customers 36
depot 0.0 0.0
Coordinate X         Coordinate Y         Dronable Demand
-4829.762870947234   8241.900457991931    1         1.0500641201514722
3339.8507749354258   9534.053128933296    1         1.1998380794123984
4198.473115956371    -6686.616384011861   1         0.39180524634891234
-992.5601599196215   -7277.416410864082   1         0.28775820279112724
2877.617234360548    -5006.324204767883   1         0.14284707958536982
-6098.683474722944   299.2032153228204    1         1.1911732635443166
-2145.5961431635465  6304.931681910776    1         36.037624786087285
416.81470100134607   5806.493528885036    1         0.7649736371921434
16552.14688050121    7652.140980717413    1         0.7768285605926143
-4005.420466855324   -8591.215108875864   1         0.6031641359214103
-1214.64446048884    601.0351231880646    1         0.20549856188830645
8149.1999233933175   -4162.299645172064   1         25.391383252752313
-5497.614966624191   15688.770733651003   1         0.7238286167976136
-5012.893243644183   2048.242764264663    1         0.678636187994118
2065.517184296086    5775.079241938735    1         1.1901516465292603
-1197.3207694050625  3892.5878502801147   1         0.6933846532317964
2313.9489014331753   4684.579233653354    1         3.5202403680706915
-2234.142283543427   -1404.307922123414   1         0.9455100881522195
-6351.479614901278   5068.688150304703    1         0.9895898258213373
1464.4617556844646   7529.100721641406    1         39.65055300577703
-3166.2247370166915  4007.5764975032303   1         1.100948794552199
5757.367298624723    1169.329119752792    1         0.8809418924761752
-7402.299749979998   4233.336725053212    1         0.5274547107904237
4419.148370771319    -3880.6334519923535  1         0.5994218226891546
-4329.880063317108   -9630.441476726168   1         0.21559523846630047
-8477.997576873086   -18.627889394403017  1         1.2472733071020883
-2488.5226221046187  -9303.375998183035   1         1.032198399914355
2374.8539175031365   -3164.2733546625323  1         1.174955622662808
9144.22124879448     -5693.751341788886   1         0.5051488422213587
-3847.5249675978616  -5308.916301626463   1         0.23838863818630093
2987.130352435875    -5241.413664311335   1         0.3581668706662213
5686.63225823015     4529.3952457299765   1         0.6703864090315625
-4893.841208965309   -3956.3820346050225  1         0.24163334385366714
6258.91011275097     -3483.9441181614984  1         9.238444244309537
9114.075912255143    1651.9845329149168   1         1.1257544470973229
8128.032498771132    4680.73943913964     1         14.159736809036652
