trucks_count 2
drones_count 3
customers 20
depot 0.0 0.0
Coordinate X         Coordinate Y         Dronable Demand
4679.797859282328    -6782.38099683469    1         0.5024128264277866
6687.301114468499    -4683.866186658893   1         1.1952312998190677
5750.878373448951    687.8707319778839    1         0.3579325657144855
-3757.665283832117   6465.501009270815    1         0.4410532666044751
7128.194068567976    2563.4242116712      1         0.5621546101820218
-5349.664132741285   6862.591483651256    1         1.236123922545871
4421.239883993086    931.8475473366343    1         32.70246384507455
2175.9379722442877   -3607.027300755664   1         8.168408328090575
-3516.243636361542   1583.025333609484    1         0.24349504319613424
-606.1797205646799   -6278.783722433933   1         0.7735447641477393
578.9173835340355    -5335.082919095189   1         0.4310846411848799
8136.278205473456    -3398.5627801836636  1         36.13355564367541
1048.9395482297077   5951.997973016589    1         21.83329823494871
-7610.506384895959   4847.510981721484    1         23.531062875229367
1787.5144350630287   -1851.1296397145898  1         0.6384223249226975
5616.0162392615875   778.9553879699683    1         0.22302822184555027
-4545.774134418756   4934.53366573509     1         1.1887695947370347
-7652.766352122392   1936.0141436571164   1         30.444557283714488
6933.765007275307    -1160.9827111542397  1         0.8833742413441555
-1051.353443849494   1046.7288137923497   1         0.9902783015344422
