trucks_count 2
drones_count 2
customers 24
depot 0.0 0.0
Coordinate X         Coordinate Y         Dronable Demand
3666.1298453058916   2159.652905296076    1         6.949836752317436
479.17410322836497   4606.686162283697    1         41.54215289352985
1746.3525355603142   1203.8897523812027   1         1.0406566894595728
3041.6423567437564   1573.4202002322345   1         1.224338383092227
4820.651880440375    802.6426485840682    1         1.200705459095992
6071.335097381222    -2055.5006654371487  1         0.6651993264947852
-2741.060309390888   -2621.255922602537   1         0.9595111291740588
-3159.6418960615115  2985.5781793568035   1         0.18614932302151943
3679.6286226655      3437.592216731026    1         0.6541060215547381
3138.3533319587605   404.92443647822506   1         0.48058121764961204
-5610.458657026868   -2421.886273598919   1         0.2871179139410617
3446.3455189040396   -1194.758086824795   1         3.1364597183089673
-5318.846091509111   -5748.597947160246   1         0.9704582694832572
-1969.1246795102322  3096.28094135617     1         0.8592251026971405
-5004.7240918167045  -1026.332697228436   1         1.0720645041429202
-6000.608121223447   5255.354040638697    1         0.8201785215432962
249.09197277263763   -4741.491351609895   1         0.6347758653702881
-1102.0633676542816  -3403.2697436518492  1         1.197721713636803
-2355.718643964363   -522.2748652434749   1         1.1809226404153796
-2456.556697373833   -5427.251107798284   1         0.9178409426077248
3330.5387175937026   1692.8291635166408   1         0.7422253383124418
-3045.9045594807703  -4386.492030196772   1         0.6240569247247223
-4563.018720484999   2429.469820148519    1         0.13364019371591407
-5559.385423054219   -4389.972022535986   1         0.16318605488861537
