trucks_count 4
drones_count 4
customers 44
depot 0.0 0.0
Coordinate X         Coordinate Y         Dronable Demand
8751.872525852796    1201.9924298558533   1         30.345810912258763
4009.1761088936764   5653.959828297542    1         0.8862997792502094
-2901.285448419935   -5721.153265398607   1         0.11106576540194317
7632.890526539616    -6761.760256409288   1         0.7748249697403669
714.2574658365345    -4353.456609817446   1         40.49926588809849
1970.3451672499298   260.28832014898956   1         2.2190106807630112
-8313.363780184594   4935.720960726027    1         0.8511623747161344
6838.4191229847065   4260.4996080383535   1         0.3651966623950498
-149.7188868857733   -8477.115622633251   1         0.8125911237763173
3256.690265577849    10009.32425445239    1         0.33654054237262343
3672.164644499041    4144.586475519955    1         0.15168496281348723
-7939.229441486106   -7473.520948725099   1         1.1431454234787553
-6323.807966169416   7491.295932084629    1         33.899122434166785
4990.977422933645    -9083.011842760334   1         19.178958025163567
-3934.0939291252926  -4553.790333327105   1         0.20038895557837216
10932.003692419326   -5666.668305913959   1         13.70985719878241
6156.624925913476    -7420.407183481473   1         0.5268108828662122
-8617.776132510175   -4719.773067367678   1         0.9660188668648857
1886.0734538606514   5650.008138400483    1         0.6087285039295521
-1453.2950910931056  5288.257426394229    1         0.35609773357449914
9210.511084089116    1850.4476237950944   1         0.6530078941841267
9897.883847293033    3779.087762803578    1         0.1989036446400992
-4334.515745692163   5566.537529645813    1         41.25698405450366
-7803.948173969875   -5425.121472950019   1         0.8980863820849319
-5109.926798103572   -6983.198476559095   1         21.189634202025893
-3328.5928910977527  -4714.750658641254   1         32.91780757565755
1208.429113246595    6803.452007873478    1         0.8896382621413597
-8494.704009569294   4787.176645309399    1         0.31231119211286484
-464.2510209333432   6988.204991617801    1         0.5148657518856911
3083.2913301968742   -4501.211016953067   1         0.2708329718769673
-5702.424708986586   3535.0713243471      1         0.34237887062222505
-301.8932169614964   6752.9334647964015   1         4.569247657374053
3397.9022135273603   -9010.750715406095   1         0.9338208489769343
6283.315353196045    5699.769843712323    1         1.1876311648894393
-6774.210888774318   -2686.475504894801   1         0.3491378940595912
89.66787934231891    -6842.280072094524   1         26.19436732437465
518.0510436795823    2623.552141132873    1         0.6514351907568054
7514.172103230134    2045.9215777272814   1         0.360408557990633
7496.8112397408695   -6440.060723837281   1         27.729065356666293
-2700.224004962678   933.3533823274356    1         0.6374777750612308
-4720.208050077343   -2520.058932162788   1         0.6599450480336214
-5854.318767951215   1583.975595310038    1         0.9813330677138973
-5516.4044315363135  10284.771998790064   1         0.5332787064432503
-9434.561794996569   -4449.9920690283825  1         0.7341178952157152
