trucks_count 3
drones_count 5
customers 54
depot 0.0 0.0
Coordinate X         Coordinate Y         Dronable Demand
-4026.4992418644183  2065.0679884763617   1         0.9176663340966476
5586.608212363801    1871.3488096083533   1         24.987093639836775
8046.54652144077     4100.83915563689     1         0.49301913781973805
-15455.26475523264   7665.579294647225    1         33.86960714704801
-15155.457241087839  -8203.843699804818   1         7.125366678990538
8185.0556415694255   1054.1177987494589   1         0.9903765522787693
8954.717673619904    3149.8133271597094   1         1.2309943616126848
-5097.463386872866   -1225.4378417645564  1         18.360198601009504
5163.493212634794    5715.519490556247    1         48.11407633632817
-6901.523599782028   -7622.15306702985    1         0.7296225557311393
-11887.035939020956  -8859.6584160515     1         23.387745748329092
9380.126435280483    1181.1516861959542   1         1.0154005806708428
-9205.162959142399   1212.0384607111616   1         0.7580626377428176
-5751.857170632292   6666.29208562328     1         21.90957204705599
3092.275730198029    7526.769891681784    1         0.7635567650925823
-3422.8354745877764  -6459.725226900556   1         0.4686585125102496
-14137.574073357082  -17686.99358578717   1         0.45616424390495547
-5168.659717453042   -6184.452296192574   1         0.6715042544452859
5992.580818310889    2877.919970922445    1         0.31861572861646587
-8594.048684821253   2087.9703575885915   1         0.8146081435463003
4114.411005644495    12745.328043745489   1         1.7345017066613573
-8779.154897395985   135.33022976779253   1         0.8710620587568824
-3305.243287023646   7481.858981491976    1         0.8783090159004452
9036.871304348955    2149.347269343988    1         0.4759725691931729
-7359.438486589807   3143.0969707865515   1         1.1366967798469905
9178.028590254347    5320.625554559169    1         0.7774333939833691
4012.9465642365867   -9365.54946016155    1         0.8678646244062898
4538.7069159537095   2354.8103814753013   1         0.7074442293801028
8908.968423805336    4877.524908560463    1         0.9849219580096119
340.4383159903264    2666.0838878277063   1         5.424711999105904
-12466.771082075746  9004.638920117843    1         28.205889172328025
-1740.7242068439684  1701.5938466080815   1         1.157131351671506
3724.6876445369467   -7502.769379657196   1         0.800836233368583
-6485.053805020181   -6757.311484533138   1         0.4281736397287019
-843.4170172471936   -5848.727271944593   1         0.47476611461735785
5865.007993168198    7858.727515325615    1         0.4567409909948308
-1467.2992370086065  6034.620136779504    1         1.081588247151781
-2145.8771131507165  17131.695552098274   1         25.984366205731543
5559.141932840766    -2580.6798876712405  1         0.9255764540024921
3974.086901931774    5769.196920108511    1         1.177125179095161
3355.454336481966    4975.449940084075    1         0.5393855393707404
6834.082003383008    -3160.8267340883413  1         0.21757083281418582
6917.9384024174815   -5535.603199716708   1         1.2105898296113673
6056.892614653504    3196.669778574339    1         1.1938685324008074
9063.599662006563    4237.594789714469    1         0.7655229132621504
-6849.093134496497   8427.350964568468    1         0.7284039269808575
5414.892775503997    4778.751681705946    1         0.5077307554177095
-89.47269915041498   -8669.418713791874   1         1.1329423617340684
-15332.549693412748  4889.82385531543     1         0.7049832019918066
-10927.100290831242  6933.632552876148    1         0.18120946533646282
-9504.19850060707    641.2172473992294    1         25.80898947131051
5358.6319309928995   -8507.402532805469   1         0.38332328044787856
-4546.2738297994465  -2518.450787193561   1         0.49134546321347494
4403.572211970888    -18374.28084187512   1         3.4135649696464974
