trucks_count 5
drones_count 4
customers 100
depot 0.0 0.0
Coordinate X         Coordinate Y         Dronable Demand
-121.07028731454534  7621.132023004961    1         0.15987516288780207
-7377.351220486402   539.4543077469176    1         1.113673539980625
2976.0776001519266   -8611.974633831962   1         46.32978469686043
148.46849352014578   6291.037477828763    1         0.4220781450394069
1191.08049490884     -7499.770372663542   1         1.0786947955788269
311.51949833991995   -2038.677333065231   1         0.8748870725482398
-125.83802976345063  -1632.1008546737955  1         0.4883576646295793
-7504.541337540824   2472.8588758230767   1         1.1461808800286122
2456.936667211633    -8406.566753478828   1         0.35337834291380443
7858.9974989095535   1643.1877179839041   1         23.884741252138593
-9073.306247277194   -4500.697945225673   1         0.7665955507425888
2659.912621414862    3464.918738949285    1         0.5425966039276787
-3573.018524090343   -371.86474716428785  1         0.856436424516114
-4000.3165801102623  -3754.837100559346   1         1.1946479857194239
15487.047740615162   13794.310206577913   1         1.0600220253151937
-4919.752222173739   4828.186185275404    1         0.6039342075161981
7610.2618931871175   -6680.318565398837   1         0.6132987186329819
-8684.014829426618   -4879.167062425168   1         0.3451203862631294
4146.332079325358    -619.9719629468977   1         1.229791528169661
-11132.435575604606  -16056.087391763993  1         2.526560231780203
6758.534132478155    12838.798596781267   1         0.21751127049227265
-355.35733198300534  -8272.431874455131   1         38.64759483345339
-9669.848451886883   986.8779532702105    1         0.2542972924902722
-6212.110063044332   -1713.8997313499362  1         0.6385770072300078
-2902.910356159766   2063.903549902827    1         0.9087555776302165
-238.26237497011243  12077.679482861564   1         22.987789902736104
-2793.940879735334   -4896.382641002593   1         0.4384981752691921
2841.286973159223    1255.7586163420244   1         34.53576878381128
-13512.688127565165  -12694.97835275597   1         0.7399016762142021
7237.242373854864    -6087.59989675371    1         0.5634043192232837
3330.599930406745    -6142.074927062551   1         0.2618645691661521
146.8554633370434    7117.096082415028    1         1.046514701838322
1049.3661604430815   6399.038257039523    1         0.6186698255400372
-4756.223296720871   257.93441283905986   1         0.7601308665185021
4494.794696048433    13743.756869928118   1         0.6032483324836861
-4111.695768591537   4759.526745154475    1         0.13697871067737746
-2477.4249025563777  -3601.2180432712125  1         12.284498593674385
7773.749987997668    927.1454651026743    1         0.6804148414950969
7736.01013860395     -11160.372830153185  1         31.48101228408274
-422.07471316425887  8238.33890072406     1         6.791884323370399
-4183.711983723871   -3010.318095224659   1         1.0103341148423193
-2190.002092308421   -8308.094073682118   1         0.6207876054109684
7090.545983471608    -6036.696569152187   1         0.32938719123963844
8810.390790235946    -1647.2631699026813  1         42.216945683943855
15336.554045554789   8678.267409691354    1         0.3221964422468956
8180.398788989509    -3357.635089124926   1         20.095782488456532
4173.14791590601     -9001.182353354317   1         0.10871682458764538
1021.286235369733    -7968.127497288433   1         16.06119794043035
3671.2850868944324   -343.89056208559765  1         0.14393425150862216
-7604.961641715252   1602.2323602005447   1         0.9090318693386624
7387.6636537432505   -3352.4907869167155  1         0.22058915534401285
4077.3930703569645   -1685.3391897599925  1         0.9718485972044413
2433.886682573214    5534.813327581973    1         34.0383550375637
-2963.3864676188937  -10487.315331098265  1         1.2148015598727162
11402.350726338333   7366.924213136936    1         0.407021004376091
-6367.2368288873495  -354.8531136885696   1         0.6815633472111595
1632.1854406340192   2387.316351801139    1         22.900477982382522
2841.022488997465    -296.5249108848335   1         0.5895805082757651
-370.52541993266647  147.02926228348355   1         0.12368103957858978
-14633.776525379413  -6887.938739369727   1         0.7413920094502602
3135.6490138126765   -2898.1332146488908  1         0.5742974986936641
1.4032320864496692   7960.424574647266    1         22.652394104512833
4396.2426229693      -33.49171733125064   1         0.386202097061914
-6514.630072442916   6305.886290825221    1         0.5159402802532727
17500.295180540306   -13735.812539222854  1         15.838009399993213
-5813.543794643703   192.80939802890197   1         0.8695142604693478
6436.43168427528     -359.7879975091753   1         0.29735769276353546
-1347.3614286277243  -7951.683477464265   1         0.4917309604108481
3102.7861216400065   -8254.248559581078   1         0.12479379872513885
3832.7285214783888   7412.181094185571    1         0.9758196563521071
7359.336397617067    -2351.6063830236117  1         0.17572778435138764
1575.9709363367765   -2054.7534391619056  1         0.6637311307249316
-3168.480137878949   -5528.421242321963   1         0.9619130132189948
2907.3979912790405   5439.926706969183    1         0.41256982739311265
-14634.56162461824   2153.299764037187    1         21.18991928539303
-4145.0266599422785  -3692.6131963950593  1         0.6925338143639344
2615.341529257341    9804.754655592424    1         0.2152220600896162
-1110.729653620525   -1374.5068447004578  1         0.9094136017887415
1946.9247414879653   10636.673771765547   1         25.629804863657878
-7349.368085403418   -7772.4017510907315  1         0.41560820599536186
-6587.762413264352   -4006.60592684       1         48.50119426935966
-5495.2892509103385  -7160.091014774954   1         0.7983855805041694
6170.795863995477    -8721.571407152354   1         15.053661405527567
-12699.586138460374  -1976.6989025415714  1         0.4133869215000109
-5768.965960420238   -3224.29903488332    1         0.827429258932864
-14672.417553399851  9845.134797694933    1         37.70560567366137
2042.255560184338    -213.51590761619912  1         0.7499888418019773
-8431.748871224772   -3455.7724454217723  1         1.0308341333087916
-4445.0656802433805  500.9636752564416    1         0.197213737101391
-9500.496143756289   4735.547907523925    1         0.199243892160358
-1410.3590891751921  2592.198328008325    1         0.4279624550680726
-5054.166567298865   9038.85682134796     1         0.588057607640703
6107.174658933665    -1715.6915944828338  1         0.1408136640717823
6834.161958043716    -5572.107912024977   1         0.29019899053462467
-2512.2046785321654  8874.79594053033     1         0.5518842309447892
-5096.836745412544   11153.1159349511     1         0.1843448104048211
-14687.862764275633  5190.49861659298     1         42.491900540669064
6316.237957079339    7537.364689040319    1         0.7784395208235934
913.3840422767498    15561.674887658526   1         0.5602026008252844
-2052.765467370974   7900.454980464589    1         0.8819555836029985
