trucks_count 2
drones_count 2
customers 34
depot 0.0 0.0
Coordinate X         Coordinate Y         Dronable Demand
-2325.799868148394   -1704.779164691201   1         1.241325689820543
-3731.236608385353   3725.0765027755383   1         0.475027889632761
445.1141595478943    4230.957846550716    1         0.9067664567052597
-1196.9025482328595  1892.472448776787    1         36.664737618658826
-4978.288657824062   1434.4924824802804   1         0.2351195767461176
-3301.1213055079834  3837.758368220675    1         1.069116655327576
1854.1063233379807   5167.114208793433    1         0.6443897931361827
-629.6112661698007   -3398.7534274914096  1         0.788047375549137
-2696.3936828672977  -3501.883899496535   1         41.9273602194526
2872.856890506341    -2048.9027398002418  1         44.45790816188106
2337.842326089774    1475.772617409717    1         0.2253617648896257
224.35575428260236   4984.913362103836    1         1.1484519793509504
-3002.455299217488   522.2789805174606    1         0.7769939970038237
823.4028870665071    3837.0223190072143   1         14.739419052827287
494.4387711172476    3277.259756805659    1         0.27037817514381535
-4096.945411149873   -2073.929186000895   1         0.9756129344678618
1804.8913404959746   2537.0233558638038   1         1.1108889742211936
204.0881281393131    843.9782146152498    1         0.6807549397231203
-475.9012547643484   -4445.079130401108   1         1.0075580576536909
5234.551690718727    -3748.708598590658   1         1.2339984246988907
-5099.455465650968   1449.8770483554454   1         0.370553053318333
2628.486782285511    -3969.755569004824   1         0.6241687741021759
-3869.7757163807883  -1697.2885617168852  1         0.8409951687472976
-3401.4114162639116  3212.1944659088936   1         0.4179076273132186
2190.477815619711    -1106.3917701544606  1         1.2192537947923239
2257.127587013516    2521.073844005046    1         0.5473449404395739
467.1080904764585    -2442.775857359453   1         0.933010857270994
3131.2136257864217   304.4887961910806    1         0.5828593756336181
-5204.617563356727   71.56751345348493    1         0.4959054883156748
-1035.1495577331195  -5095.74395710353    1         0.33592735918657823
-2538.8882907013003  -3978.4461533959106  1         0.5218277648908953
2507.032612403353    -4921.064033425084   1         30.64517778625473
4759.685114476461    4171.5786097494865   1         0.2483626098015277
894.3770941336152    -2303.321263479888   1         0.46413923323638173
