trucks_count 5
drones_count 5
customers 100
depot 0.0 0.0
Coordinate X         Coordinate Y         Dronable Demand
-1826.6818212594353  7180.823650691882    1         0.4686864743728777
6184.568326208596    6961.283260127987    1         0.8794442790222438
-6933.977331645704   5925.727644693261    1         0.8431339114697063
5591.689713883103    1593.0368680268587   1         15.497587127115153
-2585.060329901979   6450.789374909434    1         0.9281039977673429
-5115.295675442259   2961.747256558358    1         1.1671462845215579
-9634.286218998268   -1966.1053718345581  1         0.7576653120944539
-7982.036959393842   4011.106258170581    1         38.792573052584366
-7848.451634621578   2530.827148188114    1         43.55394875272167
-694.9176389984956   -3777.801986985631   1         24.284029248889496
-3926.733086872842   -3628.9733573172907  1         13.747221538490582
5721.047721157243    -10756.410869093364  1         7.94677222950449
-5108.105712430149   362.27528160451214   1         0.3098746557988171
-8251.825614687103   -721.7880239331043   1         47.12717076589606
2104.012765031536    9148.027758506276    1         6.303276437285132
440.2114257023602    -5851.1798573188     1         0.17205113108691117
-7902.797544152935   4104.083485447347    1         10.58021185779946
5208.028462472121    -6906.769874614193   1         0.9533456178276811
4384.959074186872    2118.4746174456996   1         0.42146821108256016
-6074.582592268953   799.2615460417363    1         0.984354130342834
2929.098127414338    5201.957149801535    1         0.5614850965126867
8569.597250390305    290.9122340990791    1         0.21329620441823494
-7804.999578436422   -4152.246658797517   1         0.7969714270526158
-8148.6016005213205  -3742.3606775343596  1         0.6137041498854028
6989.860983077837    -2527.418528353108   1         34.56465002096086
-6837.159250831614   -937.0102452536373   1         42.38857308119607
6590.230156391451    6276.5331131755065   1         0.33483691337037336
6028.339086204008    -346.7080085957045   1         0.9920814483161579
-951.9364848479702   -1705.0526341372042  1         0.48826298202468654
-10334.296332497437  -922.878700890884    1         0.16203786251640193
9307.353509419358    -905.5041532268395   1         0.2589163629417377
9502.603506966861    -4622.665286764285   1         0.760459558035569
-2594.92248883478    -5572.416254092334   1         0.42268549267385813
-2052.2135221977046  -1198.0929750875314  1         1.0156604011047758
4015.0625127708054   -7000.357597091836   1         0.9377121636388045
703.9594353701063    -9040.131406975304   1         0.8920701928443716
-3647.5943610074837  203.74836981243658   1         37.08464672674454
5435.836717543221    -11304.524231500533  1         0.9022144957020249
-8606.60001474566    3480.9577687400447   1         1.0758880450846948
7903.454037683035    -4268.421218715884   1         0.7689421564788436
-4479.331037632948   -5012.487746308499   1         0.7550171884174414
-150.93989455398074  -5802.419920084631   1         0.7260392810718693
-5182.042873389286   9058.93841694984     1         1.14527231401583
10314.360264207298   1202.7255161554967   1         28.75138360093896
4771.199817290643    3339.5677786339434   1         0.32043930127053255
7304.021688776284    -11394.464674176668  1         0.7396778941346285
7980.710953772548    -358.422935420831    1         0.7917218490966126
-3631.6119091447044  -415.99195355254255  1         0.6579722985604177
8347.069457731703    -2865.691435586275   1         1.0472267864749962
-2760.069812199388   3176.37441941253     1         0.45296809582468134
749.1384335317196    5965.791627464888    1         38.627717297818805
5885.540260836043    3981.08817672628     1         44.00272166686919
-8689.808251056686   -6661.6637010802515  1         0.18895316127078543
-1982.596628439224   -10563.793125690998  1         0.30742790503558026
9490.827877064858    3568.7021624142635   1         16.56251844942394
-7571.431928425203   -582.0522506315642   1         42.82428786764517
-8346.293849515758   702.8296960094613    1         0.1577367833549532
-10747.966726466537  -1411.672109769071   1         26.20451497299978
-9376.328969827862   3820.889245619282    1         0.6158768798275932
-1592.1519723078472  12295.627153286874   1         10.12966150620849
3549.5528695302855   4773.25858929276     1         0.526526685669226
-10324.171206028472  -7634.264386161842   1         48.79566783484209
994.1004393195113    -3891.794890501006   1         0.5206887906405021
1803.7580019907764   -8629.726463071296   1         0.48896025589294134
5653.439463384362    1827.529021450191    1         1.0380941603478366
-12365.109050261912  2541.1411404545524   1         0.33596327339804904
1704.061742365287    9738.533128120891    1         5.4006413294690185
7821.523992927427    -7389.2050958234     1         0.5702084050473951
-7277.905920484997   -1210.0120784855064  1         43.06855381894819
4021.9826874374944   1984.9969176766951   1         0.46195830619938905
-1712.6236536841213  6224.485360495854    1         38.76853719326654
-7315.238077191832   -8045.282493283945   1         47.33894889891873
-4612.7027237810225  -3614.8401469672253  1         0.3168372018889454
-4406.553344656909   -3018.285209673543   1         0.6316866639910077
1118.2700725748289   3597.732223786213    1         0.9938885731157501
-5492.398171749894   -782.1800341508573   1         1.1852651615520777
8709.348746200521    -820.0561734084938   1         13.967939112475506
6081.924887888737    -8693.922625379908   1         0.6823267786370799
1100.3479711947775   2434.4510467067503   1         0.8566681681750753
8230.058737902447    -781.6780265250018   1         0.657423975151007
-533.807779944688    7724.9200709525285   1         31.731850086641206
7828.484400017753    6560.672875300088    1         14.828628733445958
3762.5604440538864   408.60976809951495   1         0.6188303692754566
-3830.325680595414   -9033.571388589102   1         27.4731728905189
-9355.866690843208   -3070.513546729154   1         0.20103556303404335
9517.842389776179    -734.7160658350772   1         21.91002764517681
-3352.4007935531927  -2713.0544791967823  1         0.16925418931587477
-6963.635535526278   -5253.520285395115   1         0.5987086203350551
-8514.405601370661   1240.401478645772    1         38.05754060148941
-2401.6347135179544  2130.3631775061876   1         1.1851786498506223
7342.714965510363    -3583.7181089752303  1         0.1429463190026848
7509.773403125608    2418.491738777308    1         0.47970493573647355
-8521.822671301292   71.50508997522155    1         33.97140639822195
12461.76607438625    -4630.60146014963    1         11.616482448386009
-5904.181474068624   -1062.5886669650536  1         0.5731897966760721
-511.8585919500656   -2074.9476374227597  1         36.70209353786998
10571.318733111975   -549.7846557581491   1         1.104315836275762
-1069.490407548574   -5179.9660095914205  1         0.8721886650700852
178.4951832294598    -9302.036838910948   1         32.82314296649276
2805.9462890245063   1061.918730024414    1         0.7063452775012803
