trucks_count 4
drones_count 5
customers 82
depot 0.0 0.0
Coordinate X         Coordinate Y         Dronable Demand
-5337.982439331866   7295.339507079029    1         1.248908426218252
2535.138695396665    1969.6139013939028   1         1.007497431780356
1715.4588578297635   6823.613376272632    1         13.409982172366838
-10510.072864406016  -2788.400360852316   1         0.44221590671677236
3653.392487885862    -6399.8484520875945  1         0.49422892143370756
-5237.547667489135   -1704.5703764510959  1         0.41158178384962907
1026.4923646931404   9795.917154288916    1         0.20661360752928853
-8881.178256706833   1300.7089476438305   1         0.7553229144374076
-9790.486018525982   575.292752921023     1         26.758310335739885
-1005.2526456948308  9244.990540030767    1         0.6456183755351911
-1073.3789960275776  6107.7273568088285   1         0.5752481008687367
2013.9223239878672   -7344.432233250253   1         0.8186201744656678
-525.6020629979686   -1814.1554940920767  1         4.416321337788364
-2757.965720106261   -3231.4419751407995  1         36.85322505039264
-10341.475708807675  -425.4427105997057   1         0.5063150566470349
-7168.363857916992   -3617.893227325303   1         0.3958963640202716
-5563.470578584996   1426.025642517281    1         0.44617694876461533
-3542.5018379385797  -212.33371855008318  1         20.77244616219468
2061.2707958634137   -240.7670989363432   1         0.5282383124092922
5613.38186062615     -705.7906519482107   1         0.1593179301320543
11031.295143183488   -7909.569638066399   1         45.52041641615303
2226.728929633749    -2626.956690331157   1         0.8010483354721745
-1794.790977921426   10673.212906057786   1         43.61240587354711
8834.893904516022    -7047.172468137365   1         0.3224031920122473
5117.440761724689    -4409.481149065744   1         0.622451798438657
2826.8066988105056   -19.88023766078062   1         3.652722340921974
-10679.820006622118  1244.9945756030156   1         0.1365612505870878
-6154.578084336148   -4919.871017193328   1         0.495363419350057
7039.265209747381    7614.655654968543    1         0.7924936223556266
4892.679590607986    -9294.371372693982   1         0.9538076332370786
2310.6178187740234   4810.5388159841405   1         0.14629314561179466
8869.279372857       1822.3906850340427   1         0.2299742639170245
6020.329870973789    8164.16217394858     1         0.4243834382921944
-9484.023739598228   -4934.379249599388   1         18.630856226286916
4157.6235186044705   3939.453771051045    1         0.747501013180527
10484.834140923991   2020.795536552589    1         13.28901001118686
-3217.452547580664   -3238.670258594706   1         0.697944889961558
-1039.9145639936164  -291.97760182335594  1         0.8449877394471634
-1492.0936613289273  9135.193879359244    1         0.5555922098605903
4642.887833019888    3684.79811056653     1         0.37413433815539354
6914.225188696077    -5351.08283159875    1         0.3051951012608524
3900.470116079976    4014.6482077684655   1         0.44501639872150567
6729.308387672013    -2419.9957807360374  1         0.8516910791981427
3651.34925553901     -1872.965344278806   1         21.632213968857926
1259.7535117060172   9078.654040335763    1         1.1360125067490625
3058.63846197032     7386.196944818015    1         0.8613264557973345
-811.0293017935786   2223.519970492978    1         0.6473038753732744
-10659.58377742496   -1884.9960279874576  1         1.1104501291808124
-553.1276501523967   7128.379397591116    1         44.11652765105266
-1366.0135229083141  367.0989030684625    1         0.12920839407220336
-1734.8320489451835  -8307.379945595809   1         0.6146203668958566
7888.499209126656    1212.950994881671    1         0.9519082497107738
3103.686050907869    -1633.2334841589911  1         0.9247583006956727
7453.551750425235    910.4928140343927    1         0.7542113634683625
1418.2609813311153   -6777.7495375795825  1         0.1970555572640182
4188.061431932005    -3470.6985122459755  1         1.0118744556107293
-9435.217726755624   4595.717225422175    1         0.16313604846772378
-330.8454203210068   -7067.893155418721   1         0.8548522423798677
-9012.004781580656   169.3027082344502    1         0.5959565283135588
-362.39816861083915  2743.3480608231894   1         0.10114540035440028
8220.761570054441    7133.239611652999    1         0.7213482024083895
-5101.518870795046   -5312.298185982848   1         1.1494462304834112
-274.2933648470044   2238.9093156533663   1         0.2964609132670555
-2739.957644425247   6570.835814862483    1         0.11625087501730835
-6381.391807435171   -7581.384614279881   1         0.21897790351578833
10575.455469334947   -2208.071598664949   1         1.1054425468608302
3432.2626221100477   -2429.1003004931026  1         42.21194516680619
-3828.504724632688   9754.661354261962    1         1.220639600197151
4168.249086020984    1110.4813506861346   1         1.1278956239263158
9723.215857083098    -3681.9663200300693  1         0.5571538130389959
5668.136323780926    402.4507111097697    1         0.35503672487140925
7852.436072767084    -6198.739133874766   1         0.7263803451145783
8184.331041916038    2897.0780861418452   1         1.6252359907946838
3627.379539991304    -2293.055220368962   1         1.1629610771361705
-6909.640419444658   1597.3126445468806   1         0.8976603511563337
-10461.57316401946   1491.28013157916     1         0.4788279279693699
3608.0118799205766   9362.472788674766    1         1.2389794168981092
7227.629982122576    2225.840880300419    1         0.28928732232967647
868.7784320301151    2685.516332277214    1         1.2069199730907132
-1753.6141680423107  9607.248037873283    1         0.11915078091573578
-3185.608317289724   -4290.910647573719   1         0.5140225982328651
-4466.605459682508   -933.1587242311623   1         0.823994138838848
