trucks_count 5
drones_count 5
customers 100
depot 0.0 0.0
Coordinate X         Coordinate Y         Dronable Demand
855.0791575813137    -3857.9596958373654  1         0.10065200480809647
-9489.373721081785   -5442.024126042973   1         1.0896490253970894
-4309.200495404311   7963.937939719719    1         0.4719644438697297
8330.354706078127    1509.796700220881    1         0.8439596629591009
-5506.924936534697   4752.430017614259    1         1.0847755507530734
7036.584999149399    -7522.940467719941   1         0.3854861574588413
-4586.068332944439   -2306.4479386162498  1         0.8547648262605784
17235.434643832574   12233.807804241525   1         0.29154116256552
5396.98618336007     7092.203644568741    1         0.49074715835691163
-328.0717809447943   8337.333316475915    1         0.3456791464585703
8389.633291099666    -1852.1140954376906  1         0.6672101357460287
-6574.417919791108   2305.132631899064    1         2.5524834051097196
-4362.680683918491   7227.089001731851    1         0.483839881445172
-8982.801440966437   3347.948949851383    1         43.16630091579282
-6366.548157995895   6833.961595780955    1         0.45802098792004886
-5963.058561522081   -4505.39228524323    1         1.1858137245065783
4168.451899184495    5208.490419873317    1         1.067218216137557
2664.689395584046    -2978.8425022466163  1         0.6885249533557734
3313.283793485131    8389.764878551996    1         1.1284035526635856
6249.8924859764875   7395.063935980517    1         1.2477663555988385
-7991.037423732446   3532.049919342732    1         0.5221860692926049
-799.0228198628971   -9140.965713655682   1         6.983835173320925
2248.618807484186    -2407.048750873978   1         39.58656809464048
-2370.8629029995814  -10142.301566447302  1         0.9681308491328874
-2900.1965749739206  9675.064617841488    1         1.2337102841736398
-7743.760567651381   -10691.104349055899  1         10.809206220208795
-712.2411793649555   4175.089118833382    1         22.822156866401976
9756.262265355374    1891.8727466979863   1         0.9122771771961555
7816.436882435194    7439.513818285365    1         1.118387773026675
-1827.4661883402837  -1624.1585440294982  1         0.48549645293659327
-5146.606424870675   1652.886765774798    1         1.183669054580425
-4546.044406882936   -9049.701053693367   1         0.18972922935178355
8480.690227445206    -6907.677686516029   1         1.1579558557787908
9880.377605503358    -849.5069127444597   1         0.8371939982195871
-6615.205845510482   3410.0905804993254   1         0.8223389860737184
5122.270458032437    -3158.4826337841455  1         46.04985890965531
3168.5829468742395   7344.6913262300895   1         0.603765239846107
6445.142484045928    -2476.4775160631466  1         0.358833631404608
-2302.099598736876   -7088.394715948241   1         43.50524626923384
-3550.715430491707   -2890.749661019659   1         1.1500601808849125
-14743.439000646948  4331.657855979127    1         1.1914191755682986
-1692.1193329359758  6723.245345475072    1         28.814189798567405
4771.999488101957    6157.289802044836    1         0.47054574895733803
-10038.768116573188  3748.0171835872065   1         0.7317780290209348
-373.647782236568    -7810.936069764814   1         30.947273586806705
-2075.0516425765204  1713.308256047648    1         1.0534893111505441
-5310.361136452868   -3182.99875883659    1         0.9990076414734681
1876.6139568029037   -4708.6241065780405  1         0.10698406167075439
-2080.6282658466293  7513.004916740899    1         3.1901554183399883
-2561.111538313693   -13294.92127604913   1         1.2422329526511913
-2852.4893799319434  1043.3838156848913   1         0.5039179245184613
-7814.15082133479    18449.313881274524   1         1.1052105117761892
-8659.534369491772   4181.828781312347    1         0.2646678940787922
-753.0611156740246   6478.747349253798    1         0.9014005333956152
5858.683657909474    8408.52596123499     1         23.498318381706195
-125.4082465448752   -4002.896270766185   1         1.2226624416007694
6642.3530677106155   -336.76947924920546  1         0.41477264829417293
6656.077775136991    5178.727526917278    1         0.24711572711597835
315.3767402687372    -14943.819691675362  1         0.8500837664695206
-4753.059174980335   -1604.85355864151    1         0.2244184804376511
-6538.059563973111   1547.2343336805554   1         0.6412632912874401
-5964.2349313735895  -2800.453589337295   1         0.7354805574951734
2171.503980535993    8603.106269296544    1         0.5146316708966374
7156.565893657556    12728.12620357953    1         35.83968459540274
-9970.541299949435   -2914.582707303082   1         0.4778119810509367
5876.718507641794    2388.665025299109    1         48.86424428634665
4849.9433919541725   -9359.235729513592   1         12.105763712424482
-1776.0549937479764  3690.738082956457    1         36.17661184157373
14078.589929085872   -6191.555760913139   1         0.3029854498932144
-522.1620481000173   -13040.44786895161   1         8.710570874006859
2161.0966898424326   4711.389491334002    1         0.5572885737435286
-67.26333928516553   -8777.02717050117    1         0.21379321036343976
1326.549793058346    -2774.705326668577   1         0.2503219962093385
2002.7572250441465   3703.8347059245525   1         0.34418515400018657
11073.98967330515    -4017.071246030686   1         0.9373247156715201
-2496.9711446326087  -857.6159165932227   1         0.5744951036697151
2521.504579201388    -7565.368393609864   1         0.9319909657648132
-6915.594209161464   -4649.57607171799    1         0.24947497563293636
7176.38230042195     -1215.1254963618733  1         1.0859204759199668
-1573.4637108874697  -6340.051982441877   1         0.7820652989389326
7729.147325829532    -465.7787064071182   1         0.14721853650713745
3922.3153747666765   8311.870634823536    1         0.8257373944892723
920.2900844666858    1858.9451300471683   1         1.1528059534664679
-379.83516724994513  9684.706059908496    1         0.12128772697642544
5424.631929465426    9006.738068204533    1         27.403843094767236
-806.3335927864035   6964.8771838056255   1         23.783625581784694
-10693.116296003947  2159.9439671877153   1         0.23872882925084898
9549.559202673834    -293.44322673218056  1         31.81664197303788
-794.2101402430474   3432.1903155252503   1         20.95041680618501
708.4051041091955    10611.46698025891    1         1.07430974902659
-2167.883546558809   -16338.593448831056  1         0.36753273996242686
3283.1823048407773   1146.577966236858    1         1.0493466045642026
4228.655842106864    -2130.896608089568   1         6.171133739401093
6200.532903776145    -3545.815110389738   1         0.7478158658090448
3404.2562456938294   -5377.354654668116   1         0.6626619513332208
2470.45944723277     -1656.2022783782922  1         5.395186676603093
-4758.026391026668   -4971.710404299986   1         0.6053396081681219
-3700.0473555632843  -9083.347070214448   1         42.67786058272773
-1377.9208543666896  4527.253016645913    1         0.8310389868864236
-942.7008209729585   9762.939090604377    1         0.8791492810444876
