trucks_count 4
drones_count 5
customers 51
depot 0.0 0.0
Coordinate X         Coordinate Y         Dronable Demand
4382.0297689106355   -8045.445385387414   1         0.9207209524061184
725.7730995454175    -6959.420072429241   1         42.78464463292053
-3884.441194591715   7996.356819712743    1         0.23139046899206497
5295.932212045108    4549.795207545785    1         0.4887381000020322
1761.9897399386975   2935.3025713097877   1         0.11885949452003745
-38.32364272538443   9960.276707874631    1         0.44653232041537294
1667.4881245429765   7536.57485771208     1         0.5833251645503958
947.6830691660075    8217.406284595489    1         0.2370409536914943
4513.955122943063    7731.9183222640895   1         1.0121346054065288
-866.7150241436757   2765.407288867893    1         41.72095482505076
-6507.122673879773   7568.377521137468    1         0.1837726985998938
3945.59034089349     11092.866979515278   1         1.1595340924443416
1571.3740632613396   7672.830246478758    1         0.23820520092740655
-4749.53647624565    1490.7438843977643   1         38.09414371664074
5954.752457530606    2220.1103720605215   1         0.9734075890665927
9050.197453757222    1439.5896038291467   1         0.8874316344704835
8555.370166848668    -851.1262190034246   1         0.1333605934347623
-5264.098443988583   4238.86948949509     1         0.14189282549634302
-158.65660399088765  5672.566937922395    1         1.1404760027839234
-13480.807034905702  10418.303301685155   1         1.0148471557074334
-1070.1699097694207  8316.463536180845    1         0.6959521191297003
-2660.6254821235148  3232.9502960184705   1         0.7522486767854665
-8972.87122238641    1083.611447411839    1         14.930508167067288
-12711.688667725946  -17533.879854669656  1         41.67949968822781
9461.421906755042    4108.710771066676    1         44.74365746148222
17737.70168291379    5763.015913842817    1         38.04296706904486
-4985.104377667015   -753.9654437621181   1         0.3362648042766549
-1596.7486103498052  3618.789600761248    1         0.528322769977344
11378.974071992317   17349.97956582672    1         11.380903209582913
-3129.3413775057406  8478.949179196445    1         0.19531937745607786
16177.299523126432   17346.586938635945   1         0.3968026989128428
-2903.228001572643   -4981.97837306374    1         30.91857436956653
-2325.64224954338    2272.305966375454    1         0.16687636403908107
4607.300580573997    2561.830369395059    1         0.7373500434279383
-6752.453412861902   3391.8645757658664   1         0.3114592343783572
-4703.978103639024   -8885.74139413298    1         0.3742067481848803
-1618.21457611954    -2504.8752706150626  1         1.1472130597897732
730.299327000965     -7211.052171156938   1         0.36427535353381246
16994.595503733155   800.6488052152927    1         1.1149098417417749
-4747.838161285801   813.758277398004     1         33.14396328901074
9469.025908964892    -4797.224408737354   1         0.1247271066369965
9962.939161401693    5184.004813691172    1         0.5863406258033443
-1040.3435765045317  -8311.922200589952   1         0.845426277573518
-2621.123529401337   -9530.529339222823   1         1.115154892218798
-3899.7750604001376  5025.203721209339    1         0.4339804813676139
-2650.004811581067   -613.5110972379169   1         0.8911373995572865
-6071.487550263983   -2585.5152729553674  1         1.1196748881679477
-5708.88559556575    4514.085065282675    1         6.534206918738352
-6894.433144876913   -5204.465043091437   1         0.34558525957963043
-9040.358341101746   5503.52282950081     1         0.4241009208297525
-6735.407106115236   6760.941809980356    1         0.42682796944560863
