trucks_count 4
drones_count 5
customers 87
depot 0.0 0.0
Coordinate X         Coordinate Y         Dronable Demand
5130.1831348141      5065.102645442407    1         0.4995106549756466
6075.323237235082    8464.481089690582    1         0.6916072215929082
-11763.229529102267  -6934.097456694666   1         0.19095395449150018
-12008.80323105405   13248.173983395738   1         0.914235703302255
15165.644708180645   -7821.765344911811   1         0.618728471036538
-10145.295310638907  -1791.3762184827483  1         0.40691752182882157
5375.79524469118     2848.282036457142    1         0.4218678771634058
-11001.561789610663  -6952.047241134724   1         37.8499675307742
-4720.486679722485   -4903.421380490004   1         44.960468405103086
-10299.130277425931  -11568.180743837263  1         1.2393099818212079
13353.318729653083   -6266.122527100222   1         0.49182579650832736
-956.4864195884148   6217.536217549707    1         1.1230635232995967
-5219.147908475208   14002.000595247066   1         6.473569742988867
-11614.950958116018  5438.780660958468    1         0.1838981977868847
-7633.570137808137   4089.891370059928    1         0.6389555315276465
-10321.407461749723  -1063.0715656139848  1         11.763876624777916
-6063.047483965448   -7131.336223493197   1         30.40196275442102
2456.404007056522    -2186.016104412697   1         0.5499786331577805
1658.226015891274    13572.790115741924   1         1.010974433217395
5612.45810705685     -5319.480075069199   1         47.022568699074434
-1870.2247494650285  6591.5905300789755   1         0.7951047964063194
274.59996875203194   6800.340180688722    1         0.19349217541009206
8139.599910196261    -4682.275222113906   1         26.604742344822128
7061.087412017277    -8299.765399337066   1         1.2238583604554525
9349.89265290943     -1164.6968070520998  1         0.10827566289841334
-1641.7505015142917  -2317.509219960443   1         0.9431391053268114
5229.2394070758955   3259.755557843325    1         0.2420574843937738
-1582.9207221897088  -9514.458266605045   1         1.0368774144171626
-861.2198593957079   5931.070241759835    1         34.36323643032997
-7577.471937585983   -5438.106879711487   1         0.591791505794262
6885.446817801017    -7141.041378680343   1         1.0776930045102888
1032.4330542338107   -6499.833924755285   1         0.9477957304577277
6249.049205395601    1959.3694512515624   1         1.16225980596813
-4902.384812817852   -8593.936798198922   1         0.8911874080358998
7143.40505788012     8055.250490133256    1         0.3804539215465613
3020.533893045542    14539.663849305356   1         36.34574250315763
9548.811622740097    2428.8614260177483   1         4.297257488112585
-11958.785593851037  4648.710636614896    1         34.0631382102343
4376.546359018278    -6953.039476069406   1         33.04449584246111
-6506.293791632978   2192.6275568536876   1         0.7628337529694666
2505.743476212985    6950.491992436319    1         0.9839171634833878
963.1192593257044    9549.60175955113     1         0.5237485478852718
7210.156245261034    -631.1566177970687   1         1.0768710785800706
1229.245919975453    -3447.571341865876   1         0.8863774695678577
4610.278263541765    946.8159452585109    1         1.2321441567318934
-2496.5498168021986  -1512.5769917153575  1         5.367694812748094
2378.271809628066    -2440.6200283047324  1         26.95530531780195
2506.710334729574    -6492.740056360926   1         29.077775557334608
-7293.100297043225   2996.501851942817    1         9.844836373064936
-8861.912353257363   -463.36802572452865  1         0.8506609953645095
2392.071541180574    -9053.493921809271   1         0.2522379923416632
3047.900062147676    1057.7221410959828   1         0.2071740357370906
5333.6935351514785   1246.7464595959025   1         0.15487381151675883
-7331.391818800643   -1032.2869049244764  1         32.1816048585479
1056.229505608306    -4532.960503443928   1         44.326213865102794
-10.785852859800798  100.9798504334849    1         4.061897738401286
5642.250892177102    7844.254239847889    1         0.712064146537784
4876.566597390408    -7043.119546854389   1         0.8212293285293144
-4506.005880718476   855.369071210036     1         1.0574662369796999
2037.7629660374917   3936.3661901070404   1         34.82879698689077
-2314.017103193133   -4877.677585154142   1         1.016152571373975
6830.087707495158    2181.937608516943    1         0.17923735525978923
4062.7328686894793   -7362.404730946133   1         0.7701084135950382
-9648.576911919507   -3796.4558355971235  1         0.5503536900516494
4250.095964895634    2777.297419116971    1         0.4091490139379862
-498.3453049527234   1061.993657577821    1         7.5759195540757025
5612.496547469599    -7409.855225296774   1         0.35815924851853465
-1558.3159511719405  7382.010710091081    1         0.4620487608146784
-891.9956172367974   -9291.085549167676   1         1.0703544564424368
2691.8185921036156   -3102.571667449166   1         6.1276910462291285
12893.536446189655   409.52755768548377   1         37.801052120708114
-5411.262890186032   -6647.766981529937   1         0.5404156929668607
-5085.158886048474   -3135.4149070121102  1         0.6621339492042606
15429.21969874039    11783.075463382049   1         35.216752833333345
-8852.722791790331   34.20364353353738    1         0.48488806164218123
-2545.188296045273   2376.4466270050834   1         0.9347883448459002
-2175.279346821103   8392.15083738319     1         0.39150567435938344
-3960.705664480951   9456.801522834727    1         1.1265065305367703
-15185.276994283924  -3027.4274970500264  1         0.14326064962197504
3662.369584320609    -9316.999516433822   1         0.4420195245491103
-4175.620766783259   -2277.2098499276467  1         1.0030169142435637
-3348.5783036167045  -2421.51959754016    1         1.2834154619521763
-3647.468513230055   2980.6082513506567   1         1.1396318966156775
-7759.781840180015   5463.4864496473      1         14.594222372283259
-6622.897273560839   3761.8102537740037   1         0.4227432838923916
5942.331865779765    -395.7781697456232   1         0.7953824844180803
6080.620532196594    5212.870201830535    1         0.9517074574518735
