trucks_count 3
drones_count 5
customers 42
depot 0.0 0.0
Coordinate X         Coordinate Y         Dronable Demand
445.20681021137375   3808.6689359622255   1         42.46771279085653
-1088.7750510967487  4041.7140871766146   1         41.44789816141013
-212.48448046400978  -5357.194958883453   1         0.6148037777601356
10696.811347273662   5618.030014944739    1         0.1745201341361229
-3396.9397436312415  7731.841603477634    1         0.2557941499553859
6456.493431074213    -6747.857724797647   1         0.4360115463153692
-8269.180576284281   13104.935276470635   1         15.009459507936196
-5391.098281301251   2904.070710940843    1         0.7971865183567568
-3308.0055382524556  9822.817080993023    1         1.2272186905268119
2169.5027059539534   -5385.625670787032   1         0.8902594247392065
-8067.042451721235   -5.753043744332689   1         0.7706940008154812
5620.35032512145     4319.638663045402    1         0.44950900566061913
-8517.734536749744   -1316.6647569643912  1         0.17117416756801368
3536.1579054948156   9755.28993565981     1         0.9891600549984992
-7679.92776637614    -1839.4320251726258  1         0.8538178657136685
-3885.0013408242353  1780.9882460132      1         0.6551984545528786
4072.73289536776     -5648.636242982336   1         0.8449557320203194
7239.214090360891    -1419.2379688133567  1         1.2227525745566417
-204.86032272967714  14472.706778735046   1         0.47891583424996786
1095.3060966182873   -4135.068048938817   1         0.7533403614054556
8681.36940150927     4199.926452707927    1         0.2072653708079667
1852.1195455653062   -10088.839069427748  1         0.17863540002576148
-825.9803463816393   -5807.111852005201   1         47.742024987761695
-6316.794753181467   3108.226282479747    1         0.7651381138985658
6763.333304064486    -4168.708238487406   1         0.9635642450601324
2363.941448116743    -3418.929221526317   1         0.9665515686164078
2067.6146022701987   4517.341634481243    1         0.44913732601605794
-9633.662846745208   -3640.3125986954437  1         0.3219862532963652
22.864017023093766   14747.866798948493   1         0.6446717152406881
7016.29778558316     6171.511041231511    1         1.1803047099103297
5284.038257955071    7888.0972985249255   1         0.16534011597258017
3068.4272146140297   -6240.3541758383435  1         0.45485560670715863
8918.930852320791    -4860.967461141881   1         0.7035127125319077
2286.299926779193    -30.83647117214423   1         0.161216825817086
7119.103684831868    3439.9957594348048   1         1.1546608160515264
-12811.770365560791  1530.5780689023559   1         1.1968329694940094
-2840.7454880886735  5354.87725939069     1         1.080723128390434
-6911.238773274685   6062.196440437226    1         1.0448738024045272
-587.8194469764534   216.77174166352594   1         0.5482386706938722
9626.01202437908     1117.7984823657423   1         0.4372552230603485
337.4834892234676    -6770.979710038865   1         0.3166943362048168
-4090.3635062355256  -2062.720535778147   1         1.2132622079441164
