trucks_count 4
drones_count 6
customers 100
depot 0.0 0.0
Coordinate X         Coordinate Y         Dronable Demand
-3983.368946895652   4653.230731623546    1         0.16137688655317717
1086.8004198851063   3120.205074476772    1         28.270355733965626
-1967.643439762689   -4016.130440683957   1         0.19104886645664426
-3193.727479627876   -2440.9970551581264  1         0.5296201013734158
-4960.430208388454   -4226.952586679279   1         16.587629350861206
6062.822553609608    -1766.8628358860083  1         0.9805377903072937
4249.008530773862    200.6532206149741    1         37.47082960111807
2393.7161243187115   4844.559730346521    1         0.5349329474427075
-5200.926753368789   -2468.340765111509   1         0.32873486281855147
143.24615455806565   2809.5173995905566   1         0.4984658838256032
-380.43310960621113  3700.7059926576667   1         15.25867318795956
1980.0458047179714   450.58459044368766   1         0.7949678858765156
46.15644036847061    3377.4101891150085   1         1.2417389576645803
5739.125221419421    863.5326173043535    1         1.174092096066011
4965.214038037098    -5482.238633837138   1         0.22274169737216543
-1643.4753911471232  -3719.161077669493   1         46.04718579499284
214.7197970903944    4708.078063357663    1         0.3940289629046436
1560.0213133274926   -3308.073374624926   1         25.346359076643285
2792.988890192643    2850.1872493250407   1         0.8717053511725746
-1965.0801552046933  -5510.421412877636   1         0.8764741480605504
-4750.737096627468   -3209.129992289562   1         0.30311554184646766
3285.268807677231    -988.3422430534922   1         0.914940344032546
-4025.771795756477   -3612.891524861219   1         0.3058494413242131
240.83889788406904   -2939.8600564781527  1         27.089626155790604
5094.171769649177    3593.973285526693    1         0.6683569692327117
-1220.3613287756853  5463.020900655475    1         0.4097875285321173
-848.1288761800771   -2638.940797209665   1         0.2651480745294008
-5866.7768321085605  -4204.31118986554    1         35.049360937758756
-4012.8771693570447  -3758.5029886604693  1         29.090306169376035
5320.890896051152    4798.143001642826    1         0.2573395443527079
2021.5283841603805   2774.2205476615823   1         17.49160559183553
-788.3697391601276   -1943.9533080956298  1         42.61272092804343
306.57671495766334   4950.974143748574    1         0.1760324590684703
4356.757194511082    -1891.692110738953   1         10.258654945267544
-2897.3551260998934  1214.4488230861584   1         0.4815728418762165
1135.747312146718    4451.961961755871    1         0.8543737111033078
-4390.477351739718   -252.74549008165832  1         0.9285320783489642
-4025.1760301114973  -4743.578667018986   1         11.445740793995594
-4952.74853947803    -3753.594967773768   1         0.7763670293834412
5546.719826076073    2919.404347544937    1         0.4868419383651633
-3028.3818703563934  -1982.351911501377   1         0.19273846815817902
5375.585591196653    -69.99808343453515   1         0.973132003075564
-544.4291608511635   -5532.933391172502   1         1.1601910474155392
2869.19882615796     2817.5074741447743   1         0.30870332357750724
-905.0956074551756   -1601.021234948805   1         1.1154849245766387
-5393.523326042046   -5050.5106729314875  1         0.4147055744532706
2260.057613854326    -6029.249039502408   1         42.11614995874692
4278.6580156788705   4030.5857930612774   1         39.783312320675655
-3773.300475285401   -5667.230681867419   1         0.6629962306725138
-3841.74170355593    5713.530732829756    1         0.5468459465110221
-1630.6469946818327  -1613.7565919497931  1         0.11953161309188264
-3769.3793038555373  -2914.318440006864   1         0.16148887996348804
-710.1477749474616   -818.4130988191296   1         0.17893321177603452
5407.282341137533    -4461.517588597402   1         42.16819788460554
275.7039800590766    -4058.547341907104   1         0.5030406273822541
2041.3514968409315   1275.4921699113895   1         38.188880117660204
2292.3015731946184   4714.349022713582    1         0.9528329418574952
-3102.7488930113523  -1405.0502085490787  1         0.5666313803279914
-2826.848454279511   5208.141488842752    1         1.20234380492474
3998.5903589084733   -1705.1030818515148  1         0.5856921609731686
-2505.445834533775   -362.8309996099356   1         0.7437521273147963
-4584.549633647398   -720.8698628568794   1         0.34694906892577015
-315.0261172537739   2086.6714974414854   1         0.1399130816834615
-92.81397054339595   -5456.118666195459   1         0.13251957571220674
-5583.953224950006   1855.2369341124513   1         24.876799968985715
5959.2952267477785   4972.070156524766    1         1.21787791352592
5315.272155461863    -880.579301661149    1         0.45625217927786954
-3685.990694738858   -5349.231036521192   1         0.20351898373799754
2620.095640958559    -2729.4113978431765  1         1.1061005603219705
5977.288095273169    3560.41807676394     1         1.2144515586211444
4544.322791185346    -4933.933365596391   1         0.6840850777671807
-4671.951999936126   5910.406608513304    1         28.2237104774906
3511.95546504109     -4037.396418637407   1         0.24116088230615015
-1306.5723885001682  3440.653380081905    1         0.39752217102942866
-4055.675807366876   -1837.0423711062026  1         1.1574959324683212
-2911.8176567371843  -5020.924011383437   1         1.1044390927488075
-2157.3662767361893  -1774.358648175838   1         0.8759017268612417
-957.4299289287933   -3189.8121196916754  1         0.3317489244381478
3769.6833322058037   2054.3930848673763   1         0.9942365685476708
-410.3972933081921   -2577.76557730271    1         0.4334514347334927
956.4408680747213    -4072.1674687768855  1         0.30030392946053547
675.2654591561336    5937.958469663907    1         32.48508556563458
-5085.516816892697   -2778.437875778388   1         14.53956852383571
4475.188371911528    -1533.4690288317051  1         0.6253468631837621
5773.164907656783    5486.774688620085    1         1.016554427179974
3647.5053221165726   -4261.3767472762365  1         0.6028841323319134
-1595.812089435668   -5035.5646523432315  1         0.9457157844143186
1913.7337617684616   4712.905463951948    1         0.26313166506095764
2785.0901245333234   4565.655718780748    1         0.7498242906774523
4310.497878274948    -716.9460090380965   1         26.034872948663196
3628.7622242343077   -4322.646437580159   1         0.401355511712126
-5489.402544383955   -3923.9237618752823  1         0.5177683342666078
787.8153441222291    -4011.2039148814015  1         14.115894588126949
3113.21717274387     -4717.760217218709   1         0.8129958410823688
-3950.0596558467073  2482.420229475692    1         1.2188474160230796
-902.1070058098067   2717.562185554293    1         0.2271209585454396
-2911.9997218903477  4106.284382377643    1         1.197684139495759
-3500.9846367447985  -1420.0822534756544  1         0.525250592728272
583.2494007780763    834.9821115501118    1         0.5649925625559299
-5946.613043084733   4534.071486864014    1         0.22519405067187184
