trucks_count 3
drones_count 3
customers 22
depot 0.0 0.0
Coordinate X         Coordinate Y         Dronable Demand
-7792.13025023462    952.921187537373     1         0.2987133524354031
-3909.134051279014   -2319.7122404910106  1         17.906676427849366
-4287.327415683905   5206.000768213921    1         0.13466282300917284
1467.0730186178698   -7471.176688813625   1         0.10908509133102108
-88.24725127917844   -4070.7841215711223  1         6.105408765637662
8300.877154231326    -900.3322951008668   1         1.1375924850549073
-3950.631021756994   -5410.104985867323   1         1.114999390366253
910.8989872359463    4166.662883943089    1         0.4735402093304143
-656.8052608191429   -8312.837443111493   1         0.7487303444029157
3627.072903110416    -6358.465919212645   1         0.9154722237266862
-2580.053585114807   3097.1875309310453   1         44.10410507492955
-720.5735112731628   -5638.117044189072   1         0.4169514079604688
-51.036254549301525  6186.6006959212955   1         0.7240476573879244
-7625.920289179816   -3528.6291410921303  1         0.5815769676168752
-621.2964612490185   -8410.185190740594   1         1.249120557731161
-3269.323216388579   -2792.690377253771   1         0.1519915718175511
-7035.87772532158    -2373.5862234476326  1         0.21267312680987732
287.79652928189194   746.1123005972918    1         0.8702098115741643
-3043.761299682506   -6002.381639169817   1         0.8744747147268992
6850.798992875596    7195.894620573587    1         0.44296972437946835
-7691.981563213469   185.41169068984823   1         0.7303751452147761
-5607.619206184116   -3843.111334583602   1         1.0948093439544633
