trucks_count 6
drones_count 5
customers 100
depot 0.0 0.0
Coordinate X         Coordinate Y         Dronable Demand
-4316.813751544946   63.598358107255706   1         44.59987990156956
-7396.681578184159   -10434.143147552628  1         9.921248759253366
-4472.590679927608   -8709.864803050701   1         0.6244364652341804
-3458.441641395849   -7718.783372444369   1         0.6251580762979608
3377.3634652059172   -4597.833628765649   1         1.2387099413101796
-1101.8542578706183  2661.2601771353347   1         1.1723276407787087
168.98695700786095   7462.708009585427    1         0.9776026686479808
-9003.700369120976   6146.644719640111    1         11.836500652454488
1798.5914006017429   -8222.713255251745   1         0.8487646810292842
7482.181027911474    5512.573683806976    1         0.440494828465001
-6980.040084118257   3850.1680932562927   1         0.38396254819655584
9828.841961815227    -1689.124825820041   1         0.1735968670326697
-12723.869000586312  -6949.463796206741   1         21.35486208271292
-2674.468859957057   4410.453196544928    1         1.0631339971813105
-5562.451142547152   3513.91696599259     1         0.6722612445957917
-8086.271957106208   -3826.6806800171926  1         34.105691513859284
-1903.31628658066    -10424.557127926122  1         0.46904452194131185
5380.416770849871    9520.13607168807     1         12.951172062247473
-3428.712981596668   9077.512951437227    1         37.427745392558926
-5333.2122510986255  7578.376381330782    1         0.3040619208675537
5293.90520610054     -1272.5378487782818  1         0.26054465244371505
9377.457978832497    -6155.20314336618    1         0.8491244774518347
2268.938609617011    -9001.934107608562   1         0.9303075220448506
-3579.0294469230003  -5872.026314479853   1         0.8000512536599019
882.758683922028     6562.547910136512    1         1.0730003635363787
8930.58868215161     2756.0123389882124   1         0.3681829818139122
-5726.753072673053   2316.5308663488854   1         1.2369594952519387
5404.944613909446    -1907.6477949679518  1         0.4168373775095914
-1437.9362459774343  -10111.825680293634  1         1.1163910067642782
6340.220818392428    3671.6647520324327   1         1.152337053987088
-9588.676541759976   -3871.7075888817712  1         0.29095387786596205
7232.960931522069    -3901.161554630343   1         0.5439789078904244
-9651.449610410853   -3132.4160855481146  1         5.384532143564537
5371.451071971026    -3355.2906661852835  1         0.5861572210216972
-5642.264581239033   -14155.16715556711   1         0.5159545757580943
935.7858332819563    10760.199370931883   1         6.551093490587555
-1209.6253512158903  10164.514414830286   1         0.8576654766145188
9725.445542232284    4836.774845549326    1         0.4107402702466221
5272.65607936499     6316.863646468346    1         0.8473941139302371
7600.831724798083    7306.878682556931    1         1.1792201360889414
-4751.905271772397   8599.797579208269    1         0.23020980763830343
5980.045084065718    -2135.3998557856603  1         48.88343688813336
8234.048534436812    6004.72839190463     1         0.873835834769843
-3155.1465216380784  -708.6075585500288   1         0.9935109096318839
-3479.2971512998934  -1803.3759591345172  1         11.790992067534908
-5554.5206594261945  -2797.0858865303653  1         0.8972586865283773
6955.838596276908    -2129.1752953328873  1         0.9624917746631768
-3676.7897888351963  -6440.552816738634   1         0.9842161997388226
-6050.230778233439   -3516.300460642714   1         0.6272995703752517
-89.58427482990021   -4615.374181197435   1         0.4849498239710026
-3720.6554504701194  -5060.94876482414    1         0.9097620624135607
8885.937980110211    1111.5389666277908   1         1.0783216148583508
-12053.049934428815  4772.809708301918    1         35.64150425739807
2504.831376247308    -9231.838390019813   1         0.49624662434703093
2969.0479157244235   8030.608372388002    1         41.81281024361764
-7430.785111251583   -7243.005182110882   1         1.0963013643280037
-7286.097915579322   6475.115198864139    1         0.4102718455492299
4797.6720552337865   5340.377686551717    1         15.727679025496688
-60.99043245992444   -2650.6545787180066  1         0.9774906561147828
-2641.0950293517735  1906.0412470407596   1         3.836008457337063
-4637.074547124546   -3148.043951439642   1         34.21168358534374
3309.6533229589454   323.09412835216494   1         0.9187985846840881
-1649.834687234858   -5264.790703047548   1         0.48471867179586636
2913.6736605566994   10317.98940571527    1         0.9995316606556159
97.20463859625822    2116.283220361676    1         0.6391010353827216
8920.539669040028    -4209.960121339357   1         0.6867093761013977
-5279.973391634641   -7556.3148227294905  1         0.9369945375872645
-970.5433472530686   4080.145548440285    1         0.8706867153690314
-8018.980767802004   -2219.7485684475637  1         0.22506170725592128
7395.012898804372    -4950.212654577842   1         0.4509314234746953
8841.200778718807    6432.01356635384     1         1.2309478506205156
-1389.3494111506113  -2995.7069520231958  1         0.33439790909557965
-4455.912322384201   -7490.270634241698   1         0.7298271555082155
-327.1687195179671   -8502.174238626209   1         1.0107127294715614
-10006.857021939693  -4567.8144555991275  1         0.9504615373696815
-12101.613981060957  14686.936725831945   1         21.21097120329932
-3786.121653274262   -8348.741431926057   1         0.4412756165469468
-650.2002738731279   4088.9847730962665   1         0.4051985552217302
5405.881577603713    1596.8566593519815   1         0.5176473796936023
8917.723529259254    6186.166069448117    1         0.5979258431327396
13184.389958894322   5703.032670285133    1         0.29664276122902766
7584.973667961296    -2697.3791110621805  1         0.796372118819797
-5681.619847139625   -8178.813424617087   1         46.398095836307306
-5107.2234909991785  -9310.81942153339    1         0.13706886814901934
5594.695614800141    7776.105159801303    1         1.040890228894334
6885.359517861345    -10387.388518335501  1         0.32216610114945954
13723.69050962776    -6325.265340852928   1         0.31248741856348805
3224.6472012743507   3730.2293899050437   1         0.7272498898227703
-9792.405938045278   -2408.371589241209   1         0.41395839100443277
2523.0651074632087   8344.2199718879      1         0.8545961732506839
1160.3573451771342   30.61742884213127    1         0.8167986202359835
5929.775945292933    4551.605593547132    1         22.31654319109768
-2773.850477888388   8908.52337055017     1         0.8472223905416075
-2933.6561343320927  -930.3760402375196   1         1.2186154562912694
9072.427807817943    3659.725565174075    1         0.5788825983857439
7962.016542291078    -397.47872100242967  1         0.18967966956559612
-2409.579772297521   -4947.829769942424   1         0.845998996509319
2851.6483996821858   940.682233277507     1         30.916311593630912
1481.4389405537238   4755.161498843949    1         0.3458273711191673
-718.1730587065954   -7998.873811852876   1         0.5289189507451678
