trucks_count 4
drones_count 4
customers 86
depot 0.0 0.0
Coordinate X         Coordinate Y         Dronable Demand
-6526.508739225827   -8690.449210044104   1         0.1991053728620628
2446.776721016998    797.3365459966534    1         0.8943060330850728
-541.4127827084486   -7348.7103981116115  1         47.397941762820636
4765.467200396299    668.107827161783     1         1.098120717493113
561.5885614859012    1164.1911245677566   1         0.9599111605190919
7936.041006933439    4316.776184318377    1         0.9012249032462761
-2833.900282778265   -8458.901137005767   1         0.27289555738155213
-5158.03244680984    -7472.552627350922   1         4.498082496702901
-5906.619604115242   2625.626304406397    1         0.5165998833606487
-3520.1367390998903  -6248.930291444026   1         1.1646395187799174
890.9854162491083    -3132.9377209283657  1         1.0995664751414294
2847.4071862113483   -6543.714718538033   1         0.9183238303166383
5898.161680628368    -8177.796154413334   1         0.8751480697584197
-1195.8002892934855  -7975.946980474522   1         0.9633811503609422
6619.827115593927    -6691.748140400953   1         0.9445569553716732
1204.6835173293698   -7682.083566651831   1         0.5821978465474994
-436.53553431716625  -5708.669754520844   1         0.9991663321169664
-4056.100633122376   -634.0929790742379   1         0.2265027345933386
547.8653011410765    7950.12625827531     1         1.0996342847431275
-1762.2568161910697  9599.69702655321     1         44.23467487525595
2409.3568886196113   -4764.155110926945   1         0.7994919223702546
5161.006405310699    -5905.317212351888   1         0.4538120812456057
-5619.770740685063   -17.507850459567635  1         0.2797605664818892
-7436.781530361709   -6699.4863950425     1         45.5713512752083
1219.449483664806    -1569.3831283623847  1         0.7016023014496893
3865.0090966680414   1858.4565566673978   1         0.498888359824759
-3762.500810223914   6392.598662902776    1         0.8274263123247392
1924.991560082899    1766.4288737456948   1         0.8457516265581311
7990.035250222932    239.76516268382514   1         0.1984865226805696
-2645.9209063111884  -1533.6604687185172  1         0.43297018436380386
4596.871412994248    -4575.2638798649805  1         0.4522288813845845
-9433.779279142786   -1305.679495099046   1         25.05093688346145
-807.8139888296978   9650.23546469004     1         0.9957383259475623
-5988.861283848651   -12.45233649676906   1         0.655970435089299
1688.1049507804676   5061.222832189434    1         0.4738157189432659
-1874.1243379247035  8967.168734960169    1         0.8004153887075313
8288.675349338502    -5424.433552549119   1         34.54230338896908
4634.732573956699    -4116.809070861969   1         0.42101725056531525
1382.1152394730943   9224.108598986168    1         0.5122711636592976
8566.27886186771     -1311.2785374748166  1         8.726331331015167
4154.447423121099    828.0659914743737    1         0.3816540935203092
-8325.440996128706   -5256.693677355538   1         0.9039175256820076
-2026.3918077465428  7793.597597207026    1         0.5345763761196352
-3518.640806624508   6792.006120837682    1         0.7023761822744373
-132.5587954111518   8011.156281914793    1         1.1842077751095712
-415.9493893599865   8563.42335540598     1         0.5754769574585457
-3156.751279640486   8032.4091090230395   1         0.6218935818343462
-3497.627021327157   -6387.939185114849   1         1.0579606252807157
-9636.959628672957   1056.955330315388    1         1.0003297538125089
6817.631908461598    3172.7215226349895   1         0.45580591280835214
8024.194054561318    6587.084083120735    1         0.2706755702140272
-7939.338612796084   3384.277441841561    1         0.3214097637832408
5173.445707987631    6247.716784722234    1         0.36501002505959734
-4541.992206095735   3662.4928015985497   1         1.2014841529482174
1455.9675102284336   -5884.832605055303   1         0.9095652811348941
9503.429138752266    1051.9989121903177   1         0.9643060780563653
-5069.946069319475   7431.444384512386    1         0.23852048712350227
2471.692401900345    -3985.9396229014174  1         1.022213792297619
-1935.6000396122731  4841.517771392125    1         0.47785351764969874
4173.25043684676     4063.703841586314    1         0.9449504551685207
6349.49203807375     -2025.6268816522277  1         4.475892645647098
3419.8525688876566   5851.6762933417795   1         0.13974081071490413
412.02424830396495   -5409.030202916165   1         0.7071655715887892
-6279.676801731993   7925.28161790822     1         0.6683933434829109
-680.9969455223542   6908.006043963945    1         19.559414759049957
-693.9629132807391   -6304.355619783353   1         0.11255253211980393
-3546.7905761324714  6905.628656449548    1         0.2730323683331684
6084.920230598222    -7123.941915856123   1         1.182218746710555
-6751.306791656279   1234.699684370957    1         0.45303150068071496
6616.0077435986705   6076.349241449691    1         7.91573817760496
-588.3235489400104   -6105.277997145986   1         0.8246009459106829
-3601.714315317886   -1835.3049832405482  1         28.900185158485225
3123.33069921444     718.8719326881755    1         16.01006059745398
-5282.206421806001   1250.4171434640134   1         1.1870233196199884
2531.064425588169    7163.941443085982    1         0.19103581261063476
6217.336917072152    415.0570702418781    1         30.839238153245134
882.1307728551508    2652.1414287946745   1         0.11546386890261273
4059.8618729619157   8661.499097258771    1         0.50589487623348
-8836.502205083048   2634.4692427110867   1         0.32685352810428303
-1046.8304292085625  8678.476189650659    1         32.04822091499929
-558.438744153286    -1184.89656174358    1         0.8594742158500506
9418.800562430817    4987.0032500750785   1         1.1753141350711416
7745.366499233125    -3510.9786267987565  1         1.1829709136856275
-802.140773495792    -2167.923867936286   1         0.32497572879739633
1390.776124555289    9065.072890324804    1         2.2158518420778126
-8155.588223741939   3893.0177069658616   1         0.1011120548934753
