trucks_count 3
drones_count 2
customers 31
depot 0.0 0.0
Coordinate X         Coordinate Y         Dronable Demand
-225.90703226856797  4265.637263936153    1         0.374799802810468
2778.426565964101    835.5133449948321    1         1.2003094331124724
230.39003569045954   -3954.316113243566   1         0.6754711964632854
-3356.7868979557693  -1131.433956435392   1         0.3619101480105603
769.9687168963527    -362.2155287406835   1         0.7969238794655236
-259.4020110015358   -4306.7057809135085  1         23.27091616435195
5398.0187260263065   -4016.5656192906968  1         0.6376206336017515
-4772.232611906411   1837.8938592935629   1         48.738126633574495
-5649.158488934227   -517.6747848288612   1         0.6639843168434875
-323.24241599346686  4040.9649471787952   1         1.1500891968323572
4476.1629539983605   1976.0309287498258   1         0.7451951131696036
3356.5214221194956   -3234.5240093876573  1         0.9298886895023724
4457.729354458       -5238.075651124764   1         0.2115459136337886
1430.8704132000555   4815.424408209582    1         0.6589919522931098
-3706.063293135366   -1830.6262781099938  1         0.8973233258055093
-685.8999203931503   -3108.7350722890205  1         0.6123327114431185
1807.0675081119598   48.68136602038869    1         0.9353071485506673
-709.6790956193986   4194.93504697174     1         21.15495618605545
-2542.546155791201   555.2573502549908    1         1.161495914301831
2737.058500437115    3458.3518633929366   1         0.7994549769728085
3371.456066311738    951.9373961309743    1         0.4911362020540524
2662.76965934406     3294.1383189485655   1         17.50834467525631
-857.5111674622403   -4988.022411036114   1         0.8510348722271256
2456.0288597804774   3500.6497339789867   1         0.5218814149263212
3692.9690134703887   -1763.533796247994   1         0.13048048054034786
2196.8107815644025   -5272.635622249582   1         0.9175826673241104
4375.817622623477    3837.040573913941    1         0.8522399554348871
-5415.475506853733   -2821.738952056338   1         0.11451995852157187
-2038.6240709015178  810.9212577275157    1         33.15530292061478
-3018.3020287884906  3157.2339361207273   1         1.0441066213546357
-556.0990963762833   1845.4999606826814   1         0.5331392551342612
