trucks_count 3
drones_count 4
customers 65
depot 0.0 0.0
Coordinate X         Coordinate Y         Dronable Demand
8191.4550422727625   3829.8926118037184   1         0.9049986697690214
3762.3063572728993   -3403.412995664648   1         0.9424692652853367
-3010.992721282256   8221.664795576147    1         0.9103053608322066
12301.164590445695   7931.9246020561895   1         27.185553963792962
-1951.6360852038492  5752.981069565057    1         1.1669638479649433
-9161.095723366576   556.1278072285298    1         0.9683413296048007
-6827.083425136343   -565.7418814903297   1         26.815344796895754
-6937.83391092716    1236.2210218386663   1         0.47924377778883354
-8491.218303356603   6788.9856870402955   1         0.8693879184594084
-313.6173043932471   5958.033938784015    1         1.0202987356258606
3597.010634143555    2932.8644532137027   1         30.820978815207514
3378.676232225524    -3802.925784700122   1         1.1898500475945055
5851.9192479213425   -4752.2646016022645  1         0.7159840590897731
552.457366374043     10526.417953551825   1         0.37020585343943224
-7681.579173123464   -6564.929141497025   1         0.6637384758829745
9738.977175168866    -10057.232017769787  1         0.6249748362124213
6398.142057537758    1239.8535585413622   1         0.514111252366932
6771.538438083865    6957.593356464008    1         30.42188614655041
-2126.0600972797733  -3215.8515927796807  1         1.0131047262751036
8216.63104826278     1905.8158857575777   1         0.6792567828838826
14482.366089479603   -3468.674722837841   1         0.9679659635184354
9216.906365328       2900.626681182609    1         15.817864055992505
2671.35791560255     849.9536798053723    1         0.13216669408195078
7403.9369237613555   1886.036351150343    1         0.9554896275107152
7393.930671931785    -7914.0636185562735  1         0.6613656681360873
-4193.544200410553   -1569.7067810780816  1         1.1783995069834992
-9339.559218144828   3686.39905925878     1         0.3019242074226782
-8478.116847391508   -1346.0004581524101  1         0.6432797420349039
-4267.8670763028595  -8654.915034432452   1         0.9843915792408313
14783.366132929814   -15471.708143901797  1         23.652910718534248
-4021.048335783129   298.1137448118574    1         0.45221962851142683
-2624.77431904581    9959.123204865806    1         0.160836841853366
-3301.3955994767557  5243.907376939064    1         0.48797316764888976
2494.330130105132    -7328.931317387259   1         0.8450338543321197
-7519.475137851744   -2909.9440225685025  1         1.172677774695317
7446.501218105615    7319.523328992731    1         0.7119502734548007
6464.102900302847    -3737.0399756432357  1         0.871054996780031
2067.617285746273    -776.3329667300659   1         0.7693978602972048
-1511.1155546122507  -10469.208920314906  1         40.13280427185922
13837.847421702396   -14663.75383319613   1         20.44174161526572
4517.603268093337    10312.937495964366   1         0.4771888564755873
-5799.255189321094   -3888.37736489804    1         24.034878142356405
-5212.829277732252   -849.0828308549866   1         0.17318983282983402
2676.127616646339    5873.483376182969    1         0.24220618221042423
5224.052826202557    1573.848705337506    1         0.7606289108837037
9735.707466800457    2291.8570341701884   1         1.1427947199031754
7028.117515209176    -5049.522970960087   1         1.1543612723500831
-7776.052220262081   -2502.2846779796732  1         0.1625561975198023
3150.7588787881114   -5631.407940319429   1         48.8673642504616
-4586.3060914038615  -1597.1502006458381  1         0.44016778464820483
4457.7141007718255   3183.580889498673    1         0.5659980486373529
-14420.299994359204  -3858.2803668175948  1         46.1597534189508
9755.264953554039    -3793.602208673674   1         0.6358715252347602
14672.622320170905   12541.799571335354   1         24.65308004944329
-6054.088864360442   -4727.771638895006   1         0.7261894101824152
-8365.555427378707   -4936.668276928864   1         0.7528667531377813
852.2411497443397    -6484.139486142699   1         0.7838463745690546
-11358.701692324878  14994.082981237674   1         0.2095295105979749
3135.203894794833    -6665.480318269376   1         0.5458780870176532
-962.5860777140846   -9761.548845561036   1         0.2121191471459246
7313.740637912457    2829.060347296281    1         0.5796234625692827
-6051.045604405346   3703.996305481729    1         0.6951463445869368
-3070.6744329331236  -1924.8477893022878  1         44.88017190554795
-12257.53267696012   -9524.44142725889    1         30.312304360898676
5098.245242358823    -7598.443352328802   1         10.898949739275706
