trucks_count 5
drones_count 4
customers 100
depot 0.0 0.0
Coordinate X         Coordinate Y         Dronable Demand
3557.6623961747423   8059.350091810579    1         0.2988961603848381
-3250.107272918576   4019.888703338025    1         0.9642742596733551
10085.695436964137   2686.81384499906     1         0.30962411902048065
-7991.725622719802   2249.0572438502422   1         0.13319933075859303
5425.349324824639    6720.322350089925    1         0.19113768971823192
-7055.566159655241   2270.690668189484    1         0.8781697136361707
1870.0806476319135   9315.686193326483    1         30.6180576081276
-5473.221309087336   -6592.264876744013   1         0.9662644016124748
-2720.9847308166864  -8939.567214191791   1         0.45240471376119984
-3666.6964258901394  -8334.979419415407   1         0.2611335351008159
-3581.2476300529197  7840.388036272698    1         47.703324538669634
451.34541189592676   3826.3460396898167   1         5.614810956850119
-6037.648092187894   4704.801631470565    1         0.8566857112343217
1572.2375802954668   -8194.959232345514   1         3.789082474957577
-6755.630527321719   11484.611581273688   1         10.019319747436324
3217.9151581982223   -2360.5563111932825  1         0.6205243188489514
-6588.066921177718   -6681.6770643136915  1         0.5702970580630858
3352.6195193017757   11764.131894473137   1         27.365816612591914
7031.289882300921    -3221.4418273007623  1         0.6460121350546149
-4011.99975758113    -3545.633309101958   1         0.6231684117748442
6186.892350108984    -8846.060814036722   1         0.9375859384262305
-2041.862725178713   7691.736098453695    1         21.471451490908656
-1163.361189143159   7434.954580052322    1         0.57359836810181
5350.068985077264    7719.511392614897    1         38.39381076586994
3718.2032936019714   9491.270732142753    1         33.53069080704444
671.2660094735411    -8917.147006243547   1         0.30302699913093367
7415.59829639447     4604.350016429735    1         13.739652782864198
-4653.156092366863   7661.468760552115    1         0.18785277306786635
2015.4779748271835   -4064.5915842510485  1         1.0624092629738853
-11711.789207682596  5949.328888177215    1         36.23439504847075
-1818.5262353021078  -9267.498788088014   1         0.474075840888584
-1037.7612485247766  5662.0196568037545   1         0.764136887421205
1782.0624547055627   555.4100264264517    1         0.8431081661875464
-1219.346843306961   4649.042009972008    1         0.8579040853121223
-4982.991661387066   4715.498502695742    1         0.6258079691541906
705.6259162801364    1325.831209959583    1         45.88666648143141
-5166.7204117125075  -1353.0971285624728  1         1.1893460387279728
1933.0041735645761   5395.948918142587    1         0.7130387030430021
3165.4090473595857   -9100.667321157454   1         40.68190004820014
783.9351441790014    -1893.972015388131   1         46.224017189159476
8184.576270996889    645.2833124835499    1         1.1905900138731753
6238.042747668506    -472.00931449858473  1         10.224748978037612
-3775.0086578872447  2402.0283215748614   1         0.6413693169851601
-818.7456128953277   -174.80205438935678  1         0.5213202818211825
10313.722049435779   -2846.777055850656   1         47.951403631516584
206.89719188429297   1999.301423172211    1         0.7086176943586748
-7795.889588599617   -4810.980776840572   1         1.236334010708109
4820.531866423517    8479.33158530242     1         0.42331751569777853
805.5221608564059    -2831.924804137473   1         0.4667728570460312
9997.657034589654    4230.595070487542    1         0.5025186700108724
-7711.048993010299   567.5600424640536    1         42.58450098433386
8008.54717326245     1201.846439337148    1         32.76426536756277
-7225.03896952464    3462.808258106568    1         0.6043568678156453
1430.5836774208133   -7784.001049842285   1         0.565038942154072
1207.159135741611    2371.519313654737    1         42.00997207407859
4308.662488949768    2088.0671629521808   1         0.34235434690509503
-2431.5849896805958  -726.946785204125    1         0.852337388359896
9043.069216372145    2775.410062186626    1         0.3886946111973776
-5894.662159173144   7557.712375324484    1         1.248704888129251
6032.366852447231    7473.567687268144    1         11.92962881490022
4891.460884451627    4578.284249772536    1         21.902479518972576
5402.752440843892    9202.186645662674    1         11.676104018945285
4387.888402059343    -5727.171445257051   1         0.24085571154777674
5003.593337760862    8240.140226051995    1         0.7801940264360477
-2774.1444523167265  5148.11170616358     1         0.9384785168553446
5352.800347436079    1871.9818164753706   1         0.19850004189841108
3306.1574927619367   -9735.540402717781   1         0.13966474009427488
-7446.677777930594   4331.618450491495    1         1.1367942471110475
7974.754112754737    2462.7168904816044   1         0.32967415152292284
2863.550984136679    7480.989919841314    1         1.1054016351510911
5650.710767436748    4632.83258951875     1         10.328440711859852
4475.697888578612    1568.043090538504    1         0.8697628605801215
56.46891191033501    -10346.348266322355  1         0.190282601826429
-9094.58646079163    7796.421195926583    1         0.10435639607518184
4454.279726823456    -3564.9399219959887  1         46.51568761488997
-3712.240169658551   2815.66134111184     1         0.8027420107872161
-5710.557948518658   9044.981797567854    1         0.6119464953297388
-325.13438201592203  5107.168635717983    1         0.931198846723485
4500.901098492808    4833.390296800192    1         0.176613324939504
-371.81183425742756  3059.7184764912236   1         1.215894927814656
-624.7571714960181   4168.207596934131    1         0.15173181015641465
-1195.1275736678506  6359.241073288522    1         6.884130255574699
-6935.729127638642   2289.404190874182    1         0.48985799339640146
-1966.5410684649614  3381.778860812563    1         0.45131203626901406
-4068.180566283183   8308.284313549944    1         1.1163597546106554
-1257.0698780063967  -4823.907693660445   1         0.1412463703199502
-1072.9865305459884  8204.95522327463     1         0.5386294082163451
4203.71969113811     9852.41656447681     1         0.6703467499531854
8041.7153727984605   4404.161694143925    1         31.108267295906888
-8598.733812755145   2354.804672058163    1         0.9835040005424446
11680.078432581291   5184.91516611165     1         19.683459131418978
5131.109535082787    -7480.266425235195   1         0.10760650495753418
-6049.30754936488    -2307.549858256106   1         0.28007938401037324
4185.438778877858    1180.3052800250748   1         27.287848208849258
7383.860918298465    5281.515019402604    1         13.490318688861239
2550.561255647542    -8917.031762117258   1         22.466004988563117
-6724.249207524535   2189.206564128884    1         1.1744387577330802
9092.755479375455    -2148.341002296598   1         0.4596905101238199
5836.029426496285    -6434.671161500926   1         0.6613686840533229
-2347.14252943398    -7889.106058074878   1         26.25709330461172
