trucks_count 3
drones_count 5
customers 66
depot 0.0 0.0
Coordinate X         Coordinate Y         Dronable Demand
78.21900548539955    -3329.4127032825504  1         29.390966082578828
-4743.875187636868   -951.2533495048082   1         41.73971793814486
-4538.183946873109   5159.019767042513    1         0.26375184486285624
-5986.404740686342   -2387.6567983404125  1         20.89616726938402
6463.18653122239     -3557.28011420402    1         0.5940861788010747
1184.2971185873096   -6891.682171013025   1         0.38279114275533865
-4533.34592714521    -5113.808895775906   1         0.4933046034660522
4357.171038659104    2270.947345544377    1         0.35082722643940356
7638.3561755958435   -4504.790515570956   1         0.4786671690877703
-4029.870658669103   -495.30184876856765  1         3.1724293487020585
3102.5660628097976   308.2279889703623    1         0.8478665310222582
1481.3249444323726   -1252.5000447812095  1         0.29479704317869493
-793.9081422401932   3442.1711668300245   1         0.10317618383454348
3046.5367048682647   5155.40691772345     1         0.7628081333565406
-2778.677022964555   6594.728165228313    1         25.118381639170757
1643.8965528390654   -8169.68555035915    1         0.5755803738450338
-2149.727940612479   -1079.7291111112854  1         1.1062845674815598
8177.611947341356    3929.436703348978    1         12.389003618792918
1944.7258140948327   908.887370913865     1         0.21262211899492406
3239.7234651373437   -4189.163097549693   1         0.7993957485432781
-7560.062974304188   -7301.2825231234665  1         48.773507038570436
5725.1050153254055   7097.2283426973945   1         0.5239705664815448
-3023.8946368409383  -7525.877585673427   1         1.1259658831618529
102.1721716732699    4798.71846002545     1         28.6811822836916
4941.672070731066    -6213.306269405384   1         1.064475960529236
742.8783657442302    -6013.624161825364   1         0.6031462623738513
-1819.8143686452086  -4788.649904342505   1         36.801625200611085
-4566.047077906728   4580.033993076739    1         1.173595820862239
6069.83528843933     -2001.127116329828   1         24.173999880337956
4938.842531441698    -6694.641664974911   1         0.9446333401139209
7639.196750567369    6192.35095431256     1         0.316089524499419
4468.459168650903    869.2489469522588    1         0.2878574935967845
2742.9483229807493   6954.104902687128    1         0.7189411032537983
4770.775746113588    -3479.416848977702   1         0.8685927399425056
-5889.5631699772375  -4459.348699619452   1         38.4362377818675
-6613.949746988353   -5554.4284286252305  1         0.6289899543964803
-6355.226549594635   -2223.1086771692962  1         1.0847145141383367
3520.428777939301    -4847.229974302366   1         1.1758280609996075
-1454.0099229300297  6605.099047634307    1         1.213851293340476
2727.346092844457    2907.9216480093173   1         0.1760340767802969
-8164.598229250758   4414.313922945293    1         1.0864539654422678
-5155.4589235318235  23.168216840149398   1         0.5996473623513363
-7278.769558267938   2818.533696081781    1         1.1681904895915656
4811.400724733174    1050.3337405355323   1         1.175100409081246
-7129.395244162028   6315.843723560948    1         1.2465754563511342
-4354.693382273396   6098.833348514829    1         0.5941899027702406
6696.277701539684    6482.229866800559    1         0.5808362412880108
-140.54138860314643  1642.683084592146    1         0.3352693500463154
-1094.6066256488728  4950.373469899683    1         0.9809965779258027
-1616.9846917839066  3646.9467760763214   1         3.2181508645180124
7202.317310007418    -808.4734378088094   1         0.2073919844361972
-7198.954608963222   -2733.666798054389   1         30.43954436192793
-6967.118228717099   -841.3003331587995   1         23.455726852594772
-4541.400280516118   -4320.595341418824   1         1.1530238075866066
-387.3751140398666   -2099.8707733715155  1         0.8451169868102013
1507.8590129243491   3036.784234362932    1         42.42998784290993
-8182.523917162925   4767.177210355487    1         0.6125660963149475
-5456.761222492232   7681.689679440191    1         1.1670203457338246
-4847.350081558746   2294.657346688078    1         8.108448076018895
-1071.5119758034762  5428.120806580688    1         0.9496356456513207
1019.0252126337626   -2261.636032436747   1         0.8688455802640324
7987.819639784264    4312.628089099213    1         0.3191415641234955
1228.8450985240725   7398.603328590411    1         0.43253470097194047
-4149.627295079464   -4101.849560338457   1         42.891635759670116
-1765.7094459715638  6111.371872355336    1         0.8622715943267435
4049.9783226965005   -4159.541293533529   1         0.9176640281974339
