trucks_count 4
drones_count 5
customers 46
depot 0.0 0.0
Coordinate X         Coordinate Y         Dronable Demand
1432.2665137448114   -7033.442278041861   1         1.168658231661036
-5711.546638349182   8396.961954546043    1         0.7302432797151582
1114.6474659497385   5941.295600210383    1         0.3555569602191091
-10381.42148483735   2251.214939230987    1         0.9994809589975018
3860.352022324874    8015.465137962709    1         0.9359102968203463
1263.007851808329    -9806.462601076724   1         0.659733282902541
8138.276112726198    5379.026874032927    1         0.11130464992569282
-1133.4774762795948  -8265.54270149895    1         37.013925395819356
5462.627883965753    -4519.537864429649   1         0.7431281045171882
3322.0114563638367   -5519.389567178915   1         0.3599560432121134
-8588.368901418324   -578.6969890455057   1         0.45786197791186134
6174.672732973142    -6415.486308600616   1         1.6565778631648356
-2313.321316101905   -1293.2844526654271  1         0.39323207707371555
3513.5342384020214   -4525.579067336751   1         0.373740478045018
-3840.125001940203   209.3011668176896    1         1.0089659687911103
-5790.050846115268   6284.50948862782     1         2.3687829484682608
3365.0189641373668   -6574.461375474324   1         12.688138168035493
-2375.607749362187   -4969.134248319899   1         0.47496251099607556
-800.3185792264703   -13925.701736400277  1         0.1497016300378159
-3423.8156578833737  -6412.88843406508    1         0.6821738782031007
-7538.056776995819   -9249.029875849024   1         33.872894331156324
-6393.634672541997   -3601.8813656694024  1         0.6502349213819856
3940.923199889184    -9206.874882282367   1         0.4836575361640545
7165.299538610618    -1530.3975279343122  1         0.7381344499365221
6256.981317547396    -7603.841441571025   1         0.9869340124315825
9296.885155618249    -11880.945184449802  1         12.598381132868008
-8755.719108368965   434.4511650023789    1         0.24507742116218748
6996.315080362914    -4936.03782577254    1         1.2248285327522597
4372.022668215258    -815.8596244112416   1         2.2495885354064136
-6589.142700204978   6282.537719101313    1         0.6566208329228042
3648.019661946546    8488.39333817721     1         1.1933504451777066
-7952.712658664917   -3775.3617695823027  1         9.204870270331806
-4483.762090839693   -8715.939824125733   1         0.30554527550828586
-10666.893181504238  14193.393902136155   1         1.0076630134042308
-5097.740039859363   2429.413040687285    1         17.430787314241133
7986.383194625154    2402.2418322325975   1         1.0182850558060403
883.0027589215082    4262.560844037057    1         0.6392623397663009
7487.077048078994    -11245.014444695204  1         0.20825492072184704
5273.584964316024    -9158.564467000313   1         0.3099080997648713
-9401.16060164796    -501.37396328945664  1         0.15727838848981934
3372.556409714647    4279.437305605753    1         0.8410282291968463
-10105.293744761217  -7817.998338764326   1         1.0679677064389606
8702.929749406878    -4786.745498035843   1         0.2096333087761329
5309.509940029867    2105.363977373088    1         0.37571610186816706
-6803.589311719204   -7729.075744316595   1         0.666599120676578
3252.439878350026    3662.4763610810805   1         1.1084691996522429
