trucks_count 2
drones_count 3
customers 30
depot 0.0 0.0
Coordinate X         Coordinate Y         Dronable Demand
-10313.066412471893  3442.7751012659496   1         0.9364862623958914
4034.0500154767537   -3854.3144024776357  1         0.16802634548691647
-8824.790786014502   3789.9181129938906   1         0.43822505593302397
7700.248316563257    6732.0972465555615   1         1.2248605072167917
8804.840750152582    -5720.785486429624   1         0.37571527261158943
-10464.838326837003  12135.651841721066   1         0.18533659778238115
-6880.256406513537   -6279.627171702974   1         18.135694073367368
7925.7786502701      6892.341736030856    1         0.722053468921922
-8508.896650523102   -6877.569023744701   1         1.799185464406831
-4088.3482605244435  4037.239637887486    1         0.5151416231542317
-730.1776825249275   5479.336199909854    1         0.7842072549550145
-1104.5811152972838  11536.846855824637   1         19.01073241131821
7530.658622683337    1898.741073182358    1         0.48547166250357776
-4447.751933866702   -4939.796106438162   1         0.1615851609871727
9310.653384816356    -321.4590002429922   1         27.0929116418961
395.17474875034895   -8611.576187098255   1         0.6846355701351013
7162.177016201558    -8224.889774578443   1         14.992280240985556
10654.54254511514    10113.703303989767   1         0.22474997671305286
5174.495602290775    9577.467500034549    1         0.2802864345125421
2669.32265808283     -8908.252560711739   1         0.85161683148041
4639.145776613388    -9637.506075802752   1         27.50363926777807
1515.818514798134    -5879.752839074978   1         1.0475121670069534
1765.5530922990397   -5247.003568540605   1         10.407988733993596
12142.611478928653   291.69013266812544   1         0.9047324719007503
-10222.695743294571  8309.460211372118    1         4.604904803510861
-1178.6647019407212  7168.576575270601    1         1.1341959732658446
4057.4732371347413   -3248.7179682125616  1         39.27446225730134
809.8333025404277    -10080.341165360582  1         0.6163660941854522
2014.6296160535146   -3157.8348942912553  1         0.42270396631269214
-8842.98730810997    6322.722104900903    1         0.6466783795827282
