trucks_count 6
drones_count 4
customers 87
depot 0.0 0.0
Coordinate X         Coordinate Y         Dronable Demand
6711.10777307977     16783.792420040692   1         10.789360629436826
-3825.3161918824726  2456.098753045911    1         0.4022591108113366
-2035.6625943762838  -996.9093384894838   1         0.5553073979981217
-2666.2176662987877  -5406.0676897239755  1         0.29941360175414833
-2334.571623987857   -1062.973995497839   1         0.32129518337341223
335.47049859910817   -1070.1290604422195  1         0.7780082324990375
-6333.442404883407   -424.6487634264399   1         0.2385336210109615
1034.2172955109272   -2004.707266602687   1         0.6194182298151176
4793.755796691379    6045.140813483326    1         0.23920799291268507
2795.971217441933    1041.8883032444573   1         1.1026095651693182
-4093.145689005188   216.90601458156218   1         1.0271387385632402
103.41533669191168   -7972.067145160526   1         0.8489966143159715
5202.965847538841    6634.789319211636    1         0.40265598179904927
3793.8293792817417   3498.919859943958    1         0.3554018963632337
3494.352511101073    10249.266685423076   1         0.7166775208400847
-5426.237482570467   4832.426382417326    1         36.37901972958734
-8275.225050049648   1083.0378473035623   1         0.12250865508819044
-1286.3835686650934  950.0830506393958    1         0.8086046867428319
-10581.759363864356  -433.90128158075123  1         11.36918513638223
-7075.920483736145   1044.7351808116262   1         1.0880468603064868
4046.270677704295    11383.363356944534   1         0.49219474071645497
-6625.75290051627    2058.2668516133467   1         0.2041488837724662
-6175.251786609204   5710.00178796086     1         0.7986771534798153
9527.793588797658    -1346.6053288079536  1         43.36521942903249
2931.641485184751    -1804.459136904421   1         1.1134186289660952
-9833.327383364423   1222.9852931484147   1         39.219749771027324
9567.269519125031    -6454.02256583487    1         26.399274530054267
4839.9612052929315   8527.80680116937     1         0.49759277389324186
-2400.765070754469   3440.4251924943783   1         27.69616602114885
-4693.654096960407   -4899.277154766289   1         0.5373142857312002
3160.912277791368    -7075.699031579645   1         0.1715454682757645
-7116.063685590579   4044.1700967380943   1         41.145134576191786
5329.407239832072    1121.3513012762419   1         44.705383706148865
-9182.21356038665    5181.009866281168    1         0.741042878374595
-946.0126382871475   -8161.242190452101   1         0.4187550664373402
-8949.496477659619   -2377.516106067405   1         0.14683279927506857
2631.2175470558473   8598.087356215694    1         45.35161871338639
-4258.599957436912   -3075.452038418128   1         0.7563404034545728
-6858.415350764004   8728.342146261875    1         18.25716353437261
-8416.478690050795   -4342.95626221676    1         0.7031324809041635
-7327.783991443552   -8172.851029719735   1         21.350596352096485
-5476.986533773059   -6337.32973154076    1         1.2317827232359055
14422.295062301779   12102.947069264224   1         32.00042433271251
2127.5394214116336   -8546.147999472056   1         0.4097061984808099
-1452.7321016067779  -8871.297332528493   1         0.9683329267227235
2517.3932310717883   3558.0325567737086   1         0.3459101670022935
-316.04229860231135  13397.639032873485   1         0.12178361050744584
-8502.91544744659    3888.66931153772     1         5.328266462791732
-3698.2172987190656  -8224.142715070904   1         20.49753556149028
-17120.0187944377    -7547.297185556887   1         41.1481278247217
-4577.529792771925   -2027.5806244620514  1         0.693744840970201
2713.0557215367844   -10239.171152388799  1         0.3520009649540943
-17513.953372983862  5152.374075114654    1         38.50823997849621
5851.285799309286    251.07263481403302   1         1.2093217976558095
-9966.523948130081   -1130.4829212227296  1         27.155665842479785
-6461.721583047034   8206.648858881561    1         0.5825795051333342
-4620.203183435518   6754.512332668926    1         0.604083908909724
7758.975864835433    -1526.0902593585859  1         1.0272963082637028
8458.67125451372     2444.2943495713735   1         0.791990349050389
1435.5455033141977   -3096.351185898215   1         0.6813029050323322
-5397.418360356559   -5234.694830469235   1         0.7345347652194048
-1035.185012249618   -8590.290286729505   1         33.547306141135174
5116.480159201983    8328.31073980446     1         0.4656731737463611
-17312.1296420609    7225.433159145203    1         0.37314471660062065
8664.14708563082     447.18939233246294   1         38.99114112270265
7328.37285745985     -4152.999255115639   1         36.48312412638041
-3320.5651442441176  -8492.036608465958   1         1.0416906682566776
8990.026157409351    3639.9871936046648   1         0.35647535168981637
6983.833549925615    811.6592871364822    1         29.060121596743258
-12388.964933268184  -3676.638646349591   1         1.8964377463813087
-11429.353824106973  3115.0259404783355   1         0.37261635341027355
-665.2323265297129   -3262.5378264441515  1         0.38266107847693853
2705.4290617612724   -2798.955800719332   1         48.13343075621602
-1141.034233828419   -904.9666629171271   1         1.1897987446527678
3981.51592043681     541.0579929840687    1         0.9268356754012389
-10537.868126895504  -6327.9350090860735  1         0.585126132838283
4417.561439569545    -1662.3681856402477  1         0.18278580995953203
298.01350315933917   -9079.121087360734   1         34.06936618858265
8876.600804040685    -13691.99309898936   1         1.2456250569350313
-2779.584181899862   -10192.090378908106  1         0.4721509384902267
5846.102536109439    1005.4454610521016   1         0.5790369504752773
9630.491370778062    1407.06795025269     1         0.15971415886554136
-12125.658755836916  -7131.342511986935   1         0.6423511721757792
-608.0317382170067   -8883.827769108655   1         0.2632149004772424
-10098.41199281695   747.4889702732585    1         0.6503924622407041
-6518.611740553461   -128.01586847428734  1         1.1010995056024313
7816.124493188915    -7620.110167883689   1         38.846633232877
