trucks_count 5
drones_count 4
customers 50
depot 0.0 0.0
Coordinate X         Coordinate Y         Dronable Demand
6015.983002942408    5306.805634960903    1         0.97855940828017
-5217.974012058354   5806.4044963604465   1         0.6505805990138901
-5286.866387484982   -1712.1312397109857  1         0.6896373325036721
-4743.085953554995   -841.1820655172558   1         0.7839184433438121
-9462.122748282147   2650.0105846406914   1         1.1323635148667246
-3823.0931270686733  -7405.565903290771   1         0.9722633257492742
6842.193918154137    -7091.409393731119   1         0.38453280002149604
-9543.582461235226   -1656.52097853206    1         0.13203708811676454
-8287.3730257552     6414.080586448645    1         0.9676886852470481
5783.8331471692245   5967.918278857161    1         0.8995699967384663
1275.5682595465125   -7569.251310986273   1         0.5201276881047984
-5658.801077277133   -3300.4209626647644  1         0.1516063147575213
9181.43793649326     3192.413673780944    1         0.14167905138501655
-5385.79317856321    3267.567011971726    1         1.0438393908836439
6656.653850867343    38.70405421732143    1         23.504613406785722
8637.081814266077    1034.5067912058735   1         1.0504024748706733
7643.866873157625    -2214.6924187663863  1         0.13812129702119727
-3.443798231896087   1161.3593282704614   1         0.20739005203412064
-1530.2525146136068  2404.918406407457    1         0.9033423552555815
-6716.623667004858   7550.17980328058     1         0.8195738414928105
-3917.914121659267   -7733.916739546411   1         0.83513982728048
8050.305457710036    -66.99495291454303   1         0.4095140811186505
-5478.266704251246   3050.3267788877456   1         0.1671756583912895
-8201.723472307936   1093.9120475865382   1         16.44106335469243
6027.788324134686    3478.0898629028648   1         1.1227439953143121
794.1197197992968    -6262.59506603951    1         0.8803757241568463
4016.9392317786733   -13354.10116072985   1         0.9561288583158055
-1693.3095591804727  -5210.752709251102   1         0.8089220500997734
-6557.1701635250465  -8453.611112029837   1         0.16512290013275693
586.4865007363162    1463.768229521503    1         0.27612119820795766
-1579.8573644820747  -8354.327033327952   1         0.9420134569649301
6387.26712798956     516.9098564294703    1         0.6252686910722797
791.9606425540265    -880.0741438589339   1         2.635723086097644
7514.829485762254    -6865.5245425357     1         0.8899275831414257
4651.534377581792    -6991.195570511776   1         1.1905924119662
-6795.539222210113   -7207.49459992293    1         0.29895450015035185
7117.271785036833    7233.472186314052    1         0.9968425331831982
-2740.705976942215   -7905.802375396184   1         0.46179318842211736
-13721.678677981821  797.8725805944086    1         0.9407860928757553
-4363.674827885306   -1285.489375703413   1         0.4838148911264585
-4757.87660752424    -2569.3683961789498  1         33.92744226289324
-7550.5426430637535  -3078.8261561006193  1         23.20376409476994
-797.6591707528238   10689.09748056413    1         0.10020954931598994
-13478.44362870745   6015.2978509274835   1         0.7330550801582958
5386.481623381805    -3004.2764808855345  1         1.2083246645935528
-14973.077163755186  4011.6353059764333   1         0.9541000717835045
-9567.981787614634   -3144.233887971946   1         0.8189276816859876
-4239.603060451744   -5286.529274502362   1         0.8172323197304203
-9591.051724746676   -2185.0825511051708  1         1.2360475318004855
7347.396036159476    1757.2068192373702   1         0.21635534417856067
