trucks_count 5
drones_count 4
customers 45
depot 0.0 0.0
Coordinate X         Coordinate Y         Dronable Demand
-13650.262428872333  -8068.51511040156    1         0.9279790940195659
-250.76248031795456  4524.105509625506    1         0.7437319009396008
5666.154232737986    -608.5479469157204   1         0.8086690013002196
-5353.277049746462   -4977.322210802924   1         0.7158969038814745
1892.3461529965714   -9437.665523555368   1         0.6191890250391777
4915.976914216453    -1533.0722954515293  1         1.1923890587607497
7121.038183893981    -1970.3970432682138  1         18.33526723280908
5097.793132964885    4206.8016902081545   1         0.612894796919079
-6250.1194161744825  8608.13004793464     1         0.34654978121956515
-5370.876059876261   -3747.8977580238766  1         1.0018337538861832
-6666.515739194076   16012.291379616952   1         0.9760806315047194
366.06351080341364   -9788.927799941595   1         1.160149579220512
155.54046238191907   -3484.9353826957768  1         0.43314663907562745
-8634.547486663067   -5701.191708912294   1         30.701427491968754
6675.484069258066    -1615.4697437625075  1         1.1926084200291358
-16449.458140586485  16526.19852705497    1         0.8691706731032314
3091.8867237235827   -10181.214886095107  1         1.2212418153147528
-8634.229114022874   1018.3929551517764   1         23.55186454252427
-4210.692209840521   9223.252888612162    1         0.3430791975204901
-7090.792676505506   4455.034946115731    1         0.4361854264214261
3771.643331546915    -1479.4888362224701  1         43.57362239287567
2173.7871052670807   -308.1849748524158   1         35.548840519175926
203.35059158364615   -6826.813234750494   1         0.994051271645943
-475.46388831844826  -4130.959260155833   1         0.5859068253255032
-10768.863711650614  -608.5831829729468   1         0.17425175843425977
3637.4195169533264   4156.295582482973    1         22.98804166515154
4479.193319097487    -8882.291102639376   1         0.29357818526213186
-10213.009660015596  -108.96616899448055  1         0.9695727810644588
2945.608893508784    7587.487507396236    1         0.10676906634263944
-19137.319650007237  19207.0960693171     1         0.8224802025342323
178.98082897767316   -6754.714885491382   1         39.283039106495025
-1338.4574939682827  4405.063633978933    1         1.174591145424663
18094.44123932463    2405.5363162025315   1         39.58473161786135
4685.206031450209    19130.170666581107   1         0.23892458785927365
8600.078623491572    3096.940856629723    1         0.3375433333570623
4637.432006720654    -6010.118530621181   1         0.6243320686937849
7230.310213030885    6492.511285282791    1         1.08395184969552
-769.962449759362    -10029.897581648062  1         0.13192522914134885
-2259.819943131676   10463.336867386428   1         0.9252901194549726
3815.296931358761    -10080.25203387989   1         0.1292004292221612
9610.875672302915    3428.825210053406    1         12.95009441794295
-4594.63251845046    2495.0207629054016   1         0.9220179128484085
-8635.672082401978   4867.450990362089    1         0.6172340070971953
281.45300547286064   -6875.078907431263   1         0.6004770412588522
-8151.3846950737125  -5817.573850328402   1         0.14086751446296197
