trucks_count 3
drones_count 2
customers 22
depot 0.0 0.0
Coordinate X         Coordinate Y         Dronable Demand
5526.147270013323    6655.617839237109    1         1.186225307693087
-4068.9204042499773  3716.358499644491    1         0.5595011923573604
-4546.973767544081   -343.1182506496807   1         0.3042772236345441
-6186.665195964902   -1319.32910644772    1         0.776436318613606
4299.339325302981    3110.5179197372927   1         1.1863817155728493
-6974.623346450177   1696.8031132219053   1         0.37715958542249817
2472.7249053955643   2185.7329847797746   1         40.05976819072189
-2232.1312063815503  1539.9386779983797   1         0.5927396868240858
2739.528001384681    6836.839792487354    1         0.9572642856313264
877.2030809126755    -1615.4376594872574  1         0.134943458132059
6035.548012666153    -5573.601614151948   1         0.5252436583854194
-6655.910101910606   -6553.879207414463   1         23.825638708536246
4210.737963418096    -1959.0061763266651  1         1.0640005802452939
4785.546409593002    -3496.2340557225184  1         28.34768642304456
2477.4763157543102   5516.3459432804275   1         6.69343453558192
3399.9408344457115   -2389.8869214611486  1         1.188099408402418
-5393.375793718916   -342.74688378603975  1         1.2074678816583444
-1625.9477309120605  -1556.6403435661405  1         0.1032879723449672
5224.97312713276     -1674.3551877855198  1         0.7011740681854846
-5573.598777833542   -2782.9044829956147  1         0.10769537304345866
-2357.9139740165538  2847.309424175892    1         0.3482843539070227
-4657.820687773652   -5173.152283432667   1         0.2285896926654455
