trucks_count 3
drones_count 3
customers 57
depot 0.0 0.0
Coordinate X         Coordinate Y         Dronable Demand
4055.7933564783784   7932.719363904846    1         48.30222924149554
4886.611618319866    -4442.8100122392625  1         1.1675984711623537
-2159.3927468429797  1714.031860135107    1         0.32231568360468943
7914.644980494897    4465.094639503543    1         0.603626612279469
-3665.2588697872834  2819.1122650535212   1         29.176186310420277
-4591.957362568079   -2240.2049934061324  1         0.8532544164325926
-628.3053839226383   7757.901486050028    1         0.6025993412734807
-1698.6308865567244  4432.761023698531    1         0.5605379069370067
8040.742028260302    368.7026965896289    1         0.3171608074498301
-1120.226021876946   -9925.48005266606    1         0.4921689740119285
-8399.094993570354   -465.18950345850516  1         0.7367455129533285
-2188.696996946797   8775.936871746917    1         0.5738100553961428
5215.042097258241    7594.375663299285    1         34.74225514702634
-3397.5692314676794  -8951.307460742111   1         0.3499461317878271
-5079.772656165971   -5811.129432964827   1         0.857396602895971
1745.3911938587971   -8670.709239265625   1         0.15140492032230504
6371.07896937881     -6531.493903572558   1         30.534647249229113
10113.690614383793   -2739.1425778896464  1         0.3769335674899441
1326.3269487392977   -5710.558808943832   1         0.5867519744552958
-5855.38650841151    3987.124209887318    1         0.5824507746401154
-1695.9230846364756  6774.691830088293    1         48.96520300199325
-3592.0398266591124  4650.32906454158     1         0.8091070358942449
8816.538211676496    2534.296329817662    1         1.1327034109482645
-9065.65667828453    -4668.254148877764   1         0.7101843750008315
-5539.164140941628   2657.702981013924    1         1.0906351271199155
1968.578988806199    3273.7904540604577   1         0.3360399439583659
-645.1620226573559   -7536.754140125712   1         42.105317652077446
-1637.969825771374   -7649.157994125707   1         1.1454912007798879
6579.914629873576    -42.25295949548451   1         0.8657456417195883
-8200.364807480648   1094.8838874349678   1         0.30436493413627563
941.6201607430503    9240.975463085852    1         0.1823184300609455
3109.499769405235    5007.766608409221    1         0.6594374534975365
-8737.94550063315    5404.219580086912    1         0.1894688222747255
134.98680936533674   -3574.031680881404   1         0.3549140346457227
5056.352781124465    -7314.279692141501   1         0.5983679711645312
-1892.6617668843937  7633.487580331947    1         0.7007520713686002
-3829.671415883091   -2285.230261371391   1         0.5220251597811834
-5401.5263614536225  4959.860422846418    1         28.236735804142906
1171.9083038732665   8307.566160837448    1         1.1223620946105788
-3540.3724703688986  6749.645657297102    1         0.5508644821839063
5396.892596623743    2215.108942077319    1         0.7906535127338559
496.3174278333351    -246.122852969472    1         0.40237737996126943
-4157.011965973546   4933.076386121331    1         42.13185393167813
-8708.569847064939   6174.847936037894    1         48.86658465932186
3492.3017447375555   -9873.54625836728    1         1.080142805954055
5616.405388182795    -3796.7221811920185  1         13.847531878107652
950.5502807453294    -8127.784952764683   1         18.134923763655596
7461.477061847112    3234.7167115262564   1         0.9945958723107371
8707.297767141632    -1297.6346554405914  1         0.8849293217933334
361.57563767049135   5866.359636396895    1         1.1844465074512225
-4360.456016035297   -3116.082888048515   1         0.8166577783215729
4646.865870944571    4481.01886926278     1         0.36728866719444075
-3704.4963040617367  -5328.121726745829   1         43.09649729683837
-5705.719138233242   9559.698965334297    1         0.7443292561282334
6373.9214108771475   -7905.348226361803   1         45.747772650990285
5646.013937109702    -878.3580668363948   1         0.3857000518521526
4317.153527513919    6573.582350228739    1         0.9246267649038163
