trucks_count 4
drones_count 5
customers 75
depot 0.0 0.0
Coordinate X         Coordinate Y         Dronable Demand
764.1676277808506    4071.2359800450354   1         1.0205091022029493
-6172.526232125979   -8197.342225184319   1         0.276567791875061
5613.437049402518    5848.251956601779    1         0.9860706430630092
57.05319908014272    -560.685295416843    1         0.35408613780602016
2964.088217570501    7371.303811432077    1         0.7563347560315702
-658.0226775845713   -8418.51962682279    1         0.45550679547365314
1935.0016740412193   840.6685377872054    1         0.6405884057790047
5350.512199576641    9220.294015572286    1         0.7192037888301096
-2577.433342968058   2746.332803647979    1         0.1796208055030604
-1005.0168576825808  4375.565425288934    1         0.11083256410244113
1013.1656358594371   1718.4009584267894   1         1.0971475010416303
-1731.556634119783   -1042.8459395217308  1         1.015611203279436
-5903.42918326119    99.33230663356035    1         0.831101683164924
-3824.944457175112   -9729.789217296573   1         0.9545068469382412
-238.17380629613754  -724.0530380396308   1         0.45501806615552154
-3972.237435412136   -5626.629610636143   1         0.13396832890202742
-2886.7831706271254  -1993.5712013652983  1         0.32737373595228914
-211.5239518480629   1729.8177501622754   1         0.3214242272693287
-3127.3860947710136  201.09021665102026   1         0.2741385890823707
6284.939233428073    2505.7289642257188   1         35.013012256097795
-7043.466402523385   -2013.6949421693434  1         0.7561937122285209
1130.0006478410487   2325.9368875140603   1         6.461141073237889
-4509.398549808997   -3894.571999516666   1         0.9581514963243
-1900.8235437807712  -2414.092710589063   1         0.24870222520768567
-3277.995596569233   1886.368883559976    1         0.2755007078755213
9286.123784589578    -3507.8603830935353  1         0.8453700751595844
-2142.5632644529214  4513.658896089153    1         0.4171066785531016
-5070.716019717252   -647.7058625612208   1         0.2699351177948607
-3217.6956100900707  -7912.273340224294   1         0.5640259613220965
-7749.174542034412   -1409.0449749686786  1         0.7737592762457622
5012.5715354755885   -6872.19900546451    1         35.57446418747042
-6419.910406669847   6953.67674594991     1         0.7686093916141085
5880.359619363865    -49.50514813698113   1         0.6814486060130317
4532.664899560678    -6320.859819989698   1         45.2468835722268
5999.371713411676    -7615.7115912001655  1         0.2703883482072956
6809.234321183772    -1411.5182784364806  1         1.111075914847215
-2878.8233118460967  9605.79879219896     1         1.1969508832624272
-4994.379599456417   -8096.808984163033   1         1.1272736589609047
2653.6203425820277   7218.643908839684    1         0.16328715325915907
5272.530277544184    -4604.285071462745   1         1.089668336109453
-6662.257553238741   -7565.545523229197   1         0.5106059517510061
-9185.00205563747    -4246.334120572618   1         0.3260601478253629
-486.07865712005355  -3770.2040810386857  1         37.98739786556329
9773.837646383845    1838.2422652892797   1         0.460547053081528
-5189.041486259081   -2303.963217557789   1         0.14300076950853624
3711.124179146495    -2197.398974828052   1         0.6897271606595534
-9669.113249615535   7095.822036910249    1         41.91489649601998
7333.9566473376735   -1391.0854388792402  1         0.9127855422947441
-606.2373703443451   6605.06395199084     1         1.1709629792889993
8118.799083363429    5370.9229334066085   1         1.1954692821315185
-9812.215720640927   1192.2184398876034   1         0.8048181848789261
-894.5155498250704   -7337.973809659807   1         38.253083522293025
-1704.993412583839   -1417.6658606618312  1         14.382965142059994
-4457.098167704996   -7880.878086594999   1         0.14831848547616933
-3672.258028883165   4652.578694178766    1         33.75076651192814
-5143.2929412858375  -4677.479808339056   1         0.15994553193208044
-5522.703719328856   5395.600496346495    1         0.1983050474504105
5257.68161705123     -607.2463935007198   1         11.473894129011098
-10.890717683411387  3402.1559853010663   1         0.9457806764214558
-9638.505455854813   3554.36153632446     1         1.1451881256814065
2552.8649933926486   9455.691167256622    1         45.240003999115295
-8423.736910542397   1402.3185800505757   1         33.971481340487394
-4452.046981080822   -8836.779169004654   1         0.16020155147919238
603.833541907201     -4182.368947682927   1         0.9633097709318613
6020.621857153032    -73.5067473266789    1         0.5582611096532909
-4913.839017932949   -3095.282292542808   1         1.1996385218227446
410.62546482302895   -6513.019723320494   1         1.0004520391250178
-4295.100120905609   6316.3115713885145   1         0.636799732082758
4736.677764832824    -9179.979096936244   1         1.1521422948914992
9462.080832845435    -4867.691642660845   1         0.7991864809649384
411.56483044110337   6397.727606360305    1         1.0423765611872284
4552.282981637619    -4508.089344746578   1         1.0649121491562097
6615.396566465458    1195.317332392863    1         0.8364830553097616
4795.727914756422    9691.975837214903    1         0.7791529700649392
416.88245414115676   168.46210574460227   1         1.7479214051169345
