trucks_count 3
drones_count 5
customers 49
depot 0.0 0.0
Coordinate X         Coordinate Y         Dronable Demand
1321.2916487440234   -249.6989064666741   1         1.1601667697874565
1747.4582405236727   2114.8594850005834   1         0.1391014153284879
-5723.855463013528   -764.6542833296047   1         0.8610588614970531
3762.5533049444502   -2760.4879914607654  1         0.6081353426730022
6100.13882994473     6910.604127927294    1         1.0730438360271215
-3926.3194136333573  6146.181153936284    1         0.3000882320537408
4557.7684830728385   1972.5800440498597   1         0.23488059694028698
6776.266805279942    -2548.5256507715885  1         0.9630762803659149
-2497.6723366262595  -5970.764824819915   1         0.7561545906339945
-995.0039529279469   -3768.8661095956118  1         1.021119806166977
842.2310078426949    2626.1947705258967   1         0.5882337423761106
5866.697184453805    6326.542795530317    1         0.3452404990454262
-5375.122764981519   3598.3123274071986   1         0.6387628406770313
-2171.492961003787   -1285.5994269431983  1         1.141120257075303
213.8213219983445    -2386.0221474580294  1         0.34496840603210044
-45.31083374987357   3214.973460562521    1         0.2906268447369096
5248.8657346421405   4659.555606292985    1         0.476601035459124
-2046.5931327435792  -1148.8138486740727  1         0.7262859884454447
3.5914238763329265   -4460.888343814568   1         1.108308842881575
-539.1302052984951   -1818.5811727202267  1         34.79171437624138
-6145.928949208876   -1202.494155734783   1         0.9933373176414222
885.9915644739343    -1178.2404049466159  1         0.9100249553534847
2661.054352299249    1280.0575671186225   1         0.714022711143644
-4577.341094984818   1360.5186611548204   1         18.13115975177988
850.5176941473003    4321.674942309778    1         0.9300401054196475
-5892.678771264034   2927.8670616461086   1         0.4365064431085319
6330.536936537706    -840.0978916923104   1         0.24212751079950617
-2780.4942044561244  -1093.4153445230197  1         0.6755683616636995
6526.5909209021665   807.3810966206593    1         0.30960845792326436
-2955.423473645164   6919.229657415817    1         0.7599085331395978
-1658.6518488056279  -2615.159118241151   1         0.15007452153140716
3446.992050016594    3160.5370377720624   1         0.8716862774934995
-3212.745721132669   -3656.7192963633956  1         4.257499668195885
3070.0442389348045   6571.000833808326    1         1.2120033161528552
272.7174402190729    -1567.7176177029107  1         46.15824603073707
5607.1276837427085   -6987.080741336435   1         2.131147834143337
1196.0299905431002   -222.89648561646845  1         0.1038653872129592
2498.2871693336256   -1635.2164777643368  1         0.5453568461351255
-6947.56366849223    4341.169424700336    1         0.45173524860372916
-407.1952689513618   6785.046414555595    1         33.089110394699276
6333.107013089278    6535.331552008488    1         1.1975589099280346
-5704.431941056127   -3001.598079594087   1         1.6250603681937736
4096.591841415828    -6953.007871767333   1         0.6929812736003711
1332.163614776442    -1303.427459732784   1         1.1586917337866236
3296.8387993954334   -2323.54412870622    1         15.696113662676888
-825.7445352276645   -4292.360559264795   1         1.1231302628553907
4913.232042138767    -4206.761495131763   1         0.6776324624636854
-531.5486166614527   5780.940506774611    1         0.982062945048624
-4122.44898585189    -5431.8852199731145  1         0.5144147980887731
