trucks_count 3
drones_count 2
customers 36
depot 0.0 0.0
Coordinate X         Coordinate Y         Dronable Demand
631.7954114599871    369.9644734995139    1         0.43549457718049456
-2158.926161193995   3071.410109236652    1         0.18521975888942066
-5485.012616624112   -5416.017532083599   1         48.31795591624866
3613.615126324166    1768.2045263250993   1         0.8615833107429773
-2104.231440720347   6258.490489658152    1         0.11478914083224209
6296.536264023246    86.9714526326309     1         0.31206240306634986
-6004.876730733963   -3074.1659152027455  1         0.39810134388177043
2823.722876770175    -4471.0121654112145  1         0.7533538160745559
-2968.4035829764025  -1821.1994177980873  1         1.2449865933796507
-4222.493896612569   5989.525844199606    1         0.37455288222657646
-1127.372805474697   1221.598745807872    1         0.226085553959363
3595.2524021108075   1077.8538749927066   1         8.607769056059457
4309.378929737613    -2343.1150528313465  1         0.7354237293566097
899.9104643775902    4019.6551086255276   1         0.8224468571059428
-6381.475288733439   -4301.481281292641   1         0.7081593620506862
-980.00792666846     530.1457128336845    1         1.1070403517632699
2169.6020294093746   806.6151019280882    1         0.6434061936212552
-2587.8953967311963  -2720.124051008835   1         0.6984199090036279
-5745.602384750147   5347.628180796149    1         1.0791180600937376
4369.677713782589    3219.2116877241856   1         0.6945733763432962
-676.0013563072529   -5167.03995425502    1         0.9255472466582807
4481.2468306584515   1296.0373960970585   1         0.285434015577269
5840.775676115676    4366.587645123345    1         0.5858871642735493
-723.6697775978971   1236.411991197649    1         0.49414750721709544
-4646.883811481793   6212.635957848988    1         0.6434047361816052
-2987.9604646396856  1716.8122596599367   1         0.7263599917309818
-6322.974916799451   4146.80283271925     1         0.6054643066528071
-3518.2761763042486  3276.811836532196    1         11.279705530207398
-5887.264222129774   315.6257102554564    1         1.079620735616694
-5677.32052070382    -2585.9533893793027  1         0.8340447229871994
5874.666582411861    1416.496749423066    1         1.0659873610337398
5947.58399989697     -5333.414782278705   1         0.5288161169792293
3756.106306713658    -607.9506476458241   1         0.8021907215796528
3011.765315471251    2355.1098339687724   1         0.14802645086746843
2550.0424361088662   4919.525540071518    1         0.19428603652328397
2587.289349327605    -839.8654002540985   1         0.5449706378192748
