trucks_count 6
drones_count 4
customers 84
depot 0.0 0.0
Coordinate X         Coordinate Y         Dronable Demand
4477.453735344872    1914.8385040917244   1         0.6471218318404669
-2591.3537302939603  -7098.535155439928   1         0.6983701582699922
-4411.119632386425   3877.7902825925894   1         0.1350853841273733
4604.291691441697    1544.0544416290659   1         1.1501414151193805
-5515.788262461201   -2751.4219216888723  1         0.3622486235834713
3370.74395901214     -7484.65631235608    1         0.6229997980442469
340.1044194949899    -5045.543381353014   1         5.207713075670367
-7589.252375700849   321.93459567608306   1         1.1114987744743485
-5915.299849672342   2862.494998986738    1         0.172929851357996
1416.311842597801    -4337.680679828347   1         1.2082419320831963
3869.365185719469    2845.490609800914    1         0.47087309538779054
-7427.533865794863   -5591.8205239579     1         1.1382581677279588
405.779928269696     6444.553294396077    1         0.4843756223600856
5347.787788464903    7524.374677345107    1         0.8489871886082531
-1689.7734961040383  2669.8281626819344   1         0.8652046797424849
208.55172530972965   5725.8193229524095   1         0.627252794475715
-7483.176384881582   5013.922259229724    1         0.6170184192218524
-978.8697660333146   6454.8912530844245   1         33.47476993308736
503.830897154534     -4019.692611617256   1         1.0939581259598303
3304.488418240213    -2772.7212500583155  1         1.044702760755773
-7543.634955284778   3523.3159878051642   1         0.8552281579238973
-5502.927035725832   -7942.3730660746505  1         21.741061417654112
-1597.5891028075957  1063.419348475285    1         0.707240403368293
5009.843774316485    -6291.714043626748   1         1.2250663693817168
-7325.2331544467215  -3953.4036448108236  1         0.3331549620148865
3442.2236737330095   -6830.558880198848   1         0.36277948027394347
-2888.8008370728394  3548.7122013464304   1         32.006078779209915
7932.952544293834    -4743.433379106722   1         0.9728337957397982
7119.831930043945    -7443.009197007029   1         0.30536728221138304
-8048.303933161143   -1185.5981223831907  1         12.893722005077276
3084.8244522785244   -2851.1339237309408  1         0.6423417877908265
-7244.293370745345   -4146.764063190229   1         0.5348451566533514
1356.577331763564    2542.4670964704305   1         0.7813209691052846
-1730.5078152873448  -2745.982180622902   1         0.12690303047437232
-3370.091097631702   -6051.335429174908   1         0.828763038667404
7848.535884992939    -5413.345466510852   1         1.1647200462945366
1720.5729698721923   421.0897869796937    1         0.612335451777001
-194.6201612096707   -5321.481075476787   1         0.6367286419236361
-4608.395550323987   756.9244259038015    1         0.8722377479658753
7855.254092473664    517.9200948932179    1         0.5546105402227685
-4653.5818508668435  2836.5253293426995   1         0.1273498034267176
-3100.226306391228   -4129.404392687056   1         0.9163795511470008
1789.222099206865    -4484.089785762206   1         0.6758723267690124
1889.9837883002713   1233.2909751550976   1         31.47742920562371
2526.934768585561    4892.713769430561    1         0.8173158173279224
-2121.0304874510066  -2947.363453573589   1         0.5164573614989011
514.8259965656853    -3590.15117729019    1         0.928475402553677
-4654.706008228439   5307.97848754159     1         1.0905916443938664
6814.128325958252    -5801.897157557783   1         1.1177220061553943
6294.755057662889    6379.532457119862    1         0.3179717111895291
-2118.175476455236   -7131.353594800449   1         1.1909643831201198
8057.355153432652    819.7639236027725    1         1.1290226733670496
7889.423670786744    7457.609990988136    1         1.1301994839861673
2160.766669173546    -3362.0809813299015  1         1.2349379151538653
101.31007714313287   1288.3987384890265   1         0.8223331924058388
-3225.0282822260065  -557.5150490587231   1         0.15717464321252894
-5314.682020782742   6604.047611493861    1         0.5764949753166225
-6027.61427940632    1686.864941389851    1         0.4863730564938529
3407.835145054691    5183.096405192548    1         29.791667667718393
4606.168517407313    -7782.850272004227   1         0.8043190348135751
4669.324963983014    5024.176545544604    1         34.51268891832459
-3032.0856155179563  1532.719833803003    1         0.7392440596059214
5486.847538933021    -256.1696722119507   1         1.0904717380246831
2369.402043697908    6285.980278494539    1         0.6128894851120475
-1409.5651277636916  -3212.5300077532866  1         1.245377416639616
988.2195118505025    -4169.149832450218   1         0.966037366986522
5689.141750584813    -1194.6524875222485  1         0.6472666094588774
-6152.7154477753775  6667.826659206783    1         1.8063604249074532
3477.458121905289    1593.9547964176018   1         0.7680191463685956
4847.517586244886    6340.196880185915    1         0.44737106794033676
-817.1092064829312   -6319.500793611496   1         0.6365438320986128
5955.099630230341    -5609.7062780970045  1         39.52541233351934
590.4970615977647    4637.197514371813    1         23.112050035907977
6894.070052289523    6987.119804550636    1         1.220936935364354
7208.820890663219    7588.076062200089    1         0.23937435383676897
3797.741284367752    1686.5796803312      1         27.46558761666965
7605.78725702706     -2540.170836309518   1         33.58385085707184
174.35556781927826   -2461.7174556612135  1         0.2797921968971411
-2900.7072105951647  5291.82294924366     1         0.9910552170225406
2684.1680175107826   7407.821974517784    1         0.929769647783296
-6151.366202170433   -3143.38253571065    1         0.4150347442782618
-3492.0285835123623  2145.996296636568    1         1.1680337330750776
2057.0852117731156   6385.609451472577    1         0.7425633656871552
-8261.819079709494   -5481.057468519235   1         0.8593314473537775
