trucks_count 2
drones_count 2
customers 34
depot 0.0 0.0
Coordinate X         Coordinate Y         Dronable Demand
-4024.6436810625205  -6504.011063005719   1         0.6423735723847268
-1418.6112243566906  9874.83907200617     1         1.0980860008746307
2272.524280667794    -6791.7143620390225  1         0.131949904627539
6734.423323970498    -877.2870231752144   1         0.7022138132178427
2959.345733341525    2994.9672403403597   1         0.3573346483539982
4982.418615356364    -7144.255636120086   1         0.5875622317765938
-8681.778739471156   112.68960493299573   1         0.7167773762600677
-2777.8336274474464  -6880.6274896409295  1         1.1358187551523762
-6123.279937212821   6484.570508081553    1         0.7055627597091709
104.4082451521972    8024.485817466968    1         46.40905359532808
-10327.250056836552  10252.74138235909    1         0.3357917891930865
8977.933795676228    5462.734716294446    1         0.11459069477514815
6660.006709229521    5755.078469443605    1         0.5643385892081486
10589.728940920431   2151.997999761459    1         1.1174141531267765
2056.69526457732     694.9337789070919    1         0.5148856826550965
-1143.1784631644537  -5622.114885237981   1         1.2263188923362076
748.1198840154481    6622.809664652739    1         0.5524401992290517
-7763.105692535329   -8695.130003974986   1         32.783867332131486
-8272.674248890602   6367.227475974565    1         0.3580468030364058
-1202.1602210465571  -2369.3572105817534  1         0.31686611953372934
8267.875352590305    -3245.0999939378453  1         0.3674102418685581
-5836.280316682201   -272.8651109648607   1         10.72907397266049
-10174.162168189303  1880.0687529093066   1         1.1685102048184144
-2714.9360619081435  3118.4819759045495   1         0.2439943014453649
-1746.6664765579094  -5097.872639705291   1         0.7738261691912953
5267.0080461203415   3470.658891451046    1         0.5332663083153613
-3875.8612388038864  7375.0712404545275   1         0.7851861983717678
-130.56386570046425  3135.1702531023016   1         0.382388661129204
443.01245150802504   2453.871638509011    1         0.3117158997744748
1238.4231833145113   8583.191644989412    1         0.5563088549877467
-8368.075668732848   5267.488882454389    1         1.1326388745820726
8103.674992797787    -7915.932495291562   1         16.136973134842254
-4556.153971111286   2676.099770042769    1         0.43051060020958765
-418.2579778846792   2647.8461081568144   1         1.0395196821097341
