trucks_count 4
drones_count 4
customers 70
depot 0.0 0.0
Coordinate X         Coordinate Y         Dronable Demand
-6741.026334666581   4608.873193971742    1         0.5259247983772537
-3803.0410014900276  1825.958396059807    1         0.35756956067131584
7649.297661314697    328.86749834039665   1         17.45939887623251
-5780.103636165941   8521.917918328209    1         0.1748456805760438
1869.2403026793918   3089.743081660426    1         45.83907960144974
3320.534428302023    3962.2295707808435   1         0.7664301220152201
6647.577166387942    1445.9584366772135   1         1.1992093530731522
-3897.865575672329   -4656.753752233744   1         0.723394243178196
-1819.2674297945898  8679.455081619688    1         1.034283788539646
-4762.329760132193   -6457.385190774247   1         0.5404078292008658
-10069.198195376064  440.6361759709049    1         1.0781090208744935
1726.7035601510743   1173.2607572953366   1         1.066939120693847
613.5436094624176    1249.6934715204718   1         1.220725586234946
-9193.929922773052   -8224.499743563543   1         0.8942710297455144
8260.920519257517    -5859.8935830585815  1         0.8219375913090537
-3122.6656073314407  10323.112684979527   1         21.39678652189241
-1215.1476383578165  5174.825882982585    1         0.5646313255513428
7736.938169497269    4610.707431417628    1         0.3466112062943809
-5731.858054425515   5380.921483958084    1         0.11076274359230484
8241.3069944747      1280.3427456554316   1         1.0709941113284716
498.44425978193067   9013.847736339998    1         0.8293153761626171
-11331.252682522547  -3213.0787249957775  1         1.2212204715465054
-7360.031098367387   900.4944066283663    1         1.0669240198452241
-3285.623959349929   -4511.251399559713   1         0.14437857790822983
-7880.009238867169   -2661.4982765178665  1         0.9020455566767002
-9926.660087832704   -877.9827181266392   1         0.4152053087227324
-490.08373761338777  10849.445551445739   1         0.9323439621326466
7001.144298432774    -3275.2206780257798  1         0.7887881957342914
-6017.267817173055   -7823.67556771877    1         0.6404287804948132
-9365.27594853745    -4644.999332816386   1         0.6860211971658788
3352.5252483655377   -2987.316238503199   1         0.8478905938197635
-9107.534049156011   4848.189785893952    1         0.31259348381766827
6338.825347564042    8818.452783531224    1         1.1676031331356274
-1864.6674814525327  3421.706211923662    1         0.27310714122964336
-3368.9526514117015  1834.6591128733846   1         34.313843026343285
-8595.849038968465   5468.893665836735    1         1.1154303690198575
2251.4382917075436   4875.653118453109    1         15.540617025311485
-7947.728896740494   -3019.1169112538046  1         0.14002190140900295
-8215.749033775437   698.704702017498     1         5.955126234601468
6687.396369542485    1695.331845580071    1         12.431744617317081
4316.171361895536    -6976.707198834868   1         0.31119935378983343
-9011.45956200097    -4030.6461822126585  1         1.15273962437533
7829.746789791966    6270.3261500901235   1         0.963344338024806
756.6792036902157    6829.906502195961    1         1.0392990600434244
1015.7883073871333   -2720.1017291259786  1         0.6945476724085771
-1213.8490485455031  2989.409989602831    1         21.28692158913105
-2964.9677587704396  5346.0531344116935   1         0.7641251463617165
-1531.5485470358044  -2468.0546216516796  1         1.0591710119648738
8947.291525071894    -3495.8243373897276  1         23.11018687300171
948.5470769977752    -4586.167744416939   1         10.540484455791399
8149.811273798925    7733.227956284598    1         20.115305449124556
-9692.683268595103   852.1967277033199    1         39.18510461682557
-1662.8302562409826  2089.4456669165284   1         0.7494065908207749
-2189.9852398258354  8749.10362788233     1         38.567588366183905
-4483.464217728708   4731.795729811969    1         1.067266211323635
5396.43023635005     -834.7346169468362   1         0.18864941863839008
-15.867182670830516  11396.623646616674   1         23.267301107573577
9404.110187905477    -9735.02890800224    1         1.0489126330372949
-3936.234498971303   1254.4226273742734   1         0.6114859300504445
7175.140018016465    4094.0207629231213   1         0.7191941008844122
1272.8828764048349   7666.01845697883     1         0.17655040518545198
-5341.103189792855   -9125.34128984038    1         22.359352201914316
2996.501706529116    3563.982998504908    1         0.2667017219154775
-8891.472024044491   1059.9035111364328   1         0.40688072850431634
-3550.1310044471475  2447.9571724133593   1         0.7786567425561248
-6116.576476496414   -2052.2282016430017  1         1.057711980085339
3620.671744384534    5101.941233490317    1         1.0297245524517005
-619.4245645557334   -4614.763315819666   1         30.370254881263783
4065.901018652462    3002.715139450978    1         40.37508100662105
-8369.742978885677   -2337.6888821939733  1         0.4909383825621454
