trucks_count 4
drones_count 3
customers 62
depot 0.0 0.0
Coordinate X         Coordinate Y         Dronable Demand
-138.97201175762152  7010.6581488744305   1         0.21493042314699679
-3474.333004542955   -2403.220568856611   1         0.8888946290008957
-4863.1591807697605  -5913.547408193058   1         0.9463982270050375
331.89087082772664   6909.4180617630445   1         0.621005249773877
-63.996889895268396  15315.305404278115   1         0.35371671587494324
-367.94351025495007  -7574.506681050408   1         0.43798006746884677
3600.0874346352853   9675.470581529587    1         1.1900801910641343
1572.9663203971008   -10109.325268525517  1         1.0522937071293248
-783.8862947736743   -5574.452665746478   1         0.8472045569302726
-383.0876986538048   -3700.0840463778914  1         4.85279902926557
-1139.5653008351162  5315.195172060454    1         39.318372988307395
5182.217751193697    1479.8951798619482   1         32.52025433775851
8960.672701864587    16550.277183859936   1         0.5675215318231108
5128.9470120282895   6000.104031746792    1         0.7724043528469591
670.1822749113455    -218.1441316163028   1         0.9891401193188505
8644.99309274368     -6369.998358969952   1         28.418941316991713
-15604.467928942922  -13847.660567039651  1         33.408572941555015
-4396.706691445041   -10278.60136391714   1         45.43093135071063
697.9180263743708    -1487.0135804520107  1         4.464357628398938
7355.037871723306    -7445.660058624266   1         0.3353545650352202
-5515.942037291107   -5628.549905902311   1         0.4205456001965767
-2626.0242368185905  5001.0637787022015   1         1.1627247001051821
3860.6996357907055   -7885.092750824177   1         0.20797404361268718
1509.5543611993407   7905.432918678069    1         0.9486094464291176
915.9305642149951    -7242.329271133645   1         0.5002794462764066
13395.855328989961   -15423.234800114644  1         0.36163665039443627
8870.6542281154      1094.251959333455    1         1.2278831342257572
-6846.081103731649   -48.90228110599018   1         1.0478744547957204
-3842.4760614261145  -7683.317533622017   1         0.48988071153478463
1066.9770430871522   -1090.6304526650042  1         43.25738987048658
-772.1251496524886   8088.64868277848     1         0.9027348884237497
-5569.357350662919   -2319.262775852636   1         0.13609300300044086
2595.101047770966    -8485.762426989082   1         0.10085202398714567
-5149.509240932216   4934.557510568111    1         1.053057936706938
-5524.224457004993   -3808.5790807787544  1         0.8923846693178646
-8912.700185027034   -3207.5608417923086  1         46.049621330783594
-17026.02210105363   -16977.157815723596  1         0.6299466118577655
8195.584117732837    2092.268555998857    1         5.318550671197667
-4439.494211989901   -5636.523097761665   1         32.19721900539513
-6576.383000888906   4630.964842540134    1         0.23993874129247758
8151.063481474995    -2687.8402220919434  1         0.24362205627314706
-6031.610087128615   3566.518581483135    1         0.5964034442015852
2628.058377342538    4963.081747021839    1         0.6438379664079261
-14613.629582165246  4316.176105327526    1         0.8490530403658219
3914.677014195251    872.9834935534983    1         0.6252900458359926
-4881.5763610112035  -6713.979567513724   1         0.9016258778459867
-5033.397364297369   -9380.039157597048   1         33.04419739246867
803.2722008425662    -6121.696634439222   1         0.8880958907772026
-4101.592889177367   -6495.959623026891   1         0.40816925285376693
6339.5068782704775   6393.164473963612    1         0.28314698631293356
5309.09434429189     -9529.937461562697   1         1.0070878947549724
4884.1008791323175   -8837.159270655782   1         20.65044929453778
5047.912478422427    -6005.35625715486    1         0.20597089382464037
2558.3381311005214   9896.501870211809    1         0.5264016715695924
-2712.471519190541   9265.010774453556    1         0.16135255769853774
2876.695728418545    2924.99729682331     1         1.1511302622890023
4173.580026366618    3194.1803459413377   1         0.7824286378360621
-16273.116666161844  5899.953725550604    1         0.29474862774084953
2379.991504741947    -7775.54115525161    1         0.5909199378749525
-196.39243156992777  3097.571730138423    1         0.3226668314567813
-9664.449375140037   10570.630317725518   1         0.5320993504064739
-6357.145801885286   13532.112956621779   1         35.825318081108875
