trucks_count 4
drones_count 3
customers 44
depot 0.0 0.0
Coordinate X         Coordinate Y         Dronable Demand
-4524.154636593323   3095.0685294637387   1         0.5256211228586383
-2962.1635392888716  -5196.171250384023   1         1.0141642515097054
-3787.573426961113   9755.850568333084    1         0.41749330252264005
-6501.356174975811   -7389.179627190246   1         0.6768166986116095
9528.434676807963    5730.8541007568965   1         37.950544073361684
1157.555555377747    10381.954145378737   1         0.7782001988899274
1407.6340770765528   2168.195049043694    1         36.09899511517727
4272.898772590144    -1753.2231123167776  1         0.8514593443501273
11369.433469199601   9212.77362235061     1         1.2158384877113475
6400.495859421062    -544.4999978429787   1         0.2234304564606665
4439.203428647725    1440.6344472847366   1         0.18101731056800624
-3872.761973258058   5206.963143983758    1         16.12125780849271
-5186.473582865117   8725.27342954006     1         1.085476085516319
-2834.836451149362   4809.436086762997    1         0.20429515624977845
-7268.467107283094   -1780.130911964358   1         1.113730570094782
-1712.1726830389428  -1735.8322992352325  1         0.25646381510618177
8786.250004667376    -5256.879830742665   1         19.29664045217548
8743.381174175642    2930.23281446997     1         0.8498714201425246
215.53649360717782   -8339.269843993989   1         0.5792878433416069
4660.194355678159    -6400.095828291208   1         15.23037971244474
8189.652431248707    -666.2824281377862   1         1.1830744575956693
-682.7561299018793   6949.792776545465    1         0.4499373247500844
-2789.200491131853   -9098.160079044812   1         12.330861098275532
7863.087751036806    -4705.026398832498   1         0.8767388456954691
11818.473840804716   -6649.585968280422   1         0.557490202492916
725.2629061929512    -10097.728968654148  1         0.35941549122022
-3573.863633467656   -3359.359069726339   1         0.30502987499725454
-5017.816280647108   -6024.416880450263   1         0.7872503208560138
-2217.120425229133   8849.92659373472     1         32.93881602597615
3714.671716914574    -1742.0041180086346  1         1.0010914777051434
4956.225893610542    4170.74625571788     1         0.27377321763556495
-962.2379537360794   9053.691204840117    1         0.5058191784177449
416.2398704111543    -557.5599419994245   1         0.6115154093161435
6949.888712101939    -6728.606617278887   1         0.9329241473289716
-3587.2046568717797  -9432.000971912743   1         0.8663043683777891
-5963.196361702542   -3249.124841767707   1         0.37078662483944025
-1221.9758014626311  -3308.5932677869027  1         20.834751948604342
-3058.129018039859   12949.093774038687   1         0.1509286309186695
3333.434786013864    -4331.9881599311475  1         1.0456373284523832
513.7012965705862    -4676.3303501263335  1         0.34377631017749677
3048.9934220555215   -10258.113995409807  1         0.9890279256787875
755.7394777811191    -107.28981899414859  1         47.88823827756224
-5850.556420396326   5380.333981609249    1         0.5845725683094979
10231.555403318798   5169.344833643972    1         1.5972869086173982
