trucks_count 4
drones_count 4
customers 79
depot 0.0 0.0
Coordinate X         Coordinate Y         Dronable Demand
-1275.0483364794875  8756.821514648436    1         0.34484722123132516
9522.93678705413     -5171.71198424624    1         0.2259277007723342
-5350.798847844898   -4647.903747643181   1         0.375086043259925
-9877.094111394079   -705.7652841592153   1         0.43411176084747083
927.8437381230096    6114.283088319149    1         1.112472405876395
-5163.567670969525   -2339.049377767542   1         23.73712416981823
1974.2850223004996   1483.6173396708036   1         0.383944072264203
-1549.1494833049062  -8172.615812655476   1         0.29411938289085127
-1701.713743218494   -665.6982868106269   1         0.5768753848891172
-7912.473576313495   -7162.202614709461   1         0.7006094529646242
3848.8649196655233   -3694.6623569153676  1         0.12091489432408833
-5284.287846396685   6231.270359593246    1         0.9554156863702589
-7678.745860773808   -7759.05778666038    1         0.4792992392084262
427.4270898147476    -4960.597987599428   1         0.8319015020322399
466.65129993603796   10197.317619110028   1         0.570671064238945
-2344.845164926575   6482.502661458985    1         0.9147805814774301
6303.363666777846    1773.8652425933128   1         0.2869387365690933
128.3115917575378    1766.2306344381407   1         0.8390766428837606
3484.2862160502827   -1626.1868022776077  1         0.3032968697588745
6065.467008250239    6527.783219083779    1         0.43943970499262486
-7774.933764839902   2766.1702597378244   1         15.475415220922937
7499.511602290401    4670.76633938925     1         0.541521580415931
1434.355949254991    -2856.0468227195156  1         7.184781521611448
-4412.80439955371    -741.3244077690618   1         0.2124613721388372
-8596.047884445054   -4812.18445339855    1         0.15234789764281093
9587.9365545334      -3823.4446362708786  1         0.936649215080396
-5100.998616664761   -7780.005325498399   1         1.0672560355769536
5480.050125209931    -2118.8069868063435  1         16.435879231441323
-1864.9998882114235  -6214.349796182264   1         1.1787973236534393
-6769.442901768367   -6668.600634585473   1         0.17842888630846956
7760.17742446255     1581.640774334535    1         0.2231814319869729
3669.128646043283    -247.01587411190897  1         48.7535346565663
-4215.870015132693   8230.652362053512    1         1.0898465091049652
-2378.9771349533185  10361.746561884069   1         1.0459559460783132
6428.2627394066      -6864.443374705563   1         0.2860351914270345
4741.85541519614     3702.955811378757    1         1.1056258637792598
-5483.72745141427    6506.400039951546    1         0.26870540114038644
3657.9305353350537   -8677.158062165503   1         41.57002369943877
2273.8008557589305   4986.730943539055    1         1.061867725600478
9991.117166704375    -10206.898271718526  1         0.3319144473132659
6636.5550217800555   4159.243095329216    1         40.666697538367444
9169.108834515375    3185.034476922245    1         33.132470952811026
1793.8308089652255   2663.0168600576408   1         0.8623645943615964
340.907831515159     -9549.31952249364    1         1.2003958276212348
-8107.5965717241115  1834.7089627837468   1         0.2487780538674788
-3877.6774165951024  -4667.55789568268    1         26.66828448998077
5056.109067375803    4771.140953122348    1         0.5816196299740194
-1028.2454593881637  8442.075861913818    1         1.2445818256361505
-2398.523032063608   3823.1018741926573   1         39.49230848046866
4986.828942197797    -2866.353444150583   1         0.6018385785568581
-3462.2782773444137  8876.450364227314    1         0.1441279915683218
-3472.118428221701   -3213.8415987724766  1         0.5277548098813241
-3480.155800786484   747.6361473905727    1         0.7287794133234939
5303.4703178792215   5903.40923773062     1         0.9164345847510214
6866.627036819915    -1408.0921277323607  1         0.47931371691809366
-8914.674491970913   1178.523963746713    1         0.15794884657148536
4643.529395711201    1093.392845350181    1         0.7865655145109787
-4750.42913381025    -4605.068655701084   1         0.8957854576884762
1574.3164240352792   -8378.157135933661   1         16.143178130043346
-5029.786827227806   -4676.9914943925205  1         0.7633993088030924
-5163.782155931901   9519.770928504007    1         25.657294771787917
1307.5029670613824   5766.383870758605    1         0.9865421340631497
8552.85107223882     -9407.215925174534   1         1.094366389856918
-1961.2279104831923  -10303.33102778959   1         0.6907349591972975
8056.359531008914    -3061.978908252968   1         1.068744281593498
-7894.948411163968   4826.851104030725    1         0.7415309010393356
5833.176414995046    -8174.695814744176   1         1.2059216212312187
-988.478469346217    9164.93612488707     1         0.8357825730071687
-2053.0243107697343  -3603.624758784999   1         1.1473884688844094
-277.0727399748535   -9357.968346894511   1         1.1502607342993667
4669.553262833011    -2237.1402987949655  1         0.8528281240533095
-2170.4899525546857  8794.557600766248    1         32.56136351216402
-9199.820479901326   -3921.556276755076   1         1.1249989528072093
7935.7425897338935   5441.922897946894    1         0.2429833487231332
-6035.1345819814505  3750.703034980695    1         32.61842989531142
-1585.4802253957498  -1092.7868650233477  1         32.41527249773468
3.3841477238875086   -4991.375622997711   1         0.5327087064044416
10304.26132043968    -3778.29554354829    1         30.472583867378447
2818.486617356618    -2988.736312198558   1         0.8227715395887767
