trucks_count 5
drones_count 3
customers 46
depot 0.0 0.0
Coordinate X         Coordinate Y         Dronable Demand
4533.452213644317    -5279.29017442454    1         0.6045907508549844
4076.1353840466954   -2360.5117782550756  1         31.77548526794355
448.0449639728342    6752.939475678412    1         22.464272255092432
7388.39942826009     2384.7387383169066   1         0.1482402510496451
-994.3328709761942   3232.9289154781436   1         1.133210281605457
2300.3630807678014   -6101.652100120928   1         0.9768661150371087
-2625.2981758053734  1577.530386256121    1         0.8118549176509346
-2187.213374483645   7479.307481780529    1         0.18138715727788846
-4321.809834058364   -7126.18273264398    1         0.24654096638290113
-3872.3768853391102  3172.4119559694936   1         0.41204569698295657
8399.244183335702    6178.4186023164275   1         0.7688755424027172
2761.9579021921386   5658.856899245731    1         0.615300757600724
2561.5259773610405   -1344.9638426716153  1         0.7703460516775252
-3987.5563333223877  8006.719443065469    1         0.5567445981215082
8457.85619860949     -6575.6318959342725  1         13.721434370949105
6082.628282219738    1247.7021743526193   1         0.9874149388987931
-6240.442636427364   -8589.383705052365   1         0.5979594163954176
-6832.7976047688335  8083.319619632433    1         0.3032869191509987
5940.423728690437    -6707.336431169089   1         22.475364594372
5721.645102657265    -5705.994563980883   1         0.8105111250594612
-3788.7315046822096  -5558.642786049849   1         0.35794879005924074
2900.4938236300186   2689.4366815804915   1         0.8517510338869188
3157.987427731573    7406.59459157683     1         1.0336227442372707
-3597.9102016142497  3009.9313515788203   1         0.9240773445995818
3959.22164480787     -8761.880529017953   1         0.6009292208532668
5465.665724908226    657.7665168807628    1         35.10165900954432
-6863.151959195351   5456.826450804907    1         0.43934267805109783
8415.048746739034    -1808.0299467122366  1         0.7083186762478686
-4325.167379578896   -3130.653574606491   1         0.6073433481163472
6513.387068223508    5463.061371491524    1         0.3457479509336102
8232.351289171836    1515.6235922163285   1         0.9655603573218202
-1699.2627951434963  6201.627522835121    1         0.1690129851037534
-6672.196341995831   -3393.8497960645955  1         0.871327243372683
2864.699864409333    -2860.4360985593003  1         1.2274194188723784
-8731.047359404598   154.86040691762187   1         43.56280994071024
-6982.120930623384   -5960.52883676194    1         4.023542096305883
7878.272129998971    -1644.0126708072985  1         0.5812006922574355
4189.492889916475    3569.5022550304056   1         0.8403796390330991
-7727.040555190415   -871.1386629413856   1         8.059973724097953
3035.3139307704537   5477.405710126876    1         0.996122321719003
8396.061796616113    -2973.383702027078   1         0.6562676816365356
-8148.970677240605   2089.0028402470275   1         38.52318525385443
-249.18676443484765  3325.4247173027215   1         0.9748714094514993
877.417300528179     10.564300642273079   1         1.1787486469867405
-900.8790665558225   3666.791242653975    1         37.792568159422274
-3518.4612645257566  -1363.7533462778204  1         0.25163099098001795
