trucks_count 5
drones_count 4
customers 79
depot 0.0 0.0
Coordinate X         Coordinate Y         Dronable Demand
5835.706121593254    7068.045308880453    1         0.6075500992204476
-3789.801356919821   10994.01773366081    1         1.1671909860685052
-13160.823168372694  -3166.5393083392937  1         12.652961785923123
-7453.094526618775   1231.3288157856127   1         1.1971059193526203
-5990.757727583596   3745.3119689346677   1         0.39862161516678496
-3638.4238691323458  -4781.930538394959   1         4.8737582389335365
6776.101109452361    -6107.314034514195   1         0.7359542253093072
-4374.795915061112   4703.1103018923      1         0.7536141093391882
-6604.959910197828   253.057021303398     1         0.899538737234305
-123.16114504701572  3357.305746932483    1         0.8375685398830272
-3326.7158936961932  -4901.97079249769    1         0.40814653299226666
27.093960291116673   7578.332766840322    1         0.44756585237155266
6677.63271866408     -8418.521118059483   1         1.084394831860101
5680.99626509746     -1271.7841411489794  1         0.11844194866090302
2516.9543609938373   -10.355189032962196  1         0.4182036045163505
-8370.545702678433   -2598.035763724128   1         0.18589354298009442
7406.458649179134    7730.300479682361    1         1.1948736951869834
-2217.7684107223836  -5096.031478519381   1         0.9433892864099774
2959.645791074003    -8357.674258513978   1         0.9793276999023726
7937.375094689924    -981.8288565665615   1         0.14916720721316032
-7496.712196611885   12537.796119403356   1         0.7374783571949729
-12213.617057292871  -2380.0019199260714  1         34.756057594141744
-719.2342430156074   -8462.326223474447   1         0.933393682452742
10379.930656954599   4925.9933484005705   1         48.78560668011288
8430.638407310536    -3006.9852559867486  1         1.2207316216767135
-1698.1630257579145  719.2040264543838    1         39.08048386707535
-4376.960920838948   1390.180931720604    1         1.134638221717289
8006.773728919057    3674.4718825771206   1         31.15294817294291
7278.462941177957    -11600.050366565467  1         0.5774301747251389
5910.891968896614    1511.1159974448265   1         0.1842991747895682
-2046.4316093876796  -5342.788226984011   1         32.43389106999291
6229.069676303373    -8521.554125760651   1         0.15209856836858107
-8294.099342202251   13499.717834360003   1         19.955058228270868
9996.518734357001    215.0026456815988    1         1.2205280173477981
-8955.045293582107   -4768.7171852438505  1         1.0704254945193765
5210.823440568409    3699.880986444869    1         0.5324715546926437
-9330.495243839507   2694.0391903774944   1         0.8059754715604902
-9194.137936716355   -2072.673805975812   1         8.407216768350285
1493.2867781272657   7484.102680468897    1         33.98608667048779
5490.4246331159375   -2997.399605416899   1         0.3592174448934753
6663.33981727709     1661.4574725890789   1         0.47099252444474315
-3819.458120749338   -3502.0067706517716  1         0.8940458878463886
-5425.157192224728   6834.768569714347    1         0.31538930624794037
-3953.096127400527   3893.6481740268223   1         0.9091493422626938
-5555.389542031679   -6779.297604917525   1         0.38512584279367756
-10159.887342721504  8987.257037285384    1         1.179386010929803
2348.169981968339    -10376.186650287713  1         1.0689117796465237
9315.480289243045    244.86237484647654   1         0.7631615842447648
-3140.685696109644   1029.8541411066212   1         15.758854474363638
5295.637482612432    -352.9059362059012   1         1.2204164298634455
-7050.7674950712335  -3203.217546946701   1         0.41940222296768537
2817.301053719899    1388.9388760714064   1         1.001618955392004
-8213.417257273104   -2832.8085909205793  1         3.1872826194040496
-1550.9605941939915  10267.165463621997   1         8.831702198045637
5267.814385366012    -8218.697262275717   1         32.4614614471448
-929.8830219339186   5625.43172745968     1         0.47784349992886244
8387.960418767161    -3485.9887506423674  1         0.6999017005003713
7525.808732252924    -4717.682874625448   1         31.96266694994243
-703.5367098381823   -3435.0927953560567  1         43.229819170789675
-3198.1207008798688  6503.144524438342    1         4.853477507985982
-4275.221471606646   -9764.181472767776   1         0.37581660074498835
5469.14696395732     92.1985505634895     1         7.382508153963307
-859.5029882315325   5066.908943959458    1         1.1979389597862147
-2045.0006193752663  -3381.2956218132213  1         0.42368483157845405
-3527.663473979604   6294.284076917375    1         1.1763359110911944
2589.373108830481    953.2368748802674    1         0.16236978892756174
8343.065244054294    8755.32072577296     1         0.41446783349557503
-9377.66573536618    4666.13882314528     1         1.2082068782337896
-1270.5458296874324  635.2846728649439    1         0.14114950663563386
9701.705418703039    -4625.9177524144     1         1.1680976634949591
-10756.383428119741  4798.631019369845    1         0.8130311483857928
7584.996760207509    -5153.2315106355045  1         0.9065794354264578
-1282.1542143050992  3150.267016766459    1         1.025899194583574
-7070.70348740991    8088.846853292252    1         0.16257266726541708
2869.901054047117    1012.2396696103078   1         0.8523390455896899
1974.8007584955094   -9422.388645601799   1         0.9966383048175098
5573.078679934045    -5202.66588306315    1         0.6878198582493862
-12205.398115584283  10094.12876984218    1         24.61251100753355
12753.293670898962   -6015.913140564608   1         23.513082333568153
