trucks_count 3
drones_count 3
customers 29
depot 0.0 0.0
Coordinate X         Coordinate Y         Dronable Demand
5133.253758282015    -6209.669602745415   1         0.17955764316092146
1954.99972936536     -860.059224187632    1         2.1697602718096007
2651.9453107432814   -2416.087670929644   1         0.8048075458518471
706.3428417068258    5768.016549843882    1         30.16341133610358
198.38473779608069   -4413.605286077754   1         0.998065943425645
5121.587579121686    -3465.4112981899198  1         0.5674096365209031
-4788.66408347177    2163.0709568368384   1         0.41694086849582745
-1146.82076856187    -3019.853638175039   1         0.8305689608759003
481.23334044870353   1648.423858941349    1         0.7659727187321073
4330.817172665959    -5876.891315539903   1         47.557497980916544
6003.2040397773035   4885.440479845451    1         1.1079683433262013
510.853470361715     -4325.660621057229   1         0.2598464119663654
4119.3984352004845   6342.142338379783    1         1.248721823261169
3377.2529390776      -155.71844631252497  1         0.358493531706233
-6526.969856891574   -3841.167828885252   1         28.909187906058488
-4477.844909444042   -3689.0856367584265  1         0.21390505166684068
-5112.092905821488   -3653.097709455543   1         0.47320728244811616
-6352.265588153215   -4107.052148680124   1         0.10901108684302883
-320.10043867983455  -2375.247352986044   1         0.8365351875938601
5345.050155976209    4633.397631963584    1         44.95484881270838
2764.6443747979365   4459.017861361582    1         0.179607739506267
4257.171266395733    -1746.0992583644509  1         0.5119266811536669
2315.7265823094244   -6591.071741285909   1         0.1852209072685842
271.14645713668483   -6068.434715480591   1         0.6732295645185996
-660.3928543794764   -5218.096633965017   1         0.7628068014664593
-300.7002580041822   -5608.924062216808   1         0.28761835627786825
2408.8823053837236   -5279.400799251243   1         41.604208935466744
-4041.8273035784046  -1302.681600735804   1         1.0554188990115585
2619.1287176224137   -5006.458141403929   1         0.8417512411186252
