trucks_count 4
drones_count 5
customers 75
depot 0.0 0.0
Coordinate X         Coordinate Y         Dronable Demand
-5019.595479198227   -2317.70346194651    1         1.0159974496004487
-4774.847810036448   -6870.396322832051   1         1.0580756537536944
328.87882662906026   3389.098629882649    1         1.150778345586411
2136.2125831631433   5226.405736560085    1         29.17758090466474
-1000.6891617101625  -7451.500520614064   1         0.8927445630266722
-8867.478497938646   13527.4256507417     1         44.04081838071545
5052.229541991041    709.2841368800268    1         23.723060344108568
-4644.299134536934   13668.510290054672   1         0.31445674156008274
-2111.148625130887   2486.5458208596774   1         17.138199549819596
-8223.338108828573   5575.89768291816     1         0.2276184121910681
-5289.411279583646   1187.7030478401139   1         0.7179579476893533
-5315.193956291563   -8566.554903507553   1         0.2998649481702639
-7416.831391030369   2336.623377866436    1         0.3788971814977853
5494.633952204288    6083.795263615467    1         0.422086550417188
-74.89304339070986   10465.643840055282   1         0.702394374375256
12545.916544022772   7911.104079288727    1         44.336597076403905
3477.1606373267628   5853.263520479635    1         0.6672059989890532
-10082.354335631107  -848.8348456446482   1         0.5897805757079005
7285.9222670821555   5327.781196356483    1         39.98162334553114
973.8818657886873    -2438.154209549655   1         0.8719963013800917
-1618.657644139597   725.8778593699093    1         0.3504286426604668
9299.21959157396     -5117.800088593622   1         0.8509413262942469
-5996.88065948097    -5587.554369490521   1         0.651948372650502
-2968.904024504491   -4340.011759636828   1         0.5824169930073559
-8096.34476542512    -5736.540439030665   1         0.8252805443800938
4829.11968379331     -1202.8585490118692  1         0.7103489920561739
9082.445005730287    4070.958206042197    1         10.989529434536504
5822.048071836568    -3707.077786509331   1         0.6197982787362899
-3416.4742131114895  4272.3215398552575   1         0.9382423092284086
5396.9652298134715   5312.124627702592    1         27.486687592874084
5834.010574774586    -5038.240371114414   1         1.015653490909832
7343.40278975748     -4712.225778522221   1         0.5917881784912286
-5016.308788648541   9147.142866018776    1         1.2071640556712178
-1330.0065040582529  1609.6303036442669   1         0.6198705015633973
-6056.436801590182   -8451.583655003476   1         0.5532536555709568
1729.424945495586    -3154.717993705086   1         0.981220587210446
9778.636731829743    5510.779513486685    1         39.64547162719852
-3332.347158278635   11700.396730231076   1         17.79454455821199
141.50527565767655   5854.436621007969    1         0.9106385400872133
-2162.848908355144   4818.043461360866    1         0.6113350229967981
-5139.061633186139   -2789.57502509904    1         0.9711265843684054
-1030.1903220601018  -5964.009912921875   1         0.9262428464704384
1712.24464470573     -7588.68356263273    1         0.8824639493069276
1665.3704003010698   -5494.580917214217   1         0.7389799639174742
-7068.075830405682   -7614.359870415287   1         0.5126487250326597
-12896.71541281506   -12339.45441457297   1         5.710076132956719
-9143.192524008107   582.4779731589406    1         0.23694084706712343
7284.844101417964    -2325.5708292455447  1         0.8574476583830333
-1656.1690259896016  -5760.015063709043   1         0.41917817130160606
1357.2856557845907   -9601.926726088066   1         0.45594674156358306
-7791.931636995427   -5220.869803708614   1         0.8209088237797063
8572.211415782116    -2478.1526542732804  1         22.37325090989414
-4280.3414093815045  -3300.902333655564   1         1.1564335414509805
-8222.856108665117   -4102.6378651056575  1         0.3295514775527274
-6921.068672571496   3615.311900376942    1         0.21195143412263862
6702.55589631407     -10919.404912428468  1         1.033472937892795
3369.41502801478     7700.783083188301    1         1.0665098478795494
-5656.766288412262   6927.663554804248    1         1.0564377256418345
1804.1172663766836   5811.779753482092    1         1.2239279190583752
-10259.653206935956  2525.750571908408    1         48.65498832982516
-1737.6617804637365  8773.275645146956    1         0.23322598784821372
255.71747146460524   -1071.7825193803244  1         1.0846887181025804
-252.706032031854    -9050.796502324887   1         0.8049644768846803
4111.382516464271    8046.871690362694    1         18.708414972326665
3306.2829608569054   -162.58302203736832  1         0.8941366644248544
-7780.386165532387   211.17923184111513   1         0.6258850266443243
-1126.7421970475546  445.26907397729684   1         0.8296796176025328
-457.203217444826    -8923.682091351304   1         3.35692379229235
10169.914771856666   -1593.8846196619263  1         17.73461606953183
4946.762399305033    -2605.251930483313   1         0.7186419493977821
5351.706396800368    462.77589609918897   1         0.311627577151123
7449.801141285394    -3444.8272905789927  1         1.086875592753974
848.8356174434795    -9971.093001429243   1         0.9097706155617366
-3913.5043434249146  -2355.015586395235   1         0.7236133256639874
6431.284174450876    -549.0136151756475   1         0.7142560412442742
