trucks_count 3
drones_count 4
customers 49
depot 0.0 0.0
Coordinate X         Coordinate Y         Dronable Demand
6353.670405467651    -6744.336104849651   1         5.9986636347619315
-3769.609694822081   -8571.137137388054   1         0.9929502791078217
-4224.719899501751   710.3063642828303    1         0.10821907609899824
233.94119534113537   5076.955687490196    1         0.43525152513671106
-3491.355959825259   136.89310326250464   1         29.3745818429085
-3459.6465250196247  -1471.0925095538396  1         48.40227084565895
-6070.460278285224   -342.2997353630979   1         17.33181433114892
-5518.489423235748   7124.458885234047    1         19.560258401059382
5293.350350163482    4714.242783888283    1         1.035171938356846
2051.4700659442037   2959.0132325477584   1         0.2895971923765719
7107.217567503218    1448.6593656085006   1         1.145976282382664
6291.889776171136    8669.580610961819    1         18.522627753792715
-7489.616856220518   -1239.7383759720788  1         0.8203481130763801
-14840.393480130513  -3816.802152228105   1         27.20077530947591
3731.5852386308634   -5298.133978364185   1         1.0472190989050403
3454.6423864058634   -7589.288351394672   1         0.32678958022856375
-428.2997692424716   -3045.7782132737248  1         1.2327682336423909
-7083.337985535647   6446.6720302728645   1         0.7988750460200243
3934.3793636285227   5151.095739574913    1         0.20998443149914842
-8355.026220231719   -576.7299075311518   1         1.0417355103959154
-7453.874316817554   5619.367641088541    1         0.2383180117050993
3893.415574985688    4994.429495171903    1         13.149283251412513
2491.6395157871034   10190.916577975773   1         16.257531650314327
6971.979821427206    2497.9176460146828   1         1.084705823305866
-8850.151694524915   -5819.722473783548   1         0.3469928622513768
-4232.372081756068   9568.771778832443    1         0.6425436423108035
-1665.2086506640135  8697.332639252316    1         0.15064226931296645
5203.448741541156    8677.933749143238    1         0.5890056459508515
0.9448512713787941   -6525.973633599956   1         43.965555216049545
10204.065117102866   793.5632556938605    1         0.37684703799115105
-9551.146194628742   690.4925610556736    1         18.35621687065143
-4789.100143155025   3810.0986521701197   1         3.4391001196203432
-1055.8736903559293  10199.136577813115   1         0.36483360627316985
-3093.393589272376   -8698.067044238778   1         0.9537084514931718
-1240.8949622756413  -8218.692340364718   1         0.41598989160245614
-11729.140466060662  -6166.313944236099   1         0.2754321821219411
-2019.7856176222194  -3591.573194826906   1         1.0730679413730615
-2235.5513332536175  -12962.79897413185   1         0.8890213200078804
9275.320387598642    978.8002686909513    1         0.22504076490249178
5408.112149636259    -6456.030384322609   1         4.21958493920895
7194.821497923696    3248.4230711805267   1         0.9068362147573078
-96.87734338454932   2864.1397061231055   1         0.5639151395301522
-7432.055157634016   -6156.818274068946   1         22.78754870965682
-6920.924506097543   -5352.223773629132   1         0.8356013149215704
-7919.495819220643   -6785.656717671399   1         0.10314886962038007
-3106.7323779181775  9722.00144842155     1         37.872216159899004
5420.423325894484    7772.260251854591    1         1.153387917348149
-2724.747448263114   -3590.469455157582   1         0.9125751761984577
4772.653062783113    229.60063713827878   1         0.5415909998278963
