trucks_count 4
drones_count 4
customers 99
depot 0.0 0.0
Coordinate X         Coordinate Y         Dronable Demand
-2730.6323346727386  -901.3743445154236   1         1.077570997656637
-4586.391127229932   -3280.068438097556   1         0.6071742856619944
-156.85261915151585  4506.720690065248    1         1.1408811429099615
2717.5982499649363   -0.8355922369164546  1         0.6096749809776308
-1946.0476306855803  1029.5101109184616   1         0.7138556636583588
3980.17343352465     1900.8820112148467   1         0.7703804761408086
-5038.3377325563115  -960.1699481661387   1         0.3203083890888816
2632.2624042235802   3711.658472896048    1         29.206019084211796
-3693.8736009052304  4623.907296439611    1         0.44254683193914557
1315.0270209482724   -423.9624213746659   1         0.9287017189507328
-108.91213215272819  4800.575114452914    1         0.7886480765100222
-40.68561734138576   4423.01212916027     1         44.8222154452548
714.4807531674587    -1730.8326454143285  1         28.071859037872258
-1963.3013224127153  3962.7643708426176   1         0.9865209967771941
-3075.7406836895107  -2225.173388670201   1         1.161265679195948
-2121.195226347822   515.295615961053     1         0.723866216185115
-2258.616481249473   -1627.359718697392   1         19.458159480847044
740.8170959609918    2702.270216353602    1         37.5415038398002
1701.4522320965675   1806.8095894304427   1         0.48936725041757356
2850.110267345839    3568.1395701672595   1         1.2061566366185512
201.9334298218748    -482.0566031326514   1         0.16321673904323802
-2951.1110866437116  -1468.471032395882   1         0.2633565343251263
3475.3181368616697   -3919.716461901635   1         1.0915167377949353
1059.990540538959    4861.732390907276    1         23.719132717300486
-309.5074652793719   4331.188671956083    1         35.953270653754906
-209.3704240570345   -3587.6747104176566  1         0.7234292675356045
-5158.50195775061    3294.6768758787684   1         0.3682947344724794
-540.5472537872038   -4452.748621965789   1         10.14370388242202
87.4532603897415     4688.540520411823    1         0.9667501275556171
-1391.1223982457636  3869.5854799248436   1         0.20477966406435744
-3193.6996389013016  -1293.0158894896895  1         0.895592430826175
-156.27775508773937  -3817.5500284749946  1         0.6319325638145435
3037.910441492434    -3616.4234228166106  1         1.0977709764148869
-3372.562020374248   -5162.463459422615   1         39.52589216843597
1816.8084845519406   4668.929655022988    1         0.891560825546277
-4875.16114608933    4657.692329340263    1         1.2393476080374757
2884.8572088243495   -2101.1367878831684  1         0.19549303855377223
2369.171798728136    3038.984366777253    1         1.1463956674603848
-3837.5060501687913  -4722.4146041886515  1         1.2283598226989643
-2709.1822970446988  -690.5996261088852   1         12.502097425888604
3192.266916373617    -4180.041907441019   1         1.1532977680607377
-1965.9216719972383  4829.479661750228    1         1.0786105937196055
-3417.246881184199   -4106.5556238416475  1         0.5951337033145816
-3780.773537244313   -1565.779297742729   1         0.37341484279290293
-3369.8560690808176  4609.500786647936    1         9.068599723743713
4954.575162368102    3477.5960303309084   1         0.12276780468926239
-5217.442303212889   -511.4313599942669   1         0.4369830894719008
-1129.1228454947855  -4874.233924553076   1         0.6178001218304193
-3928.0048180524923  2174.97394036091     1         22.53542503486235
-272.44675981526075  -1474.4028432944197  1         1.14426635664815
-4161.759265253572   -1386.6398643557882  1         0.8465948358250373
-2768.6035238048903  4870.096437838582    1         4.006403632818063
2513.2059773058418   -1040.2431702388621  1         0.6479870488219953
3338.2139916879732   4120.700775617575    1         0.819100544987272
3959.9769620682205   -642.9742936317107   1         0.5971517206082699
973.0415315388715    -3730.6491702208928  1         0.27535542989173745
-3177.380670739659   -4551.900545043328   1         1.0310373144937937
2212.1031048180957   -1556.4787275298183  1         0.7785545224740851
-1036.8307508888995  1467.9840112852403   1         0.35640740075521027
1652.6474170808076   1846.9090120277879   1         0.3560531056423497
177.75902041203145   -3273.844698145793   1         0.8455334602178696
2189.198019390762    2802.0977028457496   1         1.054806342179543
-863.744362824806    1886.0804030686704   1         0.3383802499232935
1988.2579799947202   3886.792847557322    1         1.0810249469056825
4099.969798860498    190.09535522009628   1         0.7843446110216102
3048.3218102399137   2584.258773308141    1         0.5105877510827217
781.360099569999     2891.5307724740824   1         12.37684041583743
-1675.7511895096948  -2108.7784825097315  1         0.7408421609843908
531.465721166255     -3311.171403533273   1         0.1010758800995971
-3645.9253515982855  293.34688173105224   1         0.3170558805894058
656.7556046157825    -860.3555262518399   1         0.5152162590723495
-658.9627083228506   562.251830006106     1         0.8690475588132215
-1046.2381984510928  -3006.756849876113   1         0.9701411511942457
3796.1602788027067   4602.236648360496    1         0.19804366904215265
-3660.811033283745   2252.9928873910007   1         1.071548809725447
-735.7052265887132   -2775.8751359151443  1         0.5147248221790843
-3461.745393325308   -679.8108306376334   1         1.0667592274358684
-744.5447426798705   2556.367360559643    1         24.58831967118602
953.9693105238318    3050.322443713666    1         0.6326311363840966
-3581.1848162396855  -5219.993222817627   1         28.69605208883419
1141.2959961955414   -3542.8399411027535  1         1.196888851458737
-2438.985553404855   -2249.256383905407   1         1.043082379967769
-951.9424213481175   2292.275792158951    1         0.9501438322243294
-2670.6972867704994  -3406.226167028814   1         0.34886893986947154
-5172.034894755633   -5123.821249804615   1         0.5173246269100773
4008.010827904924    3407.2291769238254   1         0.7915803725851027
-631.7237448809374   4542.46263199861     1         0.617799227230869
1115.8167384424771   1413.2045169939977   1         1.2163576839937427
494.57617545296034   4400.816647959017    1         0.3403181005632119
-3367.171558052078   -2893.6021063946046  1         15.170449104246652
3979.2300734415485   383.6616356267627    1         0.37368472819536946
3989.719987896724    -3208.0217388260494  1         0.2998729002582349
-3180.669891192278   -300.45006673573096  1         0.5747517767539517
4408.531529425384    -3240.8897056592245  1         0.8625513369376763
-2962.355543787722   4030.3993145388895   1         0.8215879848177389
-1996.6392316883735  -519.8406323867677   1         39.26765887834677
-4075.9821044668192  -3803.3088129179628  1         0.7924275952749327
2064.3575576265653   5120.687197519812    1         20.32588857035586
2753.7125469331986   3105.9161898621987   1         1.1843931852654197
