trucks_count 2
drones_count 3
customers 28
depot 0.0 0.0
Coordinate X         Coordinate Y         Dronable Demand
-7089.243881215272   -4596.326762180575   1         21.655113183691157
-5305.529778638753   -5521.104213551308   1         33.69438804660699
21.172438125261863   -5736.340595247088   1         0.9015027203486
-442.639640980032    -5821.787830416471   1         0.6408257522838183
4104.523330326813    -2388.697520837723   1         0.1917498906869656
5047.573565560162    6984.777021483386    1         0.2719361909410313
5289.635230963019    -5484.995758939392   1         0.6584836679829008
760.698975195917     109.24716406305411   1         0.7007486885448477
5302.0123436173      3687.6949773427527   1         0.1929271438086474
501.5059381741869    166.5520144898276    1         0.7659527212286807
6806.366914822187    -4233.461247116675   1         1.015138189703167
-2979.8041779073233  -3679.0379432076647  1         29.944584125295645
988.8793983679743    -66.44454089068222   1         1.2407397995207294
-5944.899440971907   6315.160170916239    1         0.36665024755758413
484.82738808641443   1532.6042686111368   1         0.4159131945756649
-7048.391770907407   2516.1002967441227   1         0.6410921058587344
-5165.842133810714   -4944.531217617025   1         0.37019611451566503
4179.333880351679    4983.984052999235    1         0.7384222590053855
186.57552961578176   -5284.545078148594   1         0.8232074483563686
-2787.2914379950785  3610.3372536949646   1         0.6441144319964532
6447.6491534795805   437.53443689103585   1         0.6288240074057635
-5336.326446297814   -6179.85480908245    1         0.2965224024325984
2177.1565228724903   3572.793227439189    1         6.5931102162435495
-3389.650574822869   -2356.317366449359   1         0.9770695211736097
-4879.711338759556   -1856.5013674833845  1         41.39929611271519
-6297.496641445187   2690.184356064475    1         0.21031446664271
1535.0380870929246   6936.101546557819    1         2.0468855862628677
1211.1662042207868   -2223.8173553656598  1         0.9356200126484693
