trucks_count 5
drones_count 4
customers 48
depot 0.0 0.0
Coordinate X         Coordinate Y         Dronable Demand
-3084.649394841926   -8796.600873345255   1         0.265645498740208
-9880.423667999616   -2071.498168619243   1         33.31709167342637
199.46822239240834   4983.209922183408    1         0.8966940614749059
-8446.489133724644   7805.590558205624    1         30.44939058584469
-4101.784145253709   -9863.011027620989   1         5.387718135976252
-3783.517555925707   -7142.533433561966   1         4.60046276963846
7988.377021793983    -2457.229934072102   1         1.027939321720074
-1365.7834931238067  -4380.871770838294   1         0.23161607392969788
4557.0147005425215   205.39098309997297   1         0.5332380756303003
-3173.7174058678283  2890.065177562649    1         1.096345481128754
-2394.3694967346096  -768.86613951792     1         0.22028704455000442
5474.658962817153    -6954.052819458797   1         0.6511521863947285
-2665.189696844135   -9759.282921007658   1         0.10692851803989033
6652.272341176591    203.93789333064836   1         0.4465709414228769
-7469.724297873469   3402.8443359486214   1         1.0466943443910075
-5387.901721578718   -4922.0190975049     1         29.59082122907496
-8243.708457058354   -5073.730254986889   1         0.21996325977046927
1150.5118312936631   -2649.082020691145   1         0.5189717559963302
-8020.341422772968   -4747.573676272215   1         0.3863719614357848
6418.610549342585    3570.7517792772637   1         1.0008865534970397
1298.7770544093694   1732.7858705782883   1         0.8604421348645626
-3423.6023653349835  -1807.939071296357   1         37.7683359078196
-8030.787279994975   -7095.167028046209   1         38.17671025554956
-1349.1474757086041  -5288.076639048169   1         0.9780602396464334
5057.066770740951    4054.708227424543    1         0.27527212938710904
-1341.3985110917738  -9110.173546469885   1         0.6028901565345655
2455.7876086664273   3200.589095422005    1         0.40238532766116997
6743.466123575355    -729.5162242211497   1         0.7012981432425757
-9797.704153752635   4713.8683469311345   1         32.66018022757052
4113.096050038748    -6384.722942585815   1         0.7181330958956409
-7391.630905507022   -4582.517201266684   1         40.71623270826193
1416.5972227659129   3392.514130960757    1         0.9120738499060393
-74.89263339485389   -1997.7601489948436  1         0.5792378302223546
6206.362632037168    8048.089589304817    1         43.315700175302226
5935.443661187095    -7577.823424869173   1         1.1249053798664956
3149.54497576232     6972.704343930459    1         0.6786927125520983
-2293.880506804193   743.6781557335013    1         0.21428780531012326
-9541.168379881503   7619.584147750682    1         0.8584259561258973
-3543.4616398736935  -7230.857565746727   1         0.6350636707093762
-7176.401744515357   -5426.042578443013   1         0.9463668761567866
2104.6451001070686   -5885.65261135951    1         0.5573577356377506
5973.5207860076      5287.82354427147     1         0.1124945929866902
-8023.530316090363   3277.581273811394    1         0.8715525319905386
-9750.6483167015     -2034.1281428564462  1         36.18296196268483
-3694.379009926664   -7228.382434833654   1         26.512670554567936
-4491.1913588265525  -6591.989445255857   1         0.46949078514139186
5853.938701176607    4263.269517973472    1         1.1849214061658762
3738.81101729206     6219.590037163027    1         0.37790829780328583
