trucks_count 4
drones_count 5
customers 73
depot 0.0 0.0
Coordinate X         Coordinate Y         Dronable Demand
1333.0361815840727   -5823.411783216716   1         0.6956628137732955
3472.1281885969133   -7229.97883814657    1         1.197873721485569
4224.323045447029    -807.9495984813767   1         5.609139311538447
-4474.296954210302   2802.4229390594223   1         20.857838927918376
10061.220375704765   -12636.881194661917  1         18.572494164568855
1774.4845969120313   -417.0624278521466   1         47.22545951689988
-13881.425633147417  -16585.149014419872  1         0.8430097928688915
-9743.418826929053   5025.940826208334    1         0.821503934737965
-1389.0989203721138  4107.577661425984    1         1.0353803192039157
-1416.067957006624   3228.292341534428    1         0.4547961737018221
-5754.967017070541   8575.381295960766    1         11.8134932512148
-7557.884098639448   -1949.191635546185   1         0.35477472282659384
14778.37167708626    8884.383865964173    1         43.248682378422274
7135.659331599172    1660.816077021842    1         0.8305455401353883
-1558.905239854877   4619.3172446463295   1         0.11173721025479913
-27.904006809252976  3693.4786109043075   1         39.69702595328167
3896.39236740795     1616.6804606063665   1         0.5515670806509674
8660.252971838629    -4757.758767256227   1         1.0793457263831332
-4998.420703312165   -8622.598094115781   1         0.14352024377095554
11264.763365536677   13401.720210761272   1         0.5053157767793722
-99.54822531871596   4538.077624013169    1         0.1332800170977053
-2009.725799348811   -2132.7175781962815  1         0.38548062922019066
7743.0890168284695   -6979.547316615974   1         0.7588361402121458
15974.722876914762   -2922.2404340206285  1         9.12040724792719
2416.2216965957546   -9353.117245059764   1         0.6518466783995471
-8727.09681398553    -6060.343192271142   1         0.6322487621156798
-5263.203097034389   2745.5235292380025   1         0.8713100473138019
-6223.441657077687   -4840.806128651461   1         47.48158245153418
-5558.706276937995   -3425.5224164409383  1         0.5416695052594716
-7340.787611970677   5222.412253411656    1         0.22080454382412235
-962.3196934576486   -198.3268322894853   1         0.8042181746584022
-1684.1258960233104  3406.196746094276    1         0.12580022888786
8066.431443253656    -1311.7615170941044  1         1.0795002188748777
1638.727399609933    -683.8726979204591   1         1.028070686118912
10694.192293918135   -527.9419380281562   1         0.11673398434038167
6213.421210578017    4969.535065084881    1         1.137226883730445
2882.8854114806695   6618.56204919922     1         0.4524724410969636
-4326.857884513002   6383.647554709806    1         0.5163036898096096
-6056.110930321129   14936.776457137465   1         14.71809790327936
-3453.0354593652496  7654.176085119297    1         0.6272424856903243
8679.452590203844    -5984.737212456746   1         0.8949790606750782
-1434.4672117662667  -7798.452854477434   1         0.4520968841230004
-6705.082585223865   648.5844374681017    1         0.7005518820368097
-3284.5645442698687  8632.668428754834    1         0.9239014629869302
-5225.679167731664   6816.236013055572    1         0.5374403839940555
-1672.786379804377   -2374.3140947481215  1         0.5409332116863487
-4553.26369384489    -6930.186115259216   1         0.89297186007659
-5455.690470675233   6234.6166728831295   1         0.8944084857527784
3836.675007094697    -692.1385712106462   1         0.5845997900164452
5299.472336096683    -8049.069098103846   1         25.197937102583083
-2208.1238288569925  -4622.477110140108   1         23.02984052083835
7762.89563075299     -7101.980133695576   1         0.9300253964321038
-10584.961115892196  2503.324069955687    1         0.23064027800885148
7359.92112580494     -7540.731214269081   1         16.89097781710133
3348.6992054877114   -10304.789838503948  1         0.36300589376476666
3706.1180858249954   -4975.573312376344   1         0.9398909945640751
-6040.411034312039   8856.833475871703    1         1.2107752079419023
-4209.037184117987   9767.403853676858    1         0.7125890650387946
10363.791132679133   -1978.4769967210725  1         0.8744347384636484
-7948.244095144691   -4467.153168143089   1         0.27452830682707596
-15970.25296781084   -10174.226911680766  1         0.169070173895886
5942.892970956669    1981.4407119626205   1         0.9400098708749844
4542.904011128303    -2748.89513061971    1         0.8116599412698596
945.2806701262606    8846.813695595392    1         0.3365070935872435
-2750.9658061180085  -10583.14577759841   1         0.7047336448986801
5723.659197151173    5576.162635017405    1         40.65960937292049
5511.943660217301    -4275.107869265667   1         0.48354173305451786
-2524.4520732556975  -8866.602667279545   1         0.8922039402215909
4669.210393581241    2635.6523266369186   1         0.11741047759688436
-6946.390213262342   -2923.3615894150234  1         1.1460528704208737
-7260.31369643865    15330.426108168049   1         0.7300266402590673
-4150.284775176043   1228.629099339694    1         0.2834120685720329
77.52264069522695    6296.351051293695    1         11.323077622240634
