trucks_count 5
drones_count 6
customers 89
depot 0.0 0.0
Coordinate X         Coordinate Y         Dronable Demand
-509.3260776236123   -2751.4685336891876  1         0.2051504472468839
7742.8450014219525   2488.186375188101    1         0.2734003416283404
-4612.778031960507   6109.008173051913    1         0.9368582327732322
-7377.578839278914   -4972.503030269996   1         0.9876329420922981
6492.899663865239    -4972.100175312351   1         0.3751064725116765
-6840.432555279296   -8350.945110854482   1         0.8015589049582013
-7722.801414146934   -6235.461103965977   1         1.0619535720187347
6523.186562191735    -8555.280527573244   1         0.1948045656107651
-2802.5823839302943  -9951.268346303292   1         42.797479369559674
-6571.019828626347   12223.260907381613   1         6.308870051187439
-941.558385306743    6199.98425990235     1         6.384822056048154
-4521.406787186462   2651.505688225493    1         0.5261658745226103
6474.027185083655    -6851.159623202528   1         35.766173894686816
-3022.684417477798   2048.572323581196    1         0.5947763668567307
-5525.475063335345   5136.058687738572    1         1.1196466603604929
-3664.3905328349765  -381.06173741840564  1         1.1067515522511688
-9983.605747035452   1918.588091334259    1         14.541832182696554
6739.195818455069    -264.9085017358856   1         0.12829637693722792
2144.7925592034558   -3844.196213636007   1         9.30855284615107
6962.969141845934    -3497.4609333696208  1         0.3340441880626064
-2217.812648378489   6103.9056630372      1         0.1395197395516189
2801.0834880292346   -9124.115160007981   1         1.143094916665933
2839.156909625701    -3182.229490923823   1         0.19201666070115642
8835.959544416977    2691.263665598344    1         1.2484192238740157
910.5716604571957    4355.81905659505     1         19.125692864317873
-3293.6172348193636  -9916.919664383195   1         4.388246785249395
8750.134313373812    -2943.292067348013   1         0.6352466468408267
-12339.137951700817  -8596.227830960834   1         1.050331406100569
8090.948113029755    -1966.6878058033356  1         0.9854381769665974
4980.593740119896    -1338.2661563997033  1         1.0468892622520465
5656.485211190009    8690.797000838345    1         2.4146084474214256
-1943.2897665732373  8149.813710930646    1         0.3858808187765158
4028.508393481231    1261.8978248788037   1         7.330527523505904
8956.137442539584    4079.536282132326    1         0.6449325479124082
-3905.8900108901717  4930.151925322388    1         23.72884327858711
2660.6570113580497   8645.07870560048     1         0.197397682870473
-2053.6038580905492  -6082.44482738442    1         0.21909738258110853
-2539.1900974208634  3558.125156786451    1         0.595195652929092
3031.2992164273073   -7727.186423876671   1         0.17739514098408332
4859.719595713788    -2182.1178969177618  1         0.7306740311180491
9419.655021922741    22.708673233651545   1         0.5998251065484983
-8320.837175377856   -3926.534762852899   1         1.1576265373526449
3816.6237989331303   9579.070784659283    1         0.45795076985724015
8999.576082632128    985.6128595173063    1         0.3421027478740368
-683.693278898734    4582.2102220906      1         1.1904209539488537
-8318.792304965395   3717.1577300072167   1         0.7630726291491163
4016.0041912766887   6346.531735240631    1         0.668852841695639
2053.777902226234    -2347.5247595916803  1         1.1118368314983516
-914.3409189195709   4991.410138487948    1         0.6940194184934074
293.5467518006238    2914.7027402087224   1         4.732332052741189
8109.2952109325015   3299.9504171755566   1         1.0592298096626065
-1172.5946611966156  1403.8696568999442   1         0.7360725970119896
-790.7908839463028   99.24791786262783    1         1.0015083548947368
10095.768994004113   2579.0020292355757   1         0.909629580479314
-3221.9509349358063  5854.98143808774     1         0.6896418267005157
-1085.2070759304243  941.0921453859187    1         0.12965098544427522
-8587.494537595154   -3823.630715674747   1         0.5220865913079137
5692.84426379485     5777.4380504187375   1         0.1305933979357749
-9727.520991587668   2697.455000147763    1         44.22377957154787
-8138.8334070045585  -6887.596593595995   1         0.6404593788883782
-517.0937962131154   -902.060678377734    1         6.7011940004039685
-1164.223930602352   8463.175025809078    1         1.1425727717808407
7130.400273692236    -586.2044847082037   1         0.8002053811277833
6603.663403459116    -5577.702746970393   1         0.8437580008126996
3962.297203505219    10651.530422714775   1         31.506565003494064
3134.299563972875    7713.118844849801    1         0.46592500050506924
-2768.6479983595673  8822.530282222373    1         1.0480508141062892
5674.428479031257    -6287.00773435044    1         1.1067653348565063
983.5684258016736    11100.426162497584   1         1.136117840484339
3952.706557362071    10836.279160621365   1         16.73313829331523
-3465.372546151225   -7762.402495864467   1         0.25541405181957977
-4830.706508626413   -4165.925758850073   1         0.1676588569447588
-4686.276062813555   -9605.757194440826   1         0.659917389502554
723.8117568532023    -7538.178105828227   1         0.2038681067504423
178.94122273925527   -2478.7436317634383  1         1.245595625649659
-4655.233705645222   10205.738305202354   1         0.9122999234783947
4663.5598998399555   -6355.815113504267   1         1.016510049345921
-7438.0508494305805  -1258.060844795567   1         0.17510279753153749
-4217.825711070901   -112.90943706172001  1         0.23275662569442065
-5180.603930711827   8767.535409064156    1         0.5374197870693667
-6427.484735674912   -5364.198243789516   1         18.67773764679181
-2313.051912916935   -8354.225890751211   1         0.2480415645971525
-3933.636239040193   -1119.8148572708942  1         0.49955048354970477
-2094.586035007958   -10041.680234865686  1         0.8034813031259607
621.1626246279452    -1697.938908314314   1         1.0215512457511589
-2451.4497283857245  1325.7780539415858   1         1.048528735457948
-1207.2507139779814  3777.955624035937    1         0.28411475484301085
8871.412825886551    5675.577320647447    1         1.0199965827349022
9252.673564428378    -1048.6820919325637  1         0.3247620414611012
