trucks_count 5
drones_count 3
customers 53
depot 0.0 0.0
Coordinate X         Coordinate Y         Dronable Demand
9306.715105476227    1960.3297444656146   1         0.11501946149348267
-10082.742232419392  -481.0665775395327   1         44.08179868026195
442.7702421969145    2085.5121646372377   1         0.47072820290104067
-5250.394252233807   -1286.0440674326217  1         27.372694929096344
6748.5489225512365   6390.853958335757    1         0.5646579933982115
5452.289291072776    2930.670442770032    1         4.355175798174654
-4630.724712637528   8989.106523691198    1         14.82201999542789
-327.6429781873855   -4866.464676742505   1         9.64192670185628
8589.35095215145     6175.716352883747    1         0.5720884331812254
-6163.230213118039   -14440.398989855106  1         43.08854297811636
-10734.728278447948  -717.4721582397451   1         1.1865107246425446
-419.0130125429601   8316.129090758832    1         39.64282082247698
-7039.916254990311   7690.113810943189    1         1.1120074347086428
-8709.75422303847    594.8172983183396    1         1.0151660168591699
4351.617068456456    -6962.813525392022   1         0.2648675206281742
-9697.946587625018   -3830.8191864228593  1         17.828082635745247
9558.507382249858    -1234.6788266411056  1         0.27886020641240367
4290.035585781102    -9727.632206955659   1         0.38291565386835047
5921.034822559643    317.3472460250723    1         0.6453839516011775
-2224.0076352242404  -1792.484724714739   1         0.2661703189818993
1860.3619153324205   -8981.36052364926    1         18.335892082737654
-13505.043323268868  -2642.038970312791   1         0.8458222767175013
-1363.2310435349423  10443.385394834464   1         1.1912017901632928
2978.6806236739985   4660.610437346423    1         5.229208402501502
-8633.356722242377   -1376.3260060965354  1         0.45865496228569136
-10264.1053508845    -1180.8246876176668  1         0.6381167333433587
-3899.8725015925716  4363.23958829125     1         0.11810173992652599
3907.139044345662    -4497.814027223378   1         0.2596579777975644
-8332.184503665341   1235.3693320840327   1         17.759260257382238
4340.409509833379    -3558.1249601491845  1         0.4893643044825937
5705.444457379942    -843.6564280828806   1         0.9328680516809853
-272.43878504766144  5526.218936499761    1         0.20653553954578882
-3977.01312762813    199.44397794876357   1         0.6319673692332067
5025.097538430277    -7961.808067064154   1         0.8221155214677413
-3048.198096061748   6201.938322229286    1         0.5669404628265092
3127.798783102634    -5252.249913317359   1         1.1447544576677435
-5948.226811254329   -7292.996222444498   1         1.194842491710833
7339.926955137824    -5255.930007166577   1         0.5890810336223601
3671.8701681688917   7743.804007937842    1         0.7471491657940541
-5915.962850479154   -3908.0528323833532  1         0.38823540511023036
-78.14852575535444   8719.583193295337    1         0.4538394843298078
7516.085819337271    -2389.7859141395115  1         0.33687454176243736
-8631.963801441783   1.4670447890933773   1         1.1572953268446082
1950.5567190189072   10387.830689699835   1         0.6287567167133336
-12828.680849939075  10614.655066540658   1         0.9440618913799104
4597.641267346044    4968.416625479211    1         0.2711592490523752
252.33115036535295   10397.42652180191    1         21.010674799147537
-1485.8130867505333  7800.020670388647    1         0.13426539055725048
-3150.789106013319   8179.846659517634    1         0.6083873537372119
-6370.020993136636   -6416.056839945262   1         0.9961658121401051
5329.421953958634    -5454.836673098559   1         0.30328490840136973
9275.874617190311    -1229.6837044515182  1         38.7049371618677
2556.1630712545343   -8045.028574167934   1         0.2646799928486953
