trucks_count 3
drones_count 3
customers 35
depot 0.0 0.0
Coordinate X         Coordinate Y         Dronable Demand
728.9270622186954    -7573.10554627282    1         0.8449369123376784
2883.9429856208912   -2335.1626706726743  1         27.903697851173042
2049.3358160519497   -5329.389445621448   1         1.0395330930033884
-1308.7974971587776  2079.403222509172    1         1.1687533093816904
-8521.582243521254   970.2164952616907    1         0.3538025371439929
-4979.296798008171   -5538.679533543034   1         10.973311873667852
4539.5694235022      8385.298999915816    1         1.0786868444088626
4756.00737144426     1901.207400936207    1         1.2357745625230798
104.16835987476759   980.3943786836398    1         0.8516927860555343
-5222.548352778759   -6401.348917137273   1         0.3808187892125865
-6005.676243915698   -7444.314552296641   1         0.613888677114773
1920.4697487044195   -2067.729811276199   1         0.31497472155562534
75.11759127531208    -817.2227156209067   1         1.083463804156251
-1420.9445858189558  -6811.056319481661   1         0.83005632302454
-4189.458058658704   8695.464160136415    1         3.0664134194053374
-2982.9432496686327  -835.8278242195018   1         13.693639148866522
-7956.963951443632   3745.5781087318096   1         0.8670521076011312
3940.4546129467612   -2338.056594569891   1         0.4094031362377968
-6841.464376590567   -1691.902744201728   1         12.493498006019795
-3288.7055576314165  7066.575098113814    1         45.707670883865866
-3804.4530887782958  1769.8267583329807   1         41.49332550449139
-3834.0969779108354  3898.745062711726    1         0.3186232551313293
-6706.171084531368   7782.365442021956    1         0.9632422784737815
3794.1011075862707   6966.142841371459    1         1.1648720983260896
1473.1964799985174   -257.0820460282958   1         0.15665565748690366
4562.491023923193    -4593.220219060531   1         1.0350147005740642
1129.6103309192124   -5695.8943112971965  1         11.920008892155359
-3327.6813195998334  4399.19685567041     1         0.47254767613766024
1579.6956293614894   -3379.2877385198444  1         0.4779088596418942
1401.2980976982624   7074.9764056682425   1         0.2940630282327087
3848.3402400394293   3100.728168712011    1         0.5002480507658489
-203.25042663465194  7966.552414993336    1         0.6928348459738862
-3800.539600910063   2477.7987637424876   1         0.4848959395305492
-1770.1002633573619  4127.9753547610135   1         1.2394219398208621
4514.640559809672    3122.4573633479176   1         1.127152217168276
