trucks_count 4
drones_count 4
customers 100
depot 0.0 0.0
Coordinate X         Coordinate Y         Dronable Demand
-1692.8191835984994  -5702.159075395214   1         0.5175068006575635
7926.731250277912    3682.8337903493934   1         32.226733858235704
8955.019561353836    2305.3280313711707   1         1.1808672037250252
-6244.292500375842   -1211.284143748398   1         1.0071789274750085
-3466.701422695301   6717.189856966876    1         0.31044739144082084
1599.087315568291    -1042.3446201979757  1         15.67658338558886
-12364.183201557002  -12532.652969957811  1         40.69905887150912
-10650.525794568268  -1607.7737557773398  1         0.5723584402626228
-4663.224272255969   -4128.5596442312735  1         0.2664095128996814
7388.698312227508    5264.614399193772    1         17.14330668806241
4619.544702086497    1890.6840655754063   1         1.0510623954109362
-7331.186051934612   -2873.293834912516   1         35.40164159366223
-4231.816238651404   -9430.723778958825   1         0.8307032625860284
8674.732658938909    -2580.538380290019   1         0.621742331567994
4711.630457624231    1060.3072160046227   1         39.36262796674865
-1623.8791840792728  -1049.3252843266187  1         27.69344428291947
3480.4732814651993   -10118.81323156437   1         1.0981511838977136
-1449.1886313011933  -3833.141585045043   1         40.715657673376
-1221.9133960960228  7003.436781395849    1         43.151920178891764
10794.913998496075   11888.919526539245   1         30.147658604935646
5001.585586499903    -6474.30508242109    1         0.2854765050244882
-2354.7209361137884  -6167.486561527695   1         0.5164097849933774
-3396.8924009452867  -7156.906868762209   1         0.9688027532233541
-7193.654726115569   -3597.7959278137914  1         0.724395318873211
3348.7788358825783   -4416.513276118193   1         0.22300907830434663
-2529.430267287262   8796.694455724491    1         0.12061854914563123
3340.6493534035285   -4760.120230792274   1         0.9052389570089798
-120.05041322672137  2765.0309460300123   1         0.36089280576231464
186.47886056625936   -60.51160692588125   1         0.3589845190755966
2459.4433052845307   -10372.440958603598  1         10.118691759592622
9915.101836273958    -2757.152235861959   1         0.5753997331453902
-641.8356403140203   10416.607413260179   1         1.1135733898342204
2753.7706337155532   3608.625438776861    1         1.1335070312967914
9769.393713712063    -1806.3345737242173  1         0.28084767024909807
3353.870858308815    -4819.899579681473   1         0.9016057365121652
9174.071756787145    5958.631102785034    1         30.074767980767145
5912.965018787271    -7784.010586405818   1         1.106506006378184
-3268.4933489771947  -2185.520862604427   1         0.4885820956483241
-6817.18047519505    3104.060453566783    1         5.49626086984443
-5188.373494724765   6439.745040748497    1         0.8620952069164919
3056.4433883946913   3705.034076906937    1         21.848370210218008
-6490.097307767516   8758.441145803004    1         36.13958331026358
13535.303869298648   9066.810406532211    1         12.430621072711704
-8007.479688433912   10496.323366330202   1         40.6611504551901
-2542.1515640466296  -9477.885560044357   1         0.8862376635465157
1359.7505643097736   -8780.330581278648   1         43.345851722037075
-2451.0873346036137  -533.7297059686633   1         38.419178821041235
10668.994903841269   1991.8268219190722   1         32.83461351509166
5190.552801181642    13703.75412951017    1         0.30341606220772155
-5377.570774013259   -6374.722048419782   1         0.9916221331025443
2832.3840684846487   4056.476060284998    1         0.10521920423290894
-3155.1353247831753  -2633.304949408933   1         0.23363800818374747
9402.11630215095     -3517.335451550383   1         1.0426477958113063
3193.364887039961    -2423.376728962312   1         27.887549818927404
7506.276855260382    -546.0742371682018   1         0.7031756687101913
-7791.299350698588   6589.7664278381535   1         0.5129180035874404
-1298.5999442291948  2279.841628249229    1         0.5596784338483701
235.63915142403235   -4281.810984582255   1         0.596154327887853
833.5035294448878    -1111.468695735541   1         0.536932996216198
4330.319115100436    -7010.139206978588   1         0.8196159980650074
-5895.092946072019   8104.952158006871    1         1.103292513514986
-811.1732585125509   -10482.734304596743  1         45.68100956693991
-6824.629332364341   -910.0592889533946   1         0.11829472801963337
-5942.313527185422   -1908.6460179311102  1         0.485930370716697
-7896.421240359416   6362.741089701904    1         1.217073709460665
-3444.7644106630655  -1462.153365585942   1         0.7195704810854601
-2779.3551255884668  4832.784481307158    1         0.36731531442258514
-3632.7993307287197  -9438.867195574083   1         0.4297156784306735
-1538.5688711709856  3841.275192515358    1         0.268569796024849
3730.601640199388    -1936.395436234408   1         1.1534454122641156
-4723.627003327701   -7723.102318836284   1         0.5793555237887468
7894.085424811236    6579.056066346756    1         1.5937669961676
-11887.686281588982  8410.240914553902    1         7.613756203114757
5019.732591488406    -7306.686873856218   1         39.13049268223109
4778.416081618088    -909.7030134060424   1         18.205833351227383
9686.93680420369     2165.6559267287744   1         1.1640119521107133
-2720.9082881282557  -2272.84073050171    1         47.86827730134902
-5237.582505314206   1772.4523741704445   1         1.170139697111203
10902.87029777438    -543.5271368162246   1         1.0169645135106546
-4507.2927758735095  -7524.807304810241   1         0.17956393231640017
3765.1889721321736   -3172.6244732784585  1         17.09100113564017
-2892.4456437556764  12870.01127193202    1         23.431537564986158
9015.898479956202    -1360.1133766697258  1         0.7433568604009679
-9500.409100467046   -4462.628674581739   1         0.13503819806446354
-8436.460359058243   4211.076452845684    1         1.1010016848381474
-58.338127737765234  -5507.468085123297   1         0.22480128505323826
6537.5262494965      7778.921367331919    1         28.733507263529113
3395.928222636258    2803.5893804715733   1         0.9971899600624367
1704.6574610552113   434.8010308662346    1         0.39465052546579704
5458.215730605863    -827.7259856602594   1         0.7561100790870436
8164.929117498375    -3449.432187617703   1         0.8289828067619358
-7340.69898720652    -10260.352583556698  1         25.681566929808852
8874.633566614923    4863.464251306824    1         34.472084047475555
-7931.258982608399   -5610.072285014638   1         0.675443697516879
-3980.5851571822113  3636.962210753422    1         0.8369015782437589
-14258.290821741946  9903.35126168144     1         0.6627461571942065
-5070.747065771047   3049.473754897141    1         6.683791138188391
-5109.554871341525   -11667.448177702008  1         33.62939354326479
-12109.37150987656   -1184.1192556070018  1         0.4362674559731412
5325.534338254189    410.05567941783033   1         0.5999559768901168
