trucks_count 6
drones_count 4
customers 90
depot 0.0 0.0
Coordinate X         Coordinate Y         Dronable Demand
-2256.5205336971107  -3694.1054225114376  1         1.075902617437414
6437.534691706293    -2732.232522858645   1         0.40652226648144374
-4993.739376799994   1988.5801858486645   1         20.0373893641187
8687.245337409931    -3320.133647295273   1         24.156342737038205
8170.5437711053555   6675.481784007636    1         0.6371627851010845
427.02307645778114   7802.690747123977    1         0.7632639408258544
-7877.0818138937675  -1275.674176518324   1         9.384636082773657
7212.004672633234    -8008.739710708045   1         0.39339469965924423
-4924.685963672777   -911.2392084060203   1         0.7578599931201058
-2928.594010036191   6411.54028340538     1         1.4118765551439523
-6407.382910035155   1221.0494047106843   1         37.40809143180711
10300.543087947746   7972.7095053770645   1         0.1723925778935851
-4722.083295011408   1541.7154991118134   1         44.09157106122453
-6324.472112345422   545.3765364775461    1         0.6226875197478519
-4749.19149661545    6590.92732949227     1         2.0389542409078523
8164.928581796492    5723.621401753338    1         0.7932995127302249
-7748.095898438163   5821.869371815143    1         0.33517692005716654
-5034.186845664408   -8011.752617164299   1         1.1640781135825704
2189.6599313758597   9025.171539672765    1         0.6276532165164772
-903.2867890987038   -3730.6274667642815  1         1.1960488813448809
-5186.034071384853   1619.958274416475    1         0.4530057587235058
-8595.537018928822   2365.770798412122    1         0.8764628473760011
8392.15114964515     -8505.69827913896    1         39.521821856155036
-1693.4188659204544  6293.5274093704575   1         0.3428329449803147
817.5134799426451    11567.919411223611   1         48.804486831694895
8764.753105138087    -3484.3920040392813  1         0.22211455031212385
10079.167937411527   -329.00098159667164  1         1.2413036930156442
-5230.57964032314    -5102.27665514613    1         0.8797647641679154
-2177.689812250938   -3253.5764060041424  1         1.0951055396666958
-1661.7648622372428  -5816.035785487217   1         1.0728681873753976
1115.205961494894    8089.650881358818    1         23.077743923205684
2293.071930444379    -13517.550738744038  1         31.878070935853277
-5983.524746676202   164.9503273047633    1         0.6877656897168699
6202.9735106067465   -8391.70001532305    1         0.25347886685302357
-6229.502098897124   -1370.845306596777   1         0.9698968856599601
-55.20922719690874   -6162.933015090548   1         0.44506192761695595
1978.0877978073477   3968.831392736532    1         8.386061226126351
2219.517775972242    3626.934059964697    1         1.2033763008283622
-2892.962252653544   10480.784051406568   1         0.11269492216375186
3356.8703431794265   898.3068550899337    1         0.3714653001375169
-7438.224960199345   4387.136934581288    1         39.851607102775176
5356.637303640419    979.5501523004905    1         0.1972483282683658
-4873.440409422836   -3416.052617825858   1         0.24405930189878988
-1785.9250694559157  1171.0052264023366   1         0.7323531191049704
-7216.261925525061   5708.941970011778    1         0.4252904488762542
775.5795149854101    -10347.710874517177  1         0.868590729495132
6032.951099753402    865.4190819016158    1         0.7755058601072016
9300.296323772254    -4056.730251691286   1         0.8598606300944988
322.5146217009765    -6969.234290682349   1         40.78029293907111
581.3457324188514    -7147.193268281445   1         0.8556098162846422
7229.782953162757    5788.413487308317    1         0.3176126611991047
12248.65468799469    3260.4464201549017   1         1.0511572586094982
11101.074618256152   445.55983912693046   1         0.5850174915960358
-7891.8902298755065  5564.8534614969385   1         0.23966379911081945
2709.568608421671    -3360.426815573752   1         10.073742053588932
1908.6103962239406   -4361.44235546949    1         6.115278347149522
12665.89256819712    7482.654021572627    1         38.09668893811237
4283.335924208836    -6089.246045877623   1         44.57715997471029
2431.163948669943    -2386.8005027035438  1         0.36368116059016475
3165.5846219103623   11372.708689281844   1         23.072372281820115
3590.9735211468615   -11375.053255028495  1         0.3164051831694471
-7026.720849671615   -5407.035599393202   1         44.62520580682859
6557.564058898366    8675.500429062628    1         0.3016725493274673
-42.19609102185697   -2393.0648517695745  1         0.5115736536353607
-2774.607234985456   -93.49023025012188   1         1.2224282723263993
6304.250097534008    8138.005090931293    1         0.49003252740081527
3645.8311118936217   -7580.646381119572   1         0.6048876354649837
-10874.129417110124  4987.287763345841    1         41.95836054643289
7604.326348901298    5984.503671897666    1         1.067447615745542
7014.20846023927     -5041.631576520278   1         31.478755881189972
-4143.086351153629   7302.159607871334    1         1.143088318322088
3904.5404272318633   -589.2653911828745   1         1.0839880919960914
13361.33461453639    -4471.397066726709   1         26.171049727612992
7214.655625698178    5708.174699848694    1         0.961082271756887
-8653.22944418542    -5357.018333155654   1         23.875948811597514
-3247.8648065116745  -1424.9360723746577  1         0.4225624944916472
5942.498682119619    -9118.824110851983   1         0.851569253694384
-8117.822721712876   8940.478145441026    1         4.047191647395622
7228.305575861827    4908.81418188147     1         0.11391829415909414
-10020.13731331341   -12550.297102481882  1         13.964934291674588
-12270.575513725313  462.9737772497756    1         31.291542815732207
5652.57479268373     -256.0936895356354   1         0.6795588904861702
-1018.975823032772   10719.039106662003   1         0.6516625058669988
1355.1694563091796   -848.8438075194773   1         0.988175133461519
-6965.383181448698   -12283.389523915912  1         5.553785528965232
8366.857186097675    2059.4098110793766   1         0.24989318540322525
-6315.738868914671   6330.178340586706    1         0.6911853901325338
618.4282363361217    -9692.484915031113   1         0.7989254283330823
-504.68281134807916  4515.9338234238185   1         0.9703240303229114
-8545.73483237021    -11232.610853734277  1         29.42296283504761
