trucks_count 5
drones_count 4
customers 86
depot 0.0 0.0
Coordinate X         Coordinate Y         Dronable Demand
-3157.2689777527207  1343.1141525282337   1         0.25469078559572156
50.95422726901704    -5678.469392636776   1         1.1759948025626603
-5958.07984223964    -872.3745803735801   1         0.4855216442579695
-2528.6944260798937  -6968.411705919054   1         1.076472976243595
-2398.550785846487   6246.506305766048    1         0.5680834082285444
2471.3051555099955   -3323.5284264782044  1         0.7711253046120135
-30.459007964697587  -7066.3530898377     1         0.5825848532162831
2040.5874266553735   2989.3609599708793   1         43.52837889851056
-5568.079145176553   -3688.3032158509677  1         0.5413115907620188
-7086.20555498717    1093.0165436807067   1         0.22209925442521145
-6834.722962453366   -4938.89129986142    1         17.252528175141233
-4118.226350315235   -6480.870461812651   1         0.5386009487177074
-1350.3196027215333  -3253.519637935037   1         14.758749695276807
4109.770175831339    6017.247628439666    1         0.1798166991177271
-4122.2005825914985  -3429.771804899632   1         0.814107389461737
4375.270973683756    5953.2151491663      1         0.7765246289483422
-4350.745652056382   -6842.616132345262   1         0.11976584836704113
-6642.091600589381   -1517.0033199000845  1         1.0384432273091695
-4827.405506502924   -5485.937481331344   1         10.475955460840865
2058.344149075056    -2921.5336945500526  1         0.36631518248535777
5570.143172673456    6151.400497358035    1         0.8640905156666474
4235.820154338679    896.1270827394806    1         0.371413828975644
-2451.5023344246306  1771.764524238343    1         0.6630286243521912
-6372.970555221311   3731.2587870804596   1         0.5928463579478591
2536.934717563766    3156.5846718496496   1         0.6166860441681054
-5622.25047448232    311.7048593412046    1         11.695091563250141
1134.1578437674461   -1378.6175006184767  1         0.9045164866401634
-3938.8351972763544  5764.437956519939    1         48.119592349576536
-3631.0406602036337  -6231.239233752957   1         32.705249865343006
2011.7203556840504   3680.1526382787133   1         0.7377704245243839
-785.7003740722419   -4459.778852388659   1         1.1312595556103906
5938.317267480611    -5168.9873488902895  1         0.38479182165616366
3161.3186196327974   -411.33367042235085  1         0.46790570616659166
1030.4729150329565   3447.4261983887004   1         0.23082647775015325
1554.2631823622014   -5616.009876436565   1         0.6636796342153644
-523.0384643697565   -2335.4837493205     1         0.9568230615367046
-6788.003800106324   -4529.715168085337   1         0.35691789360042725
-4594.8147931109215  1257.9955826628511   1         0.5221887072343198
18.28833380306039    39.144520655633755   1         13.661041966562172
-2346.5674760378743  -722.1695060180983   1         0.3813362630745699
-2669.498525472496   5406.363049388527    1         1.0571681982290164
-4720.326195027017   2315.043657120911    1         0.5907403744843608
5119.412444036811    17.111581086611842   1         1.1966838941790185
-263.9472259047843   -3043.0703301789313  1         1.2200152689206256
-1579.803665576376   -4349.833644596228   1         1.1083175167727621
900.9828120948538    -1971.6394583303322  1         3.047666500501647
3578.1783601018924   -3903.9930704848794  1         0.7974949463463668
-1785.4952959610164  3500.826747200525    1         0.3166958788482772
-3014.843320740647   738.0769760708331    1         0.7916696188695176
-393.9832058488274   -4369.649627300046   1         0.24816323258671918
1005.2143500985193   4832.406463891486    1         1.1893714293620357
-863.3099619668756   4530.372685846402    1         1.0744359337800102
4524.829659684141    -6867.669471998039   1         0.9415964211085064
-7044.491584699152   6888.747388275545    1         0.1125564665460051
5592.257166912116    -3225.3470325658427  1         0.9976539647516909
-5102.864823350752   -1116.9757733932188  1         0.4113816343196469
-3933.7717693588947  -3093.8435845710783  1         1.0894741597884992
-6658.383328991254   2913.6227766066995   1         0.15878485973962372
3239.989593920213    -4214.802295952946   1         1.232284396349711
2240.9892692886515   6186.619541313452    1         0.4124307446462673
2848.615882132037    1891.570549300336    1         1.197070508827201
-717.7431726520996   3256.5154683349356   1         1.0238662632540276
6307.757014650825    7141.46173630832     1         0.3359724284838481
654.3160766325163    5284.5065608378      1         0.15241934138291852
3182.0267722700614   -3549.6641155069783  1         1.127164543020763
-1502.2261650145256  -3297.4359660387154  1         0.3106271429758912
-5052.277101004658   -511.5063179403568   1         0.7618495233474006
-3687.762350710357   -569.9315321206001   1         26.30247282623573
-3401.2784470565207  1628.566523598072    1         0.28685507912897695
-3928.2778914802325  6909.53319453697     1         48.46683867189123
2175.264399068571    5566.2092175408625   1         4.381463239437332
1927.0931062764557   -2009.5415716193756  1         38.12911380152369
-4130.930320224555   3734.9554177218783   1         22.081136908899303
-3381.1052194200606  -2772.848262964293   1         0.38697470453069815
-1027.6598529228577  571.3468870379791    1         15.169131076357099
925.8572352667155    5292.426324516804    1         0.734047872149168
2426.151191778096    -1670.4037480373104  1         0.47486530739387656
-6818.794991056469   5916.237760709241    1         0.26223720705490083
-2128.3468818055017  3962.7242180785097   1         0.5837299304078338
3965.2661195260507   -1781.5137131843712  1         1.0479772592337906
4073.393106690777    4762.4113645608395   1         0.8922724076629744
-4018.293719702202   6777.176729484723    1         0.14612418749889777
-5598.128324493226   6493.3905167607145   1         0.9449270250040113
-1732.5798739361876  517.0573411780069    1         0.33005403920038756
4774.228000202093    -1372.8807754059462  1         0.6904419170959716
-2813.253310929812   -3075.684700029856   1         0.5016051329733727
