trucks_count 2
drones_count 3
customers 33
depot 0.0 0.0
Coordinate X         Coordinate Y         Dronable Demand
-4161.337222733888   4107.031875030834    1         24.114298658293368
-1737.580438413495   6453.540682612975    1         1.1719435279778596
2501.088159189158    -1908.1430736320776  1         1.1519480903634245
2011.7372538829834   -6793.21886483088    1         0.2935787153383293
-9117.630741956562   -200.87781009725435  1         48.988599069989164
4522.144540460435    -7211.279406115418   1         0.3030734845494715
-202.1723668233884   -3584.4624558869677  1         0.47144775647497505
-5534.808633843482   8036.519123429536    1         0.5978400284775994
5199.338835374772    -5138.957123693374   1         1.2221444913195676
8537.549374977207    -4628.786310545279   1         0.9195876102094331
-840.8947928635644   8784.937336590338    1         0.43151194000643656
1872.7691526015508   5742.675126055269    1         1.1926182037004238
-4597.595711031201   9027.319914576368    1         0.3025135473547136
1992.2131611566424   4296.715972080199    1         1.1604812007023788
1459.2684347678023   4599.581705497655    1         0.9671894111365731
6824.681869080558    6404.111283869745    1         1.0622860337641642
2451.1491387206283   -8077.538690916226   1         1.1676083298511546
4561.953881071671    -9100.23276388267    1         0.1806173424890278
-1416.2455525614057  -4044.970194814714   1         1.1580850060103391
6876.285672264501    -5084.411781804149   1         0.455537655526274
5653.5127090906535   3233.8405142458164   1         5.066735669928634
8191.422804442092    934.9350357184532    1         0.6234066075628425
-7337.68346213324    3616.3444153554137   1         0.13404546233928402
-2058.181154097723   -7280.693979137993   1         0.7249098728831159
-1617.7878861360714  -6695.212518342769   1         0.2635688556900592
-6003.570938505424   4742.962578382251    1         0.5997905044273142
7212.690573176145    -3410.484023859559   1         0.3399087011850192
8575.264810730185    -5437.277084231889   1         6.568837524097054
-2558.9527393639532  9083.864696895582    1         1.1242120677390957
3566.394820124182    -4440.4400039983375  1         1.131380116594242
-2709.900041292142   2884.8806143849797   1         0.7624352285176519
-3572.9697801810435  -2391.0331067693155  1         22.604642406258016
4316.981704508748    -8932.796692924427   1         19.324138041217065
