trucks_count 3
drones_count 2
customers 26
depot 0.0 0.0
Coordinate X         Coordinate Y         Dronable Demand
-7393.260906095962   -7081.97969512126    1         1.0147501088018394
8209.632952818929    -3012.3797257814012  1         0.8288601173980783
-4357.4746542059165  2165.155216505628    1         0.8266465914012162
887.7432092929339    -12457.296952130208  1         46.0305876877312
-3666.3988765274617  8916.80974575621     1         1.027210172544006
6344.392042177966    -1689.7936057470274  1         0.7188698577215507
-362.72219882675125  -5205.333670565288   1         0.492009211377324
3231.558018429383    -7925.938673966244   1         0.5187342907510488
-13625.484402243557  13136.603953631547   1         0.7245176137389211
-3358.405138313483   8055.609138645224    1         0.6188453579688655
-7985.832372134378   -372.14864449054096  1         1.1988158228243624
-6603.452038144436   1379.8892804711656   1         0.6256640271995955
-7413.558762570883   7511.931859946808    1         1.165741142808035
2040.5688842618383   -2757.1222013661295  1         0.836776538779565
329.3096560527465    -12871.637744620062  1         0.43256567327992324
-3835.4263884054308  -8363.463175579438   1         1.1901194511167967
7619.727432927476    -2019.4197859002772  1         0.8448471793642892
1949.0164943684522   -2505.094129804699   1         0.17195276127508352
4673.121318464638    -891.3803204048141   1         1.1392953164369057
5227.951676285898    -5640.742106595105   1         0.11788641884565686
5128.107087488879    -1232.4315093344935  1         1.0968324082934164
-3535.973195070229   8080.164992033478    1         0.9495368492284587
2736.5755466291876   -4208.774580570415   1         24.398226501607876
-2671.1804860121106  -3743.4623294191724  1         0.2848666008934961
9115.472351521428    2640.1161161078467   1         0.18560629678770563
-2276.2541090835666  1403.2066641024476   1         0.2181312054185815
