trucks_count 3
drones_count 2
customers 21
depot 0.0 0.0
Coordinate X         Coordinate Y         Dronable Demand
4215.1521890119      -5262.694183839859   1         0.7649630017586462
10228.571156253141   -1630.5041528377046  1         0.4096190691319145
-888.9264379393444   -8951.776170447101   1         0.4015450102060544
2262.6625560689185   9991.64558792443     1         0.5544642690632954
3100.3009764683175   -7371.310800991382   1         13.678995369862731
4666.890326083012    -4321.33504123068    1         0.7471567717276097
-1615.2022208538049  5179.202098968063    1         34.414979855264825
4357.110489553207    502.9641690985654    1         0.12279830254040475
-10966.464703396641  3323.243327366059    1         20.341590220047888
9712.679672999398    -3630.316789686335   1         1.0919746395352017
-2180.508103434871   3384.451816506383    1         32.91457448694867
-7353.004504751675   5465.462544909127    1         0.9960094222044273
-8310.171402871663   -13236.698858587808  1         6.711753713174511
4331.133269876182    -5098.267841362694   1         0.32731420684009627
-1537.7962444612997  -8051.589573597997   1         0.9152401892950102
379.15210454380957   -1376.3586801550164  1         1.0661163790175299
-201.445425933271    406.4897762252751    1         0.1072327521591425
8617.889538335347    13354.815686319473   1         10.17079259582387
-3064.4341022541307  10391.019282419345   1         1.1786799919333264
5215.912309425997    -6429.730544496791   1         15.888507435550629
-9047.78956341088    -6134.588738755425   1         41.82316733710092
