trucks_count 4
drones_count 5
customers 74
depot 0.0 0.0
Coordinate X         Coordinate Y         Dronable Demand
-6607.8663428929685  7151.560136896148    1         0.3938646720258302
2775.954708046056    7362.8366764773355   1         0.518913657979262
-880.3041588474953   5774.679172507804    1         26.0807038762287
2961.407801654859    -15689.751375431137  1         0.16053534620039583
-7225.705488383436   3710.299049072205    1         0.6730866917354799
10807.63990694134    575.8007003849732    1         0.21313581344048516
6246.063753472406    -8943.81172314177    1         0.7055008596719666
2390.3626060161932   2455.3308769706864   1         0.6970690810928064
-3841.0570938783867  2794.2904087799607   1         0.6799490272704598
3495.545342991976    14593.175458739835   1         28.619648350124912
-14.929607523371399  7351.84812711047     1         0.17154361747925148
-6376.60915545464    -1668.5792840637432  1         0.9624151145733766
-7143.553790440794   -2392.9420257887023  1         0.6735338510799462
-8384.455182769721   5563.636456420805    1         0.4191271702508834
16496.969616930313   2789.5728060715046   1         0.4776097105367304
10168.11399284832    -2729.281625613372   1         1.1381739119652599
3971.5343448460385   9527.930940086466    1         5.788495021353809
3110.7711303555866   3648.8977587569266   1         1.146541957362512
12356.702195271799   4760.920795841721    1         0.4518690798718017
-2580.9604314746502  1669.356710910528    1         32.36133912420944
1846.2808349824431   6991.576539431361    1         3.3043951819266546
-5472.71159398006    5442.17379473586     1         1.209062432433036
4683.941691233104    -4084.7540349091773  1         0.29472467713234174
-2735.845011167257   -6873.842105731445   1         1.2301742819912072
-4324.320872814072   -3369.585061160272   1         0.6214581978728434
3860.0919296191632   2211.610136697058    1         0.9252296031498878
3717.1317991581222   -9875.60719715034    1         0.5268939074521325
-7955.977765515543   794.0782820950634    1         1.062557187966743
6450.128493019665    -8681.498661090549   1         0.6866743936871754
3047.7840405971874   -2061.610945130171   1         12.957361047728373
1973.145031180289    -7627.700041932243   1         32.58871810227547
-6471.492360127916   -759.227133271789    1         0.2405030906065586
-4769.680891706077   -8754.683269761112   1         0.4234202437413104
-6462.887909325339   2816.6791830255943   1         40.46495027367381
-640.7895235337875   -7345.4901908721695  1         0.12294578806982707
1809.4709166408193   -1379.8286510303778  1         0.784120337876726
-4789.7672799001775  -2879.981928876715   1         0.7444336270591765
6422.08003151805     -4079.6184150471518  1         0.7196018060711786
-8501.362753512803   -4232.686371328725   1         1.0527092165789536
6399.701680253594    -4908.678709995382   1         0.9779454723301485
4394.157163203606    -6392.472221782981   1         0.5720684540351341
8911.800094172126    -5586.780942332829   1         0.14011502449040303
2224.0849140032865   -8566.540554880328   1         14.943427999719624
-6596.916117132548   6532.156123094587    1         0.2978709984016233
8561.557651484096    -4209.632964489196   1         19.552538946173417
-3689.9606164393344  -3477.7143363838104  1         1.1248465383894857
-824.7227131916419   -1577.988037043704   1         1.0656482379739298
9456.57302041024     -1848.8938027631143  1         0.5395505185192454
7714.107466801234    -2983.890690837604   1         0.6989347352678269
-946.9935798713776   -1448.5459771329058  1         0.9656508720047089
-1141.6487779794973  5248.781260509237    1         0.7709547605115897
-1630.8529932607494  4262.753093452477    1         4.096718822848503
-7060.043580541015   -7255.528491075298   1         0.3847486023128587
4443.799454271466    -7190.303479049874   1         16.53358503686248
-8910.275687263282   10584.816586230048   1         0.2650419242400751
-3390.2923594756635  5401.825451369247    1         15.80920385854851
3629.302593700108    -973.5233071869865   1         17.09463476813491
3924.0367952248316   2870.4386540484084   1         32.21087213447884
1575.630806048778    5276.438156106684    1         1.2151132580319346
-4974.998512276874   3423.6136343260373   1         0.5694423019429459
7422.766171253988    1324.2012467305246   1         0.3390314243859447
4957.268829209373    -5551.253902010161   1         43.33058146868662
-3565.2945556196255  6904.1193797291035   1         36.972052557783364
1720.2422600255413   -14961.056610595044  1         0.9768979934292332
5910.15453708397     -627.462568953877    1         18.422020580043366
1109.9862302267916   6497.758674606085    1         0.6720236430483993
-3546.188516703282   -1028.792410925157   1         1.0370023595837994
-7346.794434354791   355.84559883692606   1         25.19325487492037
-7874.062122273405   2318.896212885464    1         1.206719307649331
1124.9625447431163   5937.498023371971    1         1.1958469070792528
3678.301646610745    6124.236260360813    1         0.9708322698744407
-9890.453368301027   9800.286366886714    1         1.2131975237234884
-2187.421614150031   1796.3248791188898   1         14.296490722416394
478.69598963330463   7363.090340084901    1         1.1933894050000449
