trucks_count 4
drones_count 4
customers 100
depot 0.0 0.0
Coordinate X         Coordinate Y         Dronable Demand
-5339.460356455384   -1076.5926795961243  1         0.222397791191198
5541.605136751714    1675.133508287363    1         6.181572100201263
-1763.4805310535176  -9488.343830014068   1         37.2884377345875
-10556.687127704054  4374.05283662215     1         14.708290082230826
-8483.99587962437    -6345.349100452216   1         0.4847279524825244
10555.977180297183   -2694.910669109193   1         34.79537566491446
-3158.537315767244   6654.576757452401    1         1.0266723081907267
-312.27118546984093  4043.824251088966    1         0.9374267100143555
10747.56557259923    -1164.8456689516534  1         32.941106251085316
242.66193961223098   622.762421693756     1         0.12466165088898706
1725.2161889309427   5330.47878909624     1         1.1438943776378168
10608.490162704802   -2164.453066702065   1         31.69771415919898
512.5386136251382    6532.478570826301    1         0.8959665277577431
290.35075826396934   -10110.350569497343  1         0.8771889850623082
-6974.476155101685   4546.171009609791    1         0.2357658651407552
-1976.2571490308626  1689.2367989005627   1         1.209532090969295
-8653.770343439597   3334.6537064700806   1         0.11743526770614388
-9856.20835893003    1003.58407414053     1         0.234543780902453
8998.728052155435    7293.385657744144    1         14.464475338297307
-6115.578151121902   -6392.802306812324   1         0.8941695509191436
-8347.017454116132   -2469.5619532718324  1         5.896532190782148
6278.153583567277    -6006.43180796186    1         1.1928771610131381
-9816.14580574055    9548.681341570391    1         0.3469797520905922
2132.9523763031666   3621.17277849366     1         29.443951255119227
-7165.530061365928   -8071.444032695742   1         0.15044348321347367
4095.756445193311    -2008.0929766922366  1         0.9316395287338712
-198.85040125141546  -5144.647614670009   1         15.449635746680617
5817.785875110911    4792.691823282908    1         0.3100394105501549
6362.086765053871    -3119.6556721080537  1         0.6296313360481599
-9847.664505713277   3638.0234643504355   1         0.7499081670742863
-8772.42414049271    -3857.618339894919   1         0.627217080768574
-1250.8439703230601  -2681.926120336003   1         0.7742537163381831
931.0540182337891    7594.963492449043    1         0.40198218028211385
-3024.547582656887   -558.7964591326496   1         1.125354921253628
5724.887928341798    -1785.4763792583228  1         1.0499104165501285
5352.312317788077    6674.610224984193    1         0.8535943949321125
8182.8118905582705   -4104.947654961891   1         0.4830449879129859
6405.506535766815    -4456.874537575309   1         29.465331928894035
-594.8235161441847   -8902.739723670657   1         0.7600958558452776
2019.0331451491188   6531.158920555316    1         0.6403291136972351
5090.1657913570525   5109.058345403737    1         0.7605914316405524
-10587.829231991174  7135.649646306112    1         20.045135218780036
-1357.1291950291052  9256.588244133816    1         31.477335338328846
1111.327102805578    6960.2170922557725   1         1.1071233660220172
2851.3861130521777   -4695.18842979207    1         24.052314026340248
-3799.2733591127703  4784.746499875464    1         0.8329689613273097
-9027.162247705712   1495.5142230181455   1         23.30205282305113
-415.86397143106115  10333.984327786156   1         0.1297624302125421
1235.626040621025    -1894.0131784586467  1         0.6156799212822397
-9404.516498775343   2263.7024072281088   1         25.746987381716327
-3446.195217482422   7148.059845904257    1         1.08099038434135
-9946.72428815893    -3447.0380626848114  1         0.14473799640450402
-4190.554176851984   2456.6665014462696   1         0.45113046376848775
-3437.605928478337   3941.3142246112975   1         40.11967692982332
3974.735009982483    3465.719264480756    1         0.4429164902664049
-10585.189488618553  -86.36485859994312   1         1.2060280550759792
-3336.9111821340316  -4425.697400952045   1         32.37322779498097
-3150.427000542954   -7618.988872778626   1         0.6551999762189437
-6323.327710254541   -8862.67896819197    1         0.29591416439594814
4494.403169357646    9774.416325805725    1         0.6123296590050539
-7432.710969065604   -1527.8666365211448  1         1.0000124939760004
-1421.260972205033   2418.3289843230955   1         0.17208050367399874
4318.055310571126    1370.002670940059    1         1.0986157129429521
3853.70252010478     -3317.5616174048478  1         1.2246599338427016
5334.303079643265    -958.6856870031844   1         9.65539992252075
5908.95823927183     218.13923861803332   1         34.1974729088262
4148.7225019818015   8124.926027108523    1         0.7890116735553295
1832.0109289593909   -1136.2617494016176  1         0.24965344187284166
807.0582347746495    7349.440581027004    1         17.958798120856056
10105.04886032888    3920.079380902622    1         0.3899538556125094
-3425.387214375857   3754.851363273563    1         8.36422635453386
-4762.296276744225   -3387.1501694856497  1         17.820845618260467
4694.8888014376025   -9904.16875935397    1         15.22259159007424
8305.149853488241    1703.992652286881    1         0.36354063425162564
-9633.146957957393   -3954.1826018652455  1         1.0563577464328597
6004.1261273895925   3251.350030783465    1         0.8250074757713639
-3662.893666250015   8449.158482294697    1         0.3326055334715576
-2430.6680343116263  8662.19752516158     1         0.2530395875607431
-6481.19379860337    -2700.260606347272   1         0.8210620638091819
-750.1765043789153   -6159.714383273538   1         0.5764978995041085
1818.0276638356295   -2197.7433859331577  1         0.8144027129389024
1778.8256541626029   -10763.828576426265  1         0.32197223780888073
6717.300081282844    -3972.1114834937366  1         16.735581483615828
3491.1895376183256   5895.780021897524    1         0.13850542825779083
124.70651472148923   -8000.616087294444   1         0.170747354920878
-8891.722967791566   -6251.380324204859   1         0.2329676727240847
10531.553483784755   5458.0203315774015   1         36.33151088416543
-6664.5279123612045  -11082.900788139172  1         1.134378973420488
-5175.143414768434   6343.594276388954    1         1.0483297858215692
9170.581381018037    -9531.41308748949    1         34.551386928600905
-2676.8300918821496  -10192.21760908983   1         0.527838372094554
4630.6881587330645   6659.934069105547    1         0.5167590163593723
2124.6979012924653   -6432.137090710033   1         0.5805971074512297
-2940.2217938054364  10008.2008014975     1         20.671326090628227
-1416.9139882215604  -286.95239070806883  1         36.63601174753281
-8672.637552629276   -5456.278157261635   1         1.1667114175305022
-2954.6508717789707  -4050.189912055961   1         0.5139054101744887
-624.2462532107601   8417.372446312263    1         0.5876156440660882
4672.977978115355    2448.5171439833857   1         0.16136473489185155
443.0094721055044    1895.3812537938584   1         0.8313868757737727
