trucks_count 3
drones_count 2
customers 21
depot 0.0 0.0
Coordinate X         Coordinate Y         Dronable Demand
-2019.228198651057   -1740.948459013335   1         0.12839875276047394
-5963.710868508119   8567.842175864898    1         0.5523598378995429
-4253.051177986469   3097.600355219007    1         0.36976347207929516
-5422.068389185546   8648.143606085016    1         0.8507697052303858
-6210.785762637739   980.4966766495381    1         0.5659769928074901
-1740.1673616895735  1986.7194520060473   1         0.4471950158069341
-2379.0267397914595  9504.011380365117    1         0.3130134968319475
-4577.941631590565   9671.84401361656     1         0.896600357874773
-4895.837279865952   -1665.1479187292819  1         0.8100144278819923
4.009883094169709    -2030.081035644771   1         1.0847081380282126
9618.252376309774    -111.65648491601402  1         0.3048922315607059
-353.0015729523093   -1860.3598549283106  1         0.7976733477405022
5986.222209122987    -7757.999083183      1         31.119662806104166
-5831.23229028655    8599.27788558465     1         1.1792946632505374
-1602.2086207227323  -8704.51434465829    1         0.4257841127831483
-5360.918218034783   154.97754092662268   1         0.7778793790792847
3322.3576302167307   1147.9039951153613   1         0.9512584499966635
-9612.464659091762   -1574.170771916388   1         0.1158308508300451
7298.451948013955    -7549.61187922502    1         39.65250554142855
-590.0961327648026   8763.055599170671    1         0.5798168044882759
6712.372332489489    -2760.3183271093944  1         0.9645326830613452
