trucks_count 4
drones_count 5
customers 55
depot 0.0 0.0
Coordinate X         Coordinate Y         Dronable Demand
16234.162596267099   -6442.403192567068   1         0.9564551857078812
-16664.645280867528  -6957.187269325012   1         8.385389166662245
9428.03917537769     -6476.356792803328   1         45.095414573101394
6861.012697141052    -2589.683607819348   1         9.943244723385662
-9136.58983950439    -2518.259769587717   1         0.30165405036865
9480.961500032732    3470.3860724115484   1         0.28666528739850405
-10846.00857350858   526.9670414407015    1         28.7803560243604
-9257.887184577592   -3679.8775842103933  1         0.11174723336560648
2640.585667191447    1163.2086004383907   1         0.6279834188776494
-6890.522222354038   6168.335171321021    1         0.6829620590057729
4285.749588133489    -3082.8517903863726  1         28.474388959364806
9410.681933028778    -3149.295194635489   1         0.20203836417692156
-4774.833494609019   3563.080174081548    1         0.3538578503466543
1868.4708385433023   2367.215745246919    1         0.9568932106864079
8039.490941787425    -5849.06394522626    1         0.8364380914340971
-5809.824392429837   -5755.311541319635   1         0.4731038150105098
-2686.390614784626   1654.1853620944034   1         0.7617160792744637
8834.684488645677    2176.4410872961885   1         0.5487003542233643
8707.012939430891    4570.222822099018    1         0.5472749530248548
-7408.399483908607   -6231.408596095441   1         0.8931013956040575
8371.485809713122    -1371.4634829906483  1         1.1894566284323873
-1149.0309366450454  -10238.915250931745  1         0.49113704748514475
-4359.080895575917   7618.94781798192     1         0.9218759840131081
-8774.34080145894    934.0728844627705    1         0.1635599964631521
-2550.894249732589   -572.9184866229652   1         0.2347601037250838
1947.6121133070176   633.0266145824091    1         26.382238105065984
-1621.9702089195257  5034.081387653469    1         1.0287567736177452
-5229.22514591039    -7918.628416115643   1         0.30625936912296203
-2799.684600742015   7646.9755556158125   1         0.5384095032890577
269.6883123150399    -3360.2821282684317  1         21.551955343596934
163.7775164359442    -4759.395693837435   1         27.199850940027332
-2675.0567454058723  7063.288984534862    1         0.29200474873878146
1445.8550721022712   -7692.099022938481   1         1.1990704373380654
9689.881641602728    -5089.267709917132   1         0.11549105878785955
1660.131936086295    -5510.82265251765    1         0.1441106621311004
3620.125933874693    -9057.70035466584    1         0.20074253929490726
-9009.273153758275   4895.47428121973     1         0.1388255746430564
-3880.813335476884   -5246.982213786291   1         1.2235288902633947
-560.3516311651807   -2643.293988000309   1         0.8497362579504284
-6653.058868138181   5788.906908248995    1         42.8978408966116
-3697.4110003869528  2322.1943071125997   1         0.3114803908498523
3975.289029124905    10058.997914338584   1         20.656973693122083
6582.566983324522    7302.973934368962    1         22.491458683103108
-3509.8012250549327  5548.5615699678565   1         1.1885215793032662
-995.8850463566962   5048.222336178201    1         0.3270066976565018
-433.75132744174454  -9870.564802271927   1         0.16495156057464028
4671.59136961756     -1451.0723626155295  1         1.9124109137492231
-8447.568138716213   4158.185805669008    1         26.771519879079122
9869.686478640191    -4415.474217927647   1         0.699866391303422
1313.7727070225085   7190.450008187887    1         1.0007594086472293
13152.394864402118   9301.138571655978    1         0.865558880483642
10921.560247163783   -12709.559982870458  1         8.727682573681133
5429.59957298975     217.85916242962847   1         39.424404227436106
-7551.91784908052    -640.5038984701482   1         0.3285277328054622
-9634.138055869907   -3912.2437156149012  1         1.0661713458926303
