trucks_count 4
drones_count 4
customers 82
depot 0.0 0.0
Coordinate X         Coordinate Y         Dronable Demand
-5211.901558997693   15590.579415294742   1         6.554500907294175
-6759.610910620168   6159.64743427738     1         1.2245420621961052
-9708.893125861727   -4593.790859712339   1         43.721264808852716
13157.736224686993   -7635.824264665589   1         38.85960064677457
-490.50523036558695  -4198.20852897357    1         1.1367818505153875
-1242.952092649501   -8528.562661564896   1         0.4393831048730088
-5473.541222393619   5657.957260783803    1         0.5277208843922668
1035.3567995285596   -10334.703632584653  1         2.373610113083947
10472.590182968237   -15155.933952816917  1         1.0062311246029025
-5365.887854455034   -352.84720900160835  1         1.2218815312987248
-6447.519780666367   -2725.197037139896   1         0.10913976473071152
6954.837923404933    690.3589616827842    1         0.6136417775853624
9081.292528754482    -1191.0396494983618  1         0.17633557693525215
10914.277124852673   18722.629367615875   1         2.285802271596062
-856.5401548219079   9219.629510541647    1         1.1207571692234624
-561.0945821815617   -6552.8968858818025  1         34.95902780178428
1846.0579482430003   1617.7193352155082   1         0.49763418772318824
4923.241681259465    -8690.780923143753   1         0.9223842915255182
6005.85001875013     177.1796700358304    1         0.32405300949165106
4326.3392591598495   -6814.45476486265    1         1.0841614951836394
-2459.1902872752735  3533.611389641997    1         44.707643738328905
-2430.5614232151356  -10590.031286474294  1         0.5853150949584274
2839.929323213375    1387.9661788380417   1         0.486804559551795
2376.6245437594957   1464.6957667191068   1         0.4990810529044599
-7155.837685314011   -285.5166900253202   1         0.4872625601926388
-9066.937080680793   369.24062661477035   1         0.46441154740589785
753.0693055602678    -10296.802582808026  1         29.056461006566188
9032.359368085203    2815.2185236753016   1         0.7289716084645728
-4511.426372561967   6741.99635443054     1         1.2461342313288502
3018.6284251542074   9024.949119782857    1         0.5557315754912749
6854.007599002907    -18542.20354788927   1         0.6530474885402316
967.9778209334654    -3994.480182891766   1         2.2636560464689826
-8189.650670431851   -17485.006149816196  1         17.9840728030375
3276.7823956204634   1751.4251490603792   1         1.183491114083511
7616.693220042989    2984.954907569632    1         0.7474276605209289
-5538.816795626915   7156.528403227098    1         0.5598033615170562
-7479.749627514448   2133.7984963811423   1         0.795011266364319
-6593.261790793706   -12927.587220539113  1         48.654793869366216
-9419.854195880765   2020.7050383086687   1         16.95849411773952
-275.30644615302526  9661.446875213976    1         0.3052482940980068
-2225.673104470686   -9343.482704934666   1         0.3678802831725013
-2403.4430227689627  -12548.595341910117  1         0.6328738655686126
-1877.4680880265464  -10593.925677534044  1         0.8544838139611501
-5428.080512996922   2777.8148126212586   1         0.613685214232883
4292.0077589489565   -3863.219866135053   1         0.47309576821023536
-618.5319903938076   1582.4687289274539   1         0.7696717074652547
-5191.218735333184   -1964.9791746381713  1         0.9310156597470293
-53.1377658501273    -9419.387012827792   1         0.673858875938353
8735.65675860753     -3218.7959615067393  1         0.8750254737726891
-3463.3614081072305  -6805.601319157734   1         3.394584244603149
-16851.117777309864  -5706.761495907702   1         1.0191050053917372
3574.089375224656    -2254.832436770593   1         1.1041373887565222
3383.4151834275885   -1144.9309327119036  1         0.6335951754806326
9670.934429883411    1280.6127919078037   1         0.34476245092060653
8770.271134009758    876.3591155111566    1         1.0181352389061291
2455.869811173267    -8465.776103809312   1         1.0255407194423405
-9077.333376330587   -5463.391917706203   1         1.03802702082874
-5713.47815150653    -3151.340080928685   1         1.092441031630101
-1676.278190567994   6839.481375526722    1         1.086556265141834
-1456.9453082778402  7059.5274615722965   1         1.0791677668532833
10917.938321766243   -516.0429474039345   1         0.6567730039712151
7180.844549142671    4840.864275448248    1         0.8070778541806917
5646.269905726409    -2263.494725717113   1         0.7755500868817182
4986.365944953274    -3197.738565649551   1         1.1841406321936445
-8657.4537983742     -579.8167256888806   1         1.066111352738546
3021.159447995965    7105.515347114201    1         0.9393359444785955
-9368.226773457287   -2228.9309295995736  1         0.11216568786787498
3054.9134568625045   157.0953740664056    1         0.7330544046742786
-937.3642785565303   -7408.5546056026915  1         0.4310316367818886
4471.955733295912    9587.367526651424    1         0.31993509805351356
3735.8339924457855   6355.370749570292    1         47.333709111237454
-316.3039844852701   -3017.774308311042   1         0.8895692670564561
-6346.468554300007   -1071.0816533862155  1         0.30510533277246216
-6786.214374904193   -1203.4892963225072  1         1.1223184214653217
1132.7275982032659   7110.054278109807    1         1.1511983665982108
-3649.9837794927757  -5716.195191268331   1         47.83621859781592
8016.48135965797     -79.03075797436672   1         0.6620290404467437
-7662.617128757099   2795.5612464673054   1         9.979579446709655
3201.024761867411    -16704.71076197426   1         47.45370763369435
-4116.438092012823   -3437.0030831902473  1         0.7748795410871818
3558.0408718044255   7592.104218372279    1         0.667381426897458
-8199.688349661006   4113.774836449607    1         0.2672838025227279
