trucks_count 3
drones_count 3
customers 57
depot 0.0 0.0
Coordinate X         Coordinate Y         Dronable Demand
-7656.977164053155   6173.206621048517    1         0.31705111733847813
737.0494944888051    -4442.076385792156   1         0.13149260966865678
-841.4953522505348   -7495.169549399184   1         1.192574607465148
-4267.676221252386   1590.0583647858666   1         0.22602357626720498
-2217.85634804386    5371.316650334535    1         0.39587640062917884
5669.780148722881    -4128.974692847614   1         0.3340419902851942
6193.94983439048     4170.446050896093    1         0.9630560564336808
4505.2816698907045   8006.749604080311    1         0.10056275942488718
-4529.310819737851   1594.8596130718731   1         1.1764126606801033
4686.357574111491    -8456.781482348546   1         0.2163061471315177
5346.146567100982    -9221.468693180259   1         12.947293198317
-1694.3611804894679  -4853.9593106079565  1         0.3599142627310543
3070.8497038008645   4665.374947535287    1         0.7527194064895296
9220.97821662108     637.0550179968964    1         0.9973409018932705
4820.86999743739     -1690.319644475732   1         6.102129065085594
2810.3742082694334   6554.41011525471     1         25.466739286193192
-1454.1655158912217  1390.4717692641098   1         36.64569262278954
7633.414600402592    6982.006556443237    1         1.1675013997014185
3748.2759229599806   7741.298285740003    1         1.1350866625013758
-9154.73080694994    1766.6634805068677   1         1.0377241397471315
4781.245715970876    -9273.070873225028   1         30.242235256952487
-3848.7041458944304  -8855.314281171008   1         34.383614673039546
-1190.364020111789   -8247.712260104265   1         25.140629593426358
-9178.152746696707   -3848.2442431477753  1         36.453069816608476
9219.150610668694    -6633.938087161894   1         0.6005420068521824
-2684.4506832652637  3932.526803740942    1         1.1283879158575738
-4835.129284270978   -7436.029969896845   1         12.679643745407873
7973.361159381387    -343.18436118683456  1         1.1184705704488729
-22.861879008122607  -2326.7930642734177  1         9.149121538174535
8383.043540422206    913.4231461147455    1         0.6655107937204309
-7399.274831000672   -6844.18837635853    1         25.295948534984852
-7534.886176684057   2717.222486569566    1         0.4148494582154547
-5942.79793488798    -3459.659058539497   1         0.7037086225139269
-1292.6106380179756  8553.974358771566    1         1.0005733663834797
2783.763888135985    -6537.846584668418   1         1.0604724153835998
-9362.595973023928   -1276.6360324673915  1         1.2474638779263343
4753.1076272863975   8968.203521479849    1         39.46225808547385
-1663.0473997213278  -6885.418571220542   1         0.3708272823388512
8232.281803941183    6217.48229416844     1         44.21635063575295
9355.987185450507    -5605.141501049067   1         0.6256628583819925
1272.1278954920083   8523.472429551775    1         16.475636852968968
4406.801969667895    -6146.089233334159   1         0.8905564587728821
-4204.173205416435   9465.137835185218    1         0.16662028870998985
-8672.087484197622   8469.604939512541    1         13.450595229111512
-719.8772950086437   5685.230374967951    1         0.686727636174338
3002.0090638534803   -7496.423153082073   1         0.6548969547648692
-5183.687282147697   -9491.943427730484   1         1.0867507967863235
-5968.767340371713   -8817.873153822115   1         46.36211881218763
-438.1654166133082   -2773.881232587201   1         0.35132112124519466
4585.533980861076    8380.080420227832    1         0.33425648028002836
-7165.76270922985    -2290.9764096779277  1         27.66870209764015
6444.180087036913    7461.684826930759    1         31.6182152318558
641.937205453422     9041.865876250553    1         1.1397953575175954
-9419.248567849623   3596.5540894140017   1         1.048855685414974
2035.54743055169     6236.668027570512    1         0.4962001414781717
2764.42863736028     2524.5969521619713   1         0.30844239917065663
-3453.0290633138275  -5626.204242244438   1         0.9182785622247783
