trucks_count 4
drones_count 5
customers 98
depot 0.0 0.0
Coordinate X         Coordinate Y         Dronable Demand
6046.424812851037    -5757.604062156255   1         0.48519768916196426
-5921.266183237429   -8976.200399367613   1         0.2738241277688134
-4213.712428495628   -9455.25694434968    1         0.8624583135107995
2909.6474757115      -2238.057741941408   1         0.558073141372342
3217.0571993813987   8652.192112700308    1         24.26394049212501
-7773.670558301231   -4713.909367255682   1         41.660455852212735
-5605.394121288636   -2244.2753667333873  1         0.7659360562207741
-5982.047305342172   6747.9919972081025   1         0.13323458300865967
-3224.4996990193345  8927.118374791593    1         11.966129845533048
-4338.330064357495   -5200.458979101646   1         0.35584975184000545
2977.543334531472    -7750.517129831552   1         0.681439484590651
-6836.694234963623   586.715348978061     1         0.5905903404081009
4368.53585896347     1168.5331997574194   1         1.1601072783098578
2139.410812089589    -6012.424466862195   1         0.8616806381586326
8756.908709720346    -132.15754338590162  1         1.152450766261028
6651.59772841475     -3931.290646170735   1         1.0670909760391496
-7572.782529074133   1264.9460356861528   1         1.220811036755616
-9460.157073612281   -3370.668742885072   1         0.3941234929690405
4946.746995672989    -4224.303300861043   1         0.9570846128691557
-9828.714421144963   3062.032498398868    1         27.25906411951447
-3653.5095892928307  -8227.7289193042     1         0.7161840613526158
4217.716040488591    5800.3885692910935   1         0.9878750894182169
-1402.4361609474508  665.481711754359     1         0.7105584853625971
-475.24363927306587  -9238.239906444574   1         0.2674555357045673
5342.2173813594945   3419.007820471628    1         0.3596604387996004
176.62011292236923   -6664.450535247459   1         0.7059593423393578
4246.288945546536    -8205.997843945841   1         19.578882796353078
4348.198721592786    -76.34012497972361   1         0.40405638714441683
-8277.402185026316   -6662.204847732417   1         0.2136630097471368
-8897.858440896563   3883.6313320705553   1         1.2014590990418381
2389.365850884205    6340.319846790315    1         0.4533597357711431
-7537.986814752688   -352.74380032651754  1         0.935208635633592
-2773.6430813556444  -3058.453765982114   1         0.6162641336057233
-3151.6999961954098  5852.328025925084    1         22.67539399509302
-9430.810419012272   -242.45108689801054  1         0.49788541283669874
-5000.559055456122   -355.74502937953895  1         0.31498502650686866
-10353.849998803493  3381.5351074968257   1         0.8874366771465673
-3331.6260370613677  1885.1490975711433   1         0.9359339340281895
5352.05806254379     -8366.756075007968   1         0.10983855790177696
-10364.625761142946  -1918.823458296864   1         0.6367317997767927
-64.33346191025633   -2054.042260394253   1         0.44559813654477043
1650.8378077278837   -3290.410313771888   1         0.655022924393056
-1502.6903296234846  6237.204824878698    1         0.8390862027130914
5004.127472915732    -5556.721237904877   1         1.0296113819901604
1607.855734582509    7649.0194952098445   1         1.0671051571509744
5878.650244203692    3315.9854032009466   1         1.2342093972868151
-167.6735884667273   -4821.56756574442    1         0.7224039211408342
-4138.160824358883   -9766.340672256298   1         0.8500900064721131
-3660.547578807085   -8727.748841047509   1         5.398906760447775
7363.1789189430765   -6164.098575548438   1         5.786418621206207
-239.4061492582285   -8498.31746214535    1         0.45666088068923794
7781.994049221362    6624.658668666453    1         0.7794695856061788
5183.782545370703    1263.3418513313532   1         1.1023033431435783
-2514.654670779513   8496.817240262506    1         44.144477601578814
5729.167942245629    -4377.164887407909   1         0.6330046121487656
-3988.3374347707168  133.20207045685447   1         0.7552411783722869
293.9128129855417    6777.81682463757     1         1.2338536809842149
-4575.929738070078   2458.129328459191    1         0.2007613563841551
-8139.0168062174425  1206.919553127914    1         0.11276165816199678
3238.7451009616834   6883.31895694601     1         48.004646906998346
2367.034499737061    318.347484147994     1         35.49999942946715
8792.5200027089      -2770.99221010817    1         0.9848763242002293
2653.44413808232     -3439.0442699639893  1         0.9274192406271057
-1210.1483465615202  -5867.986606929353   1         1.208609674309125
6093.504379346703    3702.929406043326    1         0.8229215956188528
-634.2462982533253   8597.565935976354    1         0.9779527324294307
-2509.547849788958   -5500.986058269943   1         0.5454915354435592
-383.3620399238181   5301.741946630561    1         0.6825876513532881
-8004.436993151401   7256.152177289859    1         0.22008684315597282
-2812.5707678420667  -2729.4767234530964  1         0.8824308934009326
-5508.642378020524   380.66435125451363   1         18.703372923818762
-10438.585190147502  -877.2622319857838   1         0.34086542596526215
7400.693592684684    -1706.6532845364918  1         0.25565000350612865
1351.2176970060696   -6351.034105548619   1         21.30353992229209
-1900.1405031296003  7492.300144931468    1         0.5510070175919541
7700.375980075362    -5079.028568445628   1         0.9561863471917735
-4770.434693616001   4595.6542555918      1         0.8957768791689527
-5543.9180297769635  -7651.219124090897   1         37.021676608584535
-8595.526859718377   -4083.0568848851904  1         1.182888642678314
-3101.9556768130415  3148.7668301139734   1         30.4759816211345
9221.484256395472    -5398.14563989719    1         0.5430809687107386
7564.818010578732    -6047.119654395704   1         0.29915547728327196
-1095.5117272263083  1716.953314038086    1         0.15379739264900616
3820.8163528331343   -9774.08285649238    1         1.1535603508989145
6726.428635535599    2990.0060191285957   1         0.19086666839836897
4178.401300305817    9766.294868420777    1         0.4928976460702267
-6556.013747815599   3747.786902465201    1         1.1294645873806197
-115.9876254163368   -10112.782552168073  1         0.5100956379735949
9217.260534496165    4725.515700341224    1         0.29149415332761075
8019.883575845287    6349.570169624054    1         0.1836172073636013
3973.814196382382    -5858.331901292719   1         0.5240430073281231
8520.23499189615     1523.2098027090267   1         0.14181802175185504
2506.497248777243    8461.278921049727    1         0.7680250894771344
6618.279786089177    7377.583556985021    1         16.97857797286211
6098.872071629779    7040.184968925454    1         0.48693431741402426
9804.953032829404    -3325.8830576180635  1         0.36371296332001446
-7001.643027377953   -5227.095834071051   1         0.4513293158640128
3463.819475509318    -5749.601992639895   1         0.8938986554229915
