trucks_count 5
drones_count 5
customers 95
depot 0.0 0.0
Coordinate X         Coordinate Y         Dronable Demand
-10025.556314650845  1110.0361546664487   1         0.7825109708450408
-7552.048895982989   1851.9939334324013   1         0.9554496849251045
-5504.730279886509   -9457.17169390059    1         0.6117451653165545
4460.543977516016    -4418.25447432672    1         1.1696769352787988
4745.4664055567955   -7002.576831461262   1         0.4982412062106073
1656.6477268627518   -7305.20694488607    1         0.3489843846904994
4932.539506223702    6595.658509786137    1         0.32672068757656025
-8678.343061555264   3145.191689498768    1         11.223545058291744
5890.105911968023    3702.0682863646803   1         0.7932580886525161
9700.247538988857    3422.1408425949053   1         1.1270698667145815
-3340.507265254172   9597.126152074828    1         45.74536866137673
-6158.209576793186   -4998.786143203702   1         0.895734362204594
5071.308957456415    -4120.5094798057635  1         0.20668577884433267
-1348.2758296481113  4459.000164874988    1         0.48936423962503095
-5663.567943416814   3566.624167892385    1         0.963962274533119
1401.3489078747361   -9960.622586740046   1         1.060020552781533
-5298.9202236975     3368.718844347395    1         0.8540284917181526
9641.171761612242    847.4577272665183    1         0.4517647775378989
-5876.863356893151   3318.161508471314    1         0.9397719420306707
-173.33611866325813  2669.9727837345795   1         0.13135116900016577
-8954.730788226985   -5812.356171516566   1         1.0990710059020317
-5913.75740539156    -11942.009059851203  1         0.8340123712069706
8517.199561970532    -1631.0671947421806  1         0.5622946165895197
7356.530018091044    166.04888375374676   1         0.6233067204653684
-5419.132959126856   -2938.4338009304092  1         22.021137444976905
3201.431450074552    3714.490051320813    1         0.7880492109389299
-5323.66788152038    -145.9422971289388   1         1.096869396349993
7636.575057222082    -1082.0134160915015  1         0.10175137279675431
-6487.332688405285   2816.3641503726185   1         0.19167642451388614
7410.128985504       196.7408755789778    1         3.598909782381298
-2860.516065268932   4350.201902765717    1         0.38289924159102984
4616.034532033988    3808.7781283397853   1         1.0965457742681952
-7153.346944690609   8277.13114104568     1         0.6764891102417693
-5875.166686845664   -7861.821977213497   1         0.1386682829090987
-5362.640722501055   -1302.553327689532   1         0.7480491007876464
6881.490920728123    -6531.098737424053   1         29.06963559830382
2385.4973492894846   -1164.8672942831347  1         1.0507650157429973
7669.228212434542    -9859.251647014677   1         1.0711825793811225
-3315.449313369928   -5461.250110876736   1         22.32650945267342
-1560.4329956861495  -7653.276953783522   1         0.5649873852611131
-6416.346075422384   4904.376574583306    1         39.83325791280807
6667.571928366173    5567.871877243175    1         0.5720219364659641
5045.299019584312    -385.73496036652904  1         1.0479670326065937
-1847.8686173762399  -3921.160062926297   1         0.24638866912491936
1166.290525513481    -8623.216235867041   1         43.314339757951984
257.6009574861837    -4868.413703775833   1         42.73104598975583
2994.2046272441207   7030.274988069146    1         0.7219973246069163
-729.3593130968585   8385.748348535371    1         43.127194463774316
-6875.715343349982   13697.025369610155   1         37.87757620457564
-9391.037553711174   6980.238959072065    1         1.4669788410093056
398.1557833333263    5786.919258653501    1         25.434254377931882
4765.600998110694    -8058.233521128438   1         0.316468278491413
3982.964330866492    2617.6060202636486   1         0.7519440020504321
5098.606087652625    -1354.563087994177   1         0.21389830743878702
-2585.9566790621193  -7126.391568109813   1         0.8151731413545464
2602.3616818824366   -5662.917108133723   1         0.4579980451511676
8153.955135638769    -10729.119937898693  1         0.8656631818695917
-8863.957709161645   1653.92587213107     1         0.4223144235807391
-431.8117438559659   -10006.64812017107   1         0.5899512379478069
4805.247134964153    -5607.732818116659   1         0.15958147423497132
837.3364093234686    2626.539093711225    1         41.5472699259802
2649.96736388534     6826.877368027946    1         0.44060049012858293
6550.445247084651    2398.618565302293    1         1.158195646492563
-5682.947206906751   -7962.286449263656   1         1.200313560737545
8227.64462700613     -6327.383731448502   1         0.20118995713743282
-2771.0374402415187  -3179.5394464273536  1         0.9374960978788989
5406.8434401844      -7662.017314240623   1         1.2176287685473302
2981.355267060409    -8588.031889486063   1         0.3693074140248973
6503.833940477496    -1209.6584937179869  1         0.6894095136741432
7363.98203393521     -2605.116142794861   1         1.2006164783924982
-2874.3874229280004  6789.574929567279    1         35.77779715570919
-5991.43585174639    -5446.521309735652   1         25.896941333329046
758.1636469649075    -6046.513677287516   1         0.41065831971324307
7704.459296684961    6323.880153029557    1         0.3837333285589982
-417.6393285106078   13649.684759430014   1         21.040764991235633
1156.9380481941453   -5674.37868698542    1         0.8564026224937825
10273.09073027105    3696.852992493473    1         1.1102904749971485
1512.0055260190081   -9532.527621815905   1         45.04568981184885
3797.6505024302955   8272.940872320234    1         41.310376531630496
6898.921082813075    -307.8750676342489   1         7.833424488598604
-649.5915774979561   -10905.45148655588   1         0.854150366752933
-10770.709063437222  342.6314452929489    1         0.829635546066249
-7392.745379302958   -7270.781796809831   1         0.10302194592272111
-1685.5109566050246  -9582.08530768129    1         0.13709064047801903
-336.0182307931455   -7880.208178390877   1         0.8050454030331591
-13172.286331840765  770.1602045244636    1         1.234360860145043
3302.3489303352726   -4487.110704038056   1         0.5000283735003377
-6145.22354394843    4867.0633608477065   1         0.34694615939755924
13805.711526215846   6381.578677112915    1         31.26353933634906
10631.939539637659   1141.7386427836677   1         0.367453168343285
447.930186630316     -1155.332022059806   1         1.070944141112226
-2160.187601202011   -12928.696759742737  1         0.22778607150858615
9273.31653291471     10885.262865525774   1         2.167891371355633
-7909.670264998462   -329.4653582995875   1         0.7301877696237761
5763.59800422449     3600.4681637638223   1         6.207575185166178
