trucks_count 3
drones_count 3
customers 27
depot 0.0 0.0
Coordinate X         Coordinate Y         Dronable Demand
-1826.4849677354764  -660.9908509122884   1         1.0192999117713948
-5333.977864220869   5893.895274671473    1         0.39116465489506325
-5459.664700514717   -4406.44481796416    1         0.5904922233600369
3966.7323620336424   6029.883775553923    1         0.6767779420543569
76.73303823535419    3344.994810401989    1         36.368024252450475
5936.144222558035    319.28427061475213   1         0.6894416087247123
-2074.0372422612263  5365.520264949807    1         0.4341331612212952
-7134.094035809832   6463.708216956043    1         19.35940112169081
2675.8078729244794   -4321.0365064355055  1         1.0166803658485755
5406.152502875514    -2330.2650074405756  1         0.588700841251343
-4197.707145475811   -6824.392024031699   1         0.231534261098919
807.7774096037818    3373.2431559420547   1         0.8093627057547736
3863.240047576019    -5418.247677388463   1         24.07903350893153
3123.0741424927105   1788.2144305054899   1         43.31716985494011
-290.6127077044196   -1109.180486490351   1         22.682943413330445
-3936.3663913749533  5828.8560978210135   1         16.199677136155863
-662.5432581815792   5224.625126525437    1         1.226218174574156
-2469.1718187147326  6446.6446017594535   1         0.9903684345425495
6527.759264112876    -3873.6670864369394  1         21.341584629566256
-5789.282195368877   -4875.978958503146   1         6.137661879067223
-5292.428576393884   2946.526643234607    1         22.494518327875852
-3010.504471502509   148.41303568493254   1         2.3812280391907796
-4967.683817729132   1930.5054718018077   1         0.8948585127944462
3077.230021662229    -6330.01335710018    1         1.2196166801053443
4527.37681970386     781.7957024428788    1         0.3109276318766011
4164.752130512357    6253.5758791001035   1         1.034135595956031
3538.8841508253927   -194.18208341987642  1         1.014928833203169
