trucks_count 4
drones_count 6
customers 88
depot 0.0 0.0
Coordinate X         Coordinate Y         Dronable Demand
4223.563818839591    7644.3135301810935   1         0.13942623388109338
-8390.874287330895   444.58794313150173   1         1.0855115957208463
2088.425275305151    -3385.974618947146   1         0.5513010576166101
-763.4597382396474   7623.621906042554    1         0.6776881848234413
399.31113566536453   -3446.6612287082144  1         0.6653225180249351
281.5879098747608    -7619.20071475082    1         45.99075412157626
14656.627011067336   -10807.106720503205  1         1.1348717926825203
-5511.751354940818   16916.597462611622   1         25.312215550623336
-13080.045683847853  -14885.255614125072  1         1.1519322712357782
-8585.166027317917   4363.195118569404    1         0.6172432650809542
10648.079191358238   -1368.7027984091042  1         0.7248409348920557
9237.71026977868     510.62222263645447   1         0.2750249032260005
-8032.555092223934   1692.5844660084906   1         27.303151053458556
-9502.999647113358   8716.690884749452    1         7.912575517742606
6836.451267235758    -4960.250629660537   1         0.5704460083285695
17164.01958304843    9915.042672627627    1         0.1966390026090865
-7462.773845290976   7232.315614268507    1         10.169399403238348
-413.53862456793274  2507.7207377955706   1         0.4953108459582162
-11359.123805959707  -8194.497263952506   1         15.267003724837233
12124.92818136037    533.6685333260793    1         0.26944155345710474
774.3256769357757    -8930.062102810794   1         0.6266160107949568
8317.282205127189    5699.234527891269    1         1.1569706379076838
213.29719676260356   9581.238873062302    1         27.961301404422844
-7376.055167716322   7487.9974510653365   1         48.59625708967272
-8921.771914734583   -15401.898955595252  1         12.168949700947222
-16610.81743281037   14025.500012324632   1         0.33358085223176337
3520.0385873490213   3960.84290839398     1         0.10585146535724115
-4712.982504398275   9095.261489878545    1         0.1442595220681218
1963.008229979591    -1164.4620008725688  1         0.3773443512237289
2045.688629798804    -8437.255525292472   1         0.7792571576751793
1369.6534294397884   -9270.496860393345   1         0.3468721951678127
711.5706087450483    4108.325467653818    1         1.1381033021704468
16892.75526880847    -15711.62340203659   1         5.35406834111067
1854.494043894094    -1174.6311138309156  1         0.8383534290199729
-243.17599866516616  8217.471965254594    1         0.18751903623942107
-6604.027359172387   -15339.046746633521  1         37.42831930357992
4663.128390249978    -5849.3372721415     1         0.692854339129319
-5091.908637362572   4353.769741641436    1         0.46106199379010904
-4994.412294329471   -580.8407206266872   1         0.16765266079300573
-3465.293116278164   4897.932239111163    1         1.1310937856422971
-2640.6931876163385  7019.757180966467    1         1.2199176710984418
9551.400253671427    -2346.7187866836343  1         0.9273068594129488
-1012.0509775517382  -2804.223272318984   1         43.94550548366428
-530.1696853438694   398.65709579167105   1         0.5391225252910873
-2190.867703132411   -7759.343174461871   1         0.7340165461343071
-7379.339251629935   -7380.011370980217   1         0.6865043491860287
5076.674103823939    -5246.015179736982   1         1.2399141545049066
7181.705917087622    4581.100509531312    1         0.740231606427795
7400.229201429343    -5779.102914969706   1         0.9003866002351537
4582.430148476478    -1742.890818232363   1         0.9644396862438297
1598.1617129627573   -7224.76115098491    1         0.8567630157391988
1546.5368284740434   3958.729497033768    1         25.636570722173026
6046.503738842199    2161.339696381925    1         0.2207924074044823
-8025.026332608564   -15678.92238218711   1         0.15804284842816388
1048.170381454309    2637.075667812567    1         0.1565433179685767
-3120.4469247688385  -280.5010395400196   1         0.16058720614977806
-2529.4045632527695  -7924.773886537583   1         2.482195655648293
-8817.297022122302   -1856.6294479029018  1         21.94972469487075
1467.9441925333251   8405.331782345425    1         1.1127804722005197
-9035.814955206377   -1950.283304793561   1         0.6311068696389376
2006.1291980847227   10388.359009812983   1         0.27080240247445386
-15840.703806479605  6696.926019653492    1         0.6420667969918814
-6335.219633619842   -4900.700405567342   1         0.8844373197981914
1009.9635697476742   -3576.2418248125273  1         0.8857686390587041
-670.2865359602575   1831.0438842575788   1         0.24923587927544885
-11690.975178403962  278.09832784671016   1         36.00440459945999
-7443.871741292212   -3999.549251368309   1         0.9718162510950139
-4072.3176680663482  5258.567568696352    1         0.9288310307624773
5043.253791107445    -3408.6282174256967  1         0.6944628416982714
-25.145460188472175  1581.0780411653723   1         1.01276545631247
-5285.610850137469   -8969.134875885477   1         0.7765456524534646
2129.260047237628    -2251.818916513738   1         0.3451585431689026
6690.216559581102    -64.1855527949217    1         0.19274559617055576
1460.6076711989049   6040.90032917854     1         0.30728324226547743
-7954.909518233694   5945.570886297298    1         19.854155605096874
7543.719123340778    265.2989346357981    1         0.7655838578454527
3253.7020060828304   9424.163986966307    1         9.940597746910242
-7206.543881740775   1270.648938135427    1         0.8988464965921926
8461.78126428006     2409.222342348008    1         0.7020202081398971
2702.52571120765     154.60365395982723   1         0.24262335320683243
8116.085947996853    715.7344021094       1         47.16277318402305
-279.87070301134037  -6939.154057521665   1         21.885113270988526
-4738.161255567813   -7172.882461424716   1         1.0638887350907855
-682.2348773667155   98.18946702167285    1         0.1837814417728632
-2724.9553484645426  -2996.2565969245634  1         0.3646628971952649
-4440.862517487697   -8709.098245502111   1         0.4672769681181732
-7768.79453407677    -6075.950284858312   1         0.38583748436402643
2572.7985863405906   187.9923551191955    1         25.476015791597206
