trucks_count 3
drones_count 3
customers 35
depot 0.0 0.0
Coordinate X         Coordinate Y         Dronable Demand
-4228.521367995936   -6359.811539864872   1         0.18289946893260597
-4958.796196511962   -8320.260472190783   1         0.5362568471074106
5491.378789559189    8829.46706640769     1         0.8614419233627758
5452.700546293305    9093.193154634768    1         1.160355937208311
1667.5522519839806   -9469.127108026274   1         0.8140424371940449
711.819450046153     4326.77518248079     1         0.6575142782841349
4310.580614480064    7572.848002433056    1         0.5200710031627287
5218.615657410062    -1890.6684764135507  1         45.77928686312451
7744.635855000018    6293.480143384348    1         1.2209697295155657
1313.378389026957    10222.424360833382   1         30.60349378612367
1699.1643339699954   4740.44352551776     1         0.4383166679587116
-3821.0305137862724  -3808.9236251098732  1         0.43811823108652426
6055.049952900074    8158.9185491129265   1         1.0969901203901904
3501.8378163211855   5025.535396859899    1         6.389194768117711
1496.9725496273056   -10443.270321785365  1         0.1704449629573075
-1501.7253827248837  -10689.351253420931  1         7.483529210718221
-801.4807521613748   8468.959535622878    1         0.8353002608949706
-9361.778031035934   -1276.5878761386375  1         1.1616387066653862
-7941.416388033501   762.3349934851989    1         1.011555937332175
8391.403169853207    2946.5793143872297   1         0.9717819896507534
-7544.060802979297   -6050.042403660825   1         0.2913635183675136
-9680.966438021938   -1418.8399562546185  1         0.6933991477016648
4127.085907853766    2127.016936520499    1         0.6233292535299215
7235.02138073766     -10724.312527233908  1         0.310985773436398
-4723.130791412579   -8561.868346508705   1         0.3350157406664863
-1019.3103821316662  -6836.95269775131    1         45.68735211669532
3089.951020524003    9549.652886612384    1         0.8627940799140071
1444.0021943355625   1594.3710434640743   1         35.6997024515269
-6180.299725728837   1627.4198286870137   1         8.039805503379299
-3496.147573970301   -9514.53286700678    1         0.8246597093388063
4560.504362444734    -944.7301232024961   1         0.7784466930834532
-4180.747579364397   6079.708561292107    1         0.15452319153753127
-1403.5323920984526  3341.6897223638857   1         0.7512753638899877
6052.3239889143115   8121.8174811768085   1         0.8781085153646511
-1393.573401285471   -3687.6201818387926  1         45.699549193057464
