trucks_count 5
drones_count 5
customers 70
depot 0.0 0.0
Coordinate X         Coordinate Y         Dronable Demand
2872.984140633441    -4800.343519556681   1         0.7526939925427937
3731.3375652799778   -1820.5576891710098  1         0.7544583124069802
-2968.052204748991   -4236.05837444226    1         0.4007835043806033
-8354.090567303412   3964.727601391451    1         26.552005454597627
-7050.5873607307485  -5877.560707037448   1         0.9402745752447282
1675.5325290934445   -5266.409681021942   1         46.156000348724575
8167.2390826677265   3732.090644802261    1         0.5751792101563521
5601.612477610357    -6501.204219956366   1         0.5565687260166341
-6162.670208548025   -1949.471914579255   1         0.1388430437324527
6270.279758383771    7492.677667850944    1         0.7761062789888016
2239.665956962659    -7495.635045455193   1         0.9640450744581456
-2108.294824396164   8519.261974414308    1         1.0484748366655812
-5297.438425749583   7757.794170032943    1         0.89639122745823
-1490.4790822597397  -7913.89021985551    1         1.2310913822802578
-6126.466215069973   -8822.004802008883   1         0.30004052153280514
-7956.961337734351   5547.817005114316    1         0.8208883314653015
-1516.0978210537723  2834.322689819952    1         1.0734837825212753
-7839.142095153207   1957.146688719724    1         0.7508250715156779
8368.311774036194    -807.8468639207235   1         0.4542751373514059
5953.176182805867    677.7181015852768    1         0.2902044413656271
2655.2004373503546   -6695.601469410442   1         1.1741286282907122
1594.6077599639789   4486.4257427737575   1         1.1502387083224406
1910.7414869258046   5560.838601547917    1         0.5548398346392146
-4590.492250346131   1779.1797782671565   1         43.85306826306255
-6290.444957075998   -3184.6065321300075  1         0.6088028765630031
-6287.5508525165815  7504.660383784226    1         0.8715335021154159
-5294.378260126511   756.9647727273376    1         1.164125235248461
4996.637731381811    4086.4660815629513   1         0.5880290047546286
738.1439095195019    -6224.601756622566   1         0.8780350255755502
8822.516917933268    -3594.839911485255   1         24.67157592767901
2683.0721603115835   7658.834842385579    1         0.40805480469853017
-156.32322357740017  875.8267592105176    1         0.16523721179928813
-3443.3920561477144  2262.4972955385374   1         22.600490856397418
-5747.7126839591165  2256.020360356195    1         1.151070294819451
6273.977154148283    485.78529159104085   1         0.5775210905131446
-2883.3038101710526  156.89696637844597   1         0.8741916471664473
5274.957269589543    -2896.4938120610714  1         1.1575546477626009
-3071.762494951101   6813.236206806052    1         47.27279604771511
-3822.399712290715   2722.102728647392    1         0.12055305293873611
6416.011801113856    34.2111980603489     1         0.37088588642896336
-3379.8435601281485  -4057.951401010867   1         47.05415946703931
6725.8838506369575   -937.2844771819337   1         0.2813375547711676
4470.257529072822    4462.018140013677    1         0.42662237719330975
-5051.873901253987   840.880157455827     1         0.3050429707520336
-1027.3105727842237  2849.090662280858    1         0.9771265338681097
2321.0144984206745   4445.765525521536    1         0.7956533731857994
5835.958243027777    8500.03660790502     1         0.98857691357947
-8510.846727100641   -5615.657770654485   1         0.32013323301265617
1420.2360614914594   -6154.407130343871   1         0.2819974365754022
-7129.480873817604   4208.119897673205    1         3.7949267076858475
-441.60719881433187  6343.68222505647     1         0.7480899771315888
-2265.7311262010744  -667.5266818461873   1         0.2508674233632529
510.0261175699989    -7995.132565642705   1         40.605645890405704
-6119.434977917561   791.3996576889828    1         0.13745984973173234
2947.756542501014    3757.947846026524    1         0.21674759662954302
2567.557542186676    3256.935991986569    1         30.060019247149125
2943.027831840288    627.6338827195099    1         0.7862124829691677
-1125.5045972141163  -3892.6931541596095  1         0.7165870296856464
-4816.999454636985   4329.424994477581    1         0.6262722781599527
-7466.988340040818   -4233.185195577587   1         0.40518393212778236
1562.1334922630433   -2001.66407608157    1         26.819257562923617
-6586.530617790119   2174.2387913180746   1         0.40837765864750253
-0.7726624755222046  -1001.0059437172831  1         19.431713736539965
-5491.322645985075   -5364.017720619787   1         0.29421490878554923
795.28714566626      6614.658381655815    1         0.8019544533792832
3445.395904832902    -1858.0175903942925  1         1.2143231392201443
4716.244094894755    529.7681717900294    1         0.35143364268347754
-2638.061139717567   -6912.611966994167   1         1.0382570176045391
2837.7284426391234   259.90510076756254   1         41.94043211152007
-8425.98866674265    -6485.363935460106   1         0.3130680762633491
