trucks_count 3
drones_count 5
customers 78
depot 0.0 0.0
Coordinate X         Coordinate Y         Dronable Demand
-905.3997045458515   -156.82378561195296  1         42.8630041453285
-5672.102601341474   2726.0539091215937   1         0.1437616700948423
-4876.420760866668   4633.973662539645    1         0.6625216239637558
-2499.9976421436922  -3691.5463505206462  1         1.1061921007206248
3454.574347589695    -7775.954709520646   1         48.32358885698787
6087.109045182667    6916.707382574553    1         0.20438362179125308
-7704.879994266457   -3996.896427128348   1         0.9996585801277846
-3493.211095702278   -9736.827063409643   1         0.12234424547113756
-3710.0347353662287  9356.835452985932    1         0.7425411746747496
-2640.1404986697266  8363.925813291551    1         0.8424272762271379
2305.408643115415    -3377.347385753417   1         1.1762188732969776
5674.0080171245745   -7554.936235990177   1         46.38948414674369
-2069.4136756517873  -4078.0699665510915  1         1.9894962943296712
1954.4073319301613   1729.3162854318539   1         1.0637519762714513
-1936.6913273920434  -9483.881316752933   1         1.0729741583800718
-1317.0997168270487  -5191.317855573188   1         1.2471964486284246
-8104.375094682686   -6553.73603802879    1         0.2865648046129946
-5533.190097744484   6663.91524059674     1         0.7506449398261325
-2284.869788572718   9108.893500020089    1         0.5750686859128417
13735.982810677771   6566.450938202808    1         13.027013332832905
-15711.111506103585  -5671.0442902445775  1         16.175245709993547
-6233.24215252699    2936.489398931925    1         32.99960409113727
-9374.47341458721    -3349.617464148352   1         0.28147115597665867
13049.049581584375   16234.65648732023    1         28.922503896142956
-1929.4397976430255  882.5246958113819    1         48.540250967781326
1314.1048502841916   -5083.721519047019   1         0.6143928036192435
786.0784901936571    9969.883759368493    1         0.36706605180235863
2278.5914913342717   -1431.1686888251759  1         0.4379789044364554
-8233.411880818381   1277.1602558751872   1         17.750458957705256
2942.0238859838687   3719.3749261052317   1         1.1658171251620122
446.85141381207194   -4817.962721331055   1         0.8445717408532447
6964.261836424251    4365.486898248618    1         45.89440481448648
-11667.02773051027   13251.921584218217   1         13.946504719422112
-5345.328664276194   332.0160778961918    1         0.7854167714135053
9372.217440811106    4920.142387086998    1         1.0639203354348763
1932.7313888315814   10665.76199858162    1         40.71555608351017
-5382.7050236560035  -1533.6202068381795  1         0.10784020171559287
-2740.2347892434545  5888.346236860118    1         35.12159028522543
5212.197597337871    -2822.526162463623   1         0.2388998479493499
-238.311892866961    -6567.019562855547   1         0.4728418817769683
68.94614189890693    7975.479693319301    1         1.0426374780542451
9525.274873555965    11091.081629226574   1         0.1953437109751257
9165.690241511778    -1935.90797180335    1         1.14358543931248
-4772.99758585222    7481.875439497727    1         0.6518528160936864
-6782.928656416115   -4854.556180976184   1         0.8174422345424176
-7460.862226793515   -7664.49593906605    1         0.5664868353634147
-3715.296624385946   -5842.368046818919   1         0.30388344471461176
15639.42334291435    -10413.70077013262   1         1.204670459258992
-9387.599059292008   -4922.378297816208   1         35.89643206424372
17.425325639851533   -5233.6488834177535  1         1.0475492007659781
51.77285691756582    -9484.504035537142   1         0.10128984915537373
-8256.385158925043   -5502.326063967915   1         0.5422277895298516
1615.918084565666    3113.9819388730198   1         0.7580112718017656
3461.5991629984455   1326.6709785819114   1         1.2433928874830724
369.7292471245538    -9400.796275045637   1         1.3578212114476071
-5641.186361018046   -580.0069723245938   1         1.2115573529243744
-3427.197001248855   -4435.4093151746665  1         1.0525946514960616
9567.018819965906    1178.5081564086531   1         0.2124473343429953
-3729.258891401909   15391.447842523441   1         28.945516710469008
4855.22856594338     -15937.97921486328   1         38.90809686241958
-5371.365752637338   3553.43682822347     1         1.0651443796068711
19767.432247998935   11745.225982028034   1         21.218673825644387
8124.598228555917    4333.150275324346    1         1.0908503987785314
-4560.789469017639   3370.0208390721054   1         44.44293712617578
398.63298230140174   643.3623475918031    1         40.956018929424545
-8086.997138147197   6405.400795600072    1         0.7155434382578024
1417.9765766843539   -231.1219285867498   1         0.1419656384548207
-1174.6680095014594  -5479.702872004475   1         0.20455387677096254
-9744.91626433593    14124.149504102781   1         33.157098888173664
-6697.4980193325355  -327.97387219969545  1         0.25516619102474686
3195.109483695628    6517.807137775873    1         0.8944636605778883
5077.0358980839      927.5292341042933    1         23.342665413584406
-593.9977035605309   8545.407734560387    1         4.047634365040932
-9370.39979459776    1978.8440061229717   1         33.712055621103026
-7999.464886027809   6923.798204395877    1         33.0720914473648
-8972.853214454006   840.427254652465     1         0.33581205805829695
534.81060313208      -3380.8734015546083  1         0.4671387720003537
9901.35317287306     1083.2305381918852   1         0.1355232128453636
