trucks_count 4
drones_count 5
customers 47
depot 0.0 0.0
Coordinate X         Coordinate Y         Dronable Demand
-7315.420774824987   -2577.5582717513767  1         25.01820155996874
5974.180668167343    -620.0082279371635   1         0.20323288586844065
5877.951682420028    -448.6304807415034   1         0.8826656006409203
-7901.470107676799   -1047.3223547260677  1         44.88482129006796
7920.455400539496    6511.09685966725     1         1.060133897018623
-1405.970904574307   -7730.0999444918825  1         0.756239651277353
2023.3812715190438   5551.278822059303    1         23.952936639965117
3493.323598908413    6145.050219976652    1         0.4978660405395702
-2296.758870518119   -8946.445933299468   1         9.956675729362326
5723.719864164734    7989.288828108357    1         22.221180014648784
850.0345609984587    -6935.574325202962   1         0.48819111407462357
6786.458112381967    3188.967974474578    1         0.8961475394142389
1990.2839099608211   -5142.241840139095   1         0.2850364038416764
-2663.0251637158353  4086.9512760605935   1         30.390812308907616
-5733.802820433084   -5208.395188848963   1         41.79473178609457
-2075.936082357237   -402.7453332972691   1         0.29384254779500063
-10383.98934449547   -9458.550464200489   1         0.5456139941698297
-1790.6665964674098  4220.330791064244    1         0.2699123847269818
5301.383704266624    -4074.0489008990526  1         1.2010927315332725
-13415.551990672308  2278.6404262927754   1         22.288823136782106
10288.0244536046     -3437.4448176413875  1         0.7758435259341318
1908.8268664300522   5126.39745646216     1         0.7666622669848043
4508.542331615471    -6960.504926630848   1         0.15788864811224007
-10745.466157020699  9772.263608244732    1         33.00949138951619
-8733.233414036735   -5606.62913712628    1         1.2186346123958598
-5113.544693041045   -10850.02160861775   1         0.8761400152654362
8458.662412932685    -11908.679706258943  1         30.18333338687104
7407.740031669244    310.787678408542     1         0.6975125755990025
6047.3045499738255   13288.542355772184   1         0.8765582873074153
-9302.828174062273   -11950.625656004942  1         0.7166280451843328
4572.560519924635    3747.436624089758    1         0.49130403326652894
-2623.106486869312   6062.596444332925    1         0.725631860275528
-2637.738114409599   775.1034280337909    1         0.18278717952309087
9600.872739168071    -1269.8361234018525  1         1.163514567961665
2630.086142192078    1743.7341869805553   1         0.45376813891418666
4437.333948199064    639.1168516823523    1         1.1913574617074587
-3403.024513517997   -10116.470714702578  1         0.7522688953058808
-2326.9291324403366  -2580.4734078583215  1         0.9737631211919143
5284.515847213073    9396.37967536326     1         1.2300619019086705
7907.472521227927    1856.5895561008747   1         37.56477958999211
-13627.773215075049  -11367.145419337907  1         19.68372667371394
-5580.972776773645   9308.50876626069     1         14.135887214630648
7310.204515007485    12584.516634812135   1         1.0997377946223743
-4149.464039797335   4976.932593687572    1         0.25865875103756114
-10240.981503621992  -7367.588613161777   1         38.7279562366765
2383.253681622462    -7288.413812734416   1         0.13579186075704575
5140.933946338856    3886.839747217376    1         0.6093510316154127
