trucks_count 3
drones_count 2
customers 23
depot 0.0 0.0
Coordinate X         Coordinate Y         Dronable Demand
-833.774229664862    8739.505614260712    1         0.9399295105004613
8510.985362956175    6691.507480444934    1         0.3638829206520424
4842.402524466389    -4745.777155441079   1         32.39877629070028
-2060.2711330912966  -1627.394582159761   1         0.30791244850981947
-1105.8282638521068  8508.166097214431    1         0.2685434821115271
-5668.226642110026   -2845.3707387495942  1         0.14311936083886181
-1460.005518322575   2546.6003087833096   1         6.746116657064135
-1239.7164603404356  8955.642662253851    1         36.63438821661938
-5547.848701964641   -6851.316229859247   1         0.11453406506393797
537.4929407511926    3535.725617880952    1         0.11378911110091684
6471.947405521521    -7381.976282736168   1         29.418235776537042
-9972.043558371577   -2914.8816352227323  1         1.1267617464044404
6169.685990273232    -6040.720879114516   1         0.37206843448704807
111.0611199805206    692.4398471173988    1         38.51127925145017
7514.457604351612    7193.169837750727    1         1.133058751810785
-562.001575301565    6695.911925196235    1         3.7250511960594253
3617.9380601229427   9371.06889779953     1         0.8764899912365693
-693.7651665610059   -9727.413687920236   1         0.7698555034935665
3025.704935767361    -4458.263599094589   1         0.8783334295219689
2034.0956212468693   -5162.103419598556   1         0.9247997519518112
7895.1755205525415   -3176.1309209449923  1         0.9698178215423348
7209.620419574255    -7244.887676309441   1         0.5452318030479523
-18.846864934623202  3543.909730350218    1         1.1750970572061183
