trucks_count 4
drones_count 4
customers 83
depot 0.0 0.0
Coordinate X         Coordinate Y         Dronable Demand
-3792.674665153627   4685.724683923179    1         42.432252273921335
7101.67667706886     -460.9300743543487   1         0.602434792737144
3179.882419886184    6974.890170047976    1         0.9514759020472854
-1236.9596551574652  -5115.749598426552   1         0.6191861855311127
-7067.185591932363   1222.729244809606    1         1.2247714185474488
-1348.1447423239017  7213.581125301417    1         0.8035394214162364
-3705.334380819536   -6489.7549137714905  1         0.37652377878184995
7793.360809197807    -5126.917699703029   1         0.29189551235157374
2807.054289532449    6066.465598472933    1         1.074482335284376
-2285.059112344422   -8235.780245479531   1         0.195195037606986
2500.392152979088    -3655.650741446206   1         34.08995932125358
-2159.992408253619   -3369.193416593642   1         0.4601681752690965
6176.520457688356    1555.6439558741122   1         27.213450988569097
-936.3304216498258   -5899.155883796844   1         0.37911862406069763
7945.822867009586    -2373.9820350111627  1         1.07122486856801
5642.260057748534    7908.808653179523    1         0.4062452845955795
4592.418159204652    -4674.965555565897   1         0.3015943284090363
309.80179930546547   3213.5892476899076   1         0.8518561277446579
5303.916108277701    7237.379343881486    1         13.578274519359754
5070.301090968716    -6163.180131835707   1         5.238590526012279
-2509.699823308545   -4746.607883244771   1         0.5717536831538431
7081.701077427051    5686.848669079816    1         0.26696870465486855
6425.6436593869785   3104.952585306717    1         0.8279792230653188
4139.078969594075    -1213.523779476052   1         0.6540245348182573
-7343.410370232883   2186.246693398517    1         0.7132015153766232
-3396.62642259593    1429.018568735709    1         0.7089745182507897
-7945.811598249746   766.5231940143713    1         29.17239743966242
-7520.5472316061105  -6518.010044180975   1         0.607832187229179
-4363.030958178239   5634.712507253036    1         19.722540635404073
-7005.404151128028   6630.3410357683115   1         0.26815235470721244
4372.811343757923    5057.223011059486    1         26.723504321803762
-4174.1619035500935  8229.599946142009    1         0.7390302587223205
6654.052074782088    -4895.832122263934   1         0.25757153711175085
1714.1446664448638   -2349.725729850146   1         46.99459377201195
222.0594973570524    6513.56637615786     1         1.1222056432622645
533.6678346460841    3440.5392322761554   1         1.1186888928671284
-6608.802913004663   -4369.801510142599   1         0.5296857778198129
5373.262638901227    -4348.112935970524   1         0.260312938886351
-3836.4543137461055  3239.380000341161    1         0.3590423922176864
7107.108097914543    1911.8061161998507   1         0.4065723685675774
-1609.2614569869918  4620.215761598125    1         24.79878984117178
6635.952919887424    3653.4970307493277   1         1.0398212139706637
-5748.414837504093   -7537.479609151006   1         0.7194779971009778
3206.2389951123705   7396.297122612553    1         0.2521199367448542
6642.092917836579    -1146.2513515573266  1         0.37224687328929773
-1622.6939475105596  7930.130164222405    1         0.8189579738112642
6003.499303200017    -4664.071502223147   1         32.82292089200334
715.8707010824617    -7954.157882333555   1         14.700555363935251
2510.9876132330282   -4998.247569604304   1         1.0691996552377108
-111.33079030455391  -5011.968316993834   1         0.4539234109508028
6366.62710229699     4822.574065319268    1         0.3992837796666291
2282.6858550791785   8190.498846874492    1         0.7499716251665729
6698.041508403396    3952.521723763546    1         0.624014345197662
-1750.7029553554692  4551.092675099628    1         1.047255501793821
7258.407021472038    214.04905501468784   1         0.8822980162753997
-4124.620308638357   -3433.459134673952   1         0.44708348006907883
-2310.5053188458155  -7610.692347250374   1         0.6340335800032968
-8416.538904166793   -2016.1124796534405  1         0.5951299070138044
-508.6503747409378   1178.2591705183675   1         10.762731983638025
-3325.595451308084   -4713.812238604611   1         0.28189667784305417
-180.6753122725438   3309.6157019460643   1         1.1269471880562938
5563.775532823361    -4681.069674157921   1         0.7327115155690413
-7518.707107064893   7295.280241189323    1         1.56841815451217
5138.892052894086    -6616.578173308205   1         37.42916295652704
7179.425336061688    -1567.3677817959706  1         1.0273971287943913
-5741.945446927593   1678.4846663809656   1         0.22896017584899545
-7425.039862953792   6190.856696870345    1         16.25705130803091
5659.776447837791    -2739.0229315029947  1         0.13278320214889297
-186.95480623628515  2829.509604299864    1         24.558172963331167
-436.6283697399114   -5630.14869041105    1         0.4434146018438647
4183.32596189596     -5616.2760601708305  1         0.652889700986332
4486.388963167386    -5574.744020353961   1         0.7115470588066984
220.8078034260125    -6766.5166395426895  1         0.40416412133301605
-229.90177700895495  7439.9789169962605   1         1.1604366537116548
-7806.35561857965    5269.771082148992    1         0.3481010232503361
5734.74044758996     -6594.176210008955   1         42.33842189169396
2715.1498284351733   -4101.5519818622     1         1.0382108434605433
5900.854444149216    7145.676735455079    1         0.8097477546957954
5544.772720234874    -3527.409519428191   1         0.3337288786076834
3629.8728641192283   481.8455719742314    1         0.85836029973943
4612.4430327252585   7349.900392151777    1         0.13049253361154914
1620.1287721689002   2033.4741095409488   1         1.187442743884538
800.1013701609781    -1107.2638719999836  1         0.16055415210735996
