trucks_count 6
drones_count 6
customers 100
depot 0.0 0.0
Coordinate X         Coordinate Y         Dronable Demand
85.98126352138901    8084.260366250632    1         45.46867556888704
932.3564012305342    -3531.724290284299   1         0.8190159651061797
-2320.3814109209748  6001.987385332783    1         0.28197178689440616
2461.8616295619895   -1257.7128384311704  1         0.13802758949336635
-5143.367313583408   -5716.01563002856    1         0.9796800830389321
-2379.877825921799   -4793.26813668876    1         0.4448298498721893
7840.198763364561    -3950.058067602654   1         0.5735487040921876
4570.454190787475    8547.909133998473    1         0.9152343494256164
6108.542521415799    6126.789811654821    1         0.3700283497800052
-1585.1637137990656  13653.112841895063   1         33.650756232433835
-5618.846427556415   5259.2949085687405   1         6.236160268467476
-2550.8100113604924  6237.0650801449465   1         0.5039413145662535
-8342.694473558975   -13080.515016490743  1         12.92015550042946
8023.81717947987     -1618.2410803778623  1         27.78311211861719
344.45504668160805   9847.755342657802    1         0.973657789504738
-6300.558585424272   -3276.603494275417   1         0.7268522259966271
-6742.1512510925     -400.8331756655697   1         0.246329569002448
9886.644506745446    -1816.3910232359117  1         0.6677941846478164
-10740.685193140409  14649.85090620207    1         0.1908421110174663
-13089.907551815086  -6391.437155105055   1         41.09155634096731
9116.920475146784    -5110.323963289643   1         0.10690250725747605
-9556.814523019271   -2118.916680782786   1         0.2877622925872402
4926.738343051389    -391.0876248476566   1         0.9644778028156921
-9588.984095091413   3167.0178366308724   1         0.46717973361970866
5082.024795264233    9254.387217525857    1         0.4870527944899451
5063.6623951634265   2581.6039352426105   1         0.535286629319583
-5955.695756275884   7054.766781683584    1         23.825573540457366
3333.7947671576762   -4492.711991881081   1         0.35881833201040036
-1529.720074205632   -13924.76625675434   1         14.048624879002297
-10429.78443487165   -7545.85215902484    1         0.4984745109432521
3572.460049675963    7670.668358334444    1         40.451551805490226
2045.6879466712167   -5614.766117956281   1         1.0202729369879533
3762.3241247420538   -8792.791862786711   1         42.58632518121455
-4205.3557329793     -14649.80353291566   1         0.2039517683597159
-5780.6589032096945  -8637.187676660664   1         0.6906724168645283
-4341.200545904433   -1870.6241480125548  1         17.86140440448181
1595.511863592829    -7718.672757233344   1         0.8741292885701994
-7567.136535586181   -5413.128146910372   1         0.6280314294881929
476.60083489076885   3358.9672759860996   1         43.60257915879265
3521.2159750077017   2836.416776405979    1         1.2361693138522167
-2862.7741200370306  -5610.156307931227   1         0.6137337494622334
-595.6784707635032   -7540.107171998869   1         1.0051344720350432
4138.030932078942    -8895.552044259273   1         24.619182738066137
-9204.558911651917   -4553.554920446016   1         28.008207801040687
9903.745963329513    -2374.5780311102485  1         1.1852119504506837
8505.875424664697    3761.9316274324656   1         1.0117297044468114
9063.373226890157    -4446.374463336352   1         18.747085992831373
-5414.871219359818   -5606.464767224318   1         47.076679527872734
3466.1681021197064   4952.242043571957    1         0.1274385826571
2958.8805880247946   7862.610533285444    1         0.37064099180956145
-7372.936086512897   5361.15811475291     1         34.43291082814532
-5241.571166503424   -9123.478563034265   1         0.24119173779929207
-2428.9453597146703  3813.644559119325    1         0.1855514822210434
4918.546349537005    -5522.055569723714   1         41.36129413655343
3552.827873630681    -6941.578002993506   1         0.7006111831984011
5141.621139012436    -7231.527424519223   1         0.4527212958304657
940.0939110144016    -1422.5223833356833  1         0.5854883663695936
-2264.074036329542   -9293.87696788842    1         45.592957518550776
-144.1225618536649   5216.103910839766    1         1.056207680387078
-3298.8001073158007  8066.51021855542     1         46.886673742567105
3806.828444961299    4300.5884485440365   1         0.5040834597353167
2002.0980336157243   2981.8109809519683   1         0.2770486765399921
4191.516482004934    2466.3224905927814   1         0.7829608026285484
14897.396475932435   8800.868416572894    1         0.11929666427380298
-5505.121634927953   -8883.085105902828   1         15.03926125166657
4232.8663378348865   9376.970427225891    1         0.859265408341342
3063.180542591881    -5471.488258041605   1         0.19065417394253403
-4835.458519144108   -9678.409744935401   1         1.0864410882673563
-8732.130997981321   3584.120250737449    1         12.121586580070352
8349.988920101647    1554.3180665128937   1         0.7317002523258537
4952.894354189472    8455.560402274497    1         1.006282443218705
909.8144334679308    -1466.378456517074   1         1.0781202728500356
3436.184161360038    -5524.964714889905   1         29.99049933079309
-1613.0001391085518  528.5782802177845    1         31.525716276292798
2810.5589963022635   -7843.8498861627595  1         0.30423091762751076
8754.682212074518    8199.09067654604     1         0.27274262935945426
1075.5366325621017   15952.169666753454   1         0.5779442624133907
8209.689919791896    3646.6334465150676   1         0.841821335150178
856.2409473700918    -8606.17150993378    1         0.6236991380895528
-2862.7258163551596  -9987.996117477147   1         1.1212375126590748
10430.460782851682   -543.2195704163217   1         1.0001106702774274
10999.491425207549   12868.627189988752   1         27.62412243036205
6358.248869571128    -5733.852792218663   1         1.1579059497431157
-2469.198830880673   -8722.511538960347   1         0.6491696831744963
-2149.4815548484257  14809.806152553383   1         38.61616670509622
-1937.809785390611   9862.979194020329    1         38.90717891906967
-4115.971648866935   6760.906014474271    1         0.9120068172563073
258.37296235413305   4839.135207691703    1         35.061824301875454
1863.32045697554     9712.78203423752     1         0.6976367338120993
3306.677263587079    -1503.878343393356   1         1.2343083355052298
-6721.577802583986   3622.4485235161796   1         0.2291155981804703
-8642.206524000287   -4890.325149790729   1         1.1152213563470266
-4057.117184237436   -6392.173120775054   1         45.432474112196324
-3872.313068167044   885.5171024885095    1         0.10613222750873065
-2418.2977326542587  6919.073329636613    1         0.8652348925832264
1645.2580720066235   -4104.291369227237   1         0.13906244292755873
-1500.261781915435   94.47030554587947    1         0.7139347816606966
12367.09710108103    4167.979003947976    1         36.54226189823938
-9407.188034920411   1753.0921489667285   1         0.9687280300098906
1271.223276668601    1609.101204408098    1         6.283139164437816
