trucks_count 2
drones_count 2
customers 37
depot 0.0 0.0
Coordinate X         Coordinate Y         Dronable Demand
-6846.013878475363   6937.5565494427165   1         0.365524519722768
-4516.130177678874   7236.9595187109035   1         43.385011126014106
-7623.42834234208    -3531.971315021872   1         0.2703475666030425
3287.7468644777914   6641.757509505255    1         1.1536101036661892
-2273.2320314307435  443.26650424064513   1         0.26079875709155104
5495.3768535766485   1289.755046091121    1         29.06196723831061
827.5557412421832    -2378.561587453488   1         0.934206812868899
2069.1914565280995   -7112.275073354793   1         0.6930421124376394
-7629.722502491192   2762.0111712479634   1         5.736457477177163
6817.1370404349      8411.539710324876    1         0.21941479599223013
367.72427413019517   -4385.10731179791    1         1.1850983152236356
513.0218979543631    -4395.172930997805   1         0.24670235423188244
-1140.805544720758   -2350.7682018989854  1         0.6850903660522718
-2623.616075324938   -3569.4199960683773  1         1.0102685303304446
3187.5507352750597   5584.137653614592    1         0.9123630788914469
-7727.4902296819655  3399.306985694895    1         1.101614837102941
-3915.997465825991   2367.4219776949462   1         1.157842302120409
-8043.880416135692   4981.32150247678     1         0.4369891774828373
8507.028115178255    7586.178029285651    1         0.9627447476602631
4675.111625188354    2458.527370919306    1         23.718345353798437
6437.128753907041    3267.7806232029043   1         0.40042639383825207
6159.697563671621    6201.921261132994    1         0.5749317635663779
-7502.475298179234   1502.007928539242    1         0.9222032717727914
1592.2578811158617   6776.555529059337    1         0.3540343147961261
1604.0374971705482   2785.3378767611594   1         0.3796408384082852
4960.675908754357    2827.5382853028796   1         1.0566325702050297
7717.5157120368785   553.9898750285405    1         0.13091617501608213
8013.430636322883    5419.282578682657    1         0.6692730857229218
-6523.94526732177    -4742.140859803117   1         0.25008336670261977
4855.869127314267    2712.2215269269527   1         44.77813269400359
-4070.6594699481047  8186.544208071156    1         0.9513462910257741
6770.89399349905     -7601.549636826724   1         0.8988493549676393
1180.5216630889413   395.0246845000191    1         0.41867224038141015
-2977.6488522847944  -2098.164626927894   1         11.906265419446264
1069.4045188176235   -3410.6382806271577  1         0.9206888111572388
5313.978531795201    5775.798961772273    1         1.1296789991623417
5996.795811026839    1190.6715462560132   1         0.5703923035610652
