trucks_count 6
drones_count 5
customers 91
depot 0.0 0.0
Coordinate X         Coordinate Y         Dronable Demand
-13435.650722523405  -3489.2243836929247  1         8.369796471274213
-11174.193175226665  -9787.122740895022   1         1.163638416823181
-9118.943180068405   -1579.0983490396243  1         0.2410125218753155
3839.0739921546938   4153.007561249341    1         0.5488606561116357
-4173.527519089099   -7904.007107342061   1         0.5959061383983952
-3589.5675774938272  4751.657581690976    1         0.5071912782683962
4708.29738858002     87.11694144581132    1         0.24572024919183552
4342.2638468633595   7831.205792088217    1         0.8125022929991469
2439.370759390943    -6705.514442915984   1         0.32382644973390917
-259.90096573013284  -2203.1241001432677  1         1.2020218003314143
9653.400031049638    12060.086712180131   1         1.228752567532034
98.13875369789639    -9238.452827974692   1         0.45299370679275885
1138.714150649271    -4617.665478693042   1         0.8814974884009866
2501.7353914769287   -3541.9824459803012  1         0.6725813782844992
-4219.575047835074   2622.283520260883    1         0.5494965393092687
3872.2414917327096   2407.300812889601    1         0.7505244290523471
2633.2111894587206   -9496.814470533056   1         39.55432545887144
-703.9659259500368   -2772.3471701933395  1         0.7522478984938642
8603.284206931748    4514.782208175806    1         0.9215599635654546
3392.425597638905    7945.011034244012    1         43.54388792298491
8303.555513202675    6221.314633736321    1         0.2149978716359137
-11368.103913872033  -338.06676672355206  1         38.543666544363795
6563.204927809769    -9095.001385003668   1         34.42295335154464
8601.21945153226     -1247.9274337532452  1         0.49722774601321285
-4974.582353794584   -7835.63140762441    1         0.7290623365488003
4875.431390968428    -8349.681228008407   1         1.1648621662164238
-12962.04604917804   10068.489013374525   1         0.9140853222305566
-3198.700392974804   -9253.927830867106   1         1.0620417642909679
13538.011780280573   640.1271470744923    1         32.84020766291657
-5965.489677175887   7143.918939196763    1         0.5671753938973082
4365.117302531419    -4575.626308723332   1         0.415730411417751
3564.6575042402537   8088.942444826878    1         44.490552675098115
8229.291307823501    5834.060038981935    1         0.16231769608246033
4173.489461728979    -4494.341984981967   1         1.01251014533185
3695.3558804944796   2756.309092674979    1         0.6472745373682661
-4915.573847972475   8021.804741166066    1         0.9327475445908235
-3087.8305746789842  -4149.443384272894   1         0.8592953989593235
-6539.317352212582   4524.487982859477    1         1.1619467400834058
-1534.2871268304552  -12484.978610817883  1         12.03697186996016
5537.099513456789    2263.1847338150687   1         29.465992551586446
2492.1906139833295   -395.8652472529693   1         0.7377117412685236
5120.646108519646    9582.014477450222    1         35.674848921815816
1745.1264682914045   -10259.07598280669   1         0.9959022938051398
-1036.357839377935   2740.8942026143277   1         0.7735634991845679
-4182.693806868802   8735.232797518012    1         0.12100845448188496
3227.191589240556    -11672.442179872512  1         0.6315768534155879
-11661.84576355097   -608.2207049983426   1         0.48825998489678013
4860.068069531035    8916.649713986264    1         0.45436291104759696
4519.903913450087    8788.392814977951    1         0.4832832087899366
-2719.1786249444726  -3532.093046283726   1         0.7123487578267721
1944.1415838091834   -7675.051273972447   1         0.4881289888260485
-5542.299752076818   5495.477514875707    1         2.6182212321179215
-6741.264858887958   1811.412690392262    1         0.3222445238158327
-5291.771180635092   -1360.5879484889792  1         0.8475369265127564
-4447.0986408769     1265.1140063033777   1         1.0111713300580358
9455.42791338917     -3577.590712777641   1         15.354525667705374
-5066.544625902225   6993.533070623376    1         0.18052664515065545
-6328.585534318773   7631.111780088442    1         0.8006841774094923
7565.461678891046    11.619145457347258   1         0.5824168141369059
-608.525056916569    -7999.088342531327   1         0.3316335430011573
4358.580144825473    -9520.467255604844   1         0.13926035340385834
-4110.992604461358   -2793.1991786554813  1         1.1532599809664696
7490.098669785025    4889.366347872195    1         0.6678396584752958
-2977.7448290450593  -2047.031357032739   1         0.10032506052327377
7253.980713516161    7713.335815319126    1         4.240271364595143
4546.357138121972    3037.284441907609    1         10.759241482303759
2331.842250621046    -6569.090833262689   1         17.456232177154487
-993.7212129109522   4842.447167565878    1         19.383794513921178
8660.677568462843    -6576.746076819045   1         30.92458875977735
9782.649067343911    295.60329234992173   1         7.077043463575189
586.4683609245913    4232.335633741711    1         1.1487698834366675
8295.389176165147    -6397.626210799761   1         0.23562185140284095
-5075.743128919495   -9599.35142688009    1         40.57793905376451
3385.9842310750873   6965.799552186902    1         13.97821311770215
5941.61302431846     12985.846751343091   1         0.8247315522736235
-617.8833219747482   -3852.062653869031   1         38.77441938686451
-4704.744651950241   -3053.2220229476065  1         0.5188306473164482
9353.924894001066    3555.631815000903    1         0.2011793321266812
8768.210027235153    7827.233603903365    1         0.27229698658766943
13309.66395738408    -3912.7021947458925  1         0.7250664252590967
8812.573924751698    -1619.6212010327895  1         13.933643813701517
934.8517778309223    7026.780170303458    1         0.5593799217393395
5782.402221181192    8751.031200872714    1         1.1071595208073381
-613.0461753802049   -6074.406560029957   1         8.946877794086372
-2824.3828951033556  -9920.06422108723    1         0.30313975387580894
-8400.876250317573   -6624.155444888847   1         0.9383379807475841
4690.777754339484    -2313.7503419683126  1         3.4221362968058817
-863.0417357986803   871.0990477713018    1         0.39036620669985067
3884.863500327389    8036.582997874629    1         10.107036290136035
3791.4544846137137   5181.3307224254395   1         8.788576521394035
-3937.48123539251    3764.314562313695    1         0.32605304398250934
