trucks_count 3
drones_count 3
customers 72
depot 0.0 0.0
Coordinate X         Coordinate Y         Dronable Demand
-4160.438971423204   16282.26723186774    1         47.936371992640886
-3756.4697108193272  -6442.421934693715   1         0.26268285059520813
-9597.916884770993   -321.98025593516786  1         0.2203404041680584
-2348.2313411901423  1984.600029005708    1         48.10589673438221
-1237.9761542164315  7294.2446817623195   1         1.0332688084307973
10065.609745582999   -16137.502125306733  1         1.120496425879334
-7609.952097989393   834.2437906791623    1         0.6186085583136877
-2496.895613794911   3807.221522538759    1         6.71996046981413
-19355.813314486455  -13050.578652836717  1         2.2208767959940303
15427.117227129751   11186.25748909025    1         1.1246925297002426
-5649.076358784591   -2593.575251781586   1         0.24660604797565897
-2966.439437894193   7728.519499504271    1         0.6312076052871393
-7572.015375087503   -526.1388491687562   1         0.15283020163628655
-2330.762803569721   6798.44628234241     1         0.28782721874312567
-4400.749411456905   5884.759597001525    1         0.5530885868601968
-5096.195280327906   6570.170510496637    1         0.8081102295028489
7279.813319112239    7999.139278757742    1         0.26150380065216244
-483.75037475989853  -5258.058859312742   1         0.3596145128867775
-4657.799315336889   -3256.628241125637   1         0.6685266965596426
2962.5552543302415   -7944.844167819694   1         0.6913340007074262
7226.676045402552    -2982.4627038668     1         35.856731752629685
9862.288488128419    -6939.597066927312   1         29.23768347375754
-6782.025912981142   3662.472270221918    1         1.0044420448532565
-6683.077135335692   -1420.5334229605476  1         0.1033068432101466
5492.606535992892    2942.5673793208002   1         0.28398885570955695
-5172.657565318371   4833.168643050318    1         0.9435581020850788
-5114.139401353039   5589.4640495293115   1         36.17335852902538
-4598.889885160472   -9313.725745120279   1         0.3146665995345126
5974.712390144597    6850.631253156175    1         0.9535156803102316
-9910.469812036052   -2429.070950515799   1         1.099143282515281
2986.7252654857793   1005.2602472056963   1         15.19882210275465
5314.002674075045    -7966.856628930672   1         45.42043532267964
-14954.322258348051  -10572.890768567855  1         4.225478974961318
4408.404272289226    -4759.713039870762   1         1.2088189710730568
1218.9628110828853   -4562.187964211844   1         0.4613502280978341
-5822.452303234402   7148.587020348183    1         15.801111565756178
-3330.1433504101246  -10091.682377390447  1         0.4601572379630603
6183.31265694346     1385.6462999949233   1         1.1137224719519985
2667.773343256357    -532.704429246222    1         0.8875612471680443
-338.9711898417498   -122.66991895467348  1         0.8752748618538507
-3593.935299758063   -4821.686802174595   1         0.38259230251933884
-3014.988451600625   -6478.984743228228   1         0.42644696402362525
-3965.324658627404   -3248.3661481044164  1         0.19659059571107917
4564.596088991772    1495.2176436789305   1         0.44763259416891177
4779.722778953347    -4404.508733506233   1         1.0625952880077632
2889.3862741160883   8082.190547378394    1         24.624155972147488
-6201.896134336304   -7723.86810666397    1         0.41174751425992306
-6385.446331633526   -2109.0419991870185  1         4.798452297441013
-18195.403261327694  11927.552876431597   1         13.4201591222485
8241.371964229897    7076.210736815177    1         0.9191456076410293
6348.3414249138195   5893.793613927937    1         36.294293292913224
-17260.19386461283   9771.611606589213    1         41.168895755679635
8614.534897044477    5236.671894036232    1         0.15002893123408398
77.91837994380496    -5674.682267246496   1         39.7210407935462
-4427.593968657213   -3350.442744283305   1         0.46569064092709633
-1546.3475543826155  9208.370252687933    1         19.667533232532815
-4352.010667530461   -19254.973162897273  1         0.7478757328329192
5588.522864008312    -4156.957278050808   1         0.7424887180353497
744.031890585297     -2758.3350061973542  1         0.31115916590466086
2623.2488344918747   -11268.730617471645  1         1.1765710070892623
2367.909789528649    -4781.3402863329875  1         0.3730600437231132
4939.42680237881     17494.48456679934    1         13.199646704072705
1310.5010343541853   -1218.7723926646129  1         0.18968657224676794
-3306.4776509611643  780.2182040302156    1         0.8048071677251482
3960.5516816218797   4201.390592702385    1         0.6643729627744508
-2023.9167658805552  2931.492376578605    1         0.4685020234880918
3745.3307227809573   -3736.4050734423777  1         0.6385882492623259
6102.139663759364    6665.827613995831    1         0.5653449477934442
-7431.783516131415   3358.9929232865      1         0.44082790432518504
7739.6249060445      -7316.63738875059    1         32.48106370161973
-2021.0446838808944  3614.152448071229    1         0.754966200579714
855.9195603636632    9074.30346719663     1         0.9327589798443218
