trucks_count 5
drones_count 4
customers 65
depot 0.0 0.0
Coordinate X         Coordinate Y         Dronable Demand
-702.3407970781153   -4204.529716033797   1         0.8349060580218398
6411.295386339155    4529.687641090227    1         45.97828787682803
5279.311685177692    978.2591086640259    1         1.0939781918300664
7657.703820983033    -5876.894952384816   1         36.19316467381671
-1483.447006638983   -6226.494936919705   1         0.551644060493468
910.2953416817437    -6609.67884221543    1         38.88434167058336
-7342.640211474143   -7216.8660387116315  1         0.206057117636674
-5917.3707544112585  -7709.775046481689   1         0.9024878942668727
4766.6419276200195   -4340.018885319791   1         1.2456898920615729
6205.142742403881    7460.702885503889    1         1.0378596822317752
-6206.316849905996   7387.3850006067805   1         0.16919328795681707
4484.387137492372    1241.6336896210887   1         1.2402579916453624
-6866.600752390146   -7027.344429650071   1         0.2996270321037549
4496.562477321581    -3262.767569813093   1         1.1805823197952376
27.289566753767794   6228.93597029427     1         11.251430468055188
-2168.4457028323327  275.78872898271055   1         10.33702206697372
2184.0675794755825   723.9501874731411    1         0.22674664427304222
-4345.233068861904   931.5943808496218    1         0.25187950964715844
53.57792367230564    -1961.2329391497647  1         1.028704219336206
6863.309338054021    140.15458600307647   1         1.8042185540152835
7672.646521674852    -1590.6546981393801  1         0.39736800872942857
5607.974591143261    7865.090873121043    1         1.1328121073518174
4569.369235684593    2312.6562030887403   1         0.26557781802950176
5352.391944316219    2920.9004903735363   1         0.6870013073739353
2032.8737547146575   -448.5102436437778   1         19.171998199588952
-33.912021733594145  -3530.593028591145   1         1.1313458678953123
-4256.29446621855    -5521.349284159375   1         0.4704344128834421
-2911.728019227604   6027.646178347575    1         0.5459498028374901
-39.20499246332541   1236.508024889814    1         0.8127749334408673
1653.6411181827073   4608.868616090623    1         17.126719708596937
462.8689686720471    5441.479049201702    1         45.446317297610165
5546.84488704203     -5633.812344559733   1         7.872139634127803
-376.9371844285339   -4670.854455211005   1         0.66221375869333
-6574.091486308737   -7999.251409168571   1         0.8558983282502773
-5450.787367610144   -3528.1255565339206  1         0.37766183845637025
-4396.681357590678   6418.580841950414    1         0.8333553607045584
-7773.8105573238045  -5016.480993172846   1         0.508783710403187
-8204.635762249874   -1061.2349190858172  1         42.14992787736344
6205.008237462747    -1866.865982896844   1         1.2146004473750205
-3303.926137815314   6780.471426168828    1         28.073937071503767
7632.265737914492    -6871.6625696149495  1         0.35771580587569907
-4379.3730949454875  -3884.0373374484116  1         0.1386428379441302
4003.4320342412425   -2020.5162999610839  1         0.578522790090589
-7891.3547955773865  -1789.3154125359956  1         1.137839926271373
4597.29077777813     5357.3608660609425   1         0.9591804695622688
2305.2949838833465   -5886.005324580439   1         1.024448537217872
200.213367627037     7401.311029399231    1         1.0058566663652513
-7861.374564636126   4494.558114210083    1         0.7428676540423048
-4644.804995453218   3653.786540666308    1         0.6735361898746464
5963.443570830732    -2669.3519245420275  1         44.44473851972264
5578.560248698572    2550.4210626158956   1         0.8698048402300738
-6848.932743415751   -6292.015008299858   1         33.2074529810326
-2613.54440835742    1270.4393472183285   1         0.7411444018396451
6042.113482859563    -8096.418627834765   1         0.7541495702302041
7351.824159636559    271.7477293295942    1         42.82697310631933
5824.162117086374    -2023.411685827216   1         34.57082652788136
-2328.929275011369   5993.956585249664    1         0.1834963647314664
-6662.586847803919   -2422.7249341159904  1         0.9153956919566476
-6802.779133528556   5396.411211938942    1         0.2232001980710293
789.1609797142505    -2353.7792285494024  1         0.47346822424797674
-2189.126864994149   -1627.0234369395664  1         29.0139385848957
-5058.406039308409   1501.1101194404819   1         1.0773466022017995
8196.985934143175    -5440.850799030113   1         37.47821308480659
1833.5884971587748   1645.5027628995995   1         32.3316148017155
1332.739650743202    -366.1530657522864   1         19.205258211958764
