trucks_count 2
drones_count 3
customers 40
depot 0.0 0.0
Coordinate X         Coordinate Y         Dronable Demand
7710.028625167825    4786.053851322306    1         0.15291336339381162
1216.861147665983    -2806.910979741663   1         0.10445826757424084
5102.11857765831     -1783.3745512577166  1         0.48547402010062235
7561.430576853338    -5368.980525574296   1         0.5940614898658062
-10759.565906805281  1681.078867603782    1         0.4578370073583131
-7698.98103443991    -40.1893091923148    1         0.22935212330555685
-2660.625371015849   -4770.701967298509   1         0.4577184358656158
-3247.902712517522   -627.8378140499032   1         0.6494043138914055
-720.1532293064745   -4436.990690160379   1         0.45968845367377875
6743.2381587623095   3410.944380521123    1         1.0899817213791465
-12305.98362731238   -9003.668555595612   1         7.9380312029834945
1413.195709878082    3595.919121363989    1         0.9014272715065393
6745.614939157713    -3648.421243079714   1         1.0694611441900872
3462.5300702777054   2558.097347301061    1         0.34053283642775045
-2590.616915860672   3373.770466195977    1         0.8541773227547442
-4172.6775940491925  -3216.235712883875   1         1.0359763567588678
-1988.525030160168   -4136.543045347335   1         0.8131458871777185
9219.37609630335     -5555.624010793694   1         0.259907688789957
-15372.617751173675  15259.575067654609   1         15.521134835015353
3515.9596166248048   -2388.505153944934   1         26.860866410800167
13768.34052819094    15933.387810955748   1         7.902029993188138
5903.159532494376    -8173.143199144622   1         1.1130801153237224
4779.172411907343    -725.7679259097433   1         1.1918397775702827
-8592.247076288415   2753.508047966223    1         0.7404286798482288
652.9818739346885    4427.826248455009    1         0.4151835247172403
15837.247528676562   2013.1011546406844   1         7.971177592691321
9819.433765528498    -813.4803581196495   1         0.8241464809173732
-3138.22200208056    10312.82772758784    1         0.4602203946143326
1996.3026586074222   -10032.84529456437   1         0.20974757078685577
3503.5617691535954   -8453.524672970902   1         1.0653066142892686
7293.849610185816    -3412.024526473181   1         1.2490496795074562
692.2557652584609    -2663.8443460600074  1         0.9576626467881237
-9024.362599306965   -3159.049228937834   1         1.119814614627731
7174.936233339211    3825.920975258219    1         0.9258878049460546
3798.1369496368666   5522.560072507304    1         20.54597130649927
345.0819062751916    5417.017053796379    1         0.5584385135214819
7352.006746504822    5148.97728779894     1         21.34754006377565
-1638.65691502122    2788.6159488404664   1         0.969835926714862
-1621.9948858665705  -9534.44611483255    1         0.6787637886139692
654.0162548602232    1843.0421998918225   1         26.492757065245822
