trucks_count 6
drones_count 6
customers 94
depot 0.0 0.0
Coordinate X         Coordinate Y         Dronable Demand
-68.02912832273232   1590.4985518295373   1         0.5086400279906692
-5125.952939737091   9133.011595937563    1         0.8799285891588361
6626.202686505403    -436.0235140925968   1         12.655540597888777
-1078.678517746723   -1531.718382357305   1         1.1626599532040092
-6430.652931073272   2351.6842570633735   1         0.8942575179967817
-6814.456514517956   8442.431269488367    1         0.15910638598672933
-9050.033246983137   -3845.3441599410266  1         2.4609082666866104
-3713.520547209364   -7594.249472193789   1         0.7048862802830997
1636.423262009595    -9921.83540170529    1         44.24036264592828
2790.64739133657     -7764.6323938853675  1         0.5769449686427793
6242.592864970471    -205.85716573001002  1         0.6920382146005222
-6187.092892184203   -1492.23231703264    1         1.2063971227213046
4753.774826005623    9245.359900269965    1         0.6554793137766849
-6481.978929877692   -3677.1731477240774  1         21.13601333608435
-741.0414279385479   1115.6522579806406   1         1.1518089934974265
4994.3412354382235   -4157.087562147549   1         1.116820877438395
2446.9869606926986   -10289.778196784098  1         0.7519792928418924
-4423.716984362669   9275.82539188055     1         0.7021251913294677
-7454.922788600734   -6067.866417163875   1         0.31753593428475213
7873.648442753051    -2573.486870214513   1         0.29671393776666893
10539.164713127939   2723.010266295733    1         0.9814721469070504
7417.043428333976    -3919.566486808153   1         1.1997671632142555
937.5118140294275    -7822.213484439576   1         23.895357952138728
-5961.5773117036015  867.2853214422324    1         15.801341539706296
7608.119252551024    2229.8607787220885   1         0.9043091698682536
7743.43707218204     -5290.773564332183   1         0.5369211863398343
7365.409019947426    4214.3522747011175   1         0.9257176357792392
5143.1117946843515   214.19064046086132   1         26.383818703454686
-4060.5485926550164  -688.8692694788242   1         0.5130252352371621
9305.684292330157    1946.3853126365989   1         0.2283155464027665
-8205.278865471568   -6406.089650426855   1         38.38440448805984
-2211.935144430748   -9692.40293807112    1         0.5659120971894965
-584.2698668831061   7119.363197510109    1         26.358165881679586
-1529.5249558471094  3191.4068028301813   1         0.4119491304044046
-2318.9442896569585  -7325.190211256928   1         30.788811680771893
-4078.968624833308   8126.972148849864    1         0.23986445660898223
-9524.468442257215   -4821.508333723447   1         19.786204552154707
2027.2752760266285   5200.044518104363    1         0.576517660566467
778.7355286528273    -7038.011874787333   1         25.894970466596426
-1688.6398419560358  -3.630307019035931   1         0.9567926439418036
-798.6660965700869   -3466.1709544646474  1         0.7665245438987363
-2035.210289573577   4435.111507261826    1         0.5055313803860692
2863.029691377064    10498.812048562884   1         1.170126913562207
3426.7221207200473   9132.96481244512     1         1.016642851838096
7879.262952677471    -1600.147163501244   1         0.8655016278408296
-5191.21646460434    -4456.518330007885   1         0.2608601808225695
-4487.233902853078   -9541.58393450303    1         0.4901874574151499
-5583.325501126576   -2946.4639491707567  1         0.1506710702713025
2269.7258702128584   -508.60697322135746  1         0.6532537575508396
-7950.389850509358   -3572.395214782831   1         16.18886598539153
-2482.4694120724926  6039.464896923939    1         0.4699723584931236
-7138.4707325161835  -401.96115333509283  1         1.0885930504001542
-6960.446661817946   -4772.400160169288   1         0.3007202321321448
-9310.72223176195    -4983.453510662616   1         5.470544850734655
-5023.942511184116   5177.881987628205    1         1.2402423709431147
-2974.1843777174786  6153.629714773884    1         0.21095535567505813
-4142.180593972971   3903.3966846361564   1         1.1019246100879505
2324.6389519536015   -3449.3118850386536  1         1.9518383534850874
1996.1294673942539   5718.385713515295    1         1.1047853783799182
1297.9199790540085   -1736.7781780104478  1         0.8666786064044368
410.29241020479935   -4805.128805035754   1         0.2529185946349165
1806.008180192586    3350.891848217237    1         1.09842244172393
-5357.71479445168    6568.278859446875    1         0.9737044705764761
-284.5530586469249   2685.9214523036935   1         0.39383972690721936
-8741.753055789755   1476.7896881409138   1         0.2718984884280388
-490.53688584211704  4792.669552786123    1         6.209397025013471
-3570.118274564874   8044.616377946659    1         29.72494829403558
-3474.696509827622   977.5779438239794    1         0.3445837989688544
2418.6493176182043   -2903.455961619548   1         36.4895856004494
3626.927851282694    -4624.379069990784   1         0.2812376192627609
-4298.017979918068   9443.69765407833     1         0.22461833041742613
-5772.6947851105915  553.5406271541142    1         0.2840912460550863
-3101.3638631649455  494.3677328007145    1         7.934296097045396
-319.51519063533704  324.56112803547126   1         0.5841651872373531
9802.540227351454    942.019956621602     1         0.2666140458477194
3794.324638273137    -5004.532506082194   1         0.2909591367989845
-7400.017914830012   7029.421301283879    1         0.18198246567099974
-5549.856439376067   -7448.2844060784655  1         0.20615274145110593
2825.781727719708    -2992.839251932418   1         0.7462518018332749
-7714.274514456354   -6476.875907207255   1         0.4345778956069001
10335.664784115359   -2353.7726564179925  1         0.963125916832555
1227.8278214518275   3570.003575422389    1         21.07097879406259
7602.131569150437    9914.545748975628    1         31.263448806588837
-884.0461704804186   -6786.539737873093   1         1.1108223160395274
272.0112823276605    2292.4386386702486   1         1.1069742041501902
-1608.130653374665   4071.2955553045617   1         45.70265223083527
8807.948534280718    -4991.781850236993   1         1.0726150462409778
-3365.8049528310603  -2894.54784170897    1         0.4057925952143774
-2139.8359046761666  9315.126567955955    1         25.89935266841153
798.8306183178406    -8025.235514764518   1         0.44257027382789826
-4248.479892432881   -2300.8080857278032  1         1.008975121885145
-6550.378443071829   -1068.791102767788   1         0.8742731256992695
-4705.585049147849   -700.0448707931901   1         17.382608658497432
9124.967854042843    -455.9801124835981   1         0.6008395524487619
