trucks_count 4
drones_count 5
customers 100
depot 0.0 0.0
Coordinate X         Coordinate Y         Dronable Demand
7341.511497676089    7499.376248131677    1         0.6177689568604103
-5212.768642415674   5759.800346931845    1         32.10840814639415
-768.8930045704474   3264.4563493433384   1         0.25081579037313584
3250.761074016213    8938.47949698308     1         1.2193986943869806
4156.716201991644    -3204.8690990141263  1         0.40956217894002933
1018.8396707919645   -5009.188857218765   1         0.29043702005009536
-6781.758566014218   4043.9989544901982   1         1.131308659305462
6888.622732199444    -989.6500622597495   1         16.647678486483628
8504.422987015958    -3005.0173585075777  1         0.14998405191606795
-3945.826241914963   8488.163927204014    1         0.7487117237788955
-1559.2482207715746  -7216.15692586856    1         0.9468566744917782
-5945.402965212735   -2396.895282661405   1         0.1869031748589843
-4263.236509985496   -8785.624929723614   1         0.2976426421032278
1887.9754612715458   -1226.153191704652   1         1.103992926430817
-7464.257568123597   3570.7608091239417   1         18.35763158934246
-6419.9323657232535  -6745.838896405121   1         0.1843860749071864
5221.50583393198     -7374.235441795024   1         0.5810872318110809
-6221.100916797355   270.20294861496563   1         19.966126523702602
-5160.4380421454125  1047.7932822448342   1         1.1978361596162608
5701.625575102277    3321.254854706777    1         0.19413752207479745
3439.210557119784    -1820.1030342732242  1         0.5362669388588098
-6152.983073344097   7688.782237599836    1         0.1708303900498942
-3387.264187431238   6413.263981665945    1         1.1796401213069632
-3203.1183459595327  4543.860478205879    1         0.4701837799584224
-4923.005473618841   2249.6759981418363   1         1.1268417322530053
-5784.844840608063   -6188.383652791835   1         35.61565053007909
2331.2596881305185   1377.5843021604496   1         1.150809639487777
-4686.135750470173   2105.6020320016696   1         9.400673580370876
-147.94025086829308  -7602.641471324973   1         9.42681330585112
-6725.211313179175   -6366.110017418092   1         0.6666521488846471
-3391.8576531484155  1716.4082387100893   1         43.055556959344
-7504.860546058864   2170.7323145340797   1         0.7667047708636433
-2665.8985144860994  124.99378877750742   1         0.2323176755677283
7399.836611564079    3574.111998714388    1         0.6430676597078061
1695.461812104517    -5534.479203086711   1         0.5299868207809733
-1551.193353342835   5325.284756352962    1         0.1696343225508417
-2387.0424353590392  9075.594745820797    1         0.3228979929960234
-7170.008744519711   1461.6322444961534   1         0.7181054905557862
-2730.4105246270938  1733.0070673032267   1         0.19460346648032445
-1870.8518568311183  1069.0879540062758   1         35.52426979703276
3833.9969543887546   6834.65463617193     1         0.7663633106237414
4609.210895646753    -5404.104404208925   1         0.614729033626512
7872.463728315215    -2711.670207289935   1         1.117270900914088
6494.008088552817    5311.105009961586    1         22.243517697544956
-6820.000277520945   6350.043631448019    1         0.3748994913376872
3990.9322293463756   -5992.898606113426   1         1.0088513874160507
519.8809479840445    -5330.05369885732    1         0.24614183288128608
7792.267874655145    -7017.837795315132   1         45.57921194603124
-4722.488903486648   9130.59363838373     1         0.3540882408968037
-7947.454325604998   -5283.465063415047   1         1.2149825020977136
6240.6078802401125   7165.849744876808    1         7.739432854201662
1324.2439452400806   6308.180343469126    1         0.826108514371445
-4690.056147780647   -4395.589815786869   1         32.64972848349372
3399.721928369431    1893.6447557130812   1         11.207354891005858
-1942.184426865172   6613.419729021574    1         0.9019214939673825
-3290.218596813386   -308.6827679039987   1         1.02951132262827
-3442.700997566792   -7315.187303008288   1         1.193197468997941
4658.616406702762    1547.0517024929643   1         0.8053781667501342
-773.0820020070641   -8088.752216210324   1         1.238991314244103
-2612.0488730461166  -7542.3383395551955  1         0.6117759975641559
-7064.961851848551   6835.9420645855125   1         0.7327684044716906
-6754.142636952751   8387.15921084251     1         0.4687817131186124
-2040.89488415281    -8724.03522183414    1         9.420255213511691
1994.1076975847702   6807.67534863482     1         0.8352515754779458
6749.422999820632    -3882.070226282456   1         43.67183021274588
8439.449314610021    3210.5604043014173   1         0.21803620595506124
5163.4275505075975   -1355.4678094488854  1         0.3378228277538614
-9043.524493304085   -2755.294977273203   1         10.620953576780419
3883.851321134832    8473.564027035953    1         0.9013363068188642
-2117.41109921478    -5937.265012252255   1         0.1826854035003085
-10.989266689280585  -3505.0907271222527  1         0.33501168005507687
6387.8371164271375   2429.7475277443705   1         0.8917331776770953
2884.5157827104417   -4058.5562067214696  1         0.30648198948203326
-0.43203285287930515 604.6728591778732    1         0.34985568421528923
3646.275488570773    3011.8257931153007   1         1.170129989772186
-6304.297895696616   3952.924064586657    1         0.42599166670291255
761.4495747663786    610.8896067319438    1         1.1442791497206253
8534.951445415367    -6244.334103501817   1         0.8812691889970105
-3246.0635777408825  8939.560848008468    1         0.4270137129464493
1256.6287043362836   3029.0346921166624   1         0.1413375513323445
2468.008059776639    -2138.7683135679245  1         0.6181419528609191
-7314.812107071125   2744.24495858278     1         0.17976717035107143
-1551.6992410658177  3221.3953613867784   1         0.5802257572563054
-1806.9632774773456  -6825.199011253148   1         0.60959719985993
1200.057143182739    8285.928027983055    1         27.450078440263567
783.6694387735585    -4008.5017767114155  1         0.260657017410455
-7215.700791682981   -397.37054168819975  1         35.663526093040936
-6381.008588638897   5671.775438294143    1         0.6498886759890267
-3911.1443785115302  -5563.935094972956   1         0.1435125360292959
8923.956654631484    -3930.390685128043   1         12.975004278369116
6097.330248170517    5507.148068782452    1         0.4930717944510924
-6704.718112184873   5665.714721515736    1         1.0489679897532924
-101.50545304303867  9050.035233990606    1         0.24501683056068124
500.31637152480107   584.1708452989515    1         1.0110633308093884
4454.066221805117    6753.43274982563     1         1.0736474893703072
3465.171172144264    -7983.6218532031735  1         1.0667230342375098
3077.829590327317    -5812.530394723532   1         0.6792837381229921
-5244.736110763739   4316.826554048897    1         0.34546827436018457
6127.117469702905    1681.2787276624954   1         0.9265491229356941
-593.9586351661623   -8715.158031499312   1         0.7541979507670428
