trucks_count 3
drones_count 5
customers 51
depot 0.0 0.0
Coordinate X         Coordinate Y         Dronable Demand
-10161.175111033734  1661.9694333816988   1         0.470833218833866
13024.471029913944   -6837.233535444513   1         0.7689171893880072
2263.870985195783    -15488.850715424742  1         0.5686701265886839
-2209.7218978419987  9715.036537827416    1         42.256791067280005
-2125.2841551166357  2566.000568126414    1         1.0679873281995882
2819.2246117093946   2489.8360264137027   1         1.0343713064742925
-5993.080392642353   -6411.510544041339   1         0.9855884493224553
6530.505601668744    3712.1733834414435   1         0.16310797547328776
7906.7674969260015   4053.8823876975002   1         0.26815915093431186
-6431.712113910599   1799.4249609643352   1         1.0400460550418
-7833.267068931473   1761.0806489912009   1         0.8495261833634785
877.7465087759556    2225.3707558145907   1         0.11604817324168581
-11035.761401457863  -4642.921581405073   1         0.10753750669724454
2520.0358603991913   -10432.578519129438  1         0.36805808634729287
5595.358701696694    1915.3329839789649   1         0.7045292130917019
16885.52995092937    -18896.029687856368  1         7.485038777199723
6363.518496143468    3222.8603816085724   1         0.8110960941614243
-2128.62083848166    -5676.642601734494   1         1.098795728872858
379.23251294069854   -4136.3727773636465  1         0.5568292752592497
887.0234581788563    -7232.221711916817   1         0.6811458925136281
-7126.9957743079385  -4873.576535229053   1         0.8274336243666565
5440.397969058136    1301.886909335227    1         0.21756160527405705
-18772.26728159756   9864.665656475212    1         10.184377677772533
-262.3064622199168   -3356.922020987318   1         0.1805486689614164
-1203.9127488478025  5271.206277643226    1         1.2389020398588997
2194.8038096066557   6519.625187306239    1         0.7359976469838898
3155.4118823181284   6488.871630413603    1         4.753975476132226
-3895.06411235715    -8279.88766812588    1         0.2084234407271156
9680.302900177308    1992.4093026038922   1         1.1473423792191764
-6522.429205394559   6006.885723624132    1         0.2230565952686017
8758.916469807402    11.145513279322316   1         0.6161796646109826
-3810.342735822062   -4825.624704295504   1         0.44484650847891927
-7057.4835079227     3535.6708383241585   1         0.3839446765614385
5373.6454258073845   -7620.852805900639   1         0.13618092332700568
18119.0506952593     -3694.028797684232   1         0.2168081186099019
-9601.875210946642   -1985.5014246182852  1         0.30027591865396264
-9269.00444733466    -4355.277983649474   1         0.25046047197009297
259.17312893346104   -8445.660938516256   1         0.16924567250316105
-9698.020939425416   -2238.976776784087   1         1.036739749627371
-2379.853804798473   6694.331695143897    1         0.4911142283168827
2335.444692035138    -9433.243083432979   1         0.11665266145477604
522.4563688307862    -2410.971214130641   1         0.4931471545666687
6011.943362188402    -8589.988659971217   1         1.092425045670581
7341.954132582724    -1091.7967602103413  1         0.1166206188195387
4090.1916765401106   1549.2443319164008   1         1.0400574636428466
5533.561340719704    1095.9674705724003   1         0.5780077360600933
10186.288292130623   -3964.9054562953793  1         27.046803855263526
-6406.730282658516   7832.368218031104    1         0.6450847204034275
1580.0895954457847   8425.4549351263      1         0.11866511767783076
-7157.12009849305    -5770.469969755849   1         0.11291645221923277
-2195.59054338765    -2918.8297968299103  1         0.535949693186401
