trucks_count 3
drones_count 3
customers 31
depot 0.0 0.0
Coordinate X         Coordinate Y         Dronable Demand
-1517.4717651169303  8936.465353932821    1         0.31292910863829204
-2199.6106865169713  9867.539189884872    1         0.7112773182885315
-8668.03816119851    2649.4046046903345   1         43.009321038208995
3108.959744674781    -2074.6387703933983  1         0.8025627965791788
791.0150235353441    -4233.245349728277   1         1.1621058753531566
10386.30159754001    10338.497975503242   1         41.52100083400535
-6592.03684046473    6204.7431720230925   1         0.8883833244684298
4587.2888393398725   5818.352570991811    1         1.1526123426359693
-2547.276919582609   4107.81692771518     1         34.444521559964535
4520.805115798063    8261.064902684173    1         0.7011585725537929
3263.635178134662    -2670.253187121103   1         47.882963734592145
9633.656495047504    4684.6104586975625   1         0.3265900358637795
-4639.303512975472   -6885.596682897853   1         0.8873594736426118
-332.97853453163196  1565.5946988768305   1         38.766962039978395
8088.4695105454675   -7235.41498618685    1         1.10773174136054
-3780.470937320018   -5420.661703244855   1         1.2282066499086357
2195.6066179754853   8964.64579172077     1         34.556015165362176
-6782.880529068959   539.4738505395336    1         1.1239330525529263
-13855.671375965161  12372.839669110299   1         22.81840470285893
-8248.805720806875   -3527.753063566411   1         1.0344418564159947
6961.438940432583    9693.785468985368    1         7.266313601108152
1648.1839272641312   7128.270074033803    1         0.6430217364556003
6688.464789113001    5912.804997438       1         1.1512795490066563
-4515.320437789559   6344.086542472653    1         0.19665089748629486
8148.095260053414    713.4344537462679    1         0.5065818038292447
348.34607240492875   8169.0942848501845   1         0.8452550901861275
-1527.8556924383956  6091.701879660273    1         30.051203346514217
-7300.76772200139    1138.9080002204412   1         1.236130154843398
-12.226704168101387  -1712.4297926285687  1         0.4661854839599743
4991.371786120071    1140.5898598115505   1         0.7172507793064536
-8536.894449750038   5530.1046536100275   1         0.9861395204860199
