trucks_count 5
drones_count 4
customers 65
depot 0.0 0.0
Coordinate X         Coordinate Y         Dronable Demand
-12700.26722772798   4357.472541470228    1         0.585507644374036
-3596.121310737648   7581.604592297948    1         0.35944853476210215
-6720.806064648009   10428.511658165009   1         28.356831537309585
-7531.532295899628   -57.56849282571818   1         0.7207806157715506
9987.152504573196    -6491.340294354944   1         34.5721771437859
-6914.717252216629   2125.8000461794154   1         0.9969290359178636
-815.2410546212571   -9575.30202901839    1         0.978719098046718
-8617.074102713836   -338.8841188553874   1         0.5987310851228755
-4325.978058606104   -63.66951752238492   1         0.1082132757587796
-2321.357057985004   -6057.705531823008   1         0.5770735948258243
-7073.507851634131   -4687.975430456638   1         12.203690080510839
4248.025316386392    613.1743925178724    1         13.347878835874544
4135.654948637488    -6028.991860337001   1         1.2337802969060603
2420.4265534557294   -9235.702569945042   1         42.39037953646314
1653.327173129144    -3332.64222389417    1         0.3496851340475573
-8302.827635336624   -3990.312826570815   1         0.6028658471039349
-6271.925563804739   3857.942123506331    1         0.8827853272005094
-4343.803592921056   -1546.6515431079736  1         0.9846990282237607
-7337.763059128428   14026.526945460913   1         29.427886234926575
-8112.781820883364   -2481.0893526633067  1         34.87286313952052
2137.523551039447    -1175.131398089497   1         0.1146170037690962
13816.39496637773    -4810.299640113944   1         41.55642577323975
-6054.543122794174   -1104.484313311883   1         0.9814533190029355
-13750.605688686112  -5960.957730274036   1         0.5288842910174288
3415.858493329189    -9408.008405152574   1         33.733529895820205
9810.178835608318    4614.554757188677    1         0.39686440985312077
7179.96248445665     -2710.082470414041   1         10.47185035593784
829.4127741549439    9080.962920839425    1         1.0217006549470602
-445.43895350092913  -9697.053263864014   1         8.287836438841378
-3189.856701326062   -8471.38678418963    1         0.5830032244560227
3602.2729179745893   10191.276165678008   1         0.11418804831528132
-6533.729004479241   7311.8115262979245   1         1.166542394207027
3951.713091711149    6623.009885959663    1         0.7800545289099232
-1067.0949755143574  -6345.928240306602   1         0.13846200615661997
-5987.621390370853   7662.781783759808    1         1.2108755348775504
-9503.982852256113   -2697.371335739033   1         0.21898804679805955
1986.783500353742    -7843.920320089252   1         37.95019273776698
-2932.2954122451424  -9698.790731957848   1         0.8577814192310079
-10581.625743311479  2001.8900907413583   1         0.9486705716241138
10121.69151394757    -2906.0071918010563  1         40.438409416605985
6311.320058888896    -2517.159586751952   1         0.29435504986338057
-10142.929755281546  -632.3040391191153   1         0.4515856088741893
-1552.3904654612147  -7471.345510977932   1         0.8756468142876483
1600.053117085086    4799.266632342328    1         8.848490003936133
-353.81681919739333  9146.403255102816    1         0.41439810019385737
-10193.642178828388  -3283.7637073926885  1         0.17945220900508657
-540.6054295016911   3836.529482407428    1         0.5940662038769262
-810.9058692749918   10713.729665962142   1         0.6950713419032049
118.78480025926773   -8634.523680387318   1         0.23170297675862733
-3819.033520391986   7844.545465396797    1         1.1421828778755068
-7833.865928308301   -3075.3851913446715  1         0.5614169771028065
1239.315557885288    -812.3669022346891   1         0.16226525738221131
8764.645613657342    -5588.785752833909   1         0.20004389176187382
13457.275479847749   13770.73545134887    1         1.1784053433418071
2995.0663309284228   4209.924828075369    1         0.8444745960230291
1923.5882111489082   10450.308830992153   1         13.836026470397476
3873.996504267356    -5192.3703522767055  1         0.34065371705347003
-3242.2870096938414  3952.471266265454    1         1.3898866993801304
-6142.867973993899   3295.114747609512    1         1.1337213406309266
-5069.85438902826    3030.163799690929    1         0.20835915007688
-5505.180475182306   -1214.1800548142403  1         0.27388357514476047
4494.747152144782    -1393.4887566989032  1         0.7881690617361504
3867.919608807043    8486.422652167186    1         1.1237253852583693
5022.396467562585    -9459.332749669491   1         2.710752825152203
9977.038693932747    2512.4426744798648   1         0.8911929647762449
