trucks_count 2
drones_count 3
customers 38
depot 0.0 0.0
Coordinate X         Coordinate Y         Dronable Demand
-148.174127443599    -1201.0409749017272  1         1.12075710252085
-4334.262564540118   -2820.172679591143   1         0.7290528708912452
4755.354007931964    7185.971135725042    1         1.0433605134163835
1073.0993881893164   -7011.742350016899   1         0.6073400058843617
6678.451881709677    -8367.139151700603   1         0.6675095841568706
288.1166051981474    -10781.296169350271  1         1.194571072804658
4422.410398368096    -4759.114150702924   1         1.0968597285582364
-6971.662418855342   3805.8009199686458   1         0.8452790097723859
-765.1421856636667   -8168.842014387738   1         1.0693222316749273
-3691.14614947928    -6460.419169180243   1         1.1188876948176019
1342.5827839040774   -4447.11895395772    1         0.681439982218954
-3328.3355246391616  -3918.9508433946166  1         0.18126982563347374
-4724.125425276428   -6661.61833387869    1         0.8986951076406743
929.7406346546959    9292.00454794641     1         0.212509344131335
3921.942012804988    6188.803311963479    1         0.5454369665326083
6439.587152337504    -7505.7072224233125  1         31.81555682229753
5437.11223003392     -5340.740402845191   1         0.3974917970338532
8827.785945113697    2250.343487730495    1         1.0831262148718395
7039.768877105794    6341.540036108877    1         0.9854034367224503
-2919.198455751885   3873.629337006704    1         0.529766133700366
-784.8325859379823   1563.1449891894783   1         0.6994462384212963
7312.007640935879    -10577.242635439008  1         0.3008019904197612
-1095.8818281047422  1064.2098360712216   1         1.0891026114460738
2314.1995408040534   -233.97349988136702  1         0.6742152229506324
268.8776487833249    8514.613364006638    1         0.7375889145824553
-307.9379821476873   2985.460690425501    1         0.2179641177976876
2442.079864417903    13109.97371265419    1         0.800726851398338
6088.843160946438    6019.775966762493    1         1.1793066354170818
-10010.815462850713  3143.476770970231    1         0.993118666063362
-1567.8525898018363  -9605.922297652776   1         0.3018782230777315
1341.0313795411016   1187.5397885254847   1         1.178417833222493
-2043.9358647397326  -3558.928875244915   1         31.09648003547798
-9696.04339009222    3142.0712561675987   1         0.18117730571979623
-222.09108769596605  8473.787118815491    1         0.27181983802517307
-7095.768760401404   -31.950313329373692  1         0.8368458243413729
-5930.994482257585   -5503.1965071727045  1         0.6084800018939622
2938.8113920813576   14931.766612161182   1         0.5703787161522178
-5974.402521931679   -2756.2812909399563  1         32.04816351646444
