trucks_count 4
drones_count 4
customers 99
depot 0.0 0.0
Coordinate X         Coordinate Y         Dronable Demand
6289.812924665577    -5005.2412550374565  1         0.7184631336390361
-5279.63854862033    9586.61226426189     1         0.36251011632407315
6722.960531612989    5053.132201529595    1         0.3540672912105477
2670.2893618477997   899.4261779347484    1         0.13172983848085684
9564.860923623999    4623.527453166801    1         0.6987857122007457
-6215.9815453475785  899.6207950249918    1         0.9838857134218321
7297.601208438644    5382.689299466112    1         1.119579760786206
-1894.689733832159   1118.0296872554768   1         0.8607317679686398
3762.2354615200607   -6545.301655785322   1         0.5603169999186918
-9201.117828854301   5161.732719012445    1         0.2681548501014896
-3208.042979766129   2209.3546015722877   1         0.5454420270512933
-1021.1341353974987  -5903.897373411286   1         0.6423741347649893
1773.9822506007974   -2465.65299072938    1         1.0712762563907887
-7686.029919148911   5326.417279543076    1         1.0857791656189828
-7456.547812977018   101.85580304008363   1         0.6070926757494145
-1732.1968526264027  -2112.47074908429    1         0.6448342641701965
-3987.8005570093173  -6779.873098146396   1         0.2016881888699641
-7259.785612861889   8165.176463953719    1         0.320381399297256
-4452.294226208791   796.9097118457996    1         0.27959045326685206
-5490.24951360284    -6589.682520706613   1         0.10198298883440192
3534.5909991220246   -4196.6241934774025  1         0.3388673262931772
979.2661549646776    5843.778832956349    1         0.9844055239652759
-2245.731761215842   1276.9016073861021   1         0.6119620595645037
-7260.712392309413   -3919.9253292189196  1         36.64369628970523
-2266.7277846406178  2560.267264318447    1         0.8534399124056271
8311.230238065607    3884.9883690472066   1         0.6962138317470864
-7336.656674045511   4644.916819353597    1         0.18243315163777585
202.61525261172574   7880.517237408005    1         0.509792999294185
118.86717349359787   8461.611983445238    1         0.3283213497444078
5962.349531601319    -8856.171720919168   1         0.3169753294974213
7648.234640885817    -1058.6140133769857  1         0.24558048241112618
-203.13087941306114  -7005.357970725392   1         1.0250457913267235
-7418.660619633965   -1923.2174996568017  1         0.632883290949467
4286.17215424138     6390.88027640121     1         0.8453174947329792
-10067.06515687315   1895.8735735507012   1         0.4669693598498049
2525.527809660266    6717.585709484682    1         0.6110465177096612
4930.481526538045    7218.250155279151    1         40.39245647266238
-4668.620648700642   -2483.713832181155   1         0.4914351748244483
-8729.686442068947   -6435.2075586265155  1         0.5729528132198897
-287.3320163164372   8330.60848231736     1         0.42838523163841746
2990.607791825415    8598.588512401397    1         0.15943759900974033
5947.836715651142    -1841.2973825713912  1         0.8126890305940426
-6009.113550564599   1244.2249090997059   1         0.11770655889126905
3157.7686162737987   9464.580094059582    1         0.4869808513631366
-1830.2163569494533  9168.590920492557    1         28.06550428477125
4734.601286454862    9040.908495951382    1         44.007057518032276
-5318.844575175244   -9309.423981298092   1         1.1091220576607543
-332.8674259587884   8859.613806999592    1         0.7309755098535728
-2641.1135533980323  -9210.015179195316   1         1.0726657013927097
2042.9668946390948   9780.876916635565    1         0.31445307080427953
7649.093844373762    6401.32590248797     1         0.7863527288314032
-1315.0700590902427  4882.402460200492    1         15.670774254233883
-7064.674500844476   6271.293337600132    1         28.608968029535202
9435.13575940141     -1263.943772103412   1         35.771689173553305
1281.4658421803358   3138.4538838475546   1         0.7525760893271046
7532.60603655886     -3726.113595421691   1         43.99534990857362
7732.67128120865     6780.4383607372965   1         1.1263947613307534
1298.3689679457082   -7469.759257933467   1         0.361657264183062
-1804.5207942963507  -1430.4251671353782  1         1.0749732795757037
7933.872402412961    -7445.016917952209   1         17.472165015473177
-9049.326313950665   -1629.5739699982762  1         0.31477287350606364
3049.8638170649074   -3631.7545422259404  1         0.6921045823600503
8320.50513680011     -4599.106058133228   1         47.04538082857336
5621.165337709923    2403.880946131456    1         13.073905458304642
-5454.659851414002   7953.768237982753    1         0.36899226530272633
-2536.3295868404816  4892.495964851182    1         20.886212602506788
2348.3295721769928   6402.811432553063    1         0.6758462728276005
3509.5142279612865   -5129.897066412336   1         1.176176790899303
212.6536000478581    7933.867854743247    1         0.6081892924235428
-2714.3521488918013  433.0369531516935    1         0.2799287021799568
-9879.785824552551   1177.9157597166286   1         0.8175186228810792
4025.3418944362347   -8757.686986393377   1         0.1136010275796083
-1731.3374210854865  -10058.291758218267  1         0.7089699799472509
4334.275162779073    -2539.8916895089787  1         0.9469953551414078
-6051.9514743424215  -5008.246742260948   1         0.6298950937948967
4809.347579232559    -7332.735283158987   1         1.1091117135993014
-3585.975977875317   2217.5128008754255   1         0.6409982583109464
-2753.558855320224   -6824.8482673242315  1         0.45609000696383595
-4464.340188785393   8636.692331838476    1         0.9698344431345353
8940.254332042661    -258.595889020953    1         1.0670804526355941
-1296.5496353853687  7571.294671973745    1         34.56732543765644
-9238.392445245347   9589.820939379495    1         34.628481320814586
-4569.757514827253   -8999.756027708547   1         13.413880448451634
-3441.5790287144437  -1028.8753346318247  1         0.2795268998567698
-103.36587322921329  -393.05806733546996  1         0.7508391819776641
-8794.737525348215   5792.415872174922    1         0.1311925435665647
-6543.45230784521    -6246.2132786911825  1         7.158389282759677
3266.037981323244    -8867.663273712742   1         1.1897041825252261
1603.9120395053724   -7353.003835927423   1         45.491952664209315
964.8715637415498    -6779.036998546719   1         1.079948678607017
8010.510128719307    -1459.4532276610523  1         0.6047058382266568
7938.848797360421    -4519.789319988034   1         0.10069502848653937
-4413.949942770197   6049.2945220019      1         1.1401350853222814
-4237.399210899127   792.4740438461803    1         1.2237178904945154
7738.606854597536    3351.0798757367465   1         0.7665279687263831
4694.492701856633    3757.946901473163    1         0.42718043275207096
-7601.1753564484425  1277.3518481190192   1         1.0297474853851194
-3784.2571932210826  7102.40390918813     1         0.6667048253109422
2885.507997598211    -1766.4695249452873  1         0.7944634271263934
