trucks_count 3
drones_count 4
customers 44
depot 0.0 0.0
Coordinate X         Coordinate Y         Dronable Demand
123.78598953053552   3804.3135351770816   1         1.0185470007789632
7864.453158464627    -3006.446415023788   1         0.6082776925005314
561.8052405576909    7277.872297268144    1         0.6461271517902997
1678.590167998223    4590.39339620615     1         1.2237155864927425
2119.7764485632943   11472.706274724      1         1.077196526335856
-5890.094643115228   -4498.254866675238   1         0.7719673094215551
-6112.233150392788   4408.393102968916    1         1.1239225388879082
2135.013322288605    -8852.458179108158   1         0.799244570409379
6078.54022408812     6188.651760803214    1         0.48813013829765806
-10270.183966613462  2606.0561187847497   1         0.7198861070558877
-3514.814707408811   3402.3576387867256   1         0.27816720176502935
420.88180209747327   -570.437538841906    1         0.6186878850334676
-716.3298992497894   5367.771901852457    1         0.9412794438529811
-2688.1561493664744  -7494.521363428207   1         0.33313666629004257
-3715.446099884857   -8734.42958640756    1         0.7705146980933607
4755.711583439701    287.874770562305     1         1.1873293491955683
8177.37718061911     5899.714772904021    1         1.1188310617084827
-4454.002271216844   7689.188607662903    1         0.9528037629204331
3944.7598339649867   -6995.5576606317645  1         0.4432021093301246
3074.5561760436776   -10682.756663491156  1         5.470710418075449
-2491.3743642551653  -11080.934631600825  1         0.7803848714551935
-6491.613194651244   9676.601955042357    1         0.8790780843950282
-2656.794911286213   8052.279497334545    1         27.276140720722584
-3648.6960083605372  -3494.263427164293   1         0.7579139571003556
7166.854787789687    8644.676329097712    1         40.68538129083538
586.0963532245827    8302.510107594166    1         0.8500263554425186
-1023.8220577230238  -8245.661331695008   1         0.948722914122805
-2235.7089078471568  -6318.542055059289   1         0.3000875823447604
395.57816073240355   -1409.3736371510136  1         1.2254217352399746
9399.718975794376    -3766.772253279179   1         1.0856777139020581
7299.732404616037    -70.0574371911402    1         0.7465568632809518
1540.3552221926004   2166.0515469782576   1         15.552455166152132
5708.137618577425    -2932.2650030028194  1         0.70449609963444
-1596.0006023777805  -2540.9195388797934  1         7.133047681170186
-2748.6277664792597  -4382.581730721825   1         0.3618062849375222
-7837.471079198912   -3835.7600641508484  1         0.4482030901566655
1655.1938729549638   -7339.832572029668   1         0.3750718515448599
5940.086496196171    5771.483341197727    1         0.6944110982946371
-8613.412591272116   1749.00835851164     1         0.6227318723951167
1716.6000968976343   4184.893547673636    1         45.36338852512424
-8036.418952544325   -383.95584101588065  1         0.8615543780896199
-7490.72086507805    7564.557260265538    1         0.21698105574037962
6682.587462419396    -1579.8735705889248  1         0.7770505362458965
-4064.17012484563    -4633.443286267434   1         0.32781436032346856
