trucks_count 2
drones_count 2
customers 20
depot 0.0 0.0
Coordinate X         Coordinate Y         Dronable Demand
-7075.847632571891   -7746.437570661908   1         4.541361707690873
-3115.765153644853   -7473.839340744518   1         41.1947330723898
16455.485391783608   3047.916266241209    1         31.78106267929454
-3401.41640550796    -4270.5898124420255  1         0.987328578234827
828.108146183793     12357.537993316728   1         28.78426373690747
5935.007911523484    1995.512077445006    1         0.6987809935394835
-471.12341118124584  -2720.255744070289   1         0.37218903154979077
-9548.342524580541   -14260.748874253142  1         5.059837516274657
-3957.3704915171843  910.9800101908037    1         1.1917347110409158
-15207.239351413431  2644.717622226919    1         0.5732983270509399
-3928.154259752111   -8380.092028868006   1         0.8866851933186227
4687.036941703875    -1833.2475063736542  1         27.23862603342565
9521.204620085804    -2420.188770994882   1         0.9008303379373345
2418.2733436545996   5378.72727056845     1         0.5913013872723191
-3762.632028977579   5143.419809867295    1         0.35094549514172213
6428.053119155975    14101.064940680211   1         13.68597124068661
1755.3341593285259   -9838.464760925359   1         0.7503727527100372
-3123.3395921034107  -8250.14763933177    1         38.463626813809576
8337.269813781519    3941.284805884663    1         0.7322312564129375
343.0127385962512    6085.047709635939    1         0.6694835508151571
