trucks_count 5
drones_count 5
customers 61
depot 0.0 0.0
Coordinate X         Coordinate Y         Dronable Demand
7768.513511208289    -250.53803118602482  1         34.39112388741022
3100.8293523552547   -1023.4463807098302  1         0.3160969297195214
-2297.5339913408257  383.9318276810911    1         1.0739726108687122
297.6176930644049    3689.83085911379     1         0.639936837292228
1000.8222638306307   -5110.9970249943635  1         0.7785268543535415
-7284.5226333652145  -2377.3963600411785  1         0.9482912100616787
-161.18552722450212  -6560.033521580845   1         0.2209487195281613
10179.200528181373   1766.736463489031    1         1.1301219605721462
-3858.504868666417   6495.693322541735    1         33.28918099825778
4632.763844423105    -3860.7515878316854  1         0.8624884489936263
-5859.016544393835   -12984.259791022769  1         31.105380575605352
1165.100893875885    5818.477325688054    1         1.1767746154061078
-5621.336658038268   14604.383087560607   1         0.3083567362279913
4468.032544281052    6784.0772766875225   1         24.85307384747789
12364.785173215794   13227.381821445222   1         0.6405127349828601
12109.536387116605   -6124.223907325042   1         0.6661276138361377
-13859.838296660095  -12645.661104558003  1         46.695821923804594
-2022.287344982624   -6297.193563174416   1         0.4936886911972119
-8417.165999775716   4400.598989180044    1         1.1704701403531068
-9573.552105832396   -11079.987975282987  1         12.62259718306072
5148.586901141927    -9206.234387051423   1         41.54687512411743
-9139.506701903894   -5132.145097763321   1         1.0134190657856326
-5754.980234061625   4143.672550952734    1         0.4043224667925257
6071.991376402618    127.84815368256525   1         0.7276644820637369
-3438.2352534295915  -620.4225149357542   1         1.8349088230373833
14162.026930943637   8940.245832138087    1         0.34533058046278886
-5799.82842805495    648.5579024341638    1         26.068563313579904
7042.72703286543     -9593.401063555311   1         21.866929233301743
-7497.132539530988   6092.860009518193    1         30.114268103355855
7698.194235822939    -6393.573502624846   1         0.27200497232013443
12560.761734031264   16212.78027154706    1         21.055555855976973
-1702.8320795437105  -6448.61951077856    1         0.6743146123640701
-3068.2390518836933  285.9577587388046    1         0.7540966476043456
9365.51207550708     -2427.002945146109   1         0.7729363932012735
-6886.031527141715   1402.461767603294    1         0.2277456430575881
1671.458499905223    9418.86721500441     1         40.93254386308368
11785.697407266889   2888.859390799753    1         28.427829446157663
13250.889260558593   -10856.895530991393  1         22.388872495890308
3634.5491677574155   556.7200347366778    1         0.8144771834768367
4718.515288485254    2371.550809829879    1         1.7811464624881965
-13329.679004522575  -10165.705420249193  1         0.6601196623450761
1739.9277622772208   -4324.616496958233   1         9.091022557586404
2546.8255158339057   -9852.03087933547    1         8.819238499910222
1573.3494858726501   -4162.803813232049   1         35.44742883030409
-286.67638011356246  -5594.078787599594   1         0.6046701160231258
15370.87530740508    529.4205361902386    1         0.6778941155031635
-5602.8388302852845  3277.451163028408    1         0.9855704200043192
3218.8823721605277   -9230.597672376318   1         24.97801334275551
3354.8288686897536   -8031.889184084496   1         0.4981763055019156
-12557.339491384168  8033.976931642759    1         47.87165606371418
4570.912677948892    -8273.877138998469   1         4.089857936741746
4285.705505631268    475.0544459208543    1         1.0807729724014863
-6516.563361562141   -4779.059786292113   1         29.651706573524645
-8235.737817861078   951.5729444080663    1         0.2416630976298024
2945.5319179954386   1116.4106683271798   1         42.348471696269485
-6804.682773540226   -5515.448533110211   1         0.883095296813552
-2654.7213984811942  9501.459522726518    1         5.046203204247702
5455.864681216841    12384.474860290298   1         43.559434014691085
-5691.408641257749   5819.9158979048925   1         1.1341858925019728
1163.9413374343133   -1935.1194288465683  1         35.442714440551214
-229.38848243817483  -1846.7140817636373  1         30.69722718257398
