trucks_count 4
drones_count 5
customers 97
depot 0.0 0.0
Coordinate X         Coordinate Y         Dronable Demand
10737.95967983386    198.14748966302173   1         31.410733620589944
8394.744158869737    -2513.419890986101   1         0.43392782969634835
3607.458003790209    -7874.342250516552   1         0.9444167127650431
-47.3830500374097    13193.751873663285   1         0.9023159628044435
-9055.934637023605   6202.064103368437    1         22.971607527497923
3766.8491001458838   7612.606012460555    1         1.1451130763365276
-4764.030544274479   2863.4289434795046   1         1.218255801517002
-131.89430896968034  -10578.341907806325  1         0.9735842607146089
-5393.240651403818   5283.772700600445    1         0.5185779897388479
5848.837417680024    9021.004630684609    1         0.1165358667014719
-1043.979228002933   5348.106654208419    1         1.1568723977726896
-4189.222611198687   4859.846023655602    1         1.114584967867318
-1479.6802460837853  -458.2894922691422   1         1.0745712195590689
-8746.182255662787   13482.208553540077   1         0.7367082084467597
19500.544781621633   -19304.80300222327   1         0.8634465801015384
-5894.339316931531   4855.090113046856    1         0.6814818481247612
5101.059096847213    7609.966830635944    1         1.0869349042593703
1411.8152189122172   -6773.451552322622   1         37.06411679000348
8050.359466989956    7343.823364646236    1         1.0389755301783108
4169.451177756825    3118.598137989689    1         0.323558323647436
-14307.679159695093  -8923.350809183861   1         33.134135661564315
4355.892835678537    8451.218223780443    1         31.78345882058925
-4530.117369776043   1568.3299552968479   1         0.712562546774728
-10946.27600507572   -18958.57279786927   1         0.6873653015001228
-2874.343050085975   8143.128808932646    1         0.22250392702523653
2796.985111202381    -5962.989065459629   1         0.11655406112795463
17310.34452268933    -3930.8510930521334  1         0.353979000957238
-8449.344145157633   4404.826797796693    1         0.772552557357982
-16707.617224852638  -5507.154349161499   1         27.966082069963587
-1560.1256362589222  7162.816679839456    1         0.7075732448402221
-8620.415463042871   2772.6029131974537   1         0.936662483049493
-7827.055636483472   955.9805758494455    1         0.1611843169669745
3505.0929642728274   4955.311099489165    1         0.9838953300875946
10227.638379738411   14958.434983372754   1         27.00475854974381
6675.845747778125    -448.2743880729364   1         0.7958687286188845
14109.104092691123   -7184.1835262806835  1         28.924263539122112
-1863.332547603231   -7796.110276276868   1         42.29791560953453
6831.890947785101    -10583.012720165741  1         0.24096533748759283
9411.05613092145     -12396.173083152782  1         0.4521414308568834
5112.533165861263    -7883.8113752265235  1         1.2470407111986843
5963.321525666254    3417.941400376882    1         0.263723935085196
-5367.068672019207   -3990.112976580494   1         0.1209193022440729
-7173.998113269078   4534.917777445805    1         1.0580206808230543
-5799.322904387081   6264.26403416759     1         4.926821456512906
11828.340368739347   -3201.5640408829477  1         0.5000339264238203
2359.7985683460547   -5916.573130966156   1         0.40751282468937944
5238.728916376149    2126.6722559524533   1         0.4723109320962775
8909.727648704295    4918.505897644319    1         17.504159365021238
-8907.73322747167    3830.474559038564    1         0.26049463681900825
-1646.0992400223406  -8393.257249735227   1         0.5902884198156084
9842.612681545817    -2143.1101869486106  1         19.883628504545868
-2059.5579152543405  9606.524252261614    1         1.0992088793973447
8658.31878117082     6605.5565414332095   1         0.9335173685381519
6115.387371866743    -6200.709577257012   1         0.6270869341144301
3876.5934456071923   -5902.38423662155    1         1.1999701400359792
-3300.3482682071694  9623.853023260226    1         36.040752092123796
-15441.772359324907  13573.831136766603   1         1.046883192888884
-5591.902812962056   -3710.012357305824   1         1.1532964806447639
8978.210850823036    -5576.323335556666   1         42.050046300842965
-9318.875128505944   -6834.489530590179   1         44.588398657366994
-3128.823830454339   3600.4931805391307   1         0.29533738994916386
810.4890604438006    5549.871907817345    1         21.186276329607217
-4217.866853290821   3035.8553025782862   1         0.39853719287293043
5950.6118139229375   -939.5314954813855   1         0.2766640347050249
-5744.657481564033   -8788.796140336075   1         8.847113695556345
-7500.320249655092   5746.330652498208    1         0.6665761637257692
-6597.241268962101   4853.856081070386    1         0.8834147391364163
-3137.8653140989627  -6001.60812462033    1         0.3359651812081076
-2250.5442426498075  3886.5536850475974   1         28.42740260571923
-1981.173789374222   -2666.0946619514593  1         1.1282282345626646
803.0694936955623    -211.61032448714147  1         1.2306148468907059
-5482.486065354931   5959.512621984646    1         0.4872216848862184
3209.8407424491415   5191.423167441728    1         0.3446613939128861
-8889.138534395599   -6163.786081992221   1         28.404423550872167
8804.804026562477    2796.997732033969    1         26.226113268970384
-1709.3474405587006  673.7828608007741    1         45.150858835285554
12433.775301029586   4306.431681083723    1         35.084961408445025
4018.6553390748877   5078.621052521797    1         0.666268840457978
17907.341031219126   -5011.151418972129   1         0.8994365544185934
16935.525644042114   13868.806345924095   1         46.057507762430184
-10469.885728465299  2910.21953770822     1         0.21086270911247257
9446.524911311904    1432.7166804761807   1         28.308454205351048
-5505.7480199722995  6741.06009171205     1         0.45755526170039884
4178.141619795637    6591.226208253874    1         0.4127355633944003
3750.258240413106    -9261.693516883404   1         0.9106605271641786
5162.997257630104    8890.841701962227    1         19.3792975443207
8512.076539943431    3261.590183145068    1         0.5533703673347551
1946.6519722958496   -9124.853487670203   1         1.0000971310705555
9886.852944952614    982.894854035443     1         0.8758004328550815
9771.534207217093    -10072.835177424107  1         0.23402917257956188
6771.817640510825    7120.140787354851    1         0.4913560724724262
6981.07961280172     3324.86505296646     1         0.7347373288447263
761.176668540927     2265.238644481168    1         0.3303853598555314
4081.9513745630297   8220.629445708386    1         1.1235627388561662
2729.6392097177218   -6420.8114413717685  1         0.36631744553181733
-480.16058156713547  -8397.6242866535     1         0.19686012662494867
15973.870820703378   11997.692697031991   1         8.798981563835792
