trucks_count 3
drones_count 3
customers 57
depot 0.0 0.0
Coordinate X         Coordinate Y         Dronable Demand
5485.656824361193    -5001.692096709969   1         1.060124140586825
-4607.509932952341   -4435.131658000648   1         0.47101429576398957
-6050.599547688863   4159.811446494103    1         0.2739020155669429
-6779.082382176344   -7615.52027423796    1         8.967313317740391
8630.785002192084    -6629.940852690575   1         0.2786136881436886
-7431.421439476483   4275.596699563082    1         0.9005937849579599
-6239.920397172718   -1136.029232072214   1         0.5858698195305186
4602.925389899614    5757.236439681943    1         1.0502671762136992
6124.523065173584    -1813.3858841672584  1         10.639477647791585
5188.793976562442    -4569.216814939096   1         0.9046827559531252
8487.949302274616    2205.4501101562887   1         0.4141451124951243
-1438.8844677874422  -2653.3043413905443  1         1.188460063767944
-7355.9092168485795  -5048.816892639916   1         0.5807995354629498
-4559.9966647347765  2899.9168637933262   1         0.36169376684858956
-2022.9788202104155  -9979.203837120665   1         6.6852540568940695
-4407.013534793484   4685.701944169011    1         1.002347835499846
2383.102163966498    8436.039318907546    1         0.3605411799441073
-1557.5113521907615  -3372.8749186331374  1         0.8927730388860626
9142.710659124066    -5650.854079778463   1         0.7520899011534685
-2139.405066316042   -3394.6313776742063  1         26.687641409506067
-286.6567357250015   -5641.120578794507   1         0.398196667723939
-6337.50947969516    1712.5709529293672   1         0.26384616941024697
6771.807675436304    542.6954411169282    1         14.931661020840734
-4140.487950135357   -1671.7315233233749  1         0.36234240851448873
3249.926900208989    -5762.929077048588   1         0.11023485301414995
4991.277354625054    4614.832307658475    1         0.7747841017976299
4379.650706654113    4035.03599041698     1         0.49606177055448897
8877.134021517766    -1199.1273412668947  1         20.39919090068959
-2277.4343608520185  2512.24538239764     1         0.2593341992393552
-1125.0406364665796  -5476.390722762759   1         1.1968764595426125
-5704.549249994538   4798.417540634615    1         0.96751385117628
-3590.753023509637   -3486.1363363021346  1         1.049060443721495
-1681.0258377477314  10190.473805058224   1         0.14632808818072143
5978.612781576343    -6234.452594720314   1         29.167448615082236
-1681.563690683492   -1012.6331212443305  1         1.0702488513845996
307.33344521765696   -7502.46193496537    1         34.30242597666414
-3324.298637296334   -1756.3373625496658  1         0.9988263193609398
-8326.548663532503   3069.3564630089654   1         1.2110767982033472
-3817.369241242187   6664.282120293734    1         0.3489350458577459
-2338.995789905715   -416.4746751928605   1         0.1689761593987133
6283.566828269109    3322.574751953529    1         0.36031884258478897
-5991.80823517367    3413.3348121726885   1         0.3716239833801117
-3110.594215210333   1206.746813127258    1         0.9569353607502116
10607.690823164248   -1857.1024262299604  1         0.8824797944948527
-3115.793269201794   7673.435028374211    1         0.4121032816541099
-1545.2946333770778  6087.039712979647    1         0.7719207612456824
4763.041939191279    -7919.874038902402   1         0.1433916153563754
-2192.3922009450544  8202.242544021894    1         44.45980614204685
4960.523893137461    -7624.228362940422   1         0.30051539344839595
6945.883831262552    -2078.685862392305   1         0.7382132161759577
5205.384974696966    4431.310848972989    1         29.708127515306803
7372.763339077713    7336.12200661136     1         22.058254539238963
-2128.4765881665435  5087.896615605808    1         1.1464969019868538
-6504.048290151057   -3224.82406625217    1         0.7575318048240786
-4991.17277090395    9168.54773696074     1         0.3130163282709555
5580.660424082466    -9319.217754620231   1         0.1867887277798116
-7107.3555681493635  -2522.202999472465   1         1.1109927992117075
