trucks_count 3
drones_count 3
customers 23
depot 0.0 0.0
Coordinate X         Coordinate Y         Dronable Demand
5715.95308868138     4523.648178759132    1         0.5602449937873694
4992.658230942684    2911.894751061761    1         17.792273967107107
-14.365257208447103  5150.564410125135    1         0.7225664555558728
4988.50344167638     6344.458600572403    1         10.035039150518852
5911.784572967959    2288.18150352247     1         0.5026054484729111
-2052.334144173062   -3698.847700199378   1         0.6791675854006759
2175.4122735500773   -199.54451165603254  1         0.4370282915517877
2986.553184754338    -4994.306531174078   1         1.2128840263957803
1705.4376396597684   -3539.8262387392056  1         0.6951797601571631
5592.70064542328     -3794.4874733769157  1         0.13890493445476698
-495.39544109243894  554.982055305789     1         0.213019016937082
797.9087646263597    596.3580427960469    1         0.7739082491616788
4867.82659098252     -5361.825978603235   1         0.9881044377457129
4785.092694785774    2813.7994817681993   1         0.14786847751804327
-3732.955883349959   -2409.756250935837   1         0.5813069565986015
1198.655698784545    5880.448598427989    1         1.2317568802580698
843.8962759010233    -989.2688644163266   1         45.41826905929802
3856.344655150199    4402.373837841156    1         0.8825311524591329
-971.9506341475648   6130.729946456508    1         0.8932757699161713
871.5079335311575    -277.6798427439162   1         1.2475773153531113
-1160.7657878594114  5682.3981977702215   1         2.4857908472222077
5450.466635239398    -2366.1438912199023  1         26.99313691370213
-2790.9400816179177  1586.501542366469    1         1.1001892171391698
