trucks_count 5
drones_count 3
customers 74
depot 0.0 0.0
Coordinate X         Coordinate Y         Dronable Demand
-2367.2048175761183  -8045.04914351442    1         0.28216320730291233
-2403.993594594845   4807.515403905296    1         0.10340177202496523
597.3752008279554    5748.646510850185    1         0.46812911520685996
4552.306816284072    4371.730639727082    1         0.2688197280932052
-7185.126424072537   -2826.351035613131   1         0.8656544117955797
3474.336650709879    -566.2397095694959   1         0.6229549679667804
-7666.469513415008   -7465.243341573382   1         0.5789787489810148
6200.308461908344    7283.150838040666    1         0.6117350057994648
4683.974335100594    443.4247369057134    1         1.0683150074596088
-7670.604601174928   -2362.856526553344   1         1.0852406216738784
-7302.585758683772   -5476.822221020989   1         1.1841235256943152
-6307.469434833078   4269.304380486468    1         0.3527370176887563
7169.644923666439    2974.002644946405    1         1.1998416731962
-1607.229629534996   -5944.32045659333    1         0.1063839110486769
-3522.5491717959057  1605.2843185325673   1         1.1350808237586831
8150.03701308929     1091.2374535919535   1         0.8756821030990107
-3014.7571541683287  6230.664250963825    1         0.30938241236403363
-6688.6175699997475  5608.273410298587    1         0.4085391810093879
-2201.71535617929    -3980.6455542509516  1         1.2434649361312646
1879.9746871931636   -1379.451701742611   1         1.1010422586542568
-1960.319832164651   4136.680829973155    1         0.38199310848144874
1144.510849947852    -715.1084301229894   1         0.6010426550386139
-7963.804825271736   5586.172878132188    1         0.3978762327583769
3456.9258722677096   2886.4999133906676   1         0.2952543433252888
-384.076116618613    5113.752525379818    1         0.33361601743660985
-6417.20402504364    -6737.426324202226   1         1.2320702858243147
3726.011863324273    2307.461233805126    1         0.5854616852974776
7302.38892931942     2771.8535308405953   1         3.710451061680055
-1632.9902344784944  7401.736808620643    1         1.0643908589572726
1216.7202343892895   4528.138487879283    1         0.5856360760886955
1487.1400750973053   2000.7480647025066   1         0.32005625364450574
-4540.58954955714    1268.0099372833356   1         31.276647302073428
1287.5334161724543   -7958.481824590674   1         0.3169750553146833
5496.571309900237    -7551.240635918175   1         0.7257567774195097
-3285.622877228007   -3382.541720483367   1         0.2909428870541505
-4720.852844223319   -3488.7117761932445  1         0.3217571142356619
1771.014349841599    3393.5390294006484   1         0.7261388533515701
6723.363305385733    -1785.6160435785134  1         0.8597123389220738
-2173.991742436595   -2823.164013117683   1         1.1875765630555921
-3458.193796467486   5158.419964838344    1         0.4852553899249594
4149.260117286956    -5275.433554486623   1         1.0415637063371666
4778.335277985231    940.291672711563     1         1.1340645376389633
-6812.218816227389   2476.7568563303817   1         1.2082161473344932
7146.096453896442    5969.192618100529    1         1.2055191157604535
-6615.205224229322   3278.5427884794735   1         0.9031199688288363
-7670.895668368461   -2579.2526671534342  1         0.7446382456488093
-7280.057099323425   1640.2768774539218   1         0.1241792464088402
-4708.191519884054   -7628.5856361895285  1         40.54486167564603
-6423.860152933506   2879.3877410274954   1         39.344544141661665
6526.500833159831    -3408.193457672488   1         0.4983816152540068
-858.1241101630367   -8284.52613831723    1         1.1820494363633638
5664.7752631874      6590.334625854847    1         0.6867481991489681
-3561.285165453969   1772.5191813546005   1         0.9176607093647658
-3299.3977041245753  3202.331674400141    1         41.356793143958576
953.4826454131945    3271.9642935420075   1         0.4466352932014571
5334.762264268769    -3755.1134232442714  1         10.334425204304377
-527.9903815320813   -639.5457589317733   1         0.9302026499172535
717.3023151426852    -831.5898671320326   1         0.7596699557971068
-6941.192812213021   -775.1183929626818   1         1.0326589224837077
1289.0889120934398   2467.2508202796944   1         0.30977521943428465
3777.0858695711286   2604.7365079254014   1         1.0855034083394222
4106.705123846859    -8178.783544906998   1         0.8373809215327882
5981.042472142597    6601.508742968369    1         0.9306402622319687
-6203.031141871958   4111.973065817125    1         0.8771755785375802
-240.98198431994024  -4861.150289965776   1         0.906227956750579
-3665.538227444148   1927.1650150856367   1         19.399476164645836
8054.408377600612    3907.919303436906    1         0.5404326880652941
-8129.4746688613195  -1065.4891348820477  1         0.9543884867577453
4906.281538791659    5998.699852743079    1         0.25011797020686305
-669.7050970101104   -318.97507807006724  1         0.24660251491985297
-2451.898274886851   2252.4111024243393   1         33.8088625991187
-6455.765732611556   2589.514389104303    1         0.8715217926351518
1669.891728872428    -1897.4152428318662  1         2.9130584428192723
218.96588122111885   5103.272365514924    1         2.414969126255906
