trucks_count 5
drones_count 6
customers 89
depot 0.0 0.0
Coordinate X         Coordinate Y         Dronable Demand
5202.556406883868    1677.861058162526    1         0.7844443781879162
3298.8495176839065   -757.771659905199    1         0.3579357313735091
2180.3959673631357   2477.2522299694997   1         0.41807720875918586
-1765.2511792509886  1318.9503426418732   1         0.14660903569262268
-2098.9612138744574  3294.940387360418    1         1.158560533297287
-3519.7508505725127  1577.2360487065996   1         0.4697668238853795
106.4604450530396    5017.094158211794    1         0.47982082016924943
2455.4374082766726   701.2209852267822    1         24.46018768316533
-4553.954794513206   -1588.3229939976889  1         31.891616243011853
-647.230199276544    -3497.101486403556   1         0.7738026929651166
503.0817509490124    -1797.5118544403333  1         29.351265938885764
2098.1534355513636   1723.96890871378     1         0.8559868906736762
-4979.350304962586   3834.749661875611    1         1.0593191236470776
-5724.755892196195   3555.3515193185676   1         0.16567549712674573
4934.481900690065    -5731.349222214265   1         0.22544395616263316
5200.925110390851    -754.9336977876778   1         0.8453356549019391
417.0561949818773    -3337.509847540593   1         0.2857961562459489
-5636.855163315268   -2608.0916372914     1         31.481790849737397
3316.49427185683     -3489.8661693629415  1         0.35431032425706155
-5720.809760369503   -1203.8081692871199  1         0.8851345055953764
3073.2180297429004   5163.3118118715165   1         0.26310149944349637
4443.280873125141    -4950.5779090890255  1         0.9132552014436489
5724.077494301754    1502.6661166603296   1         1.216073792352614
1798.4393079729805   -2983.9048233125072  1         1.2257355952394675
-3184.364903813121   -3360.254694485781   1         0.36594207020477765
-3303.173013304577   -5792.471024580716   1         0.18061516071978398
-3533.0632457867378  -1309.582050019656   1         1.0608594103743845
1265.6622464765467   -2690.804212682866   1         0.9019248239701984
-533.8813741629829   -3444.5489581329466  1         0.9910056255232035
-2419.930565444917   -5875.967989029816   1         1.2451837974499156
709.2305197601045    2326.8265246721576   1         0.3682256547577659
-1945.2690321337323  -5065.724867984861   1         4.8592844949489375
156.86153229429186   4074.61022228951     1         0.7012940347561554
-1429.6805544170302  4371.56205160736     1         0.7848076986508356
2057.511554164624    5698.326487744198    1         0.14061715491610033
3376.9819027154795   1906.021614836007    1         0.5160887512154092
-563.2336633930662   -5892.1624086679985  1         0.5742526935253424
5597.943623536458    400.10105173140437   1         1.0549155177163707
-2324.7028408301057  2593.3395216059785   1         0.182388756117411
394.4327385653653    -1765.634541741545   1         0.2987671809682413
3490.0718443586347   3.2531221806301627   1         0.6896668469606126
3080.7434215649087   4187.393813349856    1         25.605279244141638
612.0552216379119    3984.922493402012    1         0.5725510793245481
-2779.049542366444   4833.2215349849475   1         19.58191028651596
-932.0519727244626   923.2274098447806    1         0.35896940283786116
5565.361969775315    -3586.873519878707   1         18.50283427424602
3819.3247705887384   -4119.186179512573   1         0.2824209549105025
-5393.376828534069   -493.5883050411402   1         3.5616116508869977
409.7620922277374    2903.326352950967    1         0.420911643745457
-3489.2182615572183  3675.5374982384974   1         0.5728414169422291
-1616.8360922598838  3256.3660080374043   1         0.17709464343890963
1621.624489801554    3189.618401555181    1         6.570274037460929
-966.7815018836042   2518.5548195970255   1         0.12897846286206877
5653.950955855263    2408.9967738645746   1         0.9394410388125247
1539.7414124020588   5389.669775479605    1         0.4396924103677944
-1872.4232655117457  3078.0243589762795   1         0.9896321426101145
-2457.308118074546   1682.3819616972796   1         0.39248928921624415
-1548.968184644965   -2957.008078578309   1         0.6709259060857136
4425.900433635234    2636.6671749757265   1         0.44424256003272855
5450.466935739673    2849.3672661588307   1         0.33226036910002393
-4181.648632363166   165.86496145139685   1         0.5106716312421411
4463.38155419967     -4121.701072368816   1         9.1401163149832
4916.407903342506    3657.9798703389292   1         36.74200236141177
5746.591949254739    -1016.0220973265323  1         1.146842844252277
-2628.988471853036   -5357.940673480648   1         0.6344932711403707
-2769.199976213763   -3596.519768934872   1         32.73276132996308
5120.913454370265    1307.4682363719203   1         0.671911371197025
4419.232280748845    -2532.781703986901   1         0.8932830696240945
1955.6730408339401   -1530.3737535882171  1         48.283947066860314
-3040.505182010418   3890.332031981111    1         41.22069459506418
3003.4641519703855   -3643.092436591681   1         0.4424784232176281
-3300.5762694435293  3379.8032594269725   1         1.0946585355396015
-5434.591726804404   5226.684238511088    1         48.91585259374759
-3666.4342412087135  1085.8740472145819   1         5.215902107712541
2997.815006570224    5293.2454463664935   1         0.9408300325276889
437.81021010157383   3255.799972678721    1         0.7402138645925155
1958.0303413798595   -2336.597194686417   1         1.2209360067506208
-983.5272488966041   4087.9484251349722   1         0.5103664901104675
-5591.931310008489   -1564.716557481583   1         0.2641610585387787
-4577.878122032746   3330.2453194962886   1         0.653470064851025
3097.193572751576    5497.403969721821    1         0.974786478014451
-2397.6676661679367  -804.9369102374527   1         0.49611651500154075
4652.3180407697055   -2302.5341443522166  1         0.34006741963300463
-5249.6717061764475  -4074.424491660402   1         0.4252500584857519
-3978.3748223082093  656.5546795980521    1         0.21143539211585888
-158.99961399761392  -2813.0341002599894  1         0.4328429150717379
-514.8605240593519   2079.7728183107583   1         0.2026987722470711
1534.9244653517148   -2849.527010864494   1         0.7641174645100113
2549.790541826268    1785.9503042644947   1         0.32748101174548755
