trucks_count 4
drones_count 4
customers 99
depot 0.0 0.0
Coordinate X         Coordinate Y         Dronable Demand
8203.009493004305    3552.4930552357614   1         0.6820668883688885
-3860.5958331793436  -8230.07497224166    1         0.7844137969144854
3402.0785475906014   3010.8872168337984   1         0.2144228304481236
-5412.686790968303   8888.132792031176    1         1.0314841336598
-7678.289608921956   9519.892213711944    1         44.53064665008012
-3403.3639240683697  -10230.658692976102  1         0.8942137146275699
2805.3200235861477   -7705.39612737442    1         0.8687233433496943
6843.8981338945305   -1953.712712679168   1         14.319985560278173
6135.513742287372    6436.808745657102    1         46.48406309729224
8822.738976238095    5897.8395929305125   1         13.766085980976117
-4667.807226521502   8266.647032447294    1         19.66161081885163
8926.088939893634    -1138.4087543596113  1         0.7000581683447661
-527.5636880563156   3991.3264435686788   1         1.0170088226782377
-3626.3483926116514  -1570.635433462765   1         1.021580172232823
-7646.558945340493   2397.823744965243    1         47.172289971737825
-7313.030619849863   -4922.519430668524   1         0.2858187059609021
-3131.3513281781434  -10109.98236607872   1         0.24140238890980628
2510.486781955333    817.7352516167078    1         5.859595716858716
-7476.502431745171   2341.05182986851     1         0.7825418867930051
-892.3886305402978   6720.371372857076    1         1.209500658663263
3569.02119621025     -9833.790019972444   1         0.7856179725328085
-4695.520164225846   3626.985272055628    1         0.16075105694842495
-4589.6830665665175  3856.5780461722948   1         0.3170872924037943
-1254.9296041045418  -3313.575758459121   1         40.640918861517974
524.0125243515245    9239.78357150016     1         42.478785477939155
-9649.740713124567   3890.106080764166    1         0.44674597543565253
9945.7930689013      583.2908598155627    1         1.2433503206398049
-114.45010414696085  -8995.003861825533   1         1.1830648449924213
-5831.038833352164   5295.498314836393    1         0.5124941773614694
3404.808666016805    -7341.494356540613   1         0.12486617804703877
885.6412432217658    6760.162388449131    1         0.6391996657633793
177.2451125573425    -5985.031141907622   1         0.16973188057541802
5485.502047013066    1144.2076614357884   1         1.2275526709297673
-8227.199490200528   -15030.115819612342  1         38.77761345074105
4043.667486159241    -7870.007130524525   1         40.32584696661755
8834.71923216242     4200.328707859147    1         0.7776515227403415
6525.326527097728    1347.9627668259564   1         1.1014861142185677
-231.83309083707954  -3273.273431071267   1         0.21323393303543686
-4412.311459310701   3288.7233640608556   1         0.7535148544053274
4067.5463514619223   -4044.33420293014    1         0.7355674977933255
11968.92560127531    10210.725655525763   1         23.467335224493514
-6566.910685257357   -136.52850083553557  1         34.98943262191261
-151.5516731641983   8484.270724275975    1         38.05422150538168
-3169.760896475298   5706.591502438851    1         0.5294649960367752
-712.3715874725193   1409.7076771889115   1         0.7544697533775514
1203.5647516954402   2332.1640376416985   1         1.2260879815821606
2796.626504592306    -4694.499031235195   1         0.41240194388911333
-6895.154260589295   3979.9756782210875   1         0.8903061578940616
7656.343567892468    -4141.655541955054   1         1.056800272588099
-4814.735770891626   -7621.918878160174   1         0.8521929869092785
1480.364742030003    -6276.937839862807   1         25.947507613955274
7874.026739261156    -5685.991584846123   1         0.2743955416582874
9127.555816433764    -11630.456927210987  1         10.431367449028143
3288.3470612185665   -2864.0242606951983  1         0.46349370460859596
4045.87689608881     -488.90917236031083  1         0.17270125267088787
-6036.216236266957   1036.368957009931    1         36.75493794669502
-8738.128817991725   6455.84856713768     1         13.02351126170289
8150.827041534341    -2653.196823915649   1         19.494744168224134
-149.9459476095127   7424.465559807958    1         3.645353135983161
2925.2379915487336   4038.6630817425175   1         0.4900326896061046
-3025.263000843768   -9616.632634683532   1         0.8211769935850025
-1681.2062138017193  7576.562012396029    1         0.9291648455477031
-7210.955352265998   -21.480970592851897  1         0.9474521183534574
-10700.62966808538   -37.326860852735244  1         1.1825743784204252
-1775.5731601409511  -1187.9566922064444  1         1.241623080124744
2142.370693625586    -7112.869226695381   1         1.1207549976769295
-13517.515566334449  -3631.077881215553   1         40.81266073620501
-8049.017028018575   5213.103743967165    1         0.6273603226053035
6860.82037439568     -13178.692011984407  1         20.239855641122897
-2880.8323754034677  6513.905038555717    1         0.9709070305055744
-8830.001158748886   -5473.275740428699   1         0.17813301220789665
-3168.857245504764   2577.401901912372    1         0.17138042264169429
5715.510031960288    -1005.7809902695794  1         1.0090965430072047
7807.347762273272    12432.950698525125   1         0.563250653416995
4992.9509098875005   1253.981074530351    1         0.199858401879436
-5277.131368854625   2758.721409853628    1         0.3293590426547217
-1514.1924975283564  6722.21949476641     1         0.13808313969110544
3418.85393529988     4131.68628125033     1         45.48536438687778
10127.992059625734   3579.5191156980286   1         0.28617408474036654
-1761.2434205711395  1232.0016057909518   1         0.3575304215857684
6396.1526115045235   8568.467895236574    1         0.5455124478148748
-4489.830392952583   -11004.570900934677  1         1.0603216743407327
4111.09834754037     -6306.584952689254   1         1.0792112957541984
-1389.2882614378225  -4276.040001310906   1         0.3311994589600903
4594.288812548541    -11165.610770103642  1         1.0962698249369507
-4650.702118720608   7846.548849084174    1         0.9708491365882036
5170.142237958987    -5149.138056572217   1         0.7109058536189282
-2979.2040358975     7041.230780658171    1         0.6910681670004601
-182.38584142561274  8396.996767531577    1         0.5903699247419189
18.74994075950416    10442.395733567508   1         14.690693655367514
948.3844061242577    5167.547956445625    1         0.42613847635847846
2300.9815408684553   8063.512806114253    1         0.7192210645143546
-3574.150160390203   -5481.707082495663   1         0.773525149788046
-5477.086703366744   -7601.807367235913   1         24.972089272895523
-5522.629878512449   -2222.787988748348   1         39.6915495063892
-6160.76135457881    13698.674335589552   1         0.13293121465331784
9205.538616153925    -1600.6409652182288  1         17.70712210484959
-6336.637365010374   -3667.5258192966744  1         0.529533506784025
-8636.0540698162     3446.8353304049415   1         0.35574724623255904
