trucks_count 5
drones_count 4
customers 51
depot 0.0 0.0
Coordinate X         Coordinate Y         Dronable Demand
4771.055945536144    2358.8282310351287   1         0.6180331875708454
-5264.350364847782   1597.212410633301    1         0.9534534354785128
-9390.777487481742   3313.6974426551296   1         0.7611479186788622
-9834.340887422835   -375.13092939451343  1         1.03610319454503
-2165.488555860051   -15164.95168097505   1         0.10123704782410514
5679.283415171577    -9034.553743470415   1         0.7372652521594516
-9962.058971281882   -1692.4327474093768  1         0.12486359225744702
4527.509733390482    -6221.6348395801115  1         0.35767772429845957
5891.663138417609    -2216.6287328175317  1         1.1382149074971408
-10267.673156944154  -888.344285678676    1         1.187127507496368
-10759.587048817666  147.56383509943927   1         0.6878746956887337
10185.269393077755   273.7781120901358    1         0.7407306949449683
2943.190083732959    468.6898451070157    1         42.35223710456859
1744.1637134236976   -9935.055902262337   1         41.397892452612574
-11855.617615619172  -14367.878233702713  1         0.5896605789589577
-7526.919962054356   -599.1969701854562   1         0.14646577481901757
-2048.0353882852223  9335.367192160385    1         1.2465176878595605
-4081.7174086566074  16.11596697989479    1         1.079690147267461
6643.106995755104    968.4085289301008    1         1.0223080370268458
-2104.5015046467033  10148.874853678413   1         0.29700200715542246
-9324.537638352076   -108.63540480718757  1         1.0704197964467812
-7492.017974758266   4171.070931384077    1         1.1706188424298303
-6417.882875945463   1293.156266667741    1         0.34997662648319794
-12629.599825517642  -12951.518983619022  1         0.3874517103759142
-8083.934336693278   -1825.8335840615998  1         0.4564736890554075
-1504.1113433290668  -2844.401240237452   1         0.768448485931276
2338.344342782972    -4100.555836779545   1         0.11823626119324712
9091.82108549881     880.7233656336507    1         1.1265593558631966
6499.076545554346    2211.691105804085    1         0.4919183194392873
4357.114268415888    -6460.0092750062995  1         1.2401842665222487
2146.4821994751887   -8901.096545089411   1         27.931077177082464
-10425.731902341824  1499.8695997320756   1         0.5229199299074094
6450.7605045743985   -4951.156033796065   1         0.1031716654227879
-167.21816815679662  -10179.046335160954  1         1.123717310591905
-5310.7431261877955  895.9568407724541    1         1.1899848096420154
-3528.8494857175897  3407.2545962816966   1         4.471518446935895
7647.592539571748    -5822.304354068931   1         15.803011500634712
7451.0193622755905   5589.694988641421    1         1.1970070684331562
-179.86147662097062  4373.942556684185    1         0.9178287103035263
2135.4246660771655   -6877.905743047869   1         1.242233279533101
7209.514353430793    6616.896484815188    1         1.23444878386196
4477.87608184141     5980.316806227903    1         0.8519288765033964
7136.252071283588    7578.067991737468    1         1.1022391866474714
2284.505877009946    -16343.923419561299  1         7.997275058830912
6297.729033838199    -6827.884464078301   1         0.18269829078208785
-16660.71024733994   -17331.718282639522  1         0.8415362564701004
8972.651020675152    4989.45739563997     1         1.0617863284880007
4877.93488381793     7821.489609159902    1         0.405673730945488
-3339.8062321698258  -3636.6563162882862  1         0.7330935359307876
-12431.967423460985  -12465.1656125955    1         0.20288517042751314
-7696.636507349945   -667.7742560749174   1         1.0609330576421427
