trucks_count 4
drones_count 5
customers 100
depot 0.0 0.0
Coordinate X         Coordinate Y         Dronable Demand
-4565.742460246493   -1158.297797162218   1         0.9816851584791202
-3778.8295963138653  -9432.792393013247   1         0.8098080286238586
6421.91227842257     -8556.356721057598   1         0.22255842202417797
-2692.497390875162   -2164.0689057909417  1         0.5679569188438788
6304.969225685956    5316.059809898507    1         0.8176418035573774
3050.841461832159    -3694.816384452715   1         1.0204026139270974
128.08853771038187   2992.227586791358    1         1.2480238802324755
7737.099167753728    199.68835948749364   1         0.32563477869561264
-1046.2998016774852  -3883.6154086563333  1         1.2048864050053627
-8376.30590137015    3413.2602307144316   1         0.18897540651751896
8321.938704760674    -6908.581857522202   1         0.7524525854643558
-2963.976377514266   7339.873801621177    1         0.44459803330191183
-10687.50181607628   45.112837206878474   1         0.12698418833712533
-1072.118336014456   -6693.267869247421   1         0.8752832725941787
3983.6300743164284   199.91489697834075   1         0.1225875985450234
2352.7906733219315   -9583.883592970788   1         0.9842905130689645
-6425.718711881072   -4502.819188818795   1         0.45200237852185854
10560.343922844902   664.7037820048755    1         1.037008891054382
6001.013384502858    -7092.647369033551   1         45.48831661217999
-11263.082127630689  11119.49817022441    1         0.5402943112027356
-5495.2894152484405  -4738.860538405661   1         0.693788027740109
-4209.63841076714    4501.957733155139    1         1.018195673611888
2504.433070382765    -435.639266551203    1         1.0754391731556192
-7303.496218952471   10335.461273722836   1         18.777623238015494
5706.643025770092    4596.826353960907    1         0.27181895314222837
4861.462482558272    9281.871000112218    1         0.9510567124305036
-13569.540980248055  10541.722273214533   1         0.7590208099881098
-1666.6101522448637  4609.279055391234    1         0.5595302919548031
6721.394662263733    -7771.021085465064   1         38.063725216399625
9519.589128172602    -5038.4490082337625  1         0.5089959062800786
7011.507910471296    1725.2715363845828   1         0.18677582775137458
5106.665994101453    -2480.5693617464444  1         0.7992859392950098
7060.649312710759    1070.6923715919402   1         1.0346774557138574
7089.3019625792085   -515.4938492314973   1         40.942982503559044
81.46393367636168    9707.979114043537    1         0.5634923555240702
6004.602375576433    -3136.4643920222384  1         1.2409519360312147
4712.951629980558    1347.1217187999323   1         1.059555708109016
9831.045271682995    10477.113610609746   1         43.31407093439059
2942.6696414806415   9761.083100212018    1         0.442070642241037
10664.552581451237   376.9013250155355    1         0.7999946704282643
-6682.5817650691815  -3565.8054772572023  1         1.2238566197384952
3149.6472063535984   2880.627802325552    1         0.7541176083702548
629.0226614650508    5140.007833780971    1         0.9295212206854456
-2282.6313554092812  -8116.681209808123   1         4.595907395054118
-6247.655531068236   4365.434090040327    1         0.19195019460779825
-9727.988473609978   11830.798350968349   1         0.8978159642561934
-49.15795713979396   9143.463361428334    1         0.9394233570801983
4535.070751910491    -5719.263066754936   1         0.8233887955682931
-8736.71436069647    4365.7152360763375   1         0.9950276279481196
-11246.81322526101   -12316.906531887791  1         0.1771401994194648
2978.291440340749    330.46527323655386   1         10.781967893247066
-8562.332833673187   -3264.7374360993886  1         0.6514779242194046
4641.968045711446    376.09987206343067   1         0.4667806317566424
-10609.235614466366  481.7395895281362    1         0.6093182662559424
-1319.8611368777094  9457.05641583063     1         0.7421209859273428
6702.775161265902    -2480.0275195042577  1         0.29019750916427867
14144.221337489578   1639.7425611545932   1         0.11421126594428799
9294.218140104593    4819.855220294901    1         1.2043529322384525
-2074.9848487753598  -2095.1374827135123  1         0.45447311047137406
-2763.889460124372   -2280.365035482207   1         48.20823591352786
-4758.5963580574125  -217.14657991717087  1         27.133802386809712
-2533.0169094194193  2667.383825337796    1         0.724348794722043
667.132457988456     460.38299894352394   1         1.0557755304464693
-3880.252388694545   9428.300948949563    1         0.4688219450999247
1848.4576010954897   -4052.4615931647822  1         1.1917051770345397
-892.8998760249987   -7490.096066068133   1         1.1917167267548532
-2321.9260025969897  -4475.645446562898   1         0.5957542518378409
3070.2094229954673   -346.5168672267181   1         0.9867269154698951
-3283.4755170975377  3879.485203910072    1         26.337380870818023
2554.1402522113935   -2334.6668977830327  1         1.2171068738789894
10756.454520767142   -216.9389221172965   1         48.78924861288982
-483.468873266027    -14280.27442259487   1         26.878152193547187
-5274.7606698300915  4613.152637401112    1         23.244004786238726
-3938.9512739797565  -4174.959838006483   1         13.571497779794067
5951.684760263468    -8570.726338875525   1         0.4893636355312757
4768.177006935244    -9601.665823939958   1         0.27710275176199334
1345.7350494816078   -10868.636766470474  1         0.13785743254327745
4765.979453079907    -1300.3603740992685  1         0.9051197817134341
-1094.8331961297024  -6766.760051950038   1         0.954615699666773
4921.211163798353    3889.6428680577947   1         0.13074493369105875
-4094.4395822651177  9930.160822825264    1         1.0353787198590652
5315.800408740465    4589.012460303538    1         0.7227115673787782
1609.170382934995    -8990.877937424897   1         0.9517078760348602
1778.5882217949588   5242.378694626627    1         1.1328958462813368
-3666.2267781135906  -5207.574167293429   1         0.4535219300138875
2200.3401035444217   7864.95960244917     1         1.0122641709753954
-862.7186739978803   1546.7421996365329   1         0.9105193492920071
1221.7449723772547   5507.228436595263    1         7.507333533799197
-6876.82801459108    6331.463650940172    1         16.07611262804153
-912.4894498562492   6829.823812811996    1         34.50975138669914
7103.134047640836    -1440.5641991765776  1         0.3387345833729401
-455.950139221855    6218.83984002264     1         0.7392503900883335
2022.2380904377158   -8669.849579089352   1         38.7992542380242
-8956.77738262771    4046.7487606013697   1         0.2402264913106354
9047.529513231857    3976.1611253421493   1         1.0639227086136245
-3893.0287944844217  -5715.5342642931655  1         0.33086407629018366
1890.2257372719696   2336.609264101233    1         0.45723544420796725
-2644.8766993687436  -6474.081438277976   1         0.8791607209823854
-3954.2906657964404  2714.814160379743    1         0.18516657943968776
-4904.506245435378   -5970.935557278235   1         0.7568906473164488
