trucks_count 5
drones_count 3
customers 57
depot 0.0 0.0
Coordinate X         Coordinate Y         Dronable Demand
8321.236028928153    -1894.3501179164994  1         0.39428885024693194
-6479.917451177477   -1494.9729461887391  1         0.5484264211110856
-7454.832471180186   8007.824427318778    1         0.3176793072465155
8236.956852855736    -3024.620706053494   1         1.234288172291888
6968.057039172436    -5945.159974700621   1         1.078725527968462
-733.0011380980429   9561.632735067464    1         44.434021063923815
5205.227368017306    -3495.930932697102   1         45.14239512357344
-6011.214357822541   -5044.072841080448   1         0.8906007708662584
3412.4963049655285   3606.743761145757    1         45.00724063650733
15934.935722794311   5616.720321010096    1         0.8085708430657458
8545.599148803043    -1507.4203607556267  1         0.36318833658585015
4571.634593329833    -2980.021321978079   1         0.14279162713785615
-9192.686028745911   2661.9726988388184   1         19.795676482998505
2684.113232794498    445.0629743147414    1         0.13407497532323082
-5574.63380261841    -4888.789308706932   1         0.2300309341543491
6295.570039325916    7625.1207292965955   1         1.122997335219327
4663.50050563195     -7789.525648252116   1         15.428958538557499
1127.6441404778882   6059.801707312672    1         0.22055338165608762
-2158.533401960228   -2733.4226304488707  1         40.141368291770775
-15118.145219629103  14647.473885411564   1         0.20119955844744752
1717.085748835983    1685.4474743143694   1         11.77811800179546
274.70581095417975   9520.263103236299    1         0.46701997391176464
3793.213335593585    -2060.8323928037735  1         0.995274670366234
3604.563656710252    -6082.421890863201   1         0.35882932376321774
9010.575338935665    -5807.432309883718   1         1.2189456595265136
12845.09861388816    10481.13839516928    1         1.125292173469469
8569.696866421522    -6164.779609094363   1         0.7809998839491085
6485.863356802821    4605.187233856768    1         1.0062595011131423
-1672.9013879554127  7197.957223138873    1         0.5539877729929725
5881.409325656537    7237.636593258846    1         0.6838220553997733
5387.955964982214    -6629.931274984952   1         0.4348399189179498
4981.882012462119    2977.6888881198583   1         39.236421584510346
9143.616204396934    -5961.766318015227   1         0.8858565341090006
2103.412840726566    5876.8555614691095   1         0.6575059355340218
2590.5735450064885   9060.593674659422    1         0.13610539719166545
3772.243065087182    891.9947349407963    1         1.1606608480322458
-1423.9117103590577  471.48312017293284   1         5.047438844375035
-9080.85881800546    4295.743637690459    1         0.7237660958375086
-12678.597113810116  -10364.657094844504  1         44.84193532807982
-3456.219061960676   9881.064326672142    1         0.8860767179070924
4868.498218385924    -4944.276526007098   1         0.8892201943453524
-4856.775615262944   9227.643508408746    1         1.2005566374603192
-1831.658229414464   5809.188389956956    1         0.591197090709669
-5744.066014138946   8872.506134115276    1         1.0745732727209456
-92.420686357441     8641.753652116735    1         0.1638421966121135
6429.956121502884    -2773.8542121864175  1         9.316718710630193
-6551.641079017247   -8728.716602122791   1         46.82401532443159
-945.3466818840934   -14171.498244229424  1         1.1712335549382809
3599.588087637961    -6916.067079058423   1         0.35490448098320304
7378.799944808968    7556.345825263592    1         1.2481672396574173
7375.107591164362    3724.0099902168035   1         0.398660130913002
-9443.400235545116   2703.5230516814568   1         0.9009693801452823
-7521.579657417918   7390.490801595697    1         46.27021594062127
-5286.050324052213   -1234.843957346443   1         0.21451860622530106
6138.5107173827      -4358.085562700284   1         41.364201626545906
232.65421454539887   -9006.416506788977   1         0.5301675086174836
-4254.950642934216   -6943.2536606919875  1         0.9433396740271307
