trucks_count 2
drones_count 3
customers 28
depot 0.0 0.0
Coordinate X         Coordinate Y         Dronable Demand
5729.168175437655    -2717.47790275866    1         0.48317885876261224
3338.9883481316115   5238.114746947397    1         34.57779891250588
-9327.78527364412    5406.913993224264    1         0.30510630260258986
-6688.03764230684    6022.158591872481    1         0.42184498149220984
560.825585292978     7090.338793463082    1         0.4741919779747239
-689.2330409238476   597.2432776732959    1         1.0853597338761731
434.3248899121381    8907.487604697       1         7.168066186556147
987.7949152960699    5424.098727777766    1         0.7183604246130164
7317.3344658456945   6127.893741769874    1         0.7931120996234948
1456.14617495597     5506.327598127766    1         12.299101565696509
8339.598744156789    12250.317130422587   1         0.4823809010264808
802.2790067038322    -383.45449997898777  1         0.15741926803498077
-10266.289590098317  887.2697955871425    1         0.8633850139239807
-8320.276602258778   -4687.163354068934   1         1.01223093691831
4195.829794285648    -6723.07915589636    1         40.397800056195315
4994.630045025224    5071.897610527867    1         0.9110708096033732
-14642.222915097964  3003.535564428319    1         0.3226137271919456
-3423.4026127281304  -10161.259357539611  1         0.890053633241783
3576.584657050722    -3738.519527908008   1         0.5139693109404789
-5243.46077853757    4190.166975292663    1         0.47886131595068426
-2164.3477001647793  -3891.2895858078505  1         0.4370849883005614
-541.1837467944232   8191.2459066027095   1         1.0089443964637743
4685.631249676393    -5639.259573061703   1         0.12685581109338775
-187.74364323718615  -3781.121471336314   1         42.785199468247846
534.812397306916     -2343.843349601939   1         1.08250058082251
2915.4438105994045   9095.266824134045    1         0.670350383610294
5777.013495791709    -7765.749072391435   1         0.49349343738718376
2231.5012920587383   -6573.612521200969   1         0.892133572195644
