trucks_count 3
drones_count 3
customers 27
depot 0.0 0.0
Coordinate X         Coordinate Y         Dronable Demand
2295.6023874065877   -4929.605989886952   1         22.937018954478614
3705.5395865917926   4140.085599368609    1         36.86554693418608
1888.1333893040426   -2364.8684728263265  1         25.611534432056647
11537.275071281336   -15.752343189591556  1         13.225331761279966
-10305.09660594685   -3339.7281914751234  1         0.11553815119758755
324.36431601635525   4149.899212860608    1         0.5103065155178458
-7871.41623319981    1619.3225145133947   1         4.341430147002539
-13340.558720034756  14304.963321071235   1         0.36799055004207915
-6384.88479063451    1645.3166216132931   1         19.19786301807632
749.8113730910827    13899.156562213706   1         1.7208717157340918
2793.4149002395384   -739.6605618115345   1         0.6681618238209193
6346.597164190184    -6237.123491672952   1         14.968898963040342
-2232.538148041416   3774.073987428739    1         0.2432562234273679
1094.7368761127639   -3013.824628127339   1         0.9708118905030837
8479.608827801203    -3719.9704542846084  1         0.8801150394890859
2487.5972133614678   -6426.099099675993   1         0.7773770181354358
6166.7735859893055   194.5608681939873    1         1.2465474116276802
-407.27101818032844  8108.927441020536    1         44.31172917330586
6212.396272249067    -7160.282055845201   1         0.5314932556198091
1051.5250190486483   313.2181506121319    1         0.3746237461317462
-4143.240696470844   -2766.580993966454   1         0.9560159985708526
4058.335576919453    8053.584986511556    1         1.0893134980535644
10739.532451531839   -11710.341440116083  1         18.759812573958968
1334.616823612603    -3306.4358813745866  1         0.5895454454560073
5026.377981452482    1918.3511925969985   1         27.485247439024757
-2013.8369970094293  10568.944005041007   1         0.47893535818348676
-4357.482319907661   -6174.780097215817   1         1.0422890996266112
