trucks_count 4
drones_count 3
customers 73
depot 0.0 0.0
Coordinate X         Coordinate Y         Dronable Demand
-7435.8489104118435  -5805.482885267532   1         0.7643569845215938
-8160.599082826817   9631.263103466656    1         0.8869217308950417
-8495.456689543495   -6104.501832965455   1         0.45219626429212334
4853.81701596054     8810.050396489996    1         1.2189281809273922
-2313.8805472808526  -5956.016462495073   1         0.7183067672871118
-2958.4470137677754  -7498.77492362685    1         28.044860554484593
3064.8746842436612   -10013.875436164366  1         0.3165317767805224
8044.627751741245    7545.131561371258    1         47.436295611304956
-3015.103937192146   2711.912551833171    1         0.28974265962980117
-7949.655782966341   5183.477772706212    1         4.660909290550348
-3896.0888101911637  2879.87484800302     1         12.690129666158189
-1282.1884877157647  1464.9108831723509   1         0.19178699392738452
4528.834945198982    -5980.6664684289735  1         0.35539253665025505
-6684.017609774903   1004.6878506305966   1         1.0093989711899674
2210.784293977759    3879.6150397540896   1         1.1414757774124589
-1342.2657707062467  1797.2335724184702   1         0.9640042746769336
9512.2750595121      -4770.857007736233   1         1.0001079217709494
-1938.9552135423185  5046.556400079518    1         4.84006001678714
-4532.414841558146   4027.0739162630634   1         0.5694521418965873
3430.199930609069    7182.076892044789    1         6.26241074825785
357.1700627396161    -65.06846477523943   1         45.38221212456909
-2124.392862554971   4980.044158023568    1         0.6652533552164114
-1718.9148471069882  4211.306624504095    1         1.0971324970008414
-1944.8560669201624  -1176.5252968101095  1         0.3235993585605925
1872.3274709246873   5017.780384716088    1         3.740321194211462
32.99268111090752    9567.593739906797    1         0.7867500200341716
700.552729047565     831.4701785544895    1         0.6724071010991809
-7360.190733353411   -173.02191216378378  1         0.43187838591285066
-4639.4724399083125  -4574.292531101134   1         1.1059290716338115
-1505.6606551839361  6229.79531914969     1         0.7873537548855485
6760.123024685469    -6428.736897413266   1         0.8288999606294669
2367.944915198328    -9656.794462867765   1         0.4432177326980453
9432.458768443266    -9213.25940791635    1         1.1918498580070245
1122.753278095824    -9127.889145309757   1         1.1556454198893122
244.4888879866763    2500.164138007279    1         0.7421044718271389
382.778450509191     5628.177499831553    1         0.598884888425444
-8606.657723852906   5564.0039305818445   1         0.8926493198474887
-1654.291609271621   7606.85283432785     1         0.35829905285464203
6328.2690298910275   733.863513905462     1         0.18152331874479338
7069.353940561067    -3477.7693740924606  1         0.4465683748294974
-5902.957153853054   -191.35668337601226  1         0.6764642282684131
-4456.368766831654   2995.8177264303777   1         34.029124518229395
-9578.609317193886   -647.1847551527466   1         0.7892363661092731
-5409.34415531044    -405.710270616101    1         0.3399887486033064
-7806.33110128892    -1441.0797692050094  1         0.6877383559185506
8420.617747778295    -1263.1763306462435  1         0.3023396778986783
-5459.204545033675   -1713.0023974009564  1         0.996962603949048
1594.4542919886214   -8447.973868088447   1         0.49998962192946117
-2370.745534842482   7577.250055448347    1         0.8815737419311421
-9924.898393342366   -1548.892341654473   1         0.7235029592822413
-3827.0476394938587  -6758.350720834517   1         40.27223757205509
-3950.081771935357   -1293.3720936576026  1         1.0196071471703096
-442.31221906674364  -7935.018319251436   1         0.2821939068881536
629.8289368082405    4315.685273915431    1         0.6188134385482942
-2558.388841677062   2937.9392062517763   1         14.894220956554413
2558.438106715116    6560.465718970028    1         0.3091948095835943
-3251.731138480389   9598.07203743984     1         1.1916653269789477
-2845.959856680422   -1918.927514888151   1         0.9366417813287917
4998.136582413894    9490.507343095764    1         37.925716994568575
-4369.494668149705   954.0014523592619    1         0.41535020507401077
881.6556938082131    3598.7683515813374   1         0.13993443378054257
-2027.6271852467667  -8610.154192663724   1         0.29969655570924036
1669.3943480180533   189.98716157916897   1         0.7533892478605466
3200.718712614251    -968.4803009661497   1         0.5337209570001764
-267.2568114086597   -9398.68186571446    1         18.28369651992263
-1780.229159685843   1620.8539517277584   1         0.3006988339524962
-3569.5485523650045  -7677.4418213915715  1         43.78644332707429
-4484.127801009704   -2285.799683106951   1         0.2942088142478828
-8839.604370524303   5230.011821337188    1         0.7400605760276124
-1587.8525598885699  8647.30456861629     1         0.5939847110565248
-5969.370294398033   9024.53580690451     1         0.7671455715813327
-9878.2503220506     -1423.6451975643613  1         0.8894856452772838
-4967.589317400953   -3052.534934225724   1         0.4804982624296631
