trucks_count 5
drones_count 3
customers 48
depot 0.0 0.0
Coordinate X         Coordinate Y         Dronable Demand
7627.040241425003    -7180.916962600328   1         0.9326266451999199
-7040.845552913293   -5919.782608103202   1         0.4805400402044261
1695.88662943459     9297.221558816302    1         0.1259085207344604
-7368.7741469299635  8082.751278163058    1         0.5163592510385906
8244.20656046136     6763.344568970893    1         7.0545098064260126
5185.410460475624    -3426.720133310851   1         0.41368102073768054
-1566.1674529433676  -6303.225491215638   1         0.21384504208285057
-2967.1848660296328  -7778.389786746727   1         12.3472705983509
-7174.723821021254   -5551.739788859611   1         0.7054854818108776
-7865.7828321893     4964.644985938875    1         0.4455993280557742
6317.6626119703815   -1942.2006564320363  1         21.713230753866018
5931.639558530536    3598.4915362757342   1         33.4049594540646
8775.444008581107    -4583.838939262882   1         27.14463971986983
-6925.249744678937   1548.5825071519496   1         0.8096337870071914
9227.76920255539     135.2164247539191    1         0.8992422149158051
11374.833888297595   840.0159375000949    1         1.2128012827276216
-8836.00887655159    5310.396003989807    1         0.6752720504322843
-4554.702080775527   -1153.8213405571944  1         0.63219410953362
-2015.2114478415651  -3260.2470247285423  1         0.7544715110866255
-8181.818323205805   -3425.06574256856    1         0.6988288275939387
8006.5300426278945   6696.67768024925     1         1.0291952225594896
-5178.064575052518   252.4026506314009    1         0.10625743528563297
1212.4816717312892   -9641.479792919612   1         1.0224953197152309
-4583.285462725352   4700.669532285871    1         0.15301210448467195
3467.704080879902    -6145.591431426204   1         1.0911974388286636
-295.8109751560263   -3639.174554039344   1         0.30281122575454517
16638.278539854517   92.27394431162975    1         45.691435944996265
4913.020846720914    4053.684144744592    1         0.3388066848235983
4270.85239268487     -8194.642474939536   1         0.3186529089030633
5914.411241887374    -2038.1569267199527  1         26.87229023935628
2083.7259401180313   -6514.856112763028   1         20.75172451742105
-6592.059959191088   2887.8410397819393   1         1.0301881534891058
3621.306097170091    -314.12323712049107  1         0.5550356418691752
-4157.298438215621   8415.975805509463    1         39.58738699247741
5438.434173521749    7670.494683713468    1         15.560562338038181
-6326.009038996316   -7936.540813015329   1         44.17449844827036
-3304.940476314716   7810.2245241368655   1         0.9079601289720313
7024.899434671264    -2400.6276381917996  1         0.8154826780721666
1998.8223302407266   10569.748084361152   1         17.744606981192256
-13692.027490812776  13901.090737714454   1         0.9014312058012858
-5155.354885438898   452.1268368086365    1         0.9413990406491066
-1666.3328212922777  9789.84031769214     1         1.2167909835184694
-6641.316471053224   9965.102223837152    1         21.425863288434513
5886.759097162507    -11228.715468240687  1         18.998294143903177
-4244.49105603006    8109.9411499742055   1         0.992668366368953
-3348.9901558653705  7296.015635654273    1         1.2060395186574873
-5896.595917629067   1080.8589283247259   1         41.287345451981956
6355.147558460233    -4223.972558115762   1         1.128623547110318
