trucks_count 2
drones_count 3
customers 21
depot 0.0 0.0
Coordinate X         Coordinate Y         Dronable Demand
-7559.743776303279   -4460.319451951381   1         1.4135923296143236
7483.940194120759    5328.720809445005    1         1.2115042620200185
3563.1333032714606   6077.405492957338    1         26.67734870486147
6142.615710362079    8718.635922658097    1         0.47244792639956723
1581.2308002452214   -2881.7883548382733  1         0.3712059653684131
6767.953364791513    -6245.253267196918   1         0.15565630822827528
10585.66111321172    895.8283205403277    1         0.6780310656447902
-8520.855709535805   -4179.761176684025   1         0.686293162873177
1069.398367775685    -9427.688305249492   1         0.26142103222647095
2537.5872343528404   -1908.1925327088497  1         0.5051201593934185
-3516.480024659733   -3465.165998714275   1         0.4664630657871395
10497.322248621196   -1178.5363263200607  1         0.9936311107195718
-5131.28358315056    3922.4184677146236   1         1.1367874384580223
8649.71342587052     -2822.3250540659237  1         23.964979266672998
-4765.253290613805   4756.761035992358    1         0.7655213917759959
-12866.064777501693  -14521.687645993528  1         0.5389996122132543
3041.182276082395    6596.86665066341     1         20.31927744138724
-2688.356703717336   -9141.804215156253   1         1.0737055077820388
-5248.498219983444   2795.110286466333    1         1.2376569133052482
-3292.2686624283474  5184.358989912623    1         34.90626768080149
8700.588065112173    5461.556845690858    1         0.6484842117539936
