trucks_count 6
drones_count 6
customers 81
depot 0.0 0.0
Coordinate X         Coordinate Y         Dronable Demand
6513.522004463405    3958.83713256922     1         13.408006250795381
-2942.5857093227696  6121.33130801875     1         21.41910565508435
-7880.437175077413   -6185.035705980816   1         0.7375189959927918
10514.210939436278   -8414.466887745906   1         1.1163139305334864
-3797.7524534837175  5642.258621934436    1         0.3788465277650669
-3896.276441002292   6820.634175926417    1         1.2457136613348794
5596.266304721116    3133.330508781965    1         48.100316823660734
5231.268064232721    -8013.196049214566   1         0.9594542777691616
-1912.812059105312   -10101.6375390706    1         7.397934960515469
6523.43180651766     1150.265975110093    1         0.5294223114593171
5350.276299579623    6361.131119206731    1         0.10277956358975204
-3103.317328726469   9802.675012229061    1         0.6775612016003594
-1737.4461999468115  5145.88852537132     1         0.31969823239590806
-8976.151014952513   -4790.352549114002   1         0.331842329766594
615.8408700058184    -4328.900537793177   1         19.65537295958668
3179.646180008292    4039.08886945283     1         0.1603645230342983
-2560.2554914559737  -8756.933999105713   1         0.3346107760313888
-7309.844159578344   -6027.470062561187   1         0.23963739791422095
-5607.924608630307   126.10138810956256   1         0.28940781825933426
-7577.806835604768   -255.48990516685933  1         0.38761655266754313
-2323.9444150407926  2005.0278161436236   1         0.5058927742366995
7138.5881945717265   -6344.457698782181   1         0.35618598718421024
-1026.0648837231558  -7644.331048783063   1         0.1539955187832771
-452.60382810588544  2932.9944248413076   1         0.9603167424432175
-4996.837873762948   9964.034063940315    1         0.9948009169131956
-2105.39339032473    -9425.229783595069   1         1.1268850858103985
-9538.890339589194   -14218.45967453852   1         0.9362228159330563
2618.8129088628434   -3199.468320651084   1         0.4433899995279288
-12104.090016762151  6505.5391423638575   1         0.8231119359218034
6334.692226451288    -3928.268026957497   1         0.24257408018993062
-11461.102647598123  -17018.934557857552  1         0.6559808511762587
6706.10297179527     5391.337108616244    1         0.33263133235922904
-3695.4899951492594  8903.628684398205    1         0.8088441517990886
-3518.4432053875184  -1576.8442819443471  1         19.634087281280134
-898.3833968426804   -8107.172059399222   1         0.2795735039506784
6873.408543668413    6636.881708277468    1         0.7658034349482509
-9062.558839616046   4465.089206644163    1         0.407994117881188
10248.577717723627   -15794.696607170492  1         39.258741243037825
6007.76517451411     96.92971530566253    1         0.5330966803415247
4272.717904929289    2420.404531985035    1         0.941964070836695
2151.7264705755474   -552.8972862656119   1         1.0373417567548318
-4331.253265390339   6961.146595412976    1         1.2167630302797867
2636.9702067217618   5826.661597497543    1         46.34396630850368
-5544.532621812305   -5829.020407296615   1         0.48714746950699916
-3763.951430413701   -3941.7077848810845  1         0.5119440208815074
4696.098897258814    9353.951001904758    1         0.5871978965755625
-6314.7866615057865  1961.409959263155    1         0.5229834006810992
-5399.564510347025   4423.977095905365    1         0.38008624880129094
1226.5598006279745   -8781.794894293967   1         0.9973534321060463
2406.0984390057256   4789.894420361167    1         14.931145553443763
-14744.557802907571  7160.048678653697    1         4.493475429253752
3821.5894438233963   -1809.1670809635627  1         0.6638692593777641
1980.325624723777    -1569.3229760537145  1         0.3421300061347955
-4210.336254127541   -3340.6383143364174  1         1.0366980291684333
-1874.8521173552463  -3791.150195270573   1         1.009889940311438
-4637.190330614077   -9728.06456984899    1         0.3433704238415266
-14168.991687384916  17239.84891476284    1         3.8305706130142014
-2143.1443586273626  7344.387279727643    1         23.545832023005154
3445.303404232753    5120.41995117957     1         1.1450627429287585
7062.2561624917      1776.4696906544832   1         0.15521516940966618
-3681.9106278293725  2954.2356815942503   1         0.3538629615750518
6357.372409795871    7155.020572327383    1         1.0813397377436655
-703.821493661511    -2944.5942957219604  1         48.51482225487085
-3283.831506693098   -4042.3008849874946  1         0.6617455898020047
5210.715458190522    228.85877435207556   1         10.896603317652714
554.4730205867994    -213.81413046665463  1         13.012940078209432
4736.740049400403    14724.90939321445    1         30.174107400208616
-987.219621673582    3.0309511945937597   1         35.35941841734314
-16492.82819213851   -17758.1352567628    1         5.968434394299262
1874.325415052522    111.35217544280029   1         0.9249476255201359
-1912.7791915817866  -3460.1216969215466  1         0.5627058067743245
6960.734565500136    -1325.2606241297458  1         0.7578393766245555
-2272.80546326099    -2881.683762781353   1         0.73125859625612
-6823.548576075653   3803.2108940626676   1         0.4571588154503249
6958.261981916296    3610.7133695142243   1         33.4075513080587
-5822.565857643089   -3158.5305938886595  1         0.7738567594623814
1271.8953372506999   -7163.0161589183745  1         0.8336846900211512
9498.99263449532     1527.9072721868447   1         1.2397320618410816
2873.0544089726936   -9867.462098319977   1         40.555649127302516
-2836.0881433021723  6281.205073776484    1         0.1576501107841922
6410.612927673542    2002.8473588467268   1         0.39984058505394127
