trucks_count 2
drones_count 2
customers 30
depot 0.0 0.0
Coordinate X         Coordinate Y         Dronable Demand
2247.218385087365    4120.546644432937    1         1.074473228340545
632.0116010693373    5413.51532441531     1         0.5593407256952371
5709.352054612735    -3438.281060681655   1         0.8368533749955013
5981.28701676817     -3928.6871216152167  1         1.195365867463028
-4908.576271016724   -4041.050863132656   1         0.41179835784139074
-4095.9719605614932  -2694.8688512797225  1         0.7026137770396137
-7313.591884251538   -6842.296161506588   1         1.116850209613784
6661.430775438785    6867.506483815612    1         0.973442498966077
2665.612518617615    2959.458928134586    1         47.88252654909964
-5078.579341928594   5608.280341776493    1         0.3773427805015531
-7287.845347820098   -5565.422519708666   1         40.48528942880081
774.0589670578005    1554.045402468045    1         1.0607611848212746
-4354.694281756898   -4885.203813299384   1         5.380641189258485
4634.192672309502    280.972298769766     1         0.1884608293398694
3520.78102093044     5796.606053899305    1         1.134620745332077
6231.363094813865    -967.5355295068082   1         1.0402147783224993
-2841.431991362477   4593.223195790536    1         10.657145753746917
-6527.31507675142    704.7363542314       1         0.31853014971315263
-3244.9489195634455  3293.4997328121335   1         0.2904176147315404
6498.757308551813    -7295.662181531288   1         1.0981122041162534
1126.5096275866026   -6195.207385991444   1         0.2537912499064253
2384.7698925744953   6280.005732414992    1         1.2086666337629492
-1651.7002091934662  -4351.216865919629   1         1.1719422077703976
883.7463677570784    -6145.910325555359   1         0.8266789628125598
2775.0441039748457   -808.4063103310009   1         0.6702439449171005
-3473.593933325745   -5164.081507890347   1         4.35693418201064
-5765.662301888012   -1721.6017211868466  1         1.0056940666301082
1104.0110626276576   3406.817486081544    1         0.8168913607881679
2711.808140274152    -2392.8271348880426  1         1.097421283104568
6789.474043811126    2372.062476988046    1         0.34236373087841687
