trucks_count 3
drones_count 3
customers 30
depot 0.0 0.0
Coordinate X         Coordinate Y         Dronable Demand
-4025.678380827727   7995.5955651902495   1         0.7166086021850757
-8004.284362202748   -2787.0022848592735  1         1.048255350151726
-3610.6117907854564  6395.639795037273    1         1.1521340789054124
871.3050866151877    4505.503034141651    1         16.93913287728121
-1890.058467430587   -2668.1696022897713  1         20.009905410303112
-963.2196021201407   -5845.803658982927   1         1.0553202683413636
-2326.0778542336548  1934.7254289942884   1         0.13399563767217498
5820.993336330562    3730.4572103189626   1         0.5314036465488312
-1945.9601985286233  4881.6010102699265   1         13.50000684517084
-6526.6988420758125  1552.4585309713173   1         0.5188937738575964
-1874.0609280193328  -7084.074692089878   1         27.144548085927894
7295.218338910305    -486.674075022706    1         7.921551757047498
-4609.971502966742   -2024.3686839679922  1         10.30434864719194
-7495.903904412586   1622.7775396177021   1         0.7071641996038005
4676.663250008224    -1517.241984530026   1         13.812017032520453
-7241.832510908431   -3660.8017645377217  1         0.762573277176308
-6115.318956798846   -5196.121679716329   1         1.0132624910029626
6916.899501188595    -7023.763594086046   1         1.1549011614318243
6610.618731222187    4709.941401038447    1         4.56132232743415
-4414.593772328027   7881.082906575322    1         0.3705564000859799
-1348.3424172262075  3514.860851121628    1         1.1411069262540605
-1814.9943756622188  -3760.4779784067873  1         13.017188526413037
408.46238075599416   -7134.290836346767   1         0.11227382935537533
-1564.9806677246966  8388.370603302343    1         37.62619749494605
-8699.361139925884   3721.6524868053416   1         47.34638685308722
-7118.384190340974   -6256.1713912649875  1         0.3535395857292426
2177.4799226000796   -3988.385225705105   1         40.53844639238123
3637.7701123209717   7786.44215533731     1         1.1466888380230464
7689.743387932158    5067.944918636385    1         0.5790947164181816
6622.41934630646     -5853.968018913214   1         1.1261292211705238
