trucks_count 2
drones_count 2
customers 35
depot 0.0 0.0
Coordinate X         Coordinate Y         Dronable Demand
-8460.406902485225   787.9877380002719    1         1.1685425863935204
5943.345378863383    4291.561547573992    1         0.47086712723127777
4359.640312337928    2662.0202066061374   1         0.7097711293467063
-4671.8863993493105  -8381.541901148657   1         0.7186047847752699
72.83936593948133    -8266.253279752053   1         19.218768392120236
-672.5994537898697   -9045.942523368047   1         20.928147766965633
4043.993995666877    -11656.733482880565  1         38.223870707925855
-2616.745523446999   3831.739607179014    1         0.42707573247811503
2250.091064559889    -8162.648336602358   1         29.722564311974306
1698.5276437736557   -7569.759889613465   1         0.4191813200751331
-4445.799142273728   7605.218019159178    1         35.76193703253816
9219.697926616594    -5505.415679658942   1         7.934531087311093
-182.3340101840467   1483.4397552125276   1         0.6177432463738538
1609.5640140126447   -1470.5032213531124  1         0.4937263562913832
-3542.166839168988   -4146.43743287493    1         0.2813291533075247
-3784.110641214431   7040.700956071451    1         1.0921393777754003
-2145.8664065131575  -3750.7807154242096  1         0.7994092910802828
7320.08997921757     4509.066862586921    1         0.5781691366543231
-2445.5832500072775  -120.42913426866467  1         0.16005050077549773
-12902.635194158953  -8253.928571645218   1         0.230865051012632
12.879628746716257   -9756.009064335076   1         30.46816382907755
-4110.698072055554   -3775.9418220808925  1         18.441486796713132
7454.697244990529    5585.83116822459     1         1.0460080101669087
3274.341509416584    -4644.177120517594   1         0.7735490731147008
-10310.573566564944  10598.477603049492   1         33.07242718579574
-7781.334510439238   -6701.546458399645   1         0.8978031225087949
-1831.2586713834294  10440.205270179105   1         0.1457930163263088
-5547.262188824005   3959.3165432903415   1         0.4923277679759217
8364.972623290496    -13702.454535665485  1         0.8416486145356156
-1569.8215037310729  -2197.0084217890076  1         0.21693658834546184
-1367.4429008589584  173.99628474454352   1         0.5490963909523922
-9003.439797079387   -5568.302518031678   1         0.9398414668023121
9235.547402148397    -2863.939365549654   1         17.03148669397421
137.75383922297073   -5047.909436848449   1         0.881576819524558
-8174.553932339859   -13645.02345857593   1         0.3912552531006437
