trucks_count 4
drones_count 4
customers 83
depot 0.0 0.0
Coordinate X         Coordinate Y         Dronable Demand
774.2129160416105    -2905.538795507771   1         0.6458681848813124
-6648.000056226863   -12881.914571507139  1         0.1547724581791776
-1736.1147276874128  -1085.588506931809   1         5.062430753662469
-4073.6191561364462  -5894.1761589051     1         0.8352642687016739
2579.08786071963     -2796.1162706196924  1         23.29587686460497
-1244.6350536119503  3300.8856158628696   1         0.276344689376371
1092.1984084311357   1614.1520090217682   1         0.983249684115132
-10921.778966549715  16092.637713698794   1         0.22815618464832904
-335.25335293482476  6951.1604864959945   1         0.6945111696327286
7204.798827965487    -3923.434614892917   1         0.3449974037205079
-4849.692193178224   -8661.64123716469    1         6.891423960337895
-4561.51170848571    3267.968584197595    1         0.16275430441298297
5118.701486763081    611.7212164062865    1         0.4380776050784616
-4613.3765148397315  -792.2444908825923   1         29.40185867624582
9899.882042700247    178.21907947287036   1         0.2355805276173054
7126.445935469502    8284.96820368014     1         0.6044733962055513
-4103.85046021005    -13.700233023603392  1         0.6294387517551285
-1753.609344611597   529.3212570653321    1         0.8895086172731776
7228.430154271942    -4550.177179082533   1         1.2087341564652632
-6954.277845572791   1260.6892549375111   1         39.81351625067406
-6367.860948034456   3928.4135383457074   1         0.38536932762022413
-878.4566490147607   5156.325289527132    1         0.29968334850657574
-6448.763902577187   -5618.185788494126   1         0.25034534064680475
-3823.0196610961934  -2183.354715247584   1         0.8152001963443182
-903.282129210449    -440.17565697229475  1         1.071481332643338
4882.643601361772    -4626.44237687148    1         0.1793376091606094
-3470.609717347144   3652.04662756379     1         0.7245084036820327
-6688.981745544592   -4410.397419632468   1         0.8422415877855848
6496.820677321255    12447.705067000454   1         22.580757528164565
559.2362774514232    -6540.605503154827   1         0.6581150480674176
-11801.821143909861  -9661.320678039128   1         28.34575131392074
10163.214745036961   1522.111309772274    1         0.811248702414145
3212.2355686867118   10106.06930964171    1         0.8088334525370886
2339.5835729746136   7153.645781822105    1         0.12166722400034151
16222.154761471153   -7457.596395092391   1         0.9435299984680593
-4149.696707977642   4037.779346326006    1         0.3690720719122945
-8638.489592518681   -3120.630413855277   1         0.8474465607986018
4501.432129005774    7055.445529031531    1         1.1468945356000548
-7527.210834686091   -8586.565284139608   1         26.606297711084018
-9154.422198654282   -1190.820935288384   1         1.082584397852159
-8397.132458814283   5518.0743427056      1         1.031626767626811
2871.7517939105533   -2963.086344161444   1         0.712553372850008
2875.040222629591    7091.3635158131965   1         0.7216379448165521
9005.461006247388    4968.916662117674    1         0.5653049915175764
10417.064625609346   -9839.474579693615   1         20.815716978976383
4615.157364863013    1106.6317547930973   1         3.9483746179979393
2537.12167745239     1840.2531793957348   1         0.12041401177823892
-16158.468018895259  -11627.086935975158  1         5.836383560368222
3630.7805403208586   12443.02039120147    1         36.92198487836169
3356.8240631572885   -5402.56372741951    1         17.16448231511719
5495.23762057842     -9070.993576960613   1         0.15748907427717995
9628.764192035906    -10999.654731506107  1         0.7187875941193362
7762.099206720361    211.44087445506264   1         0.10410971234401448
-6325.675142637069   1362.9420613291525   1         0.796997891189363
3554.1109844148377   -10522.458502053349  1         15.745440818050437
4897.729967187935    9774.604769579915    1         0.9654921083526761
-2800.8184512882763  -7934.996923210232   1         33.038725804993305
3100.508704621825    6990.478857405436    1         2.5494759762578605
-5771.061589345641   8419.604401381768    1         27.452622355035658
5984.25424706354     -6310.425621288975   1         1.1891820133445739
7483.260575998714    -4105.012470833306   1         0.8091532995638121
4250.350637728472    -9417.405961193686   1         0.4937938780212112
6260.868050224569    -2680.3829798791185  1         1.0344675253608602
16254.1268788272     4790.958817730163    1         16.515730146427494
10738.592135029794   -355.5733548323495   1         6.028896538955215
6553.605444516978    -3771.9024326808467  1         1.0778184350463145
1398.2475333129541   8172.696216778935    1         0.637447431324551
-4553.593177752782   5577.241394923381    1         0.21311212643012964
-5254.774345052465   -762.8996785662424   1         1.1371124830653885
8648.001075559236    3644.854102554546    1         0.466711782514486
9528.028785766663    -2549.1803117321656  1         1.0254028983972607
8709.473239715113    -1575.5684312071794  1         0.7432294101389234
2280.080977993217    8271.032030311851    1         0.5674717190845109
1335.4343876903147   4194.220905865488    1         47.174667655904265
3383.8232554807937   4095.1711775502395   1         1.0340619819202541
8703.978452865287    -4786.821969492734   1         1.8538404771345813
-5665.147798479041   5507.817258438387    1         5.965470074570346
-1987.0118503885112  -8160.417172616194   1         0.8395976321395034
-8104.199564589333   6907.99261918827     1         1.0628919466251117
3254.2070404072756   1774.4032058877608   1         0.8454122585052753
-703.0049718673164   -6074.234315452924   1         16.673533175128135
901.3543070054183    -10037.368092857852  1         0.5294120465744848
7134.679428593866    5420.044262467364    1         0.988443701391665
