trucks_count 6
drones_count 6
customers 99
depot 0.0 0.0
Coordinate X         Coordinate Y         Dronable Demand
7852.432229283311    1885.5115133723718   1         1.2033380648127951
-1545.16858085152    8696.277580513966    1         0.559946702084239
-11265.240623702692  -12378.422387029885  1         29.577475716142498
1210.6563627643773   -372.61990316664566  1         0.4453569953175278
3752.934727856487    2072.9881200226223   1         3.706219162529365
5549.891646539923    -3379.537337540888   1         1.2185862818876356
9841.927251488192    -2903.0251562883946  1         41.301241509211884
4227.336305451927    7128.891382198673    1         0.5183994674710346
1552.9392864113497   -4678.61352064541    1         1.2357157593699495
4240.784025182572    -5342.793133628964   1         23.009217463091414
10288.969615199378   -2788.5083997703646  1         0.44984259524083836
4643.8371621903225   1839.9507874206013   1         0.5787575243194628
1528.7929594174466   -8946.36095280321    1         30.84654026662922
-3904.062462456861   -10048.329228799088  1         0.46818484212806444
-7738.401673047141   5873.796634327143    1         0.4223875565503662
490.13430290134943   3152.590546833021    1         1.8890998209581804
-4982.245618617291   -7730.648436063959   1         0.5368728611240909
-4834.006783687408   -8038.972140372659   1         0.39046981266700453
-10283.742174944604  -513.7243045692122   1         0.5691732328924227
3467.6828255964047   -2705.0305628206556  1         4.554280574022798
-949.6641879816253   5519.94797149125     1         0.8588473139285064
5454.8231149552485   -3316.1063287550132  1         26.77484607344774
-139.03911856325178  4031.3416843843443   1         0.20435096667880104
-8925.749861130758   1132.487752739271    1         9.561711941737018
-2457.6271237122883  -7868.355011991065   1         44.629790170650786
-13018.98611336848   -2177.3504611709377  1         0.982594728755341
-7959.457089687737   -5528.83640063816    1         0.8226714362493812
-3091.8412310347344  -225.70839466550382  1         16.590447594827076
8599.203157017744    -5302.163604706404   1         0.391522611070409
1074.762510892944    8202.367685686097    1         0.5327739010092377
5078.745310433308    -4927.263495221837   1         0.18008371953953511
2230.4754880105843   7704.928788284392    1         0.3398656238515433
13245.595747737589   7194.726200120658    1         0.4833690300465757
5080.164799225128    -5609.358768605159   1         1.1083662033196044
3640.2959474403456   1071.206780125139    1         1.1041926925048178
-5882.887004777844   -1794.873611679841   1         0.7946146731845583
5289.387539691887    -5599.044457410377   1         0.9806314951180404
4211.03319455266     -6527.02032673084    1         0.9404086734264832
1163.9777014774088   7407.6037191226005   1         0.7977057884320417
-2137.124613277429   -6252.737695007378   1         0.5959816353040724
15396.030612659059   8812.85771622467     1         1.0141015098663835
-6348.204906197588   -4098.422991580208   1         0.39451739672695174
-10.768263041614155  -6236.857033284008   1         3.8982924290705285
10426.057325970774   11082.96945992783    1         0.9287538232916366
10184.484335398354   -3019.7204145987453  1         44.628572097505455
-576.1129673499872   -2890.5604534729423  1         1.0071361796947418
-2259.328529354293   3196.357831204705    1         1.051455181803205
3741.0504159431366   14945.60221995461    1         47.48287330006942
4907.54200005805     2741.5520833791643   1         0.9752420997801281
7236.840499319417    -287.06607153236996  1         17.679272461656403
8282.25807490719     -502.9017803356037   1         0.628988680343829
-4374.74185970685    -11419.51246710449   1         0.8344847651132471
1069.6361394535852   7787.875217930456    1         0.45395917385925133
-2864.2521697920456  6431.929083786529    1         0.37562090122182223
10070.701727294607   -3316.2873734450854  1         0.3296125135577978
-1598.0250670307641  -7837.098863089307   1         0.9853043894591109
-4372.45819485442    9097.047433118614    1         0.8481140151038356
1327.6756999134507   1964.8950809270743   1         0.2624351843698677
-3375.1704093593303  -5585.155793025594   1         1.0625411932503774
-3573.7111404127154  -2236.907075919317   1         0.6318631683908537
3058.821812543514    9896.338225367866    1         0.7257489777220331
-5879.135323031699   3439.212470111195    1         0.9082935048466357
11963.823749254294   10732.222810186493   1         17.823142480528094
-6960.182889958383   2975.7561187797364   1         0.9080279911538915
-5530.75797840532    -7794.460249589005   1         0.6673303497143329
1709.2352487155758   208.78721123547305   1         0.9532330728157354
1505.9458916282565   -6265.399747112422   1         0.9135337737329484
-6132.5720154108285  5741.802749196754    1         0.5571076829778275
-7714.96057369805    -6502.88579033181    1         40.82752139320852
-13338.990627537878  10830.856465371238   1         20.587329869318047
7897.223515425114    -1478.9620562730886  1         1.0339325755228304
-4003.427120268158   162.0941611845636    1         0.18420611867228615
-2367.8539750835316  -10174.344350966983  1         0.20777218940423076
191.2226255862347    -8825.92918533223    1         1.0432923452576592
-5414.172290287596   8647.571087249858    1         0.6185606482487469
7266.118213759478    -7698.246203132489   1         31.40418557746488
6966.055886219019    1664.8092501070812   1         1.1437532841396156
-5817.546162112571   -8687.506525050976   1         1.0377193198208878
-1751.8267448019833  -10439.824996485491  1         1.0970455868615354
-1991.994700907002   14993.133517973933   1         19.68782892206402
-10144.54528548111   3497.336127198616    1         33.94697835864839
-3561.9131385308774  3641.689843213306    1         0.2759163743628903
-2878.8483124025656  -2082.872803511824   1         3.4897095965217173
-1547.9103357848783  -928.7003626289808   1         0.9794463674531508
7218.570660603558    7713.079849789169    1         0.8710745369744383
-3562.5876790474317  -5018.932772642992   1         0.18944585381588824
-12449.354787488908  12861.298929887951   1         1.1819427888152367
-6570.67060605591    4324.3637902839455   1         1.0794367304401316
247.20327834107314   -9157.903935422159   1         44.29739544184914
-9454.511353866348   -2418.3336660067616  1         0.6731644868027546
-6905.773877226041   -5725.404761107725   1         0.20615880098522837
-9436.303002858795   -19.030956691200007  1         40.813228058365446
5538.55819351968     -2615.014880369219   1         0.25037939573399115
5822.732433166217    250.95071546397455   1         0.1670033226046299
5829.2256134036115   -6307.280921924584   1         0.14421783457352888
9676.980374385537    -2135.136290160668   1         0.47412296255352226
2858.6307966591953   -4524.412924955035   1         48.350110692731356
3072.26663717935     4363.2273460992765   1         33.499848676441715
-4178.167345749067   992.3716046491048    1         0.409245509757974
