trucks_count 3
drones_count 3
customers 43
depot 0.0 0.0
Coordinate X         Coordinate Y         Dronable Demand
3976.091131868118    -825.6521577288574   1         0.5716385936936702
-3745.9404329437175  -863.2447708542368   1         0.5972522430680904
-4032.3126159776943  -6291.749816601086   1         8.945814418612601
-1598.8855168343077  7628.994140117391    1         0.4197052115245339
-4555.8982034199535  -4430.9504348508535  1         0.16402466100611468
-6657.0103368284     5270.7831059447135   1         0.9085976536399303
-3523.548382768578   2575.2652495591014   1         1.0456929364753162
-2972.062629343849   -3521.543260779768   1         32.65112620364371
-1820.7262463955353  -1907.624453967942   1         0.40183200282162446
-934.0569472805845   1786.0103130368623   1         1.20949266541768
5325.462597784608    -582.7374589217543   1         1.0721188376760888
5184.896014073891    -2315.3638001924646  1         0.9628926300388708
6394.122188409149    5783.628826745316    1         20.143618633759527
3723.408531527772    -7222.237263875105   1         0.4231591762983282
-6789.038082955322   2636.9658618186277   1         0.3218285476330023
3405.452103699509    6638.253327580081    1         0.4806125888724909
-5989.260973024199   -96.18287379108041   1         0.9039615549556224
2084.280144309422    6189.535461499415    1         0.735587816469545
7637.226009991797    674.0557096650537    1         41.51869090730272
6233.582407280958    2950.5020970388478   1         0.695976755386515
-4033.5160418508876  -3180.2253716226323  1         0.3719719421694563
-4861.206624328459   128.3286367634796    1         0.4196217499569832
-97.10582206834513   356.3661871238445    1         1.241356088227178
1444.6386308877002   4670.352239500819    1         0.777482281877299
-2286.2929599855524  4077.9431180579677   1         6.262468042483512
648.1020882850444    -6916.917352979009   1         0.9604878958750668
2474.6838847887516   -5859.861539114002   1         23.737624989522754
-8032.297704258213   7842.01168154484     1         12.54308286024424
-100.48986318243635  1162.8423744222862   1         0.3885068238552505
864.2247855323902    8182.6237728012375   1         0.7289602407862795
-4484.765994482009   -5157.240284728844   1         0.5963194903548528
2165.318219185454    -3063.8777294992115  1         35.11922683743509
-1562.3702673659766  -2821.7870271325546  1         0.32444935809214537
6169.906407012424    -6321.831049758007   1         0.8140756481910106
99.04698953193252    -465.60860979933716  1         22.981762149607317
-7676.686851590309   -1282.3331742707303  1         1.0940805856930582
-2678.709085801343   5063.906444299332    1         19.462762589175178
-6468.735253720534   -3866.97072511893    1         0.6680437632570312
-1904.2626182005883  3520.9211507237064   1         9.724695202713677
-3257.0347782053877  -3027.401764370321   1         0.32518881648539966
-4978.841011867357   3067.6995472950207   1         0.7893728917083598
5667.403566248067    -4935.671726193961   1         0.6093516732473051
-6462.223237640504   5243.954703221104    1         2.247425101989651
