trucks_count 3
drones_count 3
customers 32
depot 0.0 0.0
Coordinate X         Coordinate Y         Dronable Demand
-9069.194683560116   -1981.3355475061257  1         1.1656318061530542
2238.5750753676125   -10302.144845473338  1         0.44839392496184405
-5540.859625275582   7194.099684968905    1         1.0765032948804563
5457.59886747959     9452.64804306278     1         20.426815505001684
-4269.063318555185   -8839.88673968182    1         1.2139607502726766
8537.26248055077     -5688.553243651364   1         0.39196285987309865
-7780.627096970564   -6314.283729159325   1         1.1108279424275276
4760.054298439637    -5225.226530598533   1         0.6068490511083693
7044.184446987379    6858.412025416253    1         9.543118120501758
-4774.405063441641   -1024.0819991683252  1         0.5713430286207604
509.40798166217024   7987.425287774848    1         0.40373319269994445
984.6798125423691    8006.883458338184    1         15.23345170895402
5365.257166479114    -4608.0084653892445  1         0.5415804498680704
8102.671045298001    3801.2752897101823   1         0.3744784488284444
3254.9270816188014   -6947.497269139083   1         0.2511276222876193
2663.324099167341    9704.858513636864    1         0.6706174730227051
726.271770010617     9406.11211199716     1         11.266482504398217
587.4309651180891    -2199.7560892969027  1         0.7827884325674163
-4056.412140946383   4279.3058075335875   1         0.4786755685010242
4384.157410214563    4789.551931028801    1         46.58030997372397
-3075.351869300939   -6811.5191919983445  1         1.1075458638764895
-963.3584149878615   -9519.846659581352   1         4.315131153794146
-8422.150755362012   -6483.908994264384   1         0.7443832182058355
-10659.748410561502  229.34550178831168   1         0.5716811237967055
4993.219595307157    8245.253354042827    1         0.4932267575267715
-569.7676351129394   2154.2824787239274   1         0.3333367735022414
-5835.8413506338875  4513.299503002873    1         41.77977260337489
-7769.041630279761   -1651.4864751892494  1         1.2371259912061328
1631.8758303323727   7782.116408522819    1         0.49442367907807305
-6160.267177276273   8324.74124518641     1         0.849317268082129
-7745.9158709867725  -7131.3083944968885  1         5.084998848191777
10845.320555370448   -1163.408009790168   1         0.9336219352126162
