trucks_count 3
drones_count 3
customers 20
depot 0.0 0.0
Coordinate X         Coordinate Y         Dronable Demand
1409.6204624083502   442.2862874574366    1         0.31695806898087986
4007.1854695268016   -2806.0856878783707  1         0.18169786498511503
671.0955196277544    4404.1936970118395   1         22.078568550597723
-3809.5422159368527  3435.157654878015    1         0.8414251027168966
-496.96335933539063  -599.7745991873641   1         0.3418164182015502
1273.0100059773613   513.0776041013914    1         1.1233783536039534
2746.300203842097    -492.8593016256413   1         1.2480383998970865
2645.90853582098     -3328.7787777985927  1         0.4147711685217431
56.763717282901254   2928.2375136709215   1         46.093846711919625
827.9513764482172    -2862.186953119501   1         1.0469727118492664
-1505.9864510528703  4912.587120278227    1         0.8497576276981184
2059.334350282173    3581.592775539246    1         0.2583303596638742
2287.295521398937    4268.011451576144    1         7.2412725168942975
1241.0621087592788   2937.4270124520394   1         0.22354347881204994
-2310.6485027419367  1985.4058810207289   1         0.39682875895958747
-4924.209624684115   -2936.2370050586674  1         0.24901710645782194
-1020.3015627837772  5016.274827808172    1         0.9606228828052343
-3661.40308814611    -2859.6979141166407  1         0.6619516738035396
3211.984991032609    911.0956074054719    1         34.471483336244766
-1994.9508129288524  4710.145531251011    1         29.341938526610363
