trucks_count 6
drones_count 6
customers 98
depot 0.0 0.0
Coordinate X         Coordinate Y         Dronable Demand
1350.4671432519228   8549.578851066744    1         0.9042875976127049
-3826.5209369710747  3042.476636570587    1         1.0862343721103587
-14112.560093137183  8389.204177205433    1         0.8058035287600539
6247.735682390654    6915.479468490676    1         0.89976617491341
562.9002147103582    -7870.491508099628   1         0.1873002911125054
-5613.272625685496   1278.062934375506    1         0.9498394139587238
-7622.9200205014595  -1184.560515398416   1         0.11888209139414645
-1364.6767056247518  -6696.386507586539   1         0.5609841464357054
7620.5931932423155   -2554.7294185587803  1         1.1966780922452644
8437.886384310255    -1271.1231765199357  1         0.24193341233975377
-6757.276267863216   -7360.19622414681    1         0.14777631251900233
6098.619496947598    -2172.8122013615425  1         1.193603476267711
110.28682126272253   -9742.078179462615   1         44.53981417224712
8076.820983822266    2087.890833986951    1         1.044826040031375
-2749.9413080588524  7223.198867083507    1         4.950045912851502
1760.355353122999    4712.380861509255    1         11.330154281496327
-11911.472864572635  582.7964917706377    1         0.3492247615307645
1195.9819507179589   -4234.750463947122   1         0.7044848927108905
-6398.306228732885   -8311.432899319856   1         0.6595105161519552
4674.351012795409    -908.2943765668829   1         1.1602452924630422
-8704.100672870038   -5746.328941045054   1         1.0349413548512154
-50.34189218883694   17917.298955613136   1         30.062211197892413
-8701.787523792134   -4872.383232556634   1         0.13392364077007973
-387.8229402513716   -9838.709937334133   1         0.5587371774999308
6462.606983009594    2280.051869904124    1         1.1903737888048467
-1429.091568527885   7668.319588846052    1         0.9368811920529917
-2336.0547456374306  968.7207445760445    1         1.1569555482127847
4541.520133308438    9166.417148607534    1         0.8056937821865442
7891.1040907348615   -3692.7151911369715  1         0.43117578348165553
-6386.711162473836   -5139.2834894946445  1         0.8504316156445216
9656.033692326408    3402.9949276967477   1         0.5835010853164626
7580.645501016694    -4574.363239958671   1         0.21548894343832015
-1803.5849788912965  -14812.100080303131  1         0.5894178955281996
-8503.027072183419   -5425.804306405173   1         5.698162491708183
4032.877442126121    -8295.099823202314   1         0.8379222918912411
-3830.0788633146512  -3134.9769577474     1         0.19696938126467808
-6294.343337984202   -1222.2702526234846  1         44.46314552854517
1184.9232768922245   7257.780460579399    1         0.2685675238473094
-12433.117903475806  16324.911469381019   1         0.14077963310964897
5675.244594972948    -287.7804147680086   1         0.6401247664607377
5954.89292871155     14991.861549906018   1         0.8068641961347176
2548.5508895950693   -1473.0852671958305  1         37.7869814322025
-557.7181924449794   -4439.445845054137   1         0.625856350343326
-5163.602334940654   -8280.037531980262   1         0.17694602604835033
-9315.910405005417   -18051.254564969215  1         0.15680475803472857
2907.501232558566    8974.634591832542    1         16.972894528881895
-9164.030089830074   -3703.9832430076276  1         0.3745712818480347
-4874.5704229782     -696.9152953507506   1         0.3865187303171421
13348.485973523395   -6069.286923926587   1         23.877362097640667
-2700.1680426687058  -3049.2193425510004  1         1.172217298784305
837.6280688925433    838.371768263435     1         0.7454342418293994
6688.16081844635     3118.0622013609236   1         0.3195243018712469
-7870.124006783279   1857.5101817828565   1         0.7019838706283139
8462.37578982526     2347.309969140225    1         0.2479960449245065
-1694.5526519355453  5837.058729033358    1         0.8378496694727172
2385.2264578203417   10234.223355539218   1         34.92080445995251
-3411.9377429708193  -5955.049485860664   1         0.6785093889165366
-7126.098248192175   7811.912446996889    1         0.8906348904437622
4252.815171122845    1783.0418815015814   1         0.42954202157420107
-10195.01611198625   -1950.129962144643   1         0.41460972872836654
3455.391143993281    -1599.815573655278   1         12.77377260857697
-11239.741799964155  -15455.851429185112  1         35.51737221499183
7330.4262041548745   -7882.0477627997325  1         0.4219167380674409
4272.625505158452    7520.90550924719     1         0.5506038410323054
8790.8884835811      -6061.491648648762   1         0.6650175778366079
-6392.137628555835   3798.453120560762    1         1.1567184895075187
-3633.01429250089    -3007.0596307464652  1         31.598841212766587
1830.826693155986    -3112.9550684434766  1         1.206926757464304
-2091.8595328687356  9824.41154799515     1         0.35392656882050055
-4744.060778602084   5811.250647643353    1         0.9875655750558385
-6225.522890310477   -3362.125326811775   1         0.5290480866842263
-7536.8799478185365  3012.96639709289     1         1.0127212174983384
4699.180837651142    9098.539548510658    1         0.4820685336257159
-4053.25995938351    709.2232995399075    1         43.41451688172858
4508.319505558225    -2081.7915717164333  1         16.56918327548925
4484.280774817892    -2265.215370861902   1         0.9726723304529464
8382.183702487866    6192.657404652275    1         0.6466924004547163
8449.830057276258    -2902.5364533366705  1         41.21796505357787
-2226.583272610653   4894.862146071402    1         26.75890593683082
3157.002377614417    -9168.163917791277   1         0.5268071677413545
2480.4010894693074   534.08466834891      1         0.4190786189100052
-7611.701739263516   -2142.933406285858   1         0.30969482406103277
-2061.6636061699273  4510.278118921328    1         0.3231838452278737
2197.7705699527505   8145.667037657273    1         0.4037873145220513
-10072.053319246734  -2971.020236652865   1         34.287969502455965
834.9050059240941    8676.66499950696     1         1.0002419968792295
4257.590359454989    10924.516867436858   1         0.29796297548937
-1535.3814189209181  1367.0078603762197   1         0.8801816686708712
-16460.35575354386   1136.3075554654533   1         31.46301857198341
-1590.3270465169476  1340.3857514991626   1         30.932830469104914
4985.522100643696    -9325.649157834849   1         0.6260758654716363
-3890.1100023987583  -1451.183862276881   1         0.13338922688904303
624.1039359218937    -4402.5554765255765  1         0.2977247101352146
15729.320090012945   -14595.727743930263  1         0.8307583641610773
-5802.512697708919   -4170.698322504058   1         0.32629073140486453
9734.967335850471    -2797.8398614541343  1         27.42643189173914
8438.880268427678    3780.334301372109    1         0.8253239084577616
565.0757269575032    -7229.3277554947845  1         0.18210925040869788
