trucks_count 4
drones_count 5
customers 100
depot 0.0 0.0
Coordinate X         Coordinate Y         Dronable Demand
5126.186574256201    -37.177695093843404  1         0.35257425620080163
-5832.044928252136   3960.4160333072687   1         1.001955938719171
-6722.314288979809   -2681.550300896105   1         0.6843561269145566
4243.04047218113     -2685.2040088617046  1         1.143046814816493
-3698.788214480526   72.51168335153069    1         0.9063721971283301
-1534.6837818085733  -5986.691041049323   1         0.11939779489447877
-5463.370583840891   -5003.185912632118   1         0.3272580955433871
-5861.741079697504   4748.387194547647    1         0.36114124286123783
6118.391776895872    4335.293548233238    1         11.981428554102598
3961.648655684189    2720.076547330436    1         0.3475591543485368
2604.8184707296405   -2711.860453274144   1         0.15247997597540797
2050.581254862886    4141.850784850787    1         14.292335727331404
3572.583566851173    -2215.022243584645   1         0.31290630405979036
-3546.3807874025515  -3440.5799008275008  1         0.3466214943159883
-1703.293620314735   6357.5104270480615   1         1.1599035401488433
-2427.1995868936     3672.257134608547    1         10.763126237707171
-2483.3210016944035  -5160.663679236974   1         0.5221980574443064
-575.6993581206449   -3486.8022013619907  1         1.0894445292234014
2326.7156430818723   -4324.126209948065   1         1.1334185256465148
-3521.588419532666   6200.8927831458905   1         0.689058510842957
4550.406757289979    -48.31314326641415   1         0.8288504308524678
4324.615615316261    286.2983285338323    1         15.94569411599195
-4425.098656677818   3472.331376679738    1         0.7623811574078682
1018.9540580382254   -620.5888213707349   1         0.6988337189286687
289.17091610740863   -4080.591649468437   1         11.199054080953083
3337.560068824277    -4079.947807496671   1         13.314128416756647
1979.2239871631664   -1103.3339864849413  1         1.1324051286543928
1267.8249109426997   -6427.24857716055    1         0.8676808518463761
-4101.023084151027   2170.0806457179187   1         48.51691216849031
-4473.340038265364   -2520.723204782261   1         0.16693610761491223
2843.9907831401197   3707.891870001243    1         0.5483585272320441
-5387.411614158524   4041.482746926613    1         4.337469681705054
-1469.752423543008   -1212.7356355748775  1         1.1333899285990705
4415.631834034413    -151.00465411171444  1         0.504297401404319
-128.57149148827943  -5928.003815709301   1         26.110814739663265
3630.0852761938268   2921.7214456567485   1         1.2359564423691412
702.6570799190004    4141.48493250552     1         1.2104623017761327
-6279.6156832726865  -401.7778863299096   1         0.5735869179732384
-5180.876390727557   -5015.026220615567   1         0.4711748720553415
-6879.73444279879    2389.5956501163882   1         1.2337654081101885
-2688.5624344246908  -2260.9833556540807  1         0.8802075331388148
6901.5272483886965   195.25364071866335   1         0.4032746664772966
3743.465249216482    -155.63319866542145  1         0.966408224498053
4206.953840340113    3196.6034800063594   1         15.77356653000481
-2220.4144743079323  -4240.261369706537   1         0.5347565090296873
-1857.90658319041    1173.8063149380514   1         5.293595898212076
5329.126151062145    6094.621169530976    1         0.5993688221720735
2652.876437931431    3209.8119936492144   1         0.9600531800068021
1377.86434645436     -5474.242308841392   1         0.17989468199157785
-2207.990995822236   3567.133643799978    1         26.115220140438666
4466.263938478787    -3038.2555951593836  1         0.7010300817971173
6751.44218670892     5252.808867499938    1         5.704117176430511
758.0875809360589    -6015.955107402393   1         0.5499731219879163
-5658.080331386623   -4451.846378229037   1         45.416080270688205
65.99784177352558    5666.884786530951    1         46.99186073142528
-2396.5873852891086  -320.7960019990143   1         48.60810609149189
503.94177515449076   3206.163017149833    1         0.7326751714671157
-0.9894768077827827  3109.1352510431866   1         1.1987068471951654
2782.4945621437037   2834.861759693742    1         0.3267449762346571
810.8917640344425    -6320.695558553299   1         0.5347008909520504
-4598.815103914308   -6961.4997428117695  1         0.42317279155810084
6515.065219340884    3236.582707823958    1         1.19621884816839
-6706.424888420126   1469.5231397746832   1         0.9376900975009839
480.5774014142939    329.3174210802151    1         1.119407188335845
4516.456994216586    1286.2706487856954   1         27.99961358266502
-1672.8634178749194  -1217.3164850839007  1         1.14529232288821
6921.432356967601    670.1358093620554    1         0.820834697782881
1071.2689425823462   -1395.0547757485392  1         33.12938934171452
5210.995057606839    683.5954535099054    1         0.4661255585155324
-1583.9330346127294  585.9773497199385    1         0.2624877219100961
4102.457025044975    1357.8751143467593   1         0.30404326173986496
6090.790400732771    -5406.971275241006   1         1.1073641650726276
-1964.9463552587868  5616.286838528124    1         0.44754162080785675
-1185.4074824762602  -1990.1532975176344  1         1.249379019375381
879.6909771023002    -4840.820640765949   1         0.26516558445222094
6583.685763431862    5935.002378473304    1         0.17744796711718241
-3295.8471862417027  4699.563382384609    1         0.44646097297627263
-1945.9949356271104  5999.0976860623805   1         0.21744830351741087
651.0682348073444    2021.3079114409375   1         35.076626776370574
-3150.1683254823615  5680.449360403894    1         0.8967085709108693
2002.4532811839163   2905.9240536336492   1         11.52896754663408
-2340.1799809824206  -1887.6631206381435  1         11.254336084224995
72.75624459360097    1080.53466627728     1         22.90240035163162
232.44372628381797   3711.971349903203    1         0.6747440085225406
935.3119509190901    -855.6054546715432   1         0.5130283317673417
2391.478975630227    -1679.1044051825909  1         0.6207764549110929
6663.2681446997285   3088.480826025284    1         0.37968616673202404
6298.415256378644    2870.5058807050395   1         0.7598575630768677
-5496.547762941414   1365.149800065538    1         0.9393974397796553
-4336.819464950755   6496.458342538079    1         27.099358428719277
1915.3129848418907   256.5266339114916    1         34.58072704610455
-1313.2731658500225  3690.584096580785    1         0.10802777647448544
-1604.3751288578435  -2848.7158242494484  1         44.62020454106611
4308.163859055655    536.0990626174686    1         0.5004949058037235
-3371.1771401430324  1981.1253701709575   1         1.0968596800109627
4129.205901444246    -1385.814839216152   1         10.70681813322303
-1162.2046983617638  6084.622384328706    1         0.8607123110494228
-3031.306902820473   3674.114275465061    1         1.2165672503632066
-4143.721858782893   848.1637327843142    1         0.7605488515587748
-3893.7251976984176  -1906.4924897950777  1         1.0411810943349493
