trucks_count 3
drones_count 5
customers 70
depot 0.0 0.0
Coordinate X         Coordinate Y         Dronable Demand
5644.551239487778    -1787.929374092518   1         0.4192326827446884
36.57504854856911    10360.971314176184   1         0.5514839197283774
-507.59309869517347  10856.571611309637   1         0.914336868165017
-4396.326434023695   4369.056911730789    1         0.3214638665410453
-2877.7964839446286  -2571.1117638454575  1         0.9485830489635788
-7683.027647830429   -5222.381586225741   1         0.1593534404531053
-1305.579953745451   9527.98732775228     1         0.5953122125536796
-6485.492957360839   11831.830703948695   1         9.53526370545137
-7015.613196245676   5101.929870310568    1         33.08168289261868
-9344.701182598026   5012.866044961391    1         0.7485617420206042
-5645.483078639245   -4200.552271219406   1         1.0981230796718606
-4904.378623758636   -2698.929378256782   1         0.5627210759449902
9215.832757960832    -5795.785875766069   1         0.16358043623554103
-4662.606689564954   7902.3888567818185   1         0.6001332105091808
-4007.8966416876465  9649.327673934667    1         0.3192288602024306
-4293.568568023277   -3344.484935915513   1         16.79410472723537
-9301.685420496155   -1319.9300490949583  1         0.4083580902113165
2673.2465243629417   -3999.376639640274   1         0.9752619155773681
3717.0952398359304   -2080.614265598431   1         0.4073491655277657
-1541.822970854985   -6615.27733368656    1         15.800326351863571
290.53391308270005   -8141.250071485137   1         0.36891525805618297
3321.817021314868    -7368.737081797787   1         38.69007101881385
1605.7636855128947   9621.085409854819    1         0.7853390172822909
-4392.970113388044   -5289.026477877258   1         0.6311349432463775
6660.847159229365    6087.738439626316    1         1.1494808318184397
5068.033842494878    -2586.6042247188675  1         1.2252192474117927
4947.969360650211    -5532.310662786545   1         48.703681235358005
-7340.375318967737   -2546.9164977762603  1         0.817368072547802
3434.4991473587756   480.3594204501531    1         1.2002586416400793
-9376.56494981748    321.04477206744116   1         0.6232710174869586
5785.8633646042645   2710.6664243603655   1         0.6469004917150061
-5473.263233123055   8340.867007620112    1         29.27224598066618
4681.333366514695    -857.4821547844671   1         0.6279122666866044
-6498.358925354858   -15596.8985130429    1         0.4908381332974543
-4961.343004468872   -14059.247357905559  1         0.766172280114823
-7819.715270195443   -6866.312047250162   1         1.1717341696848558
-8802.699919080747   -1901.8507798809567  1         0.9639504771469563
-3985.4733565191177  3500.736823765755    1         0.7157385690318091
-8993.865299123292   3076.067140917916    1         0.7261055688562881
7539.51620317657     6030.823507940482    1         0.2215241089354824
6820.849211058229    456.14900434003084   1         0.37557269080012456
-1678.3518319932616  -6465.307143894838   1         0.45276270334564295
-1437.2053742206936  -7559.788882180369   1         0.5799189018397521
-770.7897130060604   -9323.562039536297   1         43.730774656440346
648.4066888128167    5130.116524120028    1         44.440036187033634
4910.561064434074    8442.852919778827    1         0.7804267701856328
-14861.018717477535  6437.772205317075    1         1.0255534195238931
5840.338211682482    8943.999832538379    1         0.6137893077922363
7713.316400420737    9521.939369605325    1         31.796922520728415
-3843.705325772854   939.0385982160808    1         0.7396778156817347
-1795.8277979906852  -15326.68804794549   1         4.2810374894337375
-12204.781887129137  10705.635986126044   1         0.17396603440195976
-671.4536037521226   -10055.07505017342   1         31.516852598532545
9478.895203108028    -1191.289190907706   1         25.641889017249408
2019.7097215330596   -6248.263200344758   1         24.783483897255696
7686.558929884313    -7793.126608152232   1         1.1856006028241841
1087.293348456003    3174.0570869766325   1         0.8261771484348469
-8127.7522510922345  -7066.341583653106   1         0.6525347632280498
-916.5642235685937   -9653.623809503353   1         0.8662024615110046
-1106.6972318300923  15034.182691981847   1         0.8694195376109324
2704.5568981864994   5880.405676395944    1         0.30316100502577903
13231.025582605469   8007.021571598181    1         0.23387125768285766
-5637.363124365512   -5913.581095265803   1         0.5297957379516492
8030.124362683118    -7419.430482261791   1         0.4502101746893147
2840.5492959497465   5876.747050218776    1         1.1039769043503493
-8918.202976473392   -1740.4037807805257  1         1.230354716579873
2558.6359058647618   -129.11419427028494  1         0.10985463131733929
-6042.643566340099   6579.536662930573    1         0.26010672580796645
2736.4236165247153   -1155.004842674201   1         0.5502457449633157
6749.614904020849    -2470.714513088004   1         0.833279160450532
