trucks_count 5
drones_count 5
customers 57
depot 0.0 0.0
Coordinate X         Coordinate Y         Dronable Demand
-6266.241926388996   -4632.0474022789485  1         0.8488706508508729
-6181.49801959144    -2863.304342761935   1         0.7037916213763048
6268.88772306418     3735.5411614816485   1         0.9779576359013918
-262.31553419150384  1757.9897002465743   1         0.6633477095680781
3548.920714070837    -2042.6599118769607  1         13.636536168873235
861.8994028056959    -4652.48726982219    1         0.5047310708763559
-1659.160939116848   -4754.806619018854   1         0.8937804720608232
5678.558982531678    -1364.5427752352002  1         0.5843676189691834
4141.651137642354    3441.4653926109386   1         0.5222819015941305
-3626.3142291732643  -2524.481241236419   1         0.42796776849453055
1321.0795650515915   -6022.131249022243   1         24.123727015518117
-5433.073593203727   57.50460494631032    1         22.794581578049108
2585.979857498401    4831.088920955247    1         0.5583077685090059
-4417.040553722436   2596.6651134072877   1         0.6980941219124726
-5153.521983290557   429.825769942674     1         0.735977646319009
4304.579894993117    -1365.0896286865777  1         0.11298470909965697
-1181.1290871392691  -4088.4438198440953  1         0.628963521072009
-3767.431780042311   -1990.486202180806   1         1.1551113833455176
-4275.44390358755    588.4490966773228    1         42.85841367525151
4973.435546356875    3836.2135418533267   1         1.2088852754134136
4658.856562362254    640.6601288175165    1         0.847555910915748
-3748.579108698064   -1541.9837551353355  1         0.7229470735698053
3253.179735881469    -6009.000827073222   1         0.7410594836060561
-2186.214948482027   -2751.7216022359808  1         0.16484350175804308
3688.95870512521     648.2736384807597    1         1.1238258832001855
-6267.09173801832    -3210.5487960146356  1         0.7890829486856537
384.96953342269865   -4065.7892840637583  1         1.2452348590247055
2212.3480025849676   4528.774331751552    1         0.9514262695176705
1829.7930511925588   4167.281313706359    1         0.5717511768328439
-5670.119203221139   -2874.634977538403   1         0.13897862878671982
-1478.3165178719964  -1523.356398501438   1         0.31140192946243994
-5648.054174373877   889.9735050973778    1         0.43662544488025856
4963.263520119082    -2685.201879392516   1         0.7610972204761779
3639.938655812547    3605.6105985380223   1         1.0658097050311266
-5049.022006571895   -1929.8591710701949  1         0.2861924393110845
-2649.4821255773327  2396.539704353988    1         0.5120489237027314
-528.6811804172422   792.7835403273904    1         0.5517877001447562
2785.648468043602    3888.9510276837027   1         0.9605603928695301
317.667031029849     5049.640728598977    1         0.6933499534994434
5245.548799774348    2719.859582586155    1         0.16709725619857455
-3997.569211582038   2328.436282543568    1         0.6126757739163204
5004.611673261121    -6353.688376286707   1         18.884315117251926
5335.103437913991    1326.1709728854976   1         0.47892266375802384
4130.059994610201    5989.179144655951    1         0.8696248442006712
5162.728000206691    2880.4125394546063   1         0.16058699179364588
-4239.747456881592   -4062.451611520946   1         0.6534792030478187
-243.55833664106606  -2879.58182820235    1         1.0595912048523701
6414.965173305281    -5638.727560596137   1         14.098931421207023
1787.3289268226656   1384.9401514181166   1         0.3573672354008801
-4203.104356832827   -5744.432594305755   1         0.5073138157666737
-575.6253708713994   -3330.7207734638446  1         0.5595074647785342
6155.081711925926    1252.833416283408    1         26.465667042879534
4607.490092709728    -1740.1429222845857  1         1.1441131299342482
-6110.011454158865   5514.803947729502    1         40.182752777581854
-2950.6035713283277  382.17177035513055   1         0.526392946618907
-6122.530202534317   1087.5379701735137   1         37.96222359457312
310.12880522375326   603.8716216161274    1         0.5767313875483061
