trucks_count 5
drones_count 5
customers 76
depot 0.0 0.0
Coordinate X         Coordinate Y         Dronable Demand
2546.4765792678154   -2552.464539473882   1         0.24708239527430104
-7593.00517649391    -2252.773663704129   1         0.5340988110786727
9770.781707329768    448.67247298255177   1         19.975215987309678
10611.966052335156   -1830.7650409775142  1         0.46404272161725113
10707.54805254577    -1366.2072433949315  1         0.941666897004692
5469.199435629927    -4056.460869128908   1         0.7005636509447148
-1765.6640809923535  -4754.428103697951   1         11.434839353432746
-10209.991953901052  2497.208619534058    1         0.3266910449167477
4249.228887536618    -2766.753716301294   1         30.439833789760645
-5167.847699671156   -4113.4419595987465  1         0.10901812223656776
8875.894425866321    -170.68413567177325  1         1.092360967019151
455.62884433097605   6627.4681997321495   1         0.33237921448675734
2678.6552902613967   -3412.8757251210404  1         13.210655309435966
-373.4542533502768   2457.5546530266015   1         1.2032527829048247
-4862.429058781753   -2288.1522543018937  1         0.6669348436097701
-9737.686882329861   -2277.3295499947617  1         0.9813258268295525
6862.694465301051    6581.991878556307    1         0.8166783423217017
3054.2032148902763   6645.5246192962      1         0.9750892564846652
-4157.060259002478   6546.128471738412    1         1.1720517644051098
-8607.809196068642   8986.537779334187    1         25.655958175295755
-4550.300337648446   8532.626336363732    1         44.15555308772632
-321.26083948684374  3458.5844426916733   1         0.4168309547477663
-5388.813491215816   -6681.979078553009   1         0.7513276662460101
1766.7799054353352   8099.42386617282     1         0.40060315340944197
2251.2094172010566   688.8027036140356    1         0.9688357909965721
-2477.9425479580395  3498.5188516104226   1         0.6456235958178842
1653.1983420713336   4352.123158718666    1         0.22924216059614627
-4826.820561713785   2427.2242254746534   1         13.314572381467693
-9192.529734553447   -4377.7135105557     1         1.0434626176404969
-116.46519869567562  -1035.9785104674827  1         0.1587739145308086
508.11904748988206   -7057.866414915849   1         48.148072904596226
3310.6321008428345   -8362.248141542985   1         1.1019728826455146
321.3373697151434    -10173.750980922388  1         0.17798609050589856
3180.0054960227762   -2386.804479439731   1         23.130241963069345
-5850.450897115222   3368.682677954252    1         1.0102573466244789
3738.7050446614057   3179.5764099682333   1         47.07232744111049
2193.0376310155675   1193.3786740681714   1         0.6337406451496356
8855.421220002912    -3515.836105893564   1         0.34019912475080694
2625.7163116657825   -3078.9571937787427  1         6.496570062277043
2260.2821389395804   -10294.228899527638  1         0.6079703225296058
-3647.3731809055766  -1377.2730686188747  1         0.9393769924868235
4033.717486346848    -10680.661493070336  1         0.9521735770255746
-2053.555967808591   -1722.1928354433371  1         1.0899798852402358
5136.725884543969    8305.399195968163    1         0.7200731135318814
6262.7474197939      4803.317126379227    1         0.8533663461302152
-5318.681795806132   -1657.000116882962   1         0.5377131784736673
-1220.1907187458019  8100.782363641568    1         31.387299646572213
5493.559169049553    -4323.8385845447365  1         0.9094468164052328
1812.200692524196    -6866.484336249361   1         1.0519687918832152
-6590.647652068725   5455.936718698014    1         0.5094741609942623
111.90452286727248   6802.563982500296    1         0.5886352774596505
4553.295712513055    8342.040043725454    1         0.7004871750429754
1807.0077015112092   3166.2849584787346   1         6.828598718142299
3845.619343050065    5563.148218697       1         0.8852440146268663
-1715.0647906738168  6400.234088308543    1         0.7043174388393096
-5961.465895828299   -2671.4239006159523  1         0.14351460636834004
-5295.2937518996905  176.7418044841561    1         0.18608668888849317
6351.706905037611    -78.06679475522625   1         26.99071099426541
-8899.69190284743    -5737.290902446787   1         0.4498979284092368
5398.247650649326    3183.487701363496    1         0.6321318665132265
-9831.257453772443   2450.63784318555     1         0.8997309649389789
3420.729854678328    3773.523664041658    1         0.20014491098392195
7653.88701724453     3156.535023230588    1         0.5064732979530124
-945.6108923773653   -3142.5417421208435  1         0.8982734975470018
4400.104890912375    -1277.2447546609692  1         1.2499737045894914
-11623.865421438293  2879.5493313106617   1         43.40671171670137
-6408.540531202569   -2303.999166718433   1         0.9287209242705117
630.6397984028051    7673.950235203735    1         22.116859912411794
-4339.874703083303   -2993.696830290212   1         1.7291326178900255
9156.300582997901    2376.7853121367157   1         40.12283469715816
-7781.342950584269   -4293.852858939334   1         0.38857144965980017
-3240.2210945335028  -1274.4612150209741  1         0.6818100285787134
-2322.6127953754185  -1534.5714276060644  1         0.635654210580781
-8591.488962781983   4111.688368995926    1         0.8182557843784417
-10570.665686341474  11899.287573601436   1         0.5041149317896648
-4694.306972913092   -5310.028638644263   1         15.643070050997473
