trucks_count 5
drones_count 5
customers 97
depot 0.0 0.0
Coordinate X         Coordinate Y         Dronable Demand
-6833.775530509984   -8548.396791619574   1         0.46483558402216907
1193.2942680139604   749.4425493312938    1         0.9873410058537387
650.958321796276     -1365.455181394587   1         0.1355179103058959
6957.973193351971    -3914.716733924614   1         0.2823447403622668
-8578.24552353539    -6376.5668403916925  1         0.7250352719665125
-8002.876239676554   3070.259097215503    1         0.8592404940524047
7405.002364521364    7304.2086163393      1         0.29188718534118774
7606.154244073183    -1857.7739521604103  1         12.238409130378713
-73.50788252981187   -6334.081047441156   1         0.980929252934003
-3255.649302674766   -5362.28614569111    1         16.811394929972785
2099.9759281852766   -11008.743237556704  1         39.95184172879683
2069.533022764233    -3618.120605860743   1         0.1859067636307859
3502.5614349870866   -5270.276944487093   1         0.1566378411683741
7017.288646917519    -7976.639643357622   1         0.44081150856046536
-2228.824683034122   -2066.4580930326356  1         0.4757637912213386
7303.257553220348    -5130.871545487876   1         0.8978648202525606
-7412.102719243634   11249.062912457313   1         0.9167989876572982
39.63378896002775    -10061.641084142482  1         0.8210746708180146
2613.6811156843246   -5906.7996900181     1         0.15921572675402174
2409.306068653436    6910.10256709805     1         1.0426617425941103
8341.302017603604    196.36705861600785   1         0.4554131911320298
-5656.736817761665   -7532.856925462282   1         0.3786166266946439
308.7635137835439    6845.966736922378    1         0.22409158935178608
1980.9276686284907   -1293.863585362183   1         0.44232178300953706
-1428.1802555430972  -9236.91858216766    1         0.5097260248730567
-2134.0061154716022  -6446.451154132148   1         43.92628176159898
-3860.6430821615377  7270.634758610645    1         0.22079959859287931
1529.482478281213    4396.74284630044     1         1.043372709022326
626.4385243801055    10501.219106407429   1         35.4438543665612
-4470.786871446304   4184.672245042756    1         0.5890648961622225
-10375.333906340204  2396.5962476046334   1         0.24203249466351326
5086.9289920296615   -6339.93337904053    1         0.9578288841301732
6327.450424268707    5940.802435518392    1         5.182667072798456
-2353.0854089656236  -1659.733746649623   1         0.7612566569997367
-1730.8914899589863  8592.348936826407    1         0.8392662161135068
-7401.276300286878   11329.749499746216   1         39.17024104109594
-4740.247350699499   3196.582473924169    1         1.220277535518464
9615.038539815207    -6161.468005878906   1         46.22970244855452
1327.892492467872    8675.533881927147    1         1.045187370930886
-1132.8524528837413  -2069.513413603184   1         31.646823438317337
2941.0089525905746   8492.562645509355    1         0.3765504550149996
2315.0867544986086   -252.76280733376007  1         1.0105285450500834
5814.58670158496     5933.989014161925    1         0.9287697054830031
-2039.0051211259033  6762.226530360989    1         0.4105174114395729
-3017.291015287818   6287.553725409087    1         0.40590075778775125
2180.7645774827283   -3569.7146431419706  1         36.578779402205235
-3810.935726500059   -192.7694089246118   1         0.10274766827459166
-714.6924119877276   3620.834158132554    1         1.1774842811547668
588.7836309453223    -3634.4666303690356  1         44.992072879849815
-6884.745781380509   -8164.487282614278   1         1.24380375309122
-10576.763692391381  1112.1701997908237   1         0.8309216705958301
-289.4288850686001   -74.21176748895756   1         0.5349296665806967
4633.138283167019    4321.237748489467    1         0.8400548525945304
8270.350175955735    3607.087943890799    1         0.3335761689581441
-6300.3886782864065  -7941.287401220692   1         0.7426657609100967
526.6902958270075    -8109.119405034732   1         0.19525386242431242
-7783.744397123689   -909.1017814430834   1         1.1747566142153307
-4822.341236239997   6618.346605922747    1         1.2250123187118636
-8813.982183578892   -5196.420230467509   1         0.19746126590562707
8546.31827019816     -8726.916167209776   1         17.944270406137825
5514.040442040714    4112.188778154127    1         43.828631905710765
-1975.2367629417804  5616.4648053423625   1         0.7427743230831142
-9047.494077459349   -3685.87593489431    1         34.92421547109205
-7163.676689173544   7626.266849141713    1         1.0513247087400246
-383.8317838219864   4596.990538160626    1         0.3376310112592591
-6779.260264869617   -7656.083420514989   1         0.3323647981457769
7532.705450518224    -3160.8296470696296  1         0.23340455827305753
46.38743155118755    -8495.700599677853   1         0.7292746751462439
-9228.40284158852    5521.307514308119    1         0.13721198175526594
-3176.9037727480986  7683.778109732972    1         0.24635669398669957
3725.7246524920874   6702.3562848522      1         0.39897976816722946
9717.062145890202    5028.508497921212    1         0.32892445419186767
-3131.3574976872137  1148.610253880574    1         0.5276496197099522
-395.52235365579327  5255.857446343551    1         41.68841037271986
-7344.810906175431   2173.069927088851    1         0.49540539223797
-5782.609059602567   9539.551063002724    1         8.671371409436752
1217.8920618117918   -2131.90985232395    1         1.2189854398388291
3809.4643186392022   -452.37199695978546  1         1.307332866550559
5114.842949155588    -907.1564412189687   1         0.30409278635498316
-4207.098598852405   -6800.640756304301   1         0.903078678744612
8022.889843035279    5212.54012302743     1         0.786512810637421
-898.5612018523288   3705.828753361693    1         19.407708669503407
-10245.315347779306  -3234.0094023603197  1         0.6780423876822518
119.83848439119573   -113.55324459091715  1         0.31756357754565856
-283.9967137541997   -2323.8265835788784  1         28.167379423195918
8670.470887027623    -244.6416617671057   1         0.308045496082894
8234.381103735843    2828.542472467183    1         0.9165515122886745
-8589.75078798924    -6460.7717994920995  1         0.43752408783017505
8722.550600341761    10655.831712607243   1         40.24995434810367
1932.5129952471082   -5392.020526309874   1         0.509709124889488
-5202.398639957348   -4351.2869512860125  1         1.1299931245076615
-10500.224881626802  -3159.225282744719   1         9.193012718304477
2283.4447910788954   -1812.5325799672771  1         38.69909415602118
-10576.429071887573  1325.5277056637879   1         14.52213312609078
-5397.003540927324   223.15712815823775   1         5.742674248282627
4267.157578540744    872.9908203291743    1         17.73039860336851
-3553.504963370686   -5942.8862958322925  1         0.5725672500566243
