trucks_count 4
drones_count 4
customers 79
depot 0.0 0.0
Coordinate X         Coordinate Y         Dronable Demand
-4712.97933339261    5518.5736039785115   1         0.3272908899176364
-7375.196113071851   6180.622934521843    1         0.42948026639309755
-2031.062357175766   -7159.917742166491   1         0.2764645122447552
5747.996831879996    -4768.375413578479   1         0.5844615850232779
-6666.205043681972   -2597.8635405580267  1         1.2081991648704158
7845.329935414403    -7122.106835719153   1         37.938610850606736
5220.542026315784    -626.4036207132527   1         38.42587121160735
373.8749576167064    -6898.686158900051   1         0.18000755372320756
-10382.408583438928  4985.271389061625    1         21.7694185125331
-10925.071981865733  395.6360329784668    1         7.285565368219772
34.18650043970351    -588.4925602040763   1         38.174154180352005
1424.0608094825307   1462.612936977266    1         0.8451698019960231
6232.816729637918    11787.810002442133   1         0.4152884202160597
-2406.366034067024   -9691.99596765641    1         0.6919210492819257
-2776.1289524759086  -1485.351672700237   1         0.4444026047921784
-1577.2422328574744  -7697.050500372838   1         0.5742357708268924
-5985.745012296178   -5006.809328943891   1         0.6902401496022599
8472.857515166137    4171.409703208006    1         0.8206521040467205
6927.894419695997    -5593.171730410481   1         0.3312970729402499
5236.640695426753    7894.985782674243    1         0.6546250765703796
2956.315987255439    4469.8706793582205   1         1.1426098718627569
8587.593864712626    998.2302567868236    1         0.1433877955871291
6891.483350503817    8376.710627869672    1         1.0833960150985875
7861.659260912133    -6613.1611623368     1         0.3041041661205559
-6288.410615012708   -1452.5379758271883  1         38.278114967371685
-2345.3244045054944  -2316.7006587909345  1         0.845253222149857
2083.9328665965786   5203.8861609234345   1         21.224502509600022
8503.263957271498    5823.593792392968    1         1.1773555712874026
10129.92603924485    373.1424242962572    1         1.1543298226523908
1669.8472316985674   3879.0296140277383   1         24.723240367889787
-957.3986136505201   5252.450548868532    1         1.11329511635056
8771.540528403302    -1815.8092162140501  1         0.7624482853025045
-3225.716516513845   -9006.394893968238   1         1.2252022270098677
-2627.8893984850774  -9661.448928542      1         0.9060393748460074
7060.682437680333    -1748.8404772074628  1         1.0337172283502158
1118.3237488885804   -6618.987224948191   1         31.467094609422563
8420.17167658438     1312.1996824561907   1         0.8149706543770677
3472.8095590633966   6735.373367359974    1         0.3879441226539566
-1567.2245937885218  4881.130423423383    1         29.789661359589257
-10533.768508433839  -11715.879911154796  1         1.5924098281805035
-393.79947417149754  -3038.96454590406    1         0.8362788773069397
-4235.302887824479   5532.029791714962    1         1.1480931897831774
304.12837001926357   -9264.636685448148   1         1.0481596653437248
-10562.015489236623  -12163.649926459742  1         25.76180391320806
-6395.23357388812    -7135.494437207844   1         0.19407265394921067
5706.288669669979    5610.832075208771    1         0.8073648850585928
-2668.1188358332147  -5410.901973354977   1         0.9227988343051508
-8034.8862155222205  4173.321284700945    1         28.56530716614844
7587.061958759017    4928.691721653471    1         0.3859997980572102
8547.87218010301     -5825.7720273455925  1         0.41280008764237297
-1374.2337949418102  -654.2168373188314   1         25.06076017582585
-3093.688165568067   -9990.634983534646   1         7.622659590427178
-698.225802318384    10901.711766425906   1         0.7231901640992017
3226.9737962119457   -7720.3822564994125  1         35.7415811516891
1883.7081159217253   -8580.215812767663   1         0.5802499257621105
-4391.5903260751775  1331.6435252701929   1         0.28067595348198027
-8994.739889749542   5568.298537573168    1         0.2526296190522579
9576.235854941568    -106.82519636927806  1         0.5214980036781348
-10251.733168437606  3292.5798735856      1         1.235436436223808
10085.239589446814   1028.3285586955853   1         0.26390659813373574
-2613.598174286607   -7512.456919226628   1         0.5145734744229269
-3972.150999941938   6221.061059185119    1         0.8433640901565328
248.32877016099823   -5344.422677579972   1         0.7624568779685524
-13209.047282254418  7992.863819654893    1         0.22203018185188958
5302.678888679769    -7702.097338840138   1         26.329979613119256
9052.307271237005    -5627.8563223328     1         1.1466870223922045
-549.5625264065169   -8247.88298647095    1         0.25248038203798295
2136.011481885487    6548.089742311547    1         0.34387825983608344
5281.167470545264    4724.999746412308    1         1.0338921771625966
-11637.98662613442   -252.10861889994158  1         44.57219901898991
5810.804332180113    -4785.556396976516   1         0.8400690412201769
-5906.682737723816   4013.33314033007     1         1.0329316611406714
-7853.791630856925   -4951.003739014497   1         0.47272498240171534
470.21047797045685   -7545.932447765586   1         0.7905160729518346
5884.532047997899    -3714.661594291226   1         0.3827482326669268
934.8071925834538    -12138.240053622012  1         23.95869468212176
-3657.8753948486597  9649.473785352764    1         0.261034234885004
9537.825597764328    -2890.791659583517   1         0.4948846489226102
-2215.652680720548   -245.0436212804241   1         1.0509984445051188
