trucks_count 3
drones_count 4
customers 75
depot 0.0 0.0
Coordinate X         Coordinate Y         Dronable Demand
-460.47291778161497  6250.921246759204    1         0.15566576557427633
-1114.1158125420407  4173.840967163422    1         1.0985940171951516
1441.6247795326358   7556.502679197937    1         0.41234918778762464
-2561.066893879071   -7938.893178741987   1         0.9300837111579279
-4664.587663468554   5239.45900375291     1         0.45688149390297117
-6865.50102824951    -2481.060644540613   1         1.1736690739904583
4869.682694762495    -6009.725202509068   1         1.1206897646431242
-4925.526797530224   4140.606851091776    1         0.18538099990754198
-7579.821638958752   -8611.063866252542   1         23.672140027203245
-1241.9840492331953  4525.09529251847     1         0.7411937041028557
3257.3937322060274   -7661.250726117182   1         25.20143246852252
883.2995680774931    5280.066723174587    1         0.6986935843362154
-3303.7895586225372  267.70699661146426   1         0.4011857485826503
2684.2991809364667   6358.207604207673    1         0.5952870659686865
873.8843445311413    8795.091243573646    1         0.3027123547440328
4819.377119178875    6764.353131019905    1         0.5303402562631124
2506.3637379111296   -4073.5699977668614  1         0.8267288747307928
4027.789424590218    5228.791651207952    1         0.7761916835572624
-4928.641305422008   451.9189219810864    1         0.48571875824401645
9315.64972280221     -3939.360884371582   1         0.5464548163937777
-6407.749665511305   1116.2622546923267   1         0.15788724297300852
9372.875412020809    -5147.042824213567   1         0.6495088370884471
6332.77217967178     -3235.468843139015   1         1.155904706713219
3214.5832307033547   -1856.2322666477087  1         1.1585804742085821
329.53098811087267   2128.0604725457606   1         40.456816168895706
542.2761486372472    4911.63181737402     1         0.3744681883761739
3539.68067462048     6577.723701221661    1         1.208202560691084
9613.586352207036    -2109.684338829282   1         0.7821256204329118
-8380.299202728509   2996.185444250632    1         0.17203353177754047
4106.4435535405455   9072.870825419393    1         0.9179931410669979
-3298.9736478772065  -6983.6778823328605  1         0.2679930096848343
7044.452558259904    -2248.826252963029   1         0.700505167224352
-2725.2095067537753  3857.20875850285     1         0.33574366086960017
-9662.595160021267   7558.677571841123    1         0.15437111861165956
1948.9002761195156   -1877.2361345627016  1         39.08034857045367
-3995.1429776827026  7980.448951807348    1         7.133064458674846
-2395.570342029717   -781.434830807153    1         0.9986072032201505
3382.9145557209436   -5477.934888010639   1         0.5673509655453098
4877.100130630847    -4037.47897863109    1         1.2489686791044652
-2537.278171084958   -9691.630318141106   1         1.1538882773685812
1388.757651985213    2355.3912571601113   1         0.7091812082370934
6577.923296470595    584.4860993962411    1         0.7008053264798437
-6705.865204517927   6839.978390023232    1         0.42872642656103477
999.2683763824382    -6068.87634140036    1         0.655960377762279
-827.8988057626558   -396.2934057924166   1         20.525560730738373
7797.273637687693    5341.261486615682    1         0.42844507985671065
-740.9191857550517   6400.715815962728    1         0.11915774244711527
-888.7385159994741   5371.550442102504    1         1.0451851096148248
8050.917592479169    -3237.6383807719726  1         0.12874374198504948
6066.940661263077    2120.450076165435    1         17.36107829495643
6666.028048774144    4429.016510011943    1         0.20683982736000708
1250.3342518205418   4054.1489062111527   1         0.8751396010160566
-1964.3820788830099  -3382.8409974585084  1         0.3849504285984159
5105.3592535443295   6288.4014308866845   1         0.4312293639918743
7857.19717215673     -644.975773667636    1         0.9065626311650518
-794.3128295345414   -5901.722780619659   1         1.138555625883518
6025.7178585675265   2914.94013657714     1         0.36138961136688286
5032.292105015427    -1510.3463254292749  1         0.4707333015175108
-1545.343757153354   1930.492859961462    1         0.5112085722056198
-8433.014477062054   -4754.556702339717   1         32.42158861752944
8893.997977539844    -2432.292620164616   1         0.20298152146593038
-4073.836716312792   4766.796180310466    1         21.391121771073763
1316.7524367259714   -2203.317167734378   1         0.9429794309391696
-2414.291266249342   -4393.468015767433   1         0.8519390927310126
-9180.267652382932   1915.0951604510412   1         0.3181528064250223
-7719.422120748145   7196.236413305606    1         1.0345993834406704
5744.9880979481195   2343.527285562229    1         0.471374622208633
-3022.76403773035    -2063.1040720820974  1         0.7908964452183814
-4419.162814613819   -9251.89817141112    1         0.6200803026522907
-9054.113394408805   -3860.1473096507875  1         0.3879811223019627
4278.302719894414    4445.124212903942    1         0.6756173265173452
407.47997684408256   1355.5284065703372   1         1.1399638044143652
2424.0177513385706   -604.0939058169897   1         0.8033926497690155
-565.7830206095464   -4026.65152990984    1         0.5629197111777503
3657.9660881826494   5972.747681375126    1         0.5615212834861707
