trucks_count 3
drones_count 5
customers 55
depot 0.0 0.0
Coordinate X         Coordinate Y         Dronable Demand
-3798.03306453767    8684.907234950291    1         1.166594612781131
-10605.370492412787  2205.5017761200465   1         0.26197994055537177
3921.1489480632254   -534.2596761073803   1         0.9493481268325163
-3029.323168194624   -7372.394935565339   1         0.5239882848644372
-6551.783841163294   2231.9154643741927   1         1.9122592104090743
6022.142230513172    -4272.361461603479   1         0.46310696301059917
-5337.565388583666   -1935.8111466894552  1         0.43917005145866594
7873.937229151207    -2818.652242584259   1         0.702464500079275
973.5176639037533    712.3509255225082    1         1.781274532649329
-7304.148832504835   7062.864262932809    1         1.1936862362299334
-2120.7033720336426  7357.910341364208    1         0.21081224923254394
-7096.030034585384   -4125.250062202067   1         0.5358631863960085
-6518.957677546117   3570.343661171531    1         0.5504052133747078
-11940.692376377081  298.8317672120065    1         0.6121423678800592
9498.475391045262    11646.844248906911   1         19.920471592342285
6659.878971455872    3633.084843721751    1         0.39795701434139374
1424.1822040422185   872.5498651813592    1         0.42431170697481124
-1470.8547104826064  -3794.046752535432   1         0.3360089982180955
-6149.972181294128   8748.568348195338    1         0.4359026818486996
-1029.730156709273   1409.6624092719633   1         0.8189708617877566
-5491.70185841147    -680.6153949888231   1         0.27222461496852535
-7520.910444375173   -1873.551037335912   1         1.1556354876644683
7719.095669997842    4748.3459412802185   1         0.36415403564917004
-5482.120287033018   6026.804765815877    1         1.0477862379984522
-5102.4608676059515  7878.926637860946    1         0.27159894785606553
-2190.6363730041794  -1077.4820087285698  1         42.57489844826781
-473.36014084525124  -1351.8970163502847  1         1.1492287045035092
-2982.6111355405483  -5329.626540516198   1         23.316540809563328
-5864.512245221097   6050.119097336177    1         0.12349026165138982
-8118.9656833601875  -7346.389082812942   1         0.41841980292559877
-2108.8412357649586  838.8047609805525    1         0.5231390229690136
-5633.65875296717    1603.4551088470607   1         0.6584515183483143
-359.38604840059656  4692.538527778781    1         1.1086759059128495
4670.456807856883    -3402.7816282227304  1         1.0107878343986345
-455.35752621642575  -845.3908813022596   1         0.6634127648070396
2358.3305493133353   4464.900697659888    1         6.408581184277771
-362.09265428509934  4552.001005388638    1         0.19532694715249677
-3174.449973093911   -7953.7266261390505  1         0.2940370743011893
9269.106079667637    -8506.675395618106   1         41.09099366560762
1234.0092247237947   253.65987118929849   1         0.9167243845581232
-6746.427268487962   -2732.1397499795185  1         0.8795023984255179
-12167.409679191913  10774.214688313348   1         0.5821961631784487
-8990.966052254475   4756.422771814476    1         0.54892970026599
-12687.99535467829   -12569.26405439403   1         47.30744618845372
-2986.388604890428   -1798.8378999516626  1         0.7080408174827036
3002.9399736642117   6839.755794926544    1         0.9758738475885002
-9103.157210329931   2686.7670394359757   1         0.8198355782694681
902.6479426618955    10073.362779812207   1         0.798015630787989
12407.78240691075    11869.682913187846   1         40.88767840187981
-8181.594152013435   1154.1276734560524   1         0.13280599206736846
7315.17217504906     -7076.047234645689   1         37.16349439233088
-1623.6007950797664  7310.1076116953855   1         0.9532982705191855
1038.827375988853    -3575.677604088206   1         0.512533002572538
-479.74877059756494  -8716.6363371923     1         14.835364523843952
-7940.2080167346685  -12280.840854106184  1         0.8887316466349576
