trucks_count 3
drones_count 3
customers 57
depot 0.0 0.0
Coordinate X         Coordinate Y         Dronable Demand
1272.0802727703813   -2953.5997341537177  1         0.6421566223431111
811.0918380450355    7490.865485108135    1         0.6177858314040573
2634.8545129276717   7840.54314420426     1         0.21923836911512767
-8073.1642623339385  -336.90766703154617  1         0.24422351620970306
-744.0223003628427   -4982.840991319939   1         1.082935604222868
-565.7784939780772   1975.4746568633102   1         0.2166232567596888
3607.673881730201    1028.9026264773238   1         0.7243863842662064
2707.4191664264117   -4101.889135618249   1         1.1196795559291026
5640.824395945702    4694.125825104282    1         16.327275572067645
1325.6553576316433   -1111.630030108937   1         1.2041469500637532
6832.687142492546    723.5001095817927    1         1.0218802353225123
-7936.736210537296   5059.008128844198    1         0.16339889007168845
552.8789123444404    -2983.5692126461554  1         0.9802486165244761
5187.636628898905    -2056.83741392908    1         1.1812487911305167
-7126.579271170377   1251.8456102793032   1         0.9697066365562336
-6774.693674455017   7350.454701557707    1         0.2760856434947929
-8045.246856385155   -6541.3847969791705  1         1.0537758191132756
-7113.628049039621   2659.6190645529055   1         0.22484034201424466
6100.28506206993     5845.29703172078     1         0.7652889784950706
-3729.9178545199525  3527.0970599426196   1         31.94453477550797
-1893.820415370741   405.5538223305496    1         0.408543775632522
5544.4156110617705   -3603.822642997108   1         0.16881917752479306
-1045.1708621313248  2926.8481883498184   1         0.6876565823723746
-6276.180000984196   -3755.7487702746407  1         0.8598363181902081
3093.1759064236103   7256.4827518133      1         0.544067358778981
4737.57590349117     3898.5717066532015   1         21.26813969351191
6097.85563069667     -6296.154479970408   1         4.9529801389207755
1484.2206816385342   3461.019491265498    1         45.486685655969374
3768.7217370960548   -3152.9550931294248  1         34.61583404535046
1197.5198709095614   3119.5764808972435   1         0.9999428548237078
-55.31254150868699   4520.504655334236    1         1.0998120957783009
-167.99006792492492  5801.203496824646    1         0.1766266422816875
3708.208277469309    -8044.741979039558   1         0.4624908939985939
2862.3093423963596   4458.650478361044    1         1.1492426881230953
5605.30307161297     -3413.5972600054783  1         0.804738258891999
-661.3464954500901   2320.1921420977383   1         1.1022269045190736
5896.504875842027    -5434.238318881008   1         37.55177382934573
-4950.389210575515   -7614.35272469846    1         1.0419249375482151
-4328.258280928918   -7628.5187439316705  1         0.3467067200741841
-1608.0215427450212  -7155.891333898223   1         0.6551210413653705
-1842.2474116800088  1652.966430737605    1         0.308451210756628
1238.0510889374025   -3046.2992861527105  1         4.6398573484376175
4069.795211487773    -4457.841194369231   1         26.229426356368858
1608.976314125823    5862.089340671478    1         0.9528665552235042
4463.95891243607     514.4430946990384    1         0.3518605386835939
7931.526093092652    6237.805009253024    1         1.106244674516026
3591.9495471092505   -4999.71971550272    1         0.14180887410360243
6088.427915531021    -1385.4210473409585  1         48.601906150491686
1269.5449646889847   7703.573560032741    1         0.7174240239204575
-1799.625845297007   -7189.76675380131    1         0.4963151430564008
5341.62353638947     2.942093845208075    1         0.6386520819300501
-7148.942826490042   -5948.7115221295435  1         0.7409239411277437
-6051.150075810007   7697.386613390779    1         17.35039785071526
4984.281944284947    -7509.023984638945   1         0.7034481986545421
-1323.9647568221462  6940.355383362577    1         0.7444363819715579
-5066.297145520356   5846.331189804607    1         0.44730844361999933
5127.986169859037    -7388.533889213991   1         0.4787967439376587
