trucks_count 5
drones_count 4
customers 60
depot 0.0 0.0
Coordinate X         Coordinate Y         Dronable Demand
-429.99870425003945  3759.1373886541546   1         0.2292637161470886
6540.153229019394    -8638.791125496224   1         0.3403163568335461
1851.1534842089327   -3546.798069472188   1         1.0189168735887395
-1986.1584800035616  1637.5783748014692   1         0.40506010626406996
1134.060535047958    -519.5098186885037   1         33.38915837915266
-4608.829168055784   6476.467619023993    1         0.7864083989684302
-4871.440263900932   822.9667090417955    1         0.11025137817346312
1795.9798885978269   3821.797049576108    1         32.749090813485104
-7778.289262534151   -7163.6897213743605  1         0.9599686419560528
-891.4734741143741   1409.8979225611126   1         1.15776939381358
7998.644477002954    4910.221383694545    1         0.6018533617946565
4234.812704129625    -9639.656131490636   1         0.5395884665334054
-6126.370550614328   -3781.297009409001   1         0.2822955776260592
3106.27345366146     -4471.619219463507   1         0.27794136609298137
1954.373735337203    -10729.171993499667  1         0.18791699809541182
4723.468816530776    1989.2795405709892   1         1.0515520951720914
5224.011303695006    6082.308177755545    1         18.74254432948621
1291.9745659820803   -4392.650742642729   1         0.8672952010280575
2811.7243012556733   7139.236336617858    1         0.4354305398323519
12266.014697999944   -2281.8789800576687  1         20.494555429784562
-11102.719301330642  9025.890838760119    1         38.897827540275266
7702.961709269168    2620.650915715031    1         0.7654274888572982
3024.7613179072455   -4586.077448248601   1         0.4838163817418928
-6882.373531373894   -3477.9144567640587  1         1.1502303923793054
8985.84192157555     -4386.34396814763    1         0.16438933083075621
1117.774365047865    -2528.5214284759136  1         0.954407968313154
-2093.6257274805757  -11853.25806067383   1         3.9731816708028824
-3463.082602409328   -4606.583971638985   1         0.6403166246811687
7104.272059639732    -7985.067562792895   1         1.1987811839030844
-6043.974949447314   -11357.084912278307  1         0.870809956977459
-9171.253206163034   5880.210816726799    1         0.6053411037769009
-5130.950318784379   6357.816644617134    1         0.6795065932817914
-6113.4685238317215  -3575.613417430991   1         0.13339732296615217
3416.563972972482    -6496.339261476791   1         1.097988931915137
1160.8861314443216   3043.5233064359027   1         1.1362667821018217
-3235.015841047661   -4796.552802254692   1         0.3690309631747569
-9338.963566921593   -5453.277123379193   1         43.870803782772164
-3952.3562378038137  6517.900872252533    1         0.29388506159696715
-2053.133393788219   -1245.748683852773   1         0.6603112809754057
3340.773190074261    -836.8865034932029   1         1.1485193110143852
-740.829590244818    8294.877142254989    1         0.10872097582607441
4831.74950117079     -1281.1960944807322  1         0.3395019643048914
-9140.562718911835   -2012.7879840008497  1         1.0051972900175195
-1103.0080886784356  5779.456473758139    1         0.11537785854978846
7260.641224627339    -6266.3866181674075  1         0.860272796405175
-4643.655551327837   1423.116774381646    1         0.3898079113760622
-2489.0921753725634  6616.854368253952    1         0.8318303769924787
-9545.565946362844   -4562.263706361022   1         0.2061557763673817
830.602258514596     -7394.029385472425   1         0.440247591366694
-7191.939341462058   -2019.1978458191306  1         0.4626584730770976
-3847.3776802569855  5282.841409670944    1         0.21885237314501782
-1618.709514767558   5266.753186270656    1         0.8282650635525834
-6882.7220925443735  -4780.211019818292   1         47.42661949338537
11431.259842624946   6350.577979821504    1         0.22904035510167833
3687.281229415697    4503.8080442456685   1         1.143134874981336
5474.684295210878    -1142.0732074846244  1         0.8604642813573536
-3885.2861162787194  -9921.110951550692   1         1.0654828758998847
4650.679209272654    -7028.1289098163825  1         0.41970630473454096
5374.007025525684    -1324.3318215349277  1         0.4664871443027253
7569.698710393949    3540.2322836392173   1         0.651356328952358
