trucks_count 4
drones_count 5
customers 100
depot 0.0 0.0
Coordinate X         Coordinate Y         Dronable Demand
7831.20764086596     -7241.613563289297   1         1.2116889907087325
5434.156326464535    -8228.314908931174   1         1.011062324415024
4435.9772356466765   -1920.320832721304   1         0.41222453079373855
-7633.193816492489   1573.0031905460492   1         0.7082942669443587
-248.02661557537576  5261.551334628352    1         0.24097911080537776
3817.4306167067393   -623.0002713282851   1         0.638355090457274
-3221.3267716916807  7994.336343310002    1         0.8922740885906311
-2485.875410702253   -7397.546739884615   1         0.35610366548171224
4429.277893589142    -3375.485323111088   1         26.56295952693948
-2824.81276343158    3415.5012321033755   1         0.4996951171199381
4429.29459024755     5056.311131181307    1         1.1305403709301576
6923.415804854187    -8368.109250269603   1         39.553675284544056
-3809.871819064036   -7765.265922858251   1         34.46973121161534
-5541.90043090638    -7307.0342703701635  1         0.17003957316072377
-581.3596216368314   -1978.1328470331646  1         0.4049964328495834
-3615.824530023291   7226.678670385876    1         0.6732956066053596
-6088.939908279966   6341.154708741428    1         0.46538662438811007
-4880.731326859803   -8519.948300739965   1         0.6969629232835152
5005.3874388569575   -1109.4762550759351  1         0.24032067636111892
4459.813778664504    892.4811296281246    1         11.53487490734915
-3410.1098054351833  -3640.5220471889165  1         0.8616568070236957
6384.809955551287    1786.131923178516    1         25.26268582710121
-6422.73218874357    2036.311263071517    1         0.21163426428619286
4916.707679163872    6750.320652048584    1         0.1544853368258241
-551.2761259609542   -8770.500361432434   1         1.02971040355235
3916.1954041057943   -2634.7769582480296  1         0.8261679733483641
-6227.938257643446   -2196.4009700975625  1         0.17077486019830546
7269.603268945054    6404.759268175688    1         0.5233432722451353
7948.990010922858    -582.2799507038899   1         0.732507488097435
-2598.363537886401   7808.2357669945595   1         0.154426609407345
-1437.0743378763955  323.1406192968425    1         1.069328767061438
7666.879491708481    411.7608652384883    1         0.5404362733222391
4489.053363203666    -6717.908334590307   1         0.7138138270063464
4676.925630504656    3710.0194677984555   1         1.012129550141843
-2058.9417597399943  -7414.643514778675   1         2.524136402254217
-4255.393275865966   1046.2062729277059   1         5.6933064527504005
-929.0154188135872   -1101.109950550492   1         0.7036945483203206
6676.178430961218    -1615.747043569504   1         38.52051204264218
8151.954937297827    -1568.5978568993883  1         1.071335397314306
5884.114724135637    8746.056925564877    1         0.942609520005246
-7491.092306994705   -2215.983246587589   1         0.39400879540231115
-904.8000618204862   -2384.887708758366   1         38.24279726977227
7520.303165181742    -5910.344874022621   1         0.7157879918635058
8651.813266342862    4519.398841370963    1         0.9251861313251954
-1658.8562251634964  -5181.7725956587     1         0.9347681351953342
-8050.311823036193   1871.1952098949073   1         1.0269577843137636
-2066.6268742155958  -5854.325852945442   1         1.0628180922764758
4012.461189550393    2801.0969147336073   1         0.6026959900873429
3247.1213705713712   5480.31772388217     1         11.910463789517017
2375.343908989708    6820.430547885447    1         0.10412718111823195
-1916.1268926151783  5010.475589451517    1         0.7845900281650272
1492.127040844398    5171.182855315914    1         1.1954191076737357
-3259.4975572550684  -273.5710859247449   1         0.28786228042606365
628.6634046388008    -3942.320422031191   1         0.49988897564754897
-1852.815231638774   2664.8197724795336   1         1.0455877799066342
-8084.0769908640095  -4178.225235263066   1         2.0693254939776966
3206.901502346246    3869.5915307679675   1         35.27324864439893
-7015.256294122658   2474.532074211032    1         0.5084800021369692
3504.888561446704    -4932.94721917383    1         0.11945883491809056
-676.4711366029941   -6496.54287073799    1         31.89867216480474
-7885.325903726772   -1677.516648150097   1         0.14269366921825463
5142.005489063762    -1085.4863218348016  1         1.010657816612213
4089.299308499578    -3895.6694945506606  1         0.6792559748962848
340.0067081199213    -2198.518692242964   1         0.2697255165303105
5840.041384776106    3591.106199548473    1         0.6824660957242824
-6868.08972638115    -4552.89933093479    1         48.85766007505451
-2847.9271696406972  -6644.507221658966   1         0.5229700410309277
-4988.105945606692   3543.27539794704     1         38.06516873448073
-1614.733708226763   6375.130045688281    1         0.6961605946069833
-713.2546537065751   -7481.771720031865   1         30.498200660301997
7608.339560016797    5253.926689163194    1         1.2015287048948322
6255.5997898191035   -5625.156100285741   1         1.2394582348069922
488.6064417945811    4596.998302124193    1         0.4760531239357585
2354.9451278884585   -8899.112935366964   1         0.7064110883332669
1959.5753340962463   5302.595108935392    1         1.1871762259753629
-7449.296818390193   -4063.6406119677235  1         0.939570275876584
2481.835897752431    -6139.599464594028   1         1.0510560286609218
3871.955416207374    -47.890682476976316  1         0.6778764604183172
-4221.581871460145   1830.8925346015506   1         0.6492510473410233
3646.2509108343256   6726.183733198125    1         1.0264555203759755
-2436.0126424092523  163.6033329140687    1         0.27160429380970896
3312.3620881483234   -8476.016935788166   1         0.7103125882921354
6388.366292923344    5203.328329346909    1         0.6150412018263434
2206.8577112272988   8805.172974518118    1         0.4970872474973367
-2931.5846782638505  8504.67019808074     1         0.9866770663778434
5400.335891531493    6650.826703536346    1         0.16466713231064667
-3182.920432942876   3555.053659150319    1         0.5957936479445672
-6395.409795362208   5149.355461310928    1         0.3926903738414823
2998.309938554451    -3429.176843355374   1         0.9399650999444137
6779.879662489509    3643.614029977445    1         11.321051265323234
2951.361974194618    446.936657639162     1         1.0919214868104656
-5841.974066956977   4981.57515377074     1         0.44217127739625883
2502.7200070850067   -5579.318141719397   1         0.5038407651096631
-1276.1491030149723  -933.5167407462928   1         1.1471184993535946
289.7956272885418    5075.875324854188    1         0.42210759110610807
6749.0154013713045   -8375.62858909501    1         1.024377982165601
5967.9306340051635   366.51071084624283   1         1.0216608263134817
-7715.547337124537   7281.859753837364    1         47.97409693900928
-131.3958537352851   7677.0414002246225   1         0.6012223325113487
3750.187468490806    -5757.273261233668   1         0.10104495180623424
