trucks_count 5
drones_count 5
customers 42
depot 0.0 0.0
Coordinate X         Coordinate Y         Dronable Demand
3349.7926029936807   7721.127417795079    1         24.557937458915603
7792.496794461284    16267.963170548112   1         5.251928655026354
-3042.666421892114   -17252.278113433804  1         44.7366240106544
256.64222744595037   10663.328635001513   1         0.8966811696678002
-8140.745647669063   1573.5917730061701   1         0.9128945789003016
1655.877366706598    7270.109181280033    1         0.7200457402638941
4129.341314835179    10248.54013013378    1         44.81083815917163
6088.526254980821    6318.303090711058    1         0.5988013902871052
-4971.38297812205    -9519.71113912147    1         0.46800079292018626
-2360.82035114611    -2928.289862079704   1         1.145044794056697
13305.70263327728    6030.737711300084    1         6.485674332958638
-5909.770198616846   -4234.556384398266   1         0.843255247018475
-9782.42513818698    1455.646694375205    1         0.8154458619430072
-3285.876304597831   6725.75799667705     1         0.4616163222434857
-12037.265376888328  -3756.3928224267656  1         21.66551254628228
1341.6206236587338   4146.904996391245    1         0.6943302256064978
3170.7417969001017   3811.5326337248684   1         13.586803196985175
-3528.7021106090965  -5771.100279042685   1         0.8654963500257563
-1452.815176119441   -407.56413354886183  1         1.188869301021251
-1604.2216559776118  -2631.6758431456806  1         1.0729748989540218
-144.5111913389527   10142.6929221044     1         0.11218876218870638
-299.93520624156946  9965.187475085031    1         0.333766913692652
-8154.634227892315   484.09501709112783   1         0.8431885855326858
-1522.2365787239416  7125.379972129237    1         40.011708946397626
6750.430208866065    2516.2471295663813   1         0.7673591521500333
6521.0729800579875   -1010.6376666721164  1         48.03771091407088
901.3602590938161    3322.6365646075587   1         0.8775322784418109
-5345.42972868942    -3942.101948512214   1         1.083555140594888
5157.92482247513     -5376.048696414593   1         0.28463602041898195
2821.759845772027    3507.655679861782    1         0.5611981295173083
-5769.657953744663   7015.892844320182    1         0.12493192244659808
16620.490046189578   -4241.868311512861   1         7.7713005910352955
-2650.568551543388   9435.410541495137    1         0.5144683046219138
-9626.725428941798   2192.6152617636435   1         0.4946775170530664
-1556.582477669106   6491.294894118211    1         0.8937809432322729
-6076.299653635008   -644.0260198232191   1         1.1480711753897463
-14837.167556713182  18296.652590783026   1         2.709812014518926
-7141.386697041182   385.1137634332568    1         0.10567909031680932
9964.228920416916    2409.2778336852984   1         0.8646857450480905
1590.4136344412857   -2664.7644365343112  1         0.7654483217574097
12581.186293661041   -50.6373273482277    1         28.04842039263706
4811.149895012756    -3508.723951886379   1         1.0504389175413074
