trucks_count 3
drones_count 4
customers 64
depot 0.0 0.0
Coordinate X         Coordinate Y         Dronable Demand
-5353.291485939585   -8073.65079464023    1         0.5001599562551999
6660.697534482759    -1009.5767249366345  1         9.707122407962396
-820.9706958269605   -4563.648645082304   1         0.7523352740212205
2469.517729223097    9434.18683748722     1         39.72363342336753
-1209.1390197872383  -3164.865073849082   1         1.000527501429348
9294.206252422515    1685.990040132247    1         1.1589385066433386
-9328.0956441476     8425.145233882027    1         0.4446089107301643
-8010.3240431091235  -6913.15447323119    1         1.2177730648409721
2556.3673759783323   -4330.42167076685    1         0.4731879204834383
-6576.188543994727   -1560.26887905478    1         0.7252391618388728
-9004.430818544779   -852.3098888975123   1         30.280452413332892
569.9336109602926    4585.9316415231      1         0.384088706252539
-2430.6033750849324  -476.0385689101809   1         0.7094776009230319
-1270.647666753201   5597.508287573387    1         0.4403896706211601
5358.68535873175     -5847.200711060052   1         0.30108964877722166
1285.9037018848676   -8246.85325340569    1         42.26922483658807
8258.774092768945    -618.2951500763683   1         1.2246294321201594
1015.9153066046373   -5558.147083523946   1         1.209409283797462
-7189.469531368565   -2046.4214596057147  1         0.8965880407407547
577.9689761991464    1458.0207852592812   1         0.530337068472947
-2455.9491670253337  2298.556972188635    1         7.822134890830005
6074.051220823373    8381.822837291293    1         0.8836044191316272
-6635.365018124778   -1621.956084391826   1         1.0190494435832134
1380.8101391420314   -1680.636122787109   1         0.22414501402417517
-4532.948717930502   -1346.0744623813646  1         0.2975394498590285
-7167.170247712094   13.06525005252196    1         31.85012372102183
9315.930817727141    2072.671882066855    1         0.12798393598868077
-2432.7383985772794  -9630.452465504819   1         0.6589974593452617
-2569.9046220462237  7105.581170825028    1         0.3438268240370139
2612.618306320306    6860.04805435356     1         0.12851399050767442
-4396.981892721058   8328.861650401184    1         0.1855032888104574
-5617.157996835597   677.6360812099979    1         1.1161552817016334
5977.616127687431    -8766.725106821246   1         0.8993514477380578
-7939.924800858512   -5894.730609455987   1         6.713039970488032
1618.312856952307    4523.27693985991     1         0.8750599620731004
7048.549805552986    -9574.128886487893   1         1.1143812142884042
4840.946737875671    -7708.829349002555   1         0.9960272535124051
-7350.367637133057   -8028.416811006304   1         1.1513088951430326
-5645.758234051989   -1371.828842985249   1         46.558436788832076
968.7315796731791    -5262.954571590181   1         1.1670275965003323
2269.9002047298      -5426.922269683162   1         48.2300141406682
-6106.613557585881   7161.449161096289    1         0.8615902613190982
1269.6914862414171   2827.1504109736156   1         1.0913944908641682
2735.102515960881    5408.4181772387265   1         0.20958951357759395
8752.000890170475    -6386.545536444525   1         1.1851051479171277
-2698.074233935661   7467.896754900861    1         0.3941832671737908
3085.5835811719844   -10227.262325354342  1         42.25979996536607
10091.680485003384   2281.5231112492293   1         45.736102809865
-8225.946100643047   -4695.337125915683   1         1.088149730655127
-7559.65711389181    -4200.757305942932   1         0.5595192969726777
-7840.706641692167   -681.6455853030113   1         0.7339280082633225
3016.8998696494673   -4691.438610972846   1         1.1246109999571021
-1911.8594124635438  9604.355533399867    1         0.44168569620488984
-8631.968786827323   3737.94012331523     1         0.8373741341944472
-7583.320905732193   -1898.7555319514267  1         15.751936325125145
2166.3048199617897   5788.470894491575    1         22.626132290060685
-3634.536708342529   5018.550309916538    1         0.1625149462558347
-118.18698141056504  8415.256607568816    1         0.4452760475793405
-5318.913685955874   3788.391707245468    1         0.6390622416915603
-571.2625285303884   -8595.932613163559   1         0.24543548441767424
7171.813858301412    2662.584406683304    1         1.2313313026688975
-4659.202541046566   -2886.249217653997   1         1.2373270542201342
8063.037191609292    3280.80366831883     1         0.8861318541607676
13.60730789746309    -6425.0702388401005  1         0.4958795939727796
