trucks_count 5
drones_count 4
customers 80
depot 0.0 0.0
Coordinate X         Coordinate Y         Dronable Demand
-7571.327752796178   3121.8860775805265   1         15.715292230764085
-594.0443708392669   7514.318571685538    1         22.944404040427965
-1776.64940683014    6512.12194272011     1         0.5076119189513784
-5194.5408632956005  1986.7111785726204   1         0.634515895341439
-2173.5990026617433  4682.017576618655    1         0.9139095520708578
3767.8147257867745   -3818.046619245199   1         0.257124035784298
-1186.8878985924114  5189.066745274977    1         0.25919600503078355
3920.9339537906      6241.8972053092275   1         1.2190547189139616
-3822.7433352428893  482.2705289412661    1         0.1719928850085059
-3509.7400263418026  -2129.2642454262627  1         0.6118657027105296
-2269.729551231924   4487.390238662644    1         0.24968180792279668
7151.4896852782695   983.8120183488172    1         1.1350877927445777
-6272.4927142003535  -5203.207441965621   1         0.29706415207920867
5010.41549623714     2255.8721020498033   1         0.28470594787821535
2325.058019071814    1101.7909507136692   1         0.5804314335053885
5955.813896432632    7212.834593939031    1         0.2522004680094787
-4551.873757633234   6211.502799972598    1         1.037693246633293
-650.7885686599229   -4386.0187860433325  1         0.2546401482623107
866.169570312928     -2549.3359883280373  1         14.055168539331982
-3842.0542345616304  4424.966202296949    1         18.487238371235517
1483.8503123454702   -3674.0842426309346  1         19.777497766903068
-6523.619691986898   -7221.269384113867   1         0.5172111372242179
-5122.0123898676975  7634.126647718299    1         8.369939828796106
3493.253040054362    6263.048602571457    1         0.20609033632817947
645.2768076094509    1955.5741985618388   1         1.230512998529088
4295.991819177378    2067.664936524061    1         0.550817543591154
695.2407422395644    -4161.834926141062   1         0.1899814176968282
-2520.674181494951   3101.8540665758387   1         0.5086023440636807
-2186.299563571661   -4360.424122190346   1         0.2565487534781846
-6384.5436864234325  -3333.54939182643    1         0.5729995540677331
3047.4501223813677   -4546.342106056074   1         0.22107481927249706
-6458.5160420459315  -1148.8416063572101  1         1.2348956689685846
7209.370090549576    7494.087009276535    1         0.6267593642638442
5146.633277985138    5420.622524452815    1         0.7569196959733476
2497.3677616773134   6721.574978232625    1         0.9014184777041538
4979.358020516548    6012.578846394318    1         35.64783189063456
-2600.4164863816086  -6409.811418832267   1         0.2385476671738015
-5980.417563713569   5272.715844977593    1         0.5216654397074884
7357.887955955609    4401.302782200366    1         0.24167299743191223
-488.6906225192651   -7170.990319071481   1         26.70458353763518
5515.819183591714    7398.539137758715    1         12.919338382062731
-1877.1667387414197  1518.0761832649898   1         0.323534615661873
-7313.22994808981    -7209.357987564988   1         1.074644380386345
2457.5461804250863   6153.541530492629    1         28.034362618785902
5991.408612621997    588.1683815947781    1         0.532239864837265
-4276.971058721273   1987.763652820069    1         1.0625546043564233
-2581.404420660806   -5266.330381217248   1         13.97302136062469
5868.0308019090735   -1198.0981217569274  1         0.4436253644906123
6040.752888157435    6854.258015480966    1         0.5407255006636147
3958.250597346987    7618.461967765896    1         1.035217835915799
2500.8988235851493   -2693.0839612958866  1         0.513955799581165
2811.208191077498    3151.590366942683    1         36.30477166592173
-1030.2943234915228  6669.694773277024    1         0.5800377797070851
1312.4459667456115   5981.681933610286    1         0.5444647274122022
3461.3171340328504   489.9370208539758    1         0.7053248010198314
-643.7096456422337   842.0399816651811    1         0.8001193057037307
5327.574577922903    -5752.974303299368   1         0.8621264354715068
-749.6344411217964   1203.185709600432    1         0.3801648368101759
-665.2125363161443   7214.068243316819    1         1.0894282972648925
2757.0762283124245   2826.4629312366646   1         1.1758249179856022
-6794.830451365536   3120.4471645714243   1         0.9646635539863424
5041.473358603491    665.4909023130849    1         0.7696395436915439
-2206.490442858058   -5572.422067171454   1         0.645653372094962
-3670.9244380359914  5613.903748385721    1         25.897900154980213
1066.9106264008262   2396.029857456961    1         0.951293634920429
1050.4593070240446   -7228.610644588474   1         37.69177109349346
-7384.833192123901   -3850.7420689835526  1         0.6371667758814992
-3055.6814062196518  -2558.7961218750015  1         0.3282809991260959
-3139.86170969176    1930.3526303202527   1         0.7283324131782837
3580.8013656586795   3977.673040391668    1         0.5266624058954545
3487.029010277413    -3372.5549529077653  1         1.1776653944006619
4910.518168027823    317.7385865811743    1         0.705502949515223
-6623.763354627048   -2179.9183076001573  1         0.9758480053644236
3727.2382907167694   5781.56300453827     1         1.1609552613211918
838.0998210807411    1742.8666344788962   1         0.1161016871931311
5242.340053466236    4993.494517975667    1         1.1234191922372647
-1759.9672462593917  4866.609465149793    1         0.5895645531563779
2002.382754444324    1202.569562100034    1         0.6970588733737347
4403.205245189891    -1898.681351721164   1         1.014875825118273
-1122.567656728032   -1199.395627752789   1         0.9617086237563004
