trucks_count 6
drones_count 5
customers 100
depot 0.0 0.0
Coordinate X         Coordinate Y         Dronable Demand
375.2485968861367    -5758.091153513187   1         0.6708753097121326
2265.631750594409    -60.17872188755476   1         16.108275493268053
4151.6880493551635   11.41772681795242    1         0.7108713344517957
-2712.82714293161    5636.007348596553    1         0.2855275907777867
-4868.996911821073   5860.091574529273    1         1.0175334404103134
5324.1693362081205   -5124.066883152083   1         0.7784445559539379
-785.2949521190307   -5535.886747300226   1         0.48249628176868387
-2283.860054813912   404.534869979243     1         0.7592831640758988
-3967.0070295690616  4179.794875097916    1         1.2045398728737307
-5775.5819214815965  -5059.072500855204   1         0.6352591047655263
-1173.8891627124253  2435.6530817971775   1         0.5913780119270967
-2856.5655971348915  1446.3643647488834   1         31.93673309610134
3949.190789681867    4334.637118807666    1         0.581567732162557
3775.356392997055    5753.929449837234    1         18.913442428706972
-2599.4514865392484  4139.2502793604735   1         0.7832402121417747
-3706.3719878988513  -563.414502121218    1         25.295033205159815
-1801.2739048424037  -1143.2874566519688  1         1.2324501857567807
-5304.385222639857   -5329.1883497543995  1         33.5744382438882
2941.221063755126    3873.2470087778      1         0.437740916645738
1053.5423912229082   -770.3000595541164   1         0.6454774329698578
-2015.3845993839025  -1193.2659907752457  1         1.2348483311307206
-4948.798457621708   1112.8927601528073   1         0.18259484995547792
-2570.0053503930667  5432.240670004853    1         12.183091579972857
2444.3066157587155   -1867.21728750809    1         35.89816464313958
161.60357941264994   2568.936015617841    1         0.16530005350430207
-546.9637663811747   4884.066891992864    1         25.566227357624243
-322.30261686356255  -4589.291672816571   1         0.706273486303349
-3445.719401165243   201.0783992070601    1         1.1995209106817375
293.3362123946872    1084.1006089031107   1         0.5568853365548441
4509.113647492316    -5261.406713350089   1         13.609729951894165
-885.7739227385804   3479.890952252665    1         0.6787492155776432
2302.0879748619286   -641.2410876311418   1         0.9223547005111152
5501.978475899435    5730.635137975472    1         0.8592227023956025
-5385.487176874279   2011.8698006210907   1         0.2543973415868118
2873.8007915352646   -3750.259586672272   1         0.23898495611754736
-1355.4835303464242  -2821.2275003189143  1         38.19492210401396
2627.5692542914767   2102.1875852418502   1         0.21003749119859325
-4022.7461829023346  5088.974482946507    1         0.24530277582419285
-391.6308358616362   4566.505139418805    1         0.937751326211718
4226.282807119998    1586.0327943256007   1         0.14610406458222958
2547.4581423446853   4099.571568272988    1         0.6020905579115896
184.853984535932     -3529.314487710068   1         0.19393639849325528
-5009.805913965078   -2861.610834022865   1         1.1494622020169956
-3446.348659981093   5075.078167492878    1         0.2891177537178896
-3173.0684847296297  1009.1237910695136   1         0.46045578713709034
-1184.0006945818818  3353.6057233823117   1         37.979857087233455
-5445.354003594507   -4999.350948293333   1         0.3102988426080551
-5031.1672968533685  4764.658499214911    1         0.10794980126868332
1737.0365710622502   -4494.907192490998   1         0.45583957743036996
5253.150531611244    -2142.3204751538874  1         0.5573708811401771
3063.718748581514    -2327.955023852298   1         1.0907005459849337
1897.3556328180866   -171.69499644903155  1         0.9701893507013297
-3818.168532481409   -1590.0052543791355  1         0.6087576286367069
-4874.387911116313   1158.0961936329154   1         1.1524802770618472
4972.781492634063    -47.55409165928529   1         0.7238465624240323
-3400.441420319764   -1706.9250249685203  1         0.6656546155875791
5875.968850973486    2436.245557241281    1         0.17320440417662197
-3547.6194792208753  -2921.292813054806   1         1.1966515043448942
-4923.689774463294   1123.01747197396     1         0.1206928701933167
-4161.263320501798   -2461.643393584376   1         0.2647230810379049
-4084.410195769468   4688.730165831326    1         0.6415743884326501
-4094.5918674609547  4590.899055525044    1         0.38306024211269474
-953.6884480021808   2108.149697752109    1         0.12599915890179827
1705.3002626585128   -1301.86392166971    1         0.6775850359939488
1032.397318237361    3334.1694824907227   1         1.1580842938753566
2019.878633664619    -5588.391599427089   1         0.28673886594955245
-4332.487330283733   -575.3603991394767   1         38.13240877036985
1316.2613566923872   496.222449384056     1         16.1008019759832
-5721.744278780995   794.2167808499117    1         1.1261310100594442
2696.814491720159    4861.772760326294    1         0.6935648607969095
2546.6030520774607   4129.852372371646    1         0.6592605667200895
-3784.4303059146764  3523.265963673859    1         1.1240051897128964
2174.6733634704915   3097.5856571201184   1         1.1805986027447561
-857.4523354741013   5389.001992248202    1         21.069526016649867
1608.4183756517814   -3627.6436096663156  1         0.7587556338050344
5472.984913510609    -4601.7730577929615  1         0.8221539135635832
-3643.627122590107   -795.5136917668837   1         0.5805211791198387
-667.6985502062207   -1266.3535954933914  1         0.6774507812662485
1503.7206484356323   4734.272871846671    1         0.3579882879695605
3155.836022792346    1181.9220481182838   1         0.27358047701908644
3195.3470412132483   -3002.6987342938223  1         0.9672454087091839
731.3640820582335    4414.200144308281    1         0.9996249777761637
5344.863921933884    -5439.701218732424   1         0.44128451282219294
3956.8890874963377   1617.0327936627823   1         0.2706788664709576
1227.6625535610758   -5840.381190164977   1         2.170406590673521
3212.0106881789234   -2955.910546461194   1         1.0439041664890434
-4874.506960791562   -5020.8761526885055  1         0.5947766089545455
-5323.505130456168   1632.4016800850416   1         0.31109713913991344
-498.0921291995519   99.87782651122416    1         0.7644447230460976
-1847.1614727306287  -908.9198651000318   1         1.1843216348476155
5432.475838802419    -5421.85043880554    1         20.51659693336567
2693.956710481436    3815.6572397592777   1         23.56131300742981
2771.4083264901037   3347.9332234865337   1         1.1238644429380318
4292.72915877417     -2424.394171737924   1         1.1969750097958234
2821.5035145097104   -5607.918732160224   1         0.9070594461216678
-553.3766465312065   -1378.7821075182721  1         0.5259002869460784
-1997.138076411868   4518.337970978305    1         0.9738627845378914
2361.823102852115    -1831.676590248857   1         0.14856155961991743
-42.831121615632284  3155.3330739727758   1         1.0372084321507555
3280.6186133018946   270.7085979490451    1         0.4090596962734536
