trucks_count 4
drones_count 5
customers 61
depot 0.0 0.0
Coordinate X         Coordinate Y         Dronable Demand
7923.20590877339     2379.167646513525    1         0.41481226732038035
1014.3764656530082   8279.789605114542    1         0.10985260548541734
-5529.334299426999   935.5992352210595    1         29.434246178540075
-335.45232898566854  2465.877600637847    1         15.525560731603077
1777.1257970430297   1987.9388791603535   1         0.5540178431333543
-1160.5955866836268  5927.128296594651    1         13.962596364153255
6589.403397132706    2738.487078166364    1         2.095128735349347
5861.981706744409    1825.741533719897    1         1.168084551175703
-400.17155093720356  3122.7733868572914   1         0.21552486171491186
939.5431032077691    7251.3579256742305   1         0.30912848867180875
-913.1353425573641   -9190.528351908104   1         0.6951021224818346
-11818.993439045733  14040.736823477193   1         42.608155567167785
5088.408166120102    7375.3123284296435   1         0.579262634732859
9687.859211841205    -1644.8044912803537  1         0.8295784138874706
-8697.978361921258   -2563.918318080223   1         1.0987283628552476
6064.387392978378    -2727.4128755179536  1         35.14934680903263
-8644.092325148193   1921.968988282384    1         0.4979018462550624
1208.1445226893093   -10159.357282484229  1         0.9041016736115892
86.13791004996528    15216.561493960224   1         0.6053923903296018
-6612.605757597367   -7161.759038916575   1         1.0141922238997605
-72.24866566064664   8362.007065211574    1         0.774433607592591
685.0725233684226    3556.940601685225    1         0.4153457031169139
-8826.702349177973   -3628.032675362576   1         37.90426497167544
9192.472579854366    -3407.1433276526486  1         0.7845404573743682
-4919.433820508759   5093.736227105128    1         0.9784935957310735
-7986.022892964557   3628.773784970931    1         0.2669002337384987
-5825.327478763613   -7372.562147067154   1         12.353559523552494
-2408.066515792295   4743.904099672335    1         0.49810668158594595
3762.764247560881    -11773.369191243828  1         18.5161417617589
7719.667654635966    1470.1139609609202   1         0.11477285066576469
9177.691625286066    -5129.798930632906   1         0.19777626073746468
-2892.618603689944   -7108.346856315761   1         0.9385274599689277
-8923.646050099787   1664.6946756340594   1         0.5734309945357418
7792.516927807337    -216.94709588223049  1         0.6233320011889526
3117.0382610843594   2818.7042023319123   1         1.0327684507095196
-2652.497372501829   2600.0615886501528   1         0.4060817473693542
6159.78877184059     8138.118005579428    1         0.34145636826492065
4737.691300285475    -7774.776124057805   1         0.6361361949535586
7021.035002840221    -16169.529317338978  1         40.62280982761736
-4219.238332304605   -4285.525525231977   1         0.5986546407779729
7454.567430633715    389.2270626155093    1         0.9905855285591656
-17987.045327069183  -4293.2780155016935  1         34.34046837124803
-6142.224738851027   -6123.101674863416   1         0.18685536224157978
8569.16216025187     608.5676244902611    1         0.1480915976661978
9599.606547961914    -383.2272735068218   1         0.12581003319084677
9334.252460883927    3507.291916832652    1         1.0487513123136065
921.5576702299691    3141.678165458882    1         0.3116058912506589
-1510.343238684356   10686.010773223454   1         0.23171730124665138
-2777.970784067547   -6606.9211049472015  1         0.2779608218622758
2993.2332880328245   7564.401807422677    1         1.2080355911384024
-5459.854808824125   -8273.526816944968   1         0.4952454479624393
-9548.33733975008    3866.4316159708656   1         0.739996122553294
8486.467497039692    4288.332467373039    1         1.2019783224650231
1012.0022531518734   10964.629100225065   1         23.848983843064083
3409.7061621428907   -5984.410256290116   1         0.6718288386993839
838.9810952788159    -2235.1113982559255  1         1.2348338875436669
-8904.73357427937    1277.432894715018    1         0.6203281497387257
1443.8594863456162   -340.4172724420192   1         0.9315799745263107
-9655.069945491665   -2553.8955312445623  1         0.7609485995901756
-7614.848859728916   -4740.747136238997   1         0.19458845223496748
-9088.382021953286   2330.9264255957783   1         0.8955232026742707
