trucks_count 3
drones_count 2
customers 33
depot 0.0 0.0
Coordinate X         Coordinate Y         Dronable Demand
-1166.808333144393   1401.371352507041    1         0.29127554114267185
-5619.007666299379   -650.4997203351438   1         0.13091258595897104
3861.8234712859507   1499.976679111098    1         0.40736430077619645
3312.594850403281    -6421.094261741895   1         0.4290182554706754
503.1925817215973    -8067.328735932138   1         5.783452433424296
-1152.4217510794556  -6264.5679925014065  1         1.1030221565843912
4833.338452399355    5972.776788835239    1         0.20447091954844088
-5853.812272409488   4762.807105755102    1         0.5206535450579153
-442.80872895864843  161.01849342050755   1         0.9908553336780737
-3728.8410318686715  -3369.2711889002057  1         0.795855019676683
4936.5262792494395   6567.4242391745765   1         18.393513519279853
4938.094135982315    8065.489900728152    1         1.0917571083643205
6325.089502070203    2271.5211251382552   1         0.6650637965079578
-3742.2179257535245  4779.142461810992    1         0.7174315446813283
5456.454629019045    -2998.5881710531803  1         14.664649246907297
2357.3108430394263   2558.7366651865136   1         1.228174969025093
7436.572221279922    -7095.844147339233   1         0.9706220224630867
-2539.141063635897   -7346.057739351378   1         0.24624506766564133
8297.63494783788     805.5982439231279    1         1.2433595069606915
5959.224544526345    -1582.9896090800285  1         0.9678784672954407
3134.7944024869776   1039.605497943603    1         0.7708252306453474
-2934.704033437256   258.8850541241687    1         0.22934794805595698
6078.1337183996875   -7562.722217795759   1         0.9605280456927335
6116.297602476738    3341.1239920106873   1         1.1394935611324357
6284.882937404064    -8325.029747772507   1         1.1978334341769976
-5542.574308057304   -2825.55822551494    1         21.501805408573126
-2047.35090370554    1630.2524456381957   1         1.164890991389282
5887.71084547471     -7431.2469224775305  1         0.5696835443282956
5555.649566598111    -7486.80026500893    1         0.3787820958375814
4360.471684900159    -2881.522709322103   1         0.9291196843361323
2936.727160939587    436.79013549458045   1         0.8301036020397999
201.32266859062645   2783.3716636759486   1         0.24632234292992666
1039.8015105560971   -3195.5832603025146  1         3.629920212094475
