trucks_count 5
drones_count 4
customers 69
depot 0.0 0.0
Coordinate X         Coordinate Y         Dronable Demand
3863.3437060309057   1598.9556205873034   1         0.10482908656462443
-2950.3226289572963  -1963.545376613517   1         1.0580026174853419
2468.9529568292737   1592.090684398168    1         0.5976131771576897
-4767.004624960522   2336.675005920931    1         1.1220385319747286
2176.0960374319493   -1168.3318211648557  1         0.3705376251889888
-5457.3493658395355  -3904.5324512249003  1         0.43542772920117767
-1200.5195336131248  5697.520529082427    1         0.6670764653379152
-4429.260507634362   -1397.7709327402727  1         42.558760525889085
5518.181558067597    3031.0007643994245   1         1.0815554085758259
-3179.2889638591378  5625.515321513532    1         0.45616317991286826
5629.723655960279    -2790.296833985428   1         0.32319326771491935
4742.298374333649    6149.906883135358    1         0.6959817555070149
-1149.4277995583598  -5660.998528879412   1         0.5311760928250007
4184.931480384714    331.88894372294453   1         0.7835268173917275
786.6745063008929    -561.2450713817773   1         0.9587049721500717
365.96670294966697   -3554.021914120644   1         0.9441848421339013
-5053.272224104404   -2669.121503392433   1         1.1490422509027487
-3996.359138316916   481.32628196307394   1         0.1891236731870105
21.590139588701614   5953.46246560406     1         0.9316264661431769
5064.6309470572605   2633.0604827328984   1         15.501208325588367
3891.8478205977026   254.61624017588235   1         1.1873449401859821
-6369.461460887241   2605.679353719379    1         0.5003703346170955
-287.5302323420961   1167.980173583341    1         22.83691464286984
4986.936817122191    -3117.2264592152974  1         0.537444112701059
4215.585134210407    6021.681173814517    1         0.1302207633690512
4100.329311237528    -2425.6376535899176  1         12.107173090676458
-2520.8380485000293  -801.0712556757546   1         0.9798262957779986
1193.4126772195123   -3298.990380360133   1         30.216361413269283
1757.435311188952    2376.1528136762654   1         5.929743388307426
-4098.482822038204   3858.877392343344    1         0.7176091738063604
753.7159322819062    -71.05153704603451   1         0.19805446566694196
5781.964257424226    2847.641279549664    1         0.7314733345098554
-1482.5466724312967  2445.856701334545    1         1.0045516290983076
2565.806656827198    3717.89017853355     1         18.558428508439533
-1890.3312869241327  6093.76029569031     1         0.8155786022668751
-335.8633391925541   -3641.0888248290066  1         1.160317150449954
3454.2195713458996   -3933.8977716327     1         0.14025056609909156
5814.324474322278    4647.268093268054    1         0.142392593755159
5688.7230272533125   -4072.2294185009055  1         0.8406518475798097
-3190.5706781420554  4490.184192469679    1         0.5411941019007172
1537.3634471305663   -1407.2441984990426  1         0.7507618016890354
6199.792559739641    1651.5704366176747   1         0.8421539103166694
-139.01322465959856  -1435.2083854978418  1         0.935414307763058
-3267.8872874741246  6384.9122724096915   1         0.13018611559647644
-1041.591540178743   6266.280072381558    1         23.20946240634606
2837.7900485273044   -1687.5747128242415  1         9.231230527323444
2767.485014181951    4582.905349436509    1         18.72348759799148
11.656993696060479   4023.837460205327    1         0.817849771432562
-3152.5471326126844  3581.7685925809924   1         0.9859251198932945
-1879.0234681675222  3076.880902441919    1         0.4580341167637044
-5482.337450381573   -3750.5631856280634  1         27.945448223754287
-1400.1040525225499  1748.0531990348138   1         0.9478672675255969
-4916.912684338834   -2560.688311176067   1         0.12054574715410268
-4962.404448295406   -1914.9218522240583  1         20.021369336804675
-3016.7737684578906  -4038.705556609776   1         0.6044995200906983
-791.1397658660208   -3284.8028377999294  1         16.057434290135845
-3078.4592790822862  -2109.8223045564923  1         0.22301673514672882
1261.1859321497914   1463.7329317076737   1         0.4902769399759245
22.946356299246872   379.2159018484999    1         1.063675222264622
-1082.2147404999266  -6185.021849987651   1         0.8725456707048765
-2629.8355955859856  4805.992945650496    1         0.16297881228037656
-1927.0213257362623  -4920.751193005537   1         0.624668623715153
4862.9337096495665   5614.960621918093    1         0.23545649015753112
-616.0130008115084   4263.997761719369    1         1.1415186935877744
5149.599108373869    -4810.977245469947   1         1.0138266927846402
-5315.619368490819   6221.514535953485    1         1.163653286438436
-2974.2271476492965  1361.844617527076    1         0.4902606475611896
-1273.5292973195492  -5805.064907156517   1         0.6607640898063177
112.38922299223654   5363.095982249068    1         7.351095530350397
