trucks_count 5
drones_count 5
customers 85
depot 0.0 0.0
Coordinate X         Coordinate Y         Dronable Demand
-4855.592775712204   10839.154451207389   1         0.6052168916390535
4213.025482256574    -242.05912359293154  1         0.5796176797720005
-9167.328247318634   5966.0833207558135   1         0.8435089441257343
-348.4579185791242   3489.82354229499     1         42.07334329205343
-4009.259023614819   -7499.12104734266    1         18.480364361124284
1486.430583905613    10436.58992906419    1         0.38161900241632696
4790.1714765825      -1038.426161000659   1         1.0464634713619567
1525.7857041184975   8999.245626993157    1         0.7996521456468804
-4758.158579906162   -4417.077555515984   1         1.1057650689256693
9586.006648047241    -8998.47985922787    1         31.41512170877911
3766.6848319743995   -8593.968318544541   1         0.29204925181581837
975.7831135807671    -7627.157914766935   1         0.6919561978853369
-1658.7600363974987  1712.9997518545592   1         0.3376130812418733
1533.6036612809194   -5297.587230615627   1         0.10844039280005026
439.61927740568717   -4969.249421684051   1         0.1285681138370148
-4681.439296660685   1561.5851226425887   1         35.80356018602452
6300.511364667202    -7272.939591934987   1         41.16562593279122
-5164.054775894683   2015.164741052211    1         0.42513385582222474
-728.0032458339234   10104.321548357944   1         0.3075603193715756
-3258.3258709022707  -9790.035316366157   1         0.33769133290170983
8298.652580550188    -222.19356598741652  1         1.0663912878202884
-8483.206173951134   -6053.662322435297   1         0.23633597016772692
249.82277086081012   -3299.4620952939695  1         28.813158879127936
9573.097791413908    -737.3264287723723   1         0.1430550972461681
1534.9393330614548   6131.020335425969    1         0.8269226038749821
-4149.870369822911   -5703.6942028719195  1         0.961768827430648
-2412.062037075789   -478.8657353498178   1         9.937972560235545
9704.202568401777    270.37618275664744   1         1.033487544369502
7644.756539010487    1960.4668340675648   1         0.1382503804303221
8313.345072174861    5997.753177406288    1         0.26535801447261353
-9015.809936032068   -2169.757144784934   1         35.56852898621704
-1980.8737433006884  2822.1226599540387   1         0.930736816908205
-8771.007220680625   3317.262019712844    1         0.5317885976819974
-5925.567413244708   -4923.602630954513   1         0.7411346536142811
4268.760755450516    6293.492500078553    1         0.8176852649110625
-6532.98252180883    -381.1117345968973   1         0.9972380493400046
554.6616173716138    -7029.964332712883   1         0.7797623870898589
-10302.048106025983  -457.2627843053386   1         0.4634627931727132
-5644.542662385913   6366.203621359422    1         0.9950678025792024
8914.792451805228    -9588.31858688378    1         11.128313743970791
-5287.205851543179   3996.984302918033    1         1.0386212601410072
8534.82255949968     4263.7203763101      1         0.8298887861633011
-3491.8244380571246  2783.456531087919    1         13.155021260288516
-10109.576597990315  2171.357002717119    1         1.029491208006927
4936.051009392195    -886.4507498777095   1         0.5430682482617425
-3589.685738536879   -1213.9064740357583  1         0.4910504307096759
6031.116692485266    -10267.913612318944  1         25.085932531992253
2804.076107642803    1732.053642843218    1         10.840493073194677
4491.4124187541565   -6047.841267220391   1         0.35406492330147443
10239.62017217889    3158.8762841442267   1         0.46979178928777576
-2237.8847416907142  -3663.1170993763326  1         1.173919754202359
-5870.527965669936   7857.6226947436935   1         1.1672306938339476
-2824.8314924390047  6544.645280204424    1         1.0152259451949774
-4424.077237178458   4725.311841659544    1         0.9850342437938773
-593.9281886777844   1185.2310269587197   1         0.757015513342528
2133.195082557632    8361.472499361447    1         23.646731393915736
-8421.814535017811   5783.40606264902     1         1.0425226402083172
-736.5173801437209   -813.7539001102477   1         0.20200415205541916
-6857.503388289589   -8334.085373033033   1         45.76217674902037
18.464246064333565   -4385.153456583512   1         0.5016635386909797
-2041.3714454715919  -4851.601885908931   1         1.114713686181903
1842.2393158716372   2499.8570299702064   1         0.4480552172749934
4869.988925596513    245.97737658173065   1         0.4840827429628869
-1961.9696879211845  -1272.5800332213569  1         0.5472762766226125
6214.777628167768    -8364.311622108715   1         1.2198319668870166
222.8849517230802    -10546.757032946218  1         0.8469754441398122
-1179.9127039765885  -2404.5257023465947  1         10.782335123796805
-7884.944002706284   1711.2168530044348   1         0.9679132442807478
-6962.59217181711    5408.82895050505     1         6.933832393840913
-7830.26699935742    -2980.563054337812   1         0.7009901628121045
8074.708261227826    -4191.074440876959   1         1.190087193903781
-3389.9846471945903  9999.073605998285    1         0.9606341099500139
-10543.860532086956  -860.21570101007     1         0.37720075491376326
3340.6641273746627   6867.325546533168    1         0.5891889186361452
2723.806164384663    -940.6743961711974   1         0.8986757595137638
-3997.8371645664884  -8831.501551442327   1         0.5542312461888311
-6687.979029055581   -7690.053976837977   1         0.5199204002119194
-510.2560962555133   3975.8792140426845   1         0.8252759438541104
-6694.840641766912   1606.9497704032794   1         0.31338169852791997
7607.642345536879    2645.435675699247    1         1.167115839494028
11389.088099238055   -5200.083350864506   1         0.5529195851787476
-6066.151162829064   -4418.96717340317    1         1.135687031511565
-2624.921813544506   -1877.7479154673351  1         0.2140672857960494
-2149.5916541987617  5465.1583590910195   1         0.8573862496069483
3398.728590238677    -5926.937182810407   1         18.3206429502609
