trucks_count 4
drones_count 3
customers 65
depot 0.0 0.0
Coordinate X         Coordinate Y         Dronable Demand
-3207.845983693997   616.2573317254776    1         0.32847391987026175
-1954.8188391389835  2088.3971537662032   1         0.234597516774796
1849.2720521229764   1536.9246262644037   1         27.473083225199296
199.15078167877815   -2460.0237116609483  1         0.5976738364589054
-550.171609032941    3372.9731988442363   1         0.5928823912253509
1756.4286807424278   -2255.918524698449   1         19.961306855389637
545.5402836995002    1228.8486145710606   1         1.1750871861328192
4188.081554893512    2472.157281723094    1         1.220103956695804
1024.5679571502017   -850.7134260160346   1         1.1954818507227465
-722.1396818523763   4388.027477337127    1         14.534317177561482
-2210.9872441223133  -992.8662241412889   1         33.54357088566572
347.09096068285123   3109.0626105952942   1         0.7220119421831815
2160.8917296896507   -4270.1142320330055  1         1.0692553162009661
-4424.108051573684   -3986.577177118629   1         23.307807055475827
316.9344667094045    2748.3214120086045   1         0.15042785846556436
3585.02098516367     -1750.1113434119363  1         39.47273376122615
4817.269353392277    3720.0387745649787   1         0.2333949921609121
-901.1265346431829   3142.697253558089    1         0.5295833343078747
-3740.0003529667747  394.17440326376345   1         1.0035500632667416
-854.3683081612405   -5017.958759890304   1         0.6046586367174753
-2350.1003411586553  4558.642138020924    1         47.23939021699325
4630.180728602163    2259.7822792897014   1         7.4460949263103595
3615.8949336285996   -5186.871106788109   1         0.7909641016552068
-4041.1571010737894  -5240.321307690348   1         0.8118474933264264
3597.3053541420595   -323.9677986748433   1         1.015321866667565
-293.32603968880437  -3681.3692764441757  1         0.8677274806711611
-911.4910752376518   -4497.394429167266   1         48.599907930027825
414.51578839165086   -2178.2452561245614  1         1.037089312248133
2802.145158176049    -3285.185942563995   1         1.126545210160823
-4119.535551764025   2836.72204626065     1         0.22069288074241794
-4234.236309999775   -4204.89708849999    1         0.20262172682861673
2920.941136641443    2753.7877620482623   1         0.2583839882204719
-4883.795134484687   1099.6958329205481   1         1.2247307773243048
1610.0468113973172   2264.625012438614    1         0.4734721898682054
5396.859191456492    -4393.050999394446   1         48.31772679878366
3058.0969956525714   3002.7190104318565   1         33.19406252006728
2008.2097787026505   -4010.0930121778697  1         1.0110479011272837
-3475.7132699854383  817.4172244266115    1         1.0292790617350016
3739.1965115036337   -5089.141015647211   1         0.1265834159685645
1062.459745038409    2506.2676505392865   1         0.9258710466496956
3183.273721359297    3838.454048265562    1         0.36052536940577806
1515.8742058515763   1193.062335193893    1         1.154574719839523
-986.8215395669483   -333.0587640761254   1         0.6853873564566015
-2460.7730312713256  2046.4774752515991   1         0.5951216113437505
2983.83739119173     -3739.486994447886   1         0.26463453820748517
4463.7493725903905   1316.4714316042878   1         1.0770080717730603
2272.0651993737506   -221.50410540553062  1         0.14556567870445067
792.9798793339412    -1579.2142951599992  1         0.9972930969352477
-2051.116376615705   -1084.1353146535703  1         0.11440514420018877
-2202.290339873985   5473.224069144745    1         1.1216771809865556
1626.2507376526898   -949.6924945455273   1         26.14078128612958
-3490.5921598160717  -1015.8710894334881  1         0.32255417645539664
292.67883259098835   -2656.2943809285202  1         40.283921392025
-3.3199130375645387  -4092.8424605067053  1         0.1963499881703369
-3891.0250259871054  132.00448010375163   1         0.6333948170512471
1444.7267785294964   -374.87199888383395  1         1.0144008018652757
4812.986221219005    337.3066241877991    1         0.8003492499614245
-3694.24055493668    -196.95107653426032  1         0.5617579972742419
-474.39355686371437  3205.5153670120244   1         22.875339559007056
-3773.3588794353386  -3997.4119967921165  1         0.7623157392910546
2730.5485365819336   4034.2468014850156   1         0.19855428622416055
-1226.3755355376702  4440.047730081232    1         9.829840232694718
1956.8313498545533   4429.4539081075345   1         20.925092505016742
-2381.293599543342   -517.2448987970739   1         0.5651575245716797
1037.4852515943758   -4042.061310554591   1         41.376940605356246
