trucks_count 3
drones_count 2
customers 26
depot 0.0 0.0
Coordinate X         Coordinate Y         Dronable Demand
9250.009982633144    -1214.6113686598662  1         0.27264161390956654
-8852.55128532043    -1681.904688157525   1         36.01697165612244
-7717.339047188704   6566.664614616078    1         39.702766098800566
-7568.719259884554   -4207.3035247628795  1         0.37415137008803034
5909.5024947887      7078.095064493278    1         0.1947030482087716
-7776.401597088065   -1531.3440276671156  1         0.25780875586544216
7707.616468465017    -3399.0430294768544  1         1.0931936329819745
-6284.940381376919   4934.81627720483     1         11.862487773606363
6942.5884930927805   -3218.1956450411108  1         0.6177063881383829
-692.5382703165498   -9818.036728296673   1         0.5139358195708136
1435.061133286887    5882.226695259115    1         0.323711776850344
-9005.878763552251   442.14400839270115   1         14.94378626505872
-9032.069304551163   1206.6753257482605   1         0.3891090321017292
164.46029166220978   7141.608581847311    1         0.535455086981721
5078.789492797683    -5502.634465299763   1         0.6989456461464182
-1628.5956481367634  -3155.453276972284   1         0.21938137638018063
723.5474719191989    -1757.6627062324496  1         0.89732034859267
-7272.829581929773   -6984.910416030846   1         1.0191665750888523
-5822.725912405892   246.6880270783804    1         0.5673319900299764
-3186.508358726854   10079.399751420413   1         4.012204438345725
5269.8013861460195   835.1573139086116    1         10.6188398394075
-351.80348583715283  -6365.024837284663   1         25.426918572224086
-799.4629733810107   -9461.452035416049   1         43.54996260327116
6940.669755061134    -7188.979264269284   1         35.38785958585855
-7927.880398831321   -10386.775849096752  1         32.380496707402145
-5799.520875113762   5899.177262387199    1         0.1013632072402144
