trucks_count 6
drones_count 5
customers 95
depot 0.0 0.0
Coordinate X         Coordinate Y         Dronable Demand
-1748.3993591817066  -2947.933941799876   1         0.5915458622996819
939.8513660922792    -6791.037597778958   1         1.024789256694477
-3019.404382198126   -6475.158171249213   1         0.3863427138854286
-7283.819760351076   6796.645367041165    1         0.12826612672344942
1404.5704378199068   -4657.7506004877105  1         0.8009637997046639
3451.0864246518613   8913.529197279064    1         33.230123453606474
13456.359182530017   17221.69143902201    1         1.1023788821575304
-2519.9075757827522  -9381.861880219363   1         1.0268842590170717
-3950.1454066822525  -9115.273403105348   1         0.8241859368124022
5151.161544146893    4254.775991283263    1         0.15579678944769512
-10156.648512343805  2698.668234717369    1         0.5150777105237557
-7918.977580517336   11522.02434899538    1         5.4239892335631605
-4592.6619390192545  -9489.815489269555   1         0.9735733283105397
8396.699723449638    -10810.239456822193  1         1.0544686038363356
8014.692050142544    -7310.713503702237   1         41.981306730502894
-18698.146590982393  4509.708450285976    1         27.26225499640109
-1071.484943804444   3259.062268839858    1         1.1555562036165392
10683.18228381896    1060.8364678456294   1         1.0960378888337525
-8583.99230486694    1033.7241913543885   1         1.1520337865188932
6959.522110157179    6771.702996996847    1         0.2820869198595977
-3392.441795252747   6196.563615386934    1         1.0283106573104206
2367.796299352342    8119.784540768454    1         0.7194470937267409
207.68387291655745   -2298.7960444755618  1         0.12651036373656904
7416.421038407576    -858.6817020581171   1         31.3847906901997
-18387.586830328324  572.4006197037161    1         21.803836434329636
-215.21506853816143  1142.0799720405844   1         0.20207213004445213
9001.789608241581    -3899.0729915204342  1         0.17642002785124727
10069.093426365682   821.9494577721103    1         0.33589073754591237
7505.864555936318    -2375.159097139373   1         0.16199045574289267
-2614.0829708535753  547.0724031836361    1         0.9468401717392689
8813.348078299468    1894.8906720005298   1         1.0864250948739238
7143.005737244726    1291.520697584223    1         0.16142902001396067
16013.332840563431   -10467.000570735032  1         33.84454599669251
-6366.363589214354   -7936.360430158644   1         0.8789900690659095
14162.936566754266   -15389.064486581241  1         1.1213466567309782
-2783.335022569482   -4382.447255509012   1         0.8045616801535173
-7573.908608270135   5602.410089463941    1         0.32255964388142677
-4331.605081308768   5611.26307398588     1         1.2378747344739913
-2229.8738058961403  8558.013791835137    1         1.0963225111887733
7166.531446134956    1803.1910276423673   1         0.1321050607169027
-14333.312043560578  9995.997905960721    1         15.58675516007907
5976.266662878774    6564.716377239622    1         0.33487266169774577
6592.758855782061    5264.203262361996    1         43.05881893524516
-4372.855456761802   -6946.130598005506   1         0.12310455766140228
-3102.5318572245606  -187.9061070076725   1         1.1191601499597406
11107.861309108725   17106.547129128812   1         3.880080867919974
6197.641305827185    -899.728914518993    1         1.2379392074104607
-1941.5308032890778  8404.793976064902    1         0.689251421978066
7071.318372113745    478.9403580915555    1         0.25227504893897124
-915.121382027656    -3992.930293369139   1         0.8662414237770703
-3520.104519984785   -15934.777667262344  1         30.05983647533775
-1681.0063253073288  -3201.809652157516   1         0.5045263965147208
-5702.801084277471   5434.864312014051    1         25.460025940155884
-2494.8170237015847  -7622.239550118789   1         0.4709800242484865
7084.7636980555235   -6489.91982993432    1         0.16477708494363602
-8537.095735317094   -4651.948144358621   1         1.2150096330428155
-4177.194501803585   7454.548122916452    1         1.1074832277385045
5255.673000282673    -7580.859514605734   1         40.818702697347135
601.813423997966     -3783.268454466012   1         1.109537301510689
2866.238768437944    6309.274671625174    1         37.54858494731767
-3466.5824270655703  6910.772727314741    1         1.009413683140116
-4454.5667473571975  -4260.738739227049   1         1.0084634755014652
-16186.993477172617  -617.5230080506954   1         1.000754799528939
8914.134585187032    15682.573126771684   1         9.88686312358779
-4274.918210366115   -607.1703492453671   1         1.1699876239842149
-12270.721509532803  15173.473770716155   1         1.1421902905739014
-3046.9797394343273  -10385.05025547741   1         8.43693588797554
-120.01227930902647  -8206.365281206521   1         0.37407063764738113
4447.294720406673    -1942.646537014989   1         0.430635254847602
-1535.7178339067514  -10505.424816508346  1         0.9325183043505998
-7138.376820010042   -8013.991338779472   1         0.9902538321903549
2438.2821156925042   9882.396732209834    1         0.7039289313293351
-8388.391028930486   5819.287502342069    1         0.21811124511618818
6245.609366499372    2471.4033104174405   1         0.19071940519706715
4275.250930874316    3388.6457487542957   1         0.46525003130118214
-1960.6214226895172  7771.199277117728    1         48.4437439712337
6199.072491063944    8345.689724228721    1         0.5049191034327558
-2395.9446396981753  -1723.1564044001855  1         1.1726672957706226
3110.6551377034443   -1403.9335330143315  1         1.0388082835333639
-7423.2478576145495  12146.88813531036    1         0.7840355071879115
-4102.228156139047   3005.894152955536    1         22.863384566815256
-18661.508471543275  -15824.432410070434  1         19.9843484060951
-7211.222233967711   -965.5582430713913   1         27.945798398508494
6950.250659030832    6786.7261789162885   1         0.9324607717455335
243.21017848608722   5287.202954285838    1         0.15773665371260678
-9411.87115979578    -4799.441132921773   1         0.3896079448037344
-358.3292986780081   1156.9271621577263   1         9.294216740903728
3596.7370023722806   970.9873841820329    1         30.170456545388927
2625.4662737350586   3849.0158771032816   1         0.3842440368059695
2339.8911568334934   -3079.7837245672986  1         0.5406753498177528
3593.93402196894     -11250.805316671838  1         5.3825743316597805
-2826.29492449771    598.4617948891348    1         1.1711188979873695
-14200.706385707126  -11584.67427985033   1         1.8796445354489422
14055.29198308575    -16616.00927201942   1         40.147163851841384
-5110.59283862946    8224.879511489287    1         7.771098381849311
