trucks_count 4
drones_count 4
customers 81
depot 0.0 0.0
Coordinate X         Coordinate Y         Dronable Demand
-2063.4148026238936  6114.375919470905    1         32.166250119891615
7023.802080659703    -7617.169363028768   1         0.7947146570825565
-6252.874930049127   -7106.0203432145045  1         0.8222854984636634
-3278.7853553442865  5300.672629910869    1         0.5381876193191723
-7206.233711811432   -551.3016175104393   1         47.10260329195006
-7310.197078436621   -3494.681937758281   1         0.6210685216403784
-3339.4011847183965  5663.434966891222    1         0.3097436773203612
-71.52761486584356   -7034.269728338622   1         0.9687828054093421
-2148.112650985743   5158.023662725634    1         0.5852317118478526
-557.7375402194597   -7050.343404178111   1         48.421543182209035
1878.3983228875047   -7784.234183820232   1         0.1748234748193846
7076.886137375596    5013.89968071902     1         0.13609998037199586
7768.434027798342    -1850.9439529729432  1         0.25923386323140424
-6739.916747805121   -3764.2026988776356  1         0.7214550885036314
-2083.869481567811   -1121.8152704261495  1         13.459002611635011
-104.23642152295503  5917.088840777841    1         1.070572659006842
4057.862379722273    -3780.2128076388753  1         0.2583228289390316
-2562.7125794839794  -7358.180919450843   1         1.1129870061554576
-6996.4516832019235  -4403.189121572611   1         0.6729561475500286
-449.39412543480756  -7778.499178009911   1         0.26605538241718896
-5426.697448480115   7606.477078696388    1         0.9282501294447958
4622.428489039137    5290.068294178778    1         0.8371997515463513
-7256.169606002721   4907.868684885403    1         0.156631991544924
6604.977630783671    -3693.573865050713   1         0.7630772333866405
6230.481133286225    3723.2850599952494   1         1.208986981809435
5620.313455487638    1687.4703927984476   1         0.23208057821705858
5609.234465766597    1347.6078274074812   1         1.1726873265477937
5814.06039325345     1311.7494012344846   1         13.347890440534492
1844.6259041242872   6115.08936520652     1         1.227460102444239
-1766.0371653927275  -69.78464504722247   1         1.0612610430729963
-7364.999920768187   6048.743908456521    1         0.3520633654852008
-91.03605389692635   -6397.8358722546955  1         44.018481355651886
-3228.3036790706606  3650.713699586126    1         0.6180149710213324
-3771.739546116074   3623.3057258393383   1         0.853863050270475
-5293.78689663293    -1297.9983036026479  1         0.6888060862750742
-5228.417669273821   6859.412251580874    1         41.87515010023061
-3843.274976185363   -3083.0363860276034  1         28.86946999403604
1695.209156536759    -3811.9529819864265  1         0.7891373529515313
-7401.531840178417   -141.09750282115098  1         0.6642757021532811
-5122.397895394388   -3795.226825585428   1         0.624058275426908
-6573.981817223031   -3795.051621186433   1         1.136008385831108
-3992.330891030535   -2579.15124791637    1         0.467872069578001
1977.2634890001452   -4928.438960670214   1         0.6175935539372207
7787.200341698144    461.62958956838935   1         0.30780991106979827
5466.0714254752      3225.418930589342    1         0.9233606460565709
7669.247583882849    -5706.679422594332   1         0.4849837017687578
-327.36533266930076  2889.5085837874185   1         32.438307405063824
927.6707216333436    -6951.06056619421    1         41.41841836281992
3825.6767492537      -5866.633756707415   1         26.80899436146655
2521.037101363412    -4557.29031297701    1         0.869423149299013
5387.2560341705275   6190.90170177411     1         0.2559126922169086
7519.346220154275    5495.57762585028     1         0.5620820250673488
7207.047560956658    595.4943881999296    1         0.6587874988675027
-6651.36239325666    7750.560634678095    1         0.7443909334391431
1059.9051002124816   4640.322140043605    1         0.3545468465704379
-4417.498965508627   5249.675131507648    1         0.964446382733568
6165.765670268058    -1296.492002521847   1         34.25158533181993
7928.801779766933    7227.154421995696    1         1.0232948713893368
-1605.8390706112023  5514.6612546839415   1         0.7563147810113625
-8018.292981286108   5244.393276549528    1         28.897259134960418
-4260.716273338478   6514.777217690477    1         11.736058633284975
7003.11693726963     5154.795896746518    1         0.27040209936089565
-6504.515944654614   176.60525028319122   1         0.2635205239770998
-4897.781097685623   -4719.028975179436   1         0.1504042542891666
4356.399837587558    -1107.3929755762208  1         0.2748015580138709
5667.890955484604    -5295.618676544365   1         0.2631292889955389
-7063.509543264759   7495.021391289214    1         3.933605124299981
3482.8020325592693   -5722.680301837367   1         0.5028296601644301
-6016.011508624134   200.32009796118666   1         1.0823503993422574
-2626.8105914176126  -5765.604698885983   1         0.7181770032656402
-5658.148593969933   -1003.601384625144   1         0.734328246349555
143.090192330811     4261.943114795352    1         0.42338088628678217
-4308.931174034041   5876.65940888239     1         45.061832322913006
3175.656367306594    -1734.169569207248   1         0.29534740753666316
-7369.030327002487   -6581.253589589233   1         15.5989021850409
5019.4310065920845   7256.668923618868    1         19.385023918609527
-6485.419213233613   -6792.977503336587   1         0.22610267710515283
-638.9092413563362   731.3133787891837    1         0.16983558289680706
4535.7116130817485   7168.133395966766    1         0.24186522090754264
2979.8424203034865   -5663.569782117436   1         1.1952753172349098
5516.03634798441     1019.6290447495076   1         0.25023978274680636
