trucks_count 4
drones_count 4
customers 100
depot 0.0 0.0
Coordinate X         Coordinate Y         Dronable Demand
-2959.2786532564787  10861.910955409981   1         9.819491919670531
3698.2214968622125   6640.436538312792    1         0.9810019021093651
8210.645183078286    -5622.821995620515   1         0.29013185393938334
-10962.820177212372  3974.3313712952986   1         0.5520192469973222
-8246.987029357493   4974.828307800682    1         0.5054186148372285
8551.291366639247    1245.204660943935    1         0.838719284707858
-3401.863270340368   -6932.172525987473   1         0.8582982596650773
12517.273884711652   5060.214086512558    1         0.4661412755491833
12386.476092532885   15775.901161733957   1         1.0000230091914926
-10168.480234896393  16082.103331872022   1         21.272691449116667
3827.8855886312617   6393.325130634985    1         21.032627668554515
3098.717390857773    -3250.318108692751   1         1.07017700585776
729.585420443609     -7264.237594734516   1         0.8365995159171742
-3578.9352552981454  -3420.2301543452377  1         37.135890243176604
2438.7084844669084   564.3001086388418    1         1.2260294451532472
-3208.07256106511    5648.217433210483    1         0.7401669854842223
2388.008204760721    7626.161660860337    1         0.9526433982824652
4429.990704999946    -3446.300960164891   1         1.1702942751726735
17831.436446555985   -5757.7573747069455  1         1.1501716671327313
1872.1563947465042   -39.81082100284583   1         5.2147415794495355
4455.231962843345    -3113.823502831419   1         0.11549259744086868
6765.430314898556    15036.640618061669   1         1.1525065318830912
3698.2001310955093   -1511.818616397835   1         0.9892503941991828
3849.2107764328807   -5215.3356812969205  1         0.8693344732981096
9554.298890083584    1846.5701979309092   1         0.12040126207071203
-573.4660863890313   -17788.921084181246  1         0.3941520029648493
-2966.5244636722127  14341.979739825529   1         0.7236598806804208
5138.090086658655    2497.890047668164    1         0.9548499567391837
2821.4157280358745   -6323.856887716374   1         0.8270800914034526
382.14233665865424   1022.9490945131487   1         0.5268294439391903
2378.3401199555697   -2494.4768672448513  1         0.4253292286460503
-8720.657074761197   -4013.298703350714   1         0.1290737640082261
-719.9969408431216   -1160.8620852098638  1         0.3309980592839627
-1259.3443487199424  -9179.967547007795   1         1.1457208319361436
1410.2543888584048   -6796.160335482223   1         11.136569780551897
-3176.2838443856535  8833.41263178626     1         1.1683970324098418
5215.118303186943    2166.996417825742    1         1.2139523634266338
3172.714220317947    -8387.596152000453   1         0.13354896322663268
-67.74132209770552   4108.993463432084    1         7.285552623013143
2665.1653800868553   -4184.1475476984215  1         5.881931487924296
2651.159246661244    2926.655310719085    1         0.6956313409193655
7101.058181379029    -2277.0981128340045  1         0.5454389594914801
4360.00506369796     -2793.5715840483463  1         0.18315210088307426
-4392.424042997224   -3227.370559039124   1         0.6118186080404462
6101.708274086179    -1534.2590920477824  1         0.699319934138735
2013.1685829291496   8220.085131777027    1         0.22244120911101325
464.6307255648868    -3930.4949177904946  1         0.4394498693793082
-4930.300828840022   -9538.679515610787   1         0.6624760943776026
3350.708290966425    6538.127098158097    1         42.41350979114013
6800.497340137586    -9272.03817042045    1         45.575238053333024
7306.007305993743    2425.6883669493486   1         0.4536035429219861
5255.807620136815    -4928.452055416701   1         1.2461222152222842
-5269.072540117199   1011.5650990535864   1         0.365165409033277
186.99435126250168   -9023.572420745464   1         0.33710599985316203
-6728.332241475313   833.9055470549793    1         0.7710122889256147
11394.916316913801   9700.049865459307    1         0.2731328219756257
17529.54828788768    -15144.484552346905  1         23.535970934845167
-2798.234731150174   3029.2845060535105   1         0.8592686124778535
11981.44735576832    11715.508714841664   1         0.900169833959564
2551.0375760923853   1276.1307355931458   1         0.2193856242120121
1432.309971272156    4575.096660179855    1         30.26688769101298
-3431.511573518714   -6209.706096933372   1         0.7924769651345145
6554.843655094515    10448.150690623701   1         0.13765684453729493
1191.8590019002174   -5548.588646242236   1         0.31206369586096416
-802.9427390679083   9521.540076751322    1         0.4526826056464349
2093.8638509837238   -830.2500141380111   1         14.838098483198447
8061.53458429786     12003.155354017832   1         2.6217393330592866
5074.305342608247    5350.944984871848    1         0.8976393691597756
256.33918678679606   7354.861944164046    1         0.9388529825566325
175.5333195525808    -288.362311774441    1         0.3901331475346086
-511.8253530321975   593.8377222713717    1         43.705151015257385
5921.96427932363     -4639.109316121266   1         0.7514884826563148
-7176.657106545209   -2300.8017931078457  1         0.3147345955762174
734.1017418189987    5697.623422929337    1         0.584394141987896
-2397.155619810388   2202.023840611342    1         25.309043417784824
7660.865696808985    7137.425017801514    1         0.6106156687803471
-13287.401301839282  8443.338323140993    1         0.6567222146477544
4541.364034677281    -6628.094079661803   1         0.9034741152644699
4384.5592538930905   -6413.950572992666   1         0.799010773975365
-4307.237301310763   8779.705672813026    1         1.035650962048692
-3332.394476782476   13691.2983523818     1         0.47701055631910527
-2598.9350066386496  -7406.761875925513   1         10.238243673654386
-6998.976266614861   7394.090951262988    1         6.599046418254382
6927.809740440219    -2027.043681061539   1         0.35465904274783855
-7368.494596427815   -6301.797457806124   1         0.7682912658278994
-3446.055498781214   17674.06382037866    1         28.292589530590952
-6775.818795983726   -4005.0080643752813  1         1.0239522417250744
9818.78742249371     367.76930365202884   1         0.4678477689498297
-8641.82581380198    2726.6134538764045   1         1.0086127914472105
7135.732637912244    2938.034367522246    1         24.472056773858437
9068.583022877905    16165.34675165845    1         1.103928314120477
5363.128809933126    7045.592758241352    1         1.1021228084206771
-1065.0443293141113  394.5102509360551    1         0.5155385598305735
4779.153227923282    -5909.744231584103   1         0.1242657608100597
-6335.163429699851   5178.9212889967885   1         0.5157872002662371
-2269.4155033946354  -5123.158356241004   1         1.08679286279443
14500.021882926168   -305.381104901433    1         39.26052827812404
-1740.8490117961592  3842.3569571535368   1         0.669592388925325
-312.3829236881584   -7476.660355408114   1         0.9152283674701033
-10498.990762556416  -1559.0928830931207  1         1.1349506624599182
