trucks_count 5
drones_count 5
customers 96
depot 0.0 0.0
Coordinate X         Coordinate Y         Dronable Demand
4286.450478925208    -513.1863212106344   1         0.16260411231702637
-4692.917733273705   8203.224869571848    1         1.2273067616067836
-3381.4419622279834  2046.2485606365813   1         35.24618677119458
-6126.673540578531   115.17695141334434   1         0.5088937787933975
-8524.229394033073   -4315.203338024201   1         0.218484333767334
-1168.9571518290315  -3524.4637202922045  1         0.45876032274978096
4773.505791361004    -2039.4129212328173  1         0.901159431746798
-3800.1862301653223  -2030.6708172022636  1         20.141349788819518
7785.233164497047    -8100.018013375275   1         0.6170720708065704
-5185.376134760509   6254.922388025744    1         0.2833578414512838
-2355.915185053442   -6243.0818551170905  1         0.16529970323402438
-1972.3834195479235  8322.47428577564     1         12.881715530061848
-7188.219312114854   -858.7477984291546   1         0.9977404286922046
-1558.1352041213484  -5552.440164623208   1         28.771789403590034
-8159.009705417704   5302.454469301551    1         10.122895654205553
-6066.024977426189   3363.4521901216367   1         13.36457873955183
-5196.799120385417   7653.930775619838    1         0.2059111252082872
7175.46223446625     -464.8511336965938   1         1.0778527503568887
1745.2354447631988   339.6200797704787    1         1.0162822647360397
2360.3731948091795   -431.25137162207966  1         1.0007837788916687
5956.607633204819    -1266.779172201525   1         0.1867281464545199
-1825.221607064627   -2236.125691707047   1         0.4042779911723412
6873.087644064598    8489.372453656553    1         0.6211611246612342
-6102.3287597898325  10409.132933785935   1         0.10650087641999599
2713.8422873822847   -5014.2826361188545  1         48.59225236496915
-3380.7097521247438  7439.297100343984    1         0.502996954256415
-3553.52240889884    378.3194312678297    1         0.5864022148926136
-5691.723775808803   -7259.67422186541    1         1.1752206959510292
-6881.268424486264   8440.015803581577    1         21.455827585710267
-4092.5287835823306  -8509.84758803466    1         1.0368840214812673
2239.609373865586    10664.924168301119   1         0.4001272703690293
-8797.464245735246   -11694.035263695929  1         1.1251136211676749
676.4328588778624    217.1762663777287    1         9.477342466699172
-8212.5374986147     -9201.212101865633   1         0.7211693745611775
9464.9796614156      5911.650653710676    1         0.4293295378823304
1453.6294529003117   -4069.545554590988   1         18.45178129179117
3985.5370255724556   -4019.6844267299293  1         0.4014439133608968
4486.698800893134    4056.936681718494    1         0.7381151385641468
3175.709965867952    -6792.990005469979   1         0.689103236427866
-677.3982668892531   -8911.544413241747   1         0.629317876926113
-2565.4435456778247  465.86789188469737   1         0.8672374492005714
3728.039410718232    3578.1427810613345   1         0.6082614302174145
12294.126692025264   -3306.46664197682    1         0.5243245506089439
-6328.23848819819    -7161.169118637305   1         0.36788996890022796
-1571.8849479913233  -9152.711634949907   1         31.271987929758883
1174.9760542799631   8013.527004448293    1         0.7989635269888703
9145.994174641648    -3888.0794318151106  1         0.395092514239885
10656.737072208522   -1144.3029644621174  1         1.0588519492925217
1214.1149645747369   -6958.041213299767   1         0.9375463341735524
-1682.742897299222   4404.782153110693    1         0.5356046628871317
-3320.8348833141536  -6709.541295933037   1         0.7888208115904184
8502.903489823871    1580.0112894362428   1         0.18173146995518188
-3987.8826076139144  3069.9281087760555   1         1.1387779550277326
-725.5823958147923   9291.142596983645    1         0.8304596242330908
899.1613735810024    9325.791421658374    1         0.8945151160223891
5548.961427555732    -1119.890327684447   1         37.40353291298537
-4696.5019895914775  -9854.252131551819   1         0.9900607031481766
-3000.462883436074   484.12082962335575   1         0.6264788731309101
-7141.877448633684   -7101.871461336485   1         40.88008596208143
9407.18655743338     3315.39100033377     1         0.44842231591878856
207.9998340738277    -2149.331027064815   1         1.1987790050952412
-9177.374064639396   2672.323593502462    1         12.834664171082991
-1861.4176673962554  5320.980780236061    1         36.66873668690534
7352.4641634067075   930.4159513440013    1         0.753477116787015
1700.5019090722144   -11396.83264206801   1         22.751107373318636
1603.621791195192    3469.2972908837937   1         1.0399881536364395
-9633.723379431454   840.290915673665     1         1.0218468084557548
9558.939814983529    -3061.1688407442293  1         0.579397159309403
-3524.0250059136333  -1420.1671674360402  1         0.4750662811071864
3518.7329681686856   3008.604602717245    1         0.7888788310909952
3998.881065858752    1353.08242653274     1         0.47096561681953264
-2174.3323889459543  -1324.1892557505946  1         0.12253165029013936
-6699.713649259952   4714.9935065517275   1         0.28916059331834487
1146.0245651375783   3348.7767337197656   1         0.9078220508075298
1066.6951223590013   9443.182941847064    1         1.2147991627504287
7815.3639379195865   -3414.004223243726   1         0.6721146716511512
-5593.123971535422   -6804.104782907286   1         1.243311885578048
-910.7591567125282   8268.477961192682    1         0.6641949535451411
2338.620128792008    -7135.075409277276   1         1.0359987533564523
-6972.219745962669   -5899.117292673305   1         1.2464739768031796
-12707.07172456139   -1005.6926263439036  1         1.6726758507959203
1926.6088167290673   -13126.932166124405  1         21.70352521038407
-1094.1525860524243  8993.568498931705    1         0.951466952552486
5914.391400547669    -3828.994351591285   1         0.958586517307804
-1546.5158974905682  -6906.888472159882   1         0.9846157016451184
-473.9440054164009   -4277.198916460406   1         0.8095773948853793
9170.21445805846     5481.648948479158    1         0.511225081544686
2296.4843970930815   1266.8589536934705   1         0.4017209746228646
8076.224385286214    -6077.197603575204   1         0.7329756746113824
1306.9538573614627   718.1996928909231    1         0.7370909243673835
2176.7484972760626   10052.062253665295   1         0.5739852178336585
7567.645060870277    -1139.7500986117586  1         0.6425953174236934
-2010.8959507113532  3423.872582356372    1         0.1556914413895687
3199.8086115743854   3115.0485890390964   1         39.289555641233406
-3531.9502829091     2122.8520029089445   1         0.41054742406125866
2677.645603354414    -7439.969175199764   1         0.17470401398911062
