trucks_count 2
drones_count 3
customers 31
depot 0.0 0.0
Coordinate X         Coordinate Y         Dronable Demand
-644.7195057506466   -1257.980913496145   1         1.0042809174413936
-1956.602215277092   7155.538852429045    1         0.8395725241911793
6137.546248839757    7481.251003675175    1         0.11292289373981035
-1919.7993252342183  1950.8790995515037   1         0.5616231047914417
3862.9790649505044   -4637.319925596524   1         1.178958976703862
3681.955022007629    5382.828558705833    1         0.5388515706789622
-3551.796717796868   -3218.636990201149   1         0.5866315199567089
-2738.433969118354   -10326.423308427686  1         0.7193215213010852
-126.65837123189014  -7480.724816147746   1         0.24560893748934282
7910.6367664564405   2560.020523315356    1         1.1238100303950516
2879.9788191445477   -9624.612498583101   1         1.1948274169550277
6642.846565818767    -3627.2761588243434  1         33.94352227487781
1538.5902703937343   2874.455331498395    1         20.940205021851998
-7798.090493425561   7215.600727609463    1         0.671148813613226
-5435.524606463224   -8111.295556627092   1         0.8372629342800033
1677.2038702860452   9757.579817250178    1         0.27652422230583085
-3975.750580008985   8570.456897874272    1         0.6465965930948032
2523.7464850459614   6409.557065060086    1         0.11644358328531512
-5031.594397471013   -8639.770264979572   1         1.0374133102249916
-6911.363736877275   -3418.1487738420856  1         0.9146707141044967
9048.484665053122    -3705.51945595868    1         0.14949337794269515
-12569.671070304692  10247.416909130014   1         36.032407684061376
7988.61651695391     5708.76225066631     1         0.12246406497390613
-109.48529708713907  -6017.447913935782   1         0.36542760847387745
-3509.1760061583022  -6381.457388685791   1         0.6026246775825409
1609.962889673776    -8004.581180589879   1         0.7707607216751114
9670.675279418689    871.9713982083416    1         0.10367251216225264
592.9881612630253    -2778.9121917693237  1         0.8147696490321766
-1791.026040044495   -1621.2378057507194  1         0.9230547688966886
-4642.540792644901   -5167.058755771684   1         0.2410590342609187
-1193.6910916036359  -10487.033727404472  1         16.061907313022125
