trucks_count 4
drones_count 5
customers 77
depot 0.0 0.0
Coordinate X         Coordinate Y         Dronable Demand
-361.5562929596708   -4734.895943209933   1         0.6902176281969826
-3300.101048077256   8946.187930733868    1         0.4063704520884248
-9434.727177238216   3428.867193130024    1         0.1487998758370931
-1224.8103880577146  -8089.208039427143   1         39.227681010984014
-7110.641658309865   2121.9862926626365   1         1.1824628697362796
-3923.3160725310963  7283.934607395555    1         4.819029728946109
-5717.520067625048   -8429.000837563508   1         1.041736221239646
5435.855601998596    -8103.207812466929   1         1.1831183967088903
-6249.061143277397   370.381051782693     1         1.029291301709316
-5475.174026356553   -9574.710675077218   1         0.3885174441539354
6248.155304176559    -8847.62794646227    1         0.17566409926260676
2126.1496564043605   3961.293835765956    1         1.007098659587437
4501.559071344402    23.711998453637953   1         0.22133226862356203
217.991070095826     -295.43833392595377  1         0.464447120809632
221.8466306792543    7496.551881473475    1         28.54136618110889
-4508.914885538086   -1134.854612006555   1         0.7450736173813418
5850.537595586014    5736.862251937135    1         0.4080019660333747
-6515.332266938385   -9164.534764840777   1         33.22698981233113
-6160.128488131394   -3791.562027583781   1         21.58885664089338
-1202.2885212593173  -8639.855483350304   1         2.919664007905121
-6705.136242682095   851.18360973185      1         1.0756950339805618
-583.084592873809    -785.7761881564312   1         46.02843522147499
4777.316049169631    -9623.22190585854    1         0.8556533826202002
-4158.513920185753   -8943.87914111507    1         43.590898423357636
1893.9852278111446   5986.986319253143    1         0.23118526142749732
-6664.56690520587    -4165.062519886945   1         0.9329055771344428
2635.915972885456    4551.11443390967     1         46.402768275446654
3588.517750937115    -9361.551217266135   1         0.421587912468952
-2801.6760275232746  -6706.173935179781   1         0.6886971053096121
-4351.480905796598   6817.434469547218    1         20.180307562239083
484.9105474106109    -1055.1177548474298  1         0.46719265889768147
-2764.3067724095863  -61.33614823032907   1         0.2685540724426456
-2969.334245620762   3558.0697983479618   1         21.344679243402226
4306.441842649435    -7208.714594501057   1         0.48132077619739044
-97.79290564442252   2072.6361719429115   1         11.012541379435712
7330.259082986614    -661.4514610160434   1         30.25328602242592
-3515.137345878527   6997.529634050163    1         0.7304902647814123
-3218.74316439631    -3395.991021708034   1         0.49357274530491146
-2416.1935248288037  5029.689093399036    1         31.167329676641664
-7085.852763813323   4257.426108088635    1         1.1783263138943865
6486.548999341801    7254.259698665788    1         0.6422940744485438
-3530.1716168973267  7932.310023330864    1         1.187672485491544
-2763.622458459773   -2627.122244019254   1         0.15794776758856252
-2629.7507519649453  -1908.9846280487736  1         1.023790618355913
-4546.794120941528   7528.282768572373    1         0.26365026510886475
-2923.9477341388756  307.2251230094181    1         0.7830894421926063
6046.969280146884    -2586.575832343902   1         0.4209742707109573
-7835.469021432887   -4429.275409926617   1         41.96732575157983
4070.9780398849384   -5651.901667276921   1         1.138064546412385
-4542.419928624024   -1564.1469348780236  1         0.3044839942364746
-507.3482513603176   -7909.277378459709   1         0.2543211000450143
4728.011445665748    9348.95308371555     1         0.7046993597893734
-2169.677470235996   -2231.5354536646664  1         0.9170194295282031
-709.3973540341033   -7367.931905465556   1         1.1118523507232125
-3084.3161454753463  -4547.977896844017   1         15.006300472935388
5654.493317044916    4611.972930493064    1         1.2320524228545322
3812.89490086806     8250.75089899982     1         0.17105565531651667
-4992.730439020919   -5054.401444595449   1         1.1767836760795076
1244.4603222616604   1025.9100332712594   1         0.48387300698554414
-3835.072602247045   5222.3632876138045   1         7.422498372880877
-8146.899709378152   -5946.096077191612   1         0.4514943579606576
3171.2002278335035   -3351.9233275479396  1         0.5001599848457002
-6624.901178848027   3046.094320858044    1         1.046380657905167
6005.774198867624    4001.076477723453    1         0.560384797780771
-8452.440203731177   -4948.962573170073   1         8.510385485488452
-7127.86421559778    2760.8340450206542   1         0.6899905991888883
-1180.685167151003   -1914.5077937200858  1         0.9475225878177774
5539.12932339542     -7068.71670544479    1         0.49434792141747486
-494.6175899574182   5493.9290556757505   1         0.640639206048934
9655.583710363102    -3916.7995434828454  1         0.5856495039343221
7626.00026392422     1008.0541629651561   1         0.746814681478329
-7285.3688941049595  -3094.9604912101104  1         0.9244015922912959
4346.632027310118    458.7026504249655    1         37.82240235394028
5058.271337910001    912.5464568863609    1         0.6448959719040591
-1191.8253735925693  9655.080309758443    1         21.62524533420443
2754.301163244258    571.3614808222301    1         7.357184005928472
993.3945120528313    9425.08304040944     1         0.5027559601254595
