trucks_count 3
drones_count 2
customers 25
depot 0.0 0.0
Coordinate X         Coordinate Y         Dronable Demand
-8031.983951151156   -1010.6172252352391  1         0.32098752740551717
9639.941867155367    3651.2340276668533   1         0.6900017090017361
-505.64458972605576  -4657.467692904355   1         0.40874330760030164
620.3876733315615    -6522.817269499455   1         12.603663769484239
-8880.092291656461   3219.777078449548    1         31.706341287982955
-1817.9049915432956  9581.94498435871     1         26.699433818413368
-798.1974858276747   -7860.748483904873   1         0.9820781908338873
-5006.644713112285   8046.298982402987    1         44.669921163159664
-3545.9696867302346  7077.846123701898    1         0.2831079334796871
8001.118010578147    -808.056946265427    1         0.8821349732395874
4114.7664283412405   -8126.491522863677   1         0.9358363025045572
-6949.051763380423   220.33069783900513   1         25.20088017286406
-3853.8719143825956  8461.916346098851    1         1.0354922660640682
-6232.062086855407   1543.9736270020226   1         0.9800166153799857
-14569.351591075156  -3082.5494069908164  1         12.806215843170676
1153.1043968161378   636.6918600671361    1         0.7406655020693333
8498.366772472898    -491.3184256261593   1         1.0104959088511403
-760.8898119195434   678.39662143393      1         0.20441034600284025
-4808.19634496404    -4843.188489949926   1         0.9167884693053495
-11972.235604823358  -17448.189402904914  1         0.9765281024995186
-768.6466563707181   -450.4900957495993   1         0.6343166100170369
-650.9137508541789   -31.430575142159796  1         48.85555369189052
-3103.280624521389   -4649.2756960734905  1         0.35319095938043876
-6879.462989922866   4933.653610677745    1         0.6448084287406376
-6175.44702397312    1461.1358518106035   1         0.9769626513908143
