trucks_count 4
drones_count 4
customers 100
depot 0.0 0.0
Coordinate X         Coordinate Y         Dronable Demand
6134.905040348414    -7650.209839389421   1         0.6370865042293554
6486.906253335888    -8210.169566754055   1         1.1322168821724254
11241.662862451169   712.1740969211696    1         46.98784687516105
10330.673635747815   -2727.9603712178878  1         1.1826589670964671
4804.876778686292    -9708.03933391468    1         0.7012606065331428
-1140.835113892      4693.321147034667    1         0.43825564056512933
7647.586889247686    -1199.7069045010012  1         19.637589315936342
5.9926315327544      1279.8015365852395   1         0.38297877894028576
3039.1321871362197   4086.698547052376    1         7.741572555732788
-8618.306811073235   -2489.372910418231   1         0.6874558332550247
-2597.102242642979   -7772.332934335972   1         1.1224956690305048
-2147.221290260558   1279.2863814451607   1         18.25812499873911
-718.0153251757188   10436.914448631429   1         22.382306079206906
10067.54940475856    -6142.8203770035425  1         1.0399641546621103
9038.521264267121    5920.224331420035    1         0.4144849865646175
-1271.9534966350068  9507.264842656732    1         42.40738184131859
432.3896349076231    5493.202252313128    1         0.10625553599761893
-13138.581053160506  11099.00703707734    1         0.5058059602779745
-6817.075603438201   3891.4127093392954   1         0.7190900022780009
431.093147008149     6087.6375537745735   1         0.5764865954649693
-3774.9710323921367  9952.89584289474     1         0.3583935134014936
-2482.541163011325   -4625.763536650168   1         0.8916468766083656
884.2239987752299    8073.255494967601    1         0.3528317409188796
-9659.671474320605   4890.8898938255825   1         0.7306400523139152
-31.212924133731576  12015.081339594926   1         48.84824387331469
-2986.3194548654246  4161.439939905828    1         47.43843138092797
-5523.781469556251   -7597.266443036262   1         0.9554795318245997
9427.716556050511    -836.8565708929788   1         0.779735478723564
-7435.252128432314   6975.627157851058    1         0.3885509500254193
444.3533100331588    13257.984354829281   1         0.3101331086688526
-5476.798110201957   11319.860815036958   1         0.43324860448258673
1829.0142291238315   4925.815022990071    1         1.2352076016693763
1828.4542802761287   -3273.4486660265543  1         0.4037320541478686
8363.254530375973    -1839.7036558943641  1         1.2192653291826623
-3479.525896101662   -4522.66043735465    1         0.4836958855832971
-9635.840327934959   9218.1846419652      1         12.641249021722741
4383.009913763235    10179.586336121181   1         1.8701659592248268
-3333.5427610076986  9748.09322844398     1         0.6696155910683121
4133.908046728189    10508.192781746064   1         5.261033439729361
-3588.43338482282    -7446.739903689623   1         25.261964246984057
8110.978617966292    3072.2087071796877   1         16.340289635803302
-2361.315933402273   10115.175720992072   1         0.2048053214551615
250.12978046991657   8491.429691103676    1         0.25177325376710846
-3988.4783194565043  -11895.23824635081   1         0.29064503542464604
6901.044156261611    7209.5711934451565   1         0.9739799518489248
-1625.8561553073444  3743.2377957655362   1         1.1115333548050712
11812.240377781727   -12349.008141328955  1         0.2827641405490232
11560.73644340951    -2510.435850357404   1         23.631224698080285
7563.829229130149    6099.756727562284    1         0.1502954437041237
3947.838671162761    13348.453165045881   1         0.7004384055886244
4803.894084177055    -1054.3531995608662  1         0.2813466396684566
-974.5473797869789   7672.810184763754    1         0.38735405635801456
-4235.556698174124   9691.759841053532    1         0.2148024199968265
-4155.655103562065   7667.524312891023    1         0.6410170012604963
5389.305082828876    -803.6215546549595   1         0.6406697054336344
-2802.5729334736625  -3069.495941662278   1         30.985161676614684
10160.833597753382   2923.1972963655403   1         0.911444176400285
128.34839028938586   -3182.1094634066358  1         40.21536946010911
2380.5329512914595   -6749.769740111527   1         1.0107748526174725
8080.878231422173    -5310.942624639234   1         44.94588373600309
7857.260427205979    6650.912114097976    1         0.5671103058872338
-1215.8360559903927  3700.2426245214647   1         1.0331682569828549
7643.855692177833    13709.623953642422   1         26.40799711154841
4175.3466031246835   9653.703503218489    1         0.11337793279015104
10593.9363745042     1117.8245618446936   1         0.6128197536749016
32.47518334522375    -10575.51288741739   1         0.6061953140072326
-5055.601011296931   -2734.5927365621296  1         0.45575742215592885
4213.5924405424485   5555.427323683797    1         32.76491465659959
-6676.753940905995   -6473.586820500159   1         1.1078819782384892
-1553.8142978702062  -6317.925047616081   1         42.4825424617614
1951.351879160293    8416.224373335555    1         23.582827357875104
-1929.359839756809   -1768.662910306149   1         1.2115330948908212
-1123.2071726847848  1914.7782008411566   1         1.0287461090448737
-6412.551861183999   5450.7992558772785   1         0.2602083310106825
-9205.220341691705   -3480.1697312124975  1         0.7657119460266283
-10597.487194245297  1788.4605985240385   1         0.5285379681002726
-6628.279446183271   -4295.295894507938   1         0.2882845003270984
-225.55376436989536  -3523.629802312653   1         0.12007353743140388
-98.28879451638511   852.4135142420467    1         0.38769163105170845
-9715.778091965258   -7242.777332729268   1         0.28764238140931275
-2836.346460518443   -2886.7067477777646  1         0.31851303385005225
9461.428320392979    2811.9445102507325   1         0.5602733442917489
9912.93928199796     3442.5609959944477   1         39.99012512146911
-9794.129694394753   586.4886207788685    1         1.1620135619268288
-1719.8644336976015  6641.792481212575    1         1.0003846541959083
5991.7098313411825   -2372.034291661694   1         0.9729070336932474
3540.219852959264    -9695.520704184628   1         0.6154168048627179
-2079.158629542714   1262.915797993246    1         1.2187850358840555
-7584.050131514154   -2506.210644667979   1         17.521311679728818
-2850.286608764091   -8902.06158540377    1         0.9704984022600343
-2873.6011414498616  -1249.695475672824   1         0.28131378656524464
8649.197003726751    6627.4842700572535   1         1.0909439880462581
-8092.761765949907   4884.2568132112      1         1.19823963972859
9114.9987296085      -1658.8149881995394  1         0.6522126823955352
-2161.2532557357827  8271.507509805146    1         35.58108494695601
-9935.413955510263   2270.5020683215275   1         1.225613728370829
3134.3870639061292   -7632.3466034221465  1         0.26263791687272364
-6879.960998227319   -8379.409631503833   1         1.120786714544586
1417.1970498740711   -2974.562287916314   1         0.36691845880367047
588.4578478274357    -4449.32657940717    1         1.0164773310178892
