trucks_count 3
drones_count 3
customers 49
depot 0.0 0.0
Coordinate X         Coordinate Y         Dronable Demand
-4660.595091281667   5916.6066413443805   1         0.4823873012900439
-4590.931972375186   -4479.320073790225   1         0.10477229461090481
2151.9774091003615   -4566.207747461176   1         1.0007797969041006
3053.440674856715    3137.91242960553     1         1.0923619866190917
-2167.8510191606765  1181.3166116427685   1         1.1462574061846362
-5438.646866500663   -1509.737359333781   1         20.277768751021675
-5130.066461267507   362.8708747977071    1         0.6862360269071143
-3579.593450936576   -1719.6509924457782  1         0.6952437156647208
3881.9654525710457   -3022.774112067866   1         0.13119825288464326
-4956.365911515254   862.5989759502755    1         0.3593269812964659
-5279.3948969462     626.543761435425     1         0.724593494823746
704.7890320549445    1111.5565085560484   1         1.083566133886054
-6201.802631133087   3593.851854553552    1         1.2408321517266223
-698.4666902602728   -743.2724866207905   1         0.395528882049067
1793.2118559506707   -5065.448324810891   1         1.0223983387313664
-1212.5729979469322  3813.1780034146896   1         3.3143930488004663
-3309.1063018027353  4058.9499748347544   1         0.14365235427220371
3058.538953272043    5214.856930942723    1         1.1273758106345297
1633.1497276327646   5688.4562104608585   1         0.8702458123683289
1882.4614579423621   -1984.7588750100522  1         0.3484820421564249
5180.340495668702    1972.2615836482555   1         0.8249539955951295
-2239.3200839147325  1983.899173166071    1         0.6597835700925395
-5359.097300090294   -3961.6709125056313  1         0.7297366267351412
1824.2326518628224   2774.812122639697    1         0.39587097241647384
-3832.0365601986628  -3839.318485433373   1         20.646363570093047
-59.04973147845048   -2733.093980793556   1         0.223568964006783
-597.3610116697973   4272.677162516497    1         1.1645189761666936
5419.065616705161    5887.012162930389    1         1.0037543135840008
-658.1321435260579   -6037.687883940001   1         1.0603709902411202
-1253.6915083170452  -4070.3817423023884  1         1.213954201885532
4993.823190309417    1981.651958528345    1         31.96053420408511
-2845.858762478218   -3914.0138156696903  1         1.1805389237527044
5003.333534422271    -3037.5553758353117  1         0.9253943651637853
-2817.089813627512   -2995.694235734736   1         0.19227808131449042
-5104.648154495823   2256.6941406003743   1         0.6650228764177901
1183.6245273249165   1056.6857748142888   1         1.815173182076207
-2070.7212900163004  3546.8448926185274   1         1.009809641447933
-2861.694693452412   238.3759853062806    1         1.067605848212098
2331.415768580674    5711.34068903353     1         0.9476497592689334
-4100.497433623102   837.3282579006723    1         0.14558522406990831
2926.794682744336    3006.298723188143    1         0.916160283884251
2787.812897620576    -1049.0874936698237  1         39.25958207225183
3395.6179851191628   -3580.7707318687376  1         0.6390451083342813
-4960.236359063237   6158.203049839754    1         1.1830162039583403
3966.0583047722203   -5980.502247204204   1         32.27675677690769
3215.841832342926    -3421.2877895951465  1         0.2979471026150376
-5508.265862624132   -3665.921143082622   1         0.11713724544879556
3867.7895211870446   -5852.1618792801555  1         0.38609580078375705
-1921.9864469409927  6168.0980672846545   1         0.24909411624796562
