trucks_count 5
drones_count 4
customers 93
depot 0.0 0.0
Coordinate X         Coordinate Y         Dronable Demand
6858.836523122693    10437.698431761244   1         0.6754650677689293
-5968.377604446637   -6301.042908409667   1         0.4422836072801064
-6793.017861699921   -552.3549243271735   1         0.4892341282333946
5894.203263104989    -4934.57630031256    1         1.112216742626598
-8266.828175707275   2067.08628037308     1         0.67214904193223
-5002.866757903111   -7628.120446225707   1         0.5973228008851986
-4141.500066706165   5351.046666942992    1         0.35076670916728303
7078.093802055667    -1692.7971131333545  1         0.2818975519554908
6620.061718699734    488.69500215075993   1         0.9587042253663745
-3416.5473922360197  3122.084035278967    1         0.6050138161757916
-5083.549504864271   -5978.631303248452   1         1.177144996658785
-8409.339835481544   -2227.900927665466   1         1.1370325688577791
10144.628808820762   2058.1922681032593   1         0.57849446517096
5395.960014181039    -9175.767072716455   1         0.10975336760266162
7452.0515436533415   67.58669614773298    1         0.5727442387948083
4403.483078724345    9041.336556492253    1         0.3219492595966166
9394.270904003168    -3550.9611879279773  1         0.5136569412905659
4522.883054559241    -4389.773439260365   1         13.7678225701471
-5495.958347728623   -2297.937668777007   1         37.221783502193006
-4273.042826087688   5808.252423480034    1         0.5872721148309317
13145.72960394065    -6843.19222511212    1         0.9291704483088149
-246.73009549504087  2539.5057966674226   1         1.1755935656678869
4441.723571243142    658.7980656930897    1         0.2790525764131778
489.15889364942177   1394.0608896766207   1         1.0041300798660104
8528.778950061376    4396.184652866976    1         42.22706723839621
6039.380134673243    9093.880287191612    1         0.1136871689900648
-4776.7254216719375  9700.02665034299     1         36.592321018690534
-12801.095969646416  13262.221414226151   1         30.242620474872872
-4454.543413498577   -7890.796601914402   1         0.44477893152936254
15496.052083451577   -10858.130187124776  1         20.884165639198567
15194.365933263234   15720.577526733206   1         10.979224817680972
-5285.133138094737   -6146.126375662521   1         1.1655252638157296
6612.066641170129    -5656.8795305140475  1         0.36363021847569366
-3941.617407654672   5963.750223914395    1         0.10175246458653861
784.9454604052537    -924.5378538927529   1         1.22482913522184
2161.6777411665753   -16627.83034558476   1         0.9042418969903175
-1350.2837119310698  6784.176039653965    1         0.17507320504032936
-7500.483060419192   -11249.292523631015  1         0.6709082817746008
7286.156139205746    1656.0178726030933   1         0.21372877879758742
1153.3256125079881   -5703.804146714664   1         0.31569169846609535
-709.3176470431463   7690.557994840437    1         0.4557557265714294
8335.354261874116    -6304.613385231847   1         0.5491474633953118
-7205.658873540009   11429.24846764003    1         0.7780491789142852
-13664.887144180959  -7988.59485663013    1         0.8784747917667342
448.3507364694624    1773.7125292304695   1         0.7019869538029874
-3407.971835855971   -7868.018080766784   1         0.2360531927114072
-8373.557533373487   -5918.973860375767   1         0.1894699062191096
-3472.1723764242074  -2407.265135530599   1         1.0554524863054189
-1315.0018262143687  -7698.565562689814   1         2.4430012729491217
953.205987519865     -4736.596760903762   1         0.647943537058943
1660.8109686789828   -7212.929762012638   1         0.25714546362067414
1441.4120735740803   6265.014507158228    1         0.327879924228096
-8473.515907376406   -4127.810346423801   1         1.1995673590930802
14136.446809727924   11664.446982838046   1         20.844942022384398
-3289.078392200633   -150.71933774399704  1         0.17799468721927303
-2025.1318529215607  -43.08379367810994   1         0.8723595902578022
-4992.997422046776   9276.642363661123    1         0.3599789680452756
-1676.4735201994881  3277.3785320741035   1         45.78890327974153
4129.697245877603    3469.6764919439715   1         1.0748385311182973
6191.841297955236    -2453.040776299054   1         0.6909364670991486
-1947.7241764240423  200.33182286616355   1         0.3346645185857484
5188.771490027062    -2208.492050559799   1         1.1448695020882091
-5150.455516137466   8111.633441063497    1         0.3022352254340488
-3574.304636822744   -8675.089665698271   1         0.6061403862918364
-7898.315170505277   -6135.664526936103   1         31.72777586566447
4424.930330934562    9328.800370167844    1         30.36683120148128
-516.0142336101367   -4040.9892805448344  1         32.081874422083416
8667.186448832776    -332.53234730375726  1         0.346354288359064
-2946.3663067764587  3331.6870517067255   1         1.0176777869328784
-2531.372400570097   10737.868609667825   1         13.90281999002969
9323.259867393223    -4842.811865136974   1         0.5188818823037702
3205.224382727976    8222.867147548926    1         0.2160319051405299
12352.488022508856   2863.880496122023    1         26.85632002537368
-4197.199678589837   5029.873535744888    1         1.1691571072837728
-3961.2882723890334  -3171.6597960994045  1         0.10358701955036348
3873.2541849461654   9112.030822374993    1         0.8178575679111676
696.1699019486723    -2383.2258892744894  1         0.6476461277223668
-2128.2797088206003  -2298.52124009558    1         0.6241695985211324
-5677.02337075584    -6208.79418450343    1         21.643410656288204
-226.74448117024787  4438.120548133181    1         37.30791638312791
-7176.02832979914    -7845.267287773302   1         0.102789851962166
6298.044510274648    8711.402533302233    1         0.778593578423091
-962.4376148214399   -8405.150328173717   1         0.51656076949018
-8194.492454388954   -1770.8106639335729  1         1.8696808589515035
3635.472775771299    8323.350081888573    1         0.807545706718143
-9485.022316255354   -29.122216398735304  1         30.779836236942682
-872.896939995706    9363.272186848579    1         1.046521623277374
-287.636089654683    13986.6071535281     1         44.83630189109147
-1483.700730592352   4297.103135967801    1         20.80981878195815
-8142.157853415635   -6648.404164476539   1         0.16386414943848632
-132.07401325948206  -4096.270987394221   1         1.1474704925518568
-10447.390594312203  1907.980088226357    1         18.539958569068542
-5833.68346525366    -6682.240919652779   1         2.907938025471273
