trucks_count 5
drones_count 4
customers 94
depot 0.0 0.0
Coordinate X         Coordinate Y         Dronable Demand
1264.0964498087305   13207.8827774502     1         13.936949349449485
13703.728722855163   -3315.1319448964805  1         0.9991459714705886
-12377.626917653959  9779.441529166465    1         0.476788559950721
5055.174678252894    -9169.787696719415   1         1.1048436518427551
-2620.401587315144   13968.183437768932   1         42.82350447478927
-3691.047457250533   8962.090046393305    1         1.0717964465828569
-1085.342154097041   5110.390328083075    1         0.10141880261062382
-2939.612844392867   -4064.4049693945444  1         0.4982667647895078
8562.488216507887    -6148.602987551151   1         0.17123957522567607
-5919.370512091578   -5319.866793898891   1         0.2756130466447116
8223.155436430776    7099.103307027051    1         0.12024439720688943
1471.9105743390887   -9776.971359537562   1         1.1662037906998928
9310.376658207097    2294.0641039960287   1         43.07167416240287
4304.93890101692     4082.5299413083612   1         39.597172154024115
3854.0222496657407   3627.8153272094223   1         0.6821646426122167
-4188.579550127124   -3307.61750792159    1         1.0699847793413038
-2376.8721320747236  7517.921228914768    1         1.1578009762053558
669.5912485780831    -8619.94847029214    1         0.43262532328988934
2490.6368134529853   -3428.8581469757078  1         1.0029231311792732
-7139.9085520897615  -10636.500313803446  1         24.327234565627517
-1563.939084406634   1813.6149004658091   1         0.3706373071136141
1981.8708038620148   1226.4676156858354   1         0.5202176818489058
-3522.5765857049737  8053.30466176198     1         0.3224762836898664
9741.978869553368    936.2161692930796    1         0.9896948080690807
-2250.038989773509   6217.085516484984    1         9.08151594246233
925.6954240480404    -9695.302313065547   1         1.012506235013386
-2620.085483086279   5242.384202065901    1         0.2991833896415041
-4468.9486471726195  -3290.7461437288075  1         1.1836051886539072
-7250.662114612296   -8102.391702446667   1         6.9498770481410785
-1944.1038222938564  -8119.280982030551   1         0.18483771201645166
8377.954956738296    795.4107069385926    1         0.43439512427397775
-5112.397100414166   5002.707364636038    1         1.0672803638083364
2273.318118264756    -503.55433576481965  1         1.1937099243640408
1566.3065564894464   4602.209315594015    1         0.32242104593470494
3524.3022066524236   -1928.634856349692   1         0.43720140310437794
844.9095937008477    -9085.858857344516   1         0.6194439961792582
5924.509866013717    921.2335718868894    1         1.0029368170800184
-5134.575436067244   5529.426066596359    1         0.6626342537225024
2116.448874557205    -9936.247365952955   1         43.084717299764996
1437.95223926107     -3089.3591914145445  1         41.014673026043006
-1045.3548913034706  -918.5524795596959   1         0.31598419502593506
1868.369469045017    -4811.480235958026   1         21.682467991696864
-9290.75605433352    2940.802867491981    1         1.2007134925677914
-9511.082725540877   4305.538384966932    1         1.0290217651381497
-9729.797839503026   1960.7822055479262   1         28.13450654989003
4084.299724116381    5686.766005828378    1         1.2275294328586437
3918.151557354044    -7523.747135392288   1         0.4296162959156561
7321.312675143089    -6300.610930632883   1         37.95206388060114
-4287.22444343956    -9977.602707518628   1         0.7776450250423788
7208.4957772108555   -3388.3092255088786  1         0.9523521377453987
-9583.334435617371   -4113.616235850469   1         46.47258220910546
7192.842108811582    -5517.174851155658   1         44.82642047680856
-7277.0678228897805  3677.3555660289912   1         38.920675495647124
733.8256950265855    -3764.6954839915998  1         0.590962081141753
488.0902387435323    -7154.339394208736   1         1.1449853664689735
-9785.777386214992   1490.7666956817309   1         27.42373578072932
4047.926909339789    -7363.7796006523695  1         1.0574708763607372
-4118.666500796667   -6886.542121155923   1         0.8146824839480181
12461.011897285616   -8892.394385817406   1         1.2208125445152211
1093.4799822947866   10794.353860949264   1         0.5680094547000243
-2569.619019911375   5970.473511090768    1         0.9060218383392735
-1676.247088952262   10639.537992227308   1         0.4036105222236702
6219.012437191339    -12854.22228652269   1         0.9735323973957991
4495.783937014602    -6435.134714469332   1         1.1966064086972652
3394.4841200698215   -1875.5278651241838  1         0.18122239645332086
8739.67009186435     -2604.8694162598003  1         0.6141513508303805
-8721.05956337376    2023.6376376254073   1         1.0680197707334496
-13517.0112441495    1718.5103915550917   1         40.231636840072646
3022.8767664704906   1402.329742607547    1         0.7764083375215091
5377.59509331385     -1582.8714831730067  1         0.1336896085991711
1021.1330472963588   10571.78464259102    1         0.738625797698224
3303.2398708006212   887.5351750168912    1         0.3835899004977513
-4593.981463705348   9499.817670298755    1         38.39394868033856
4599.782548349558    766.854420915838     1         0.8268344303763211
566.0397090760149    2296.1145487199833   1         0.3492786323291224
-807.1370997341037   -13851.559013468812  1         0.7944627403884217
639.9176442814527    -8396.847986629498   1         30.12082666027962
-4069.9717746025817  -4068.9317905313837  1         0.5893571742478128
3244.300972633253    7285.043549944767    1         0.670016493560826
-5933.839793709874   -2179.0716239431313  1         38.3960986861764
-8075.675988866785   -4381.7375881491835  1         0.6229676788639283
1793.1480668830773   -10728.112777114005  1         0.14222620033344696
-9981.98240771165    1910.8516073261478   1         0.26151321256905213
5186.682564743278    3206.4594548721293   1         0.22816702137221967
-3613.0768691218077  -6989.161098566691   1         0.8895643523777657
-5124.230463971563   -2293.69277575944    1         0.5362328969370616
-55.87701472073118   -6009.544585134697   1         0.32505300142232624
7670.393676172537    -7589.529254898164   1         24.485919092880273
3842.2960723952397   -4190.070286296781   1         1.2118035190009713
44.34853970234938    6051.714727270499    1         48.98076145929991
-2298.285967723098   5012.273446567878    1         0.6651054071675945
7008.636617137483    -5143.673776863573   1         0.16940199528194194
2731.2902107362493   9001.07370607949     1         5.186683061337241
-9113.695050964412   -4.396732181945009   1         0.5934085235890609
