trucks_count 3
drones_count 3
customers 30
depot 0.0 0.0
Coordinate X         Coordinate Y         Dronable Demand
-6320.785757079822   7161.233100103608    1         0.9679200950474077
-5452.163998532576   -4783.704651005765   1         0.3516672199188752
-7118.369099536771   5526.560898736563    1         0.3320705540463843
-5555.866170817084   7115.7207743212675   1         0.7718339228778464
7509.384665700061    -7833.8447315411     1         2.1874038026036287
8582.161979685528    6326.358221696546    1         0.5783131193623117
9224.32844133538     -5603.165299445737   1         0.9876483334166373
-4145.980410848971   9544.563632696689    1         0.3175976138083212
-2619.780607688354   -849.9635021192141   1         0.883152094254417
-5645.840003453835   1752.1041776516515   1         0.9023717821652241
-10957.78125059825   2566.4610673403768   1         0.26582247312694446
-4210.287445801332   7650.964199662478    1         0.49748008288927625
1681.9899655222453   4655.592667479163    1         0.5711474782063846
726.2938454976859    7918.072177464276    1         12.849233809508343
580.6486611759043    -8365.722401139828   1         1.13087995823964
354.113581688853     -3613.1501855911943  1         1.1476179793787957
5161.511211874162    7525.321798789207    1         0.3274767450221411
9450.93546599239     -3059.409105587193   1         0.1495213643984669
-9147.239967044434   -5689.640214238806   1         35.89572389959252
-981.7312308247128   -8324.57995299486    1         4.189873874179494
1284.366098522608    -2520.1587643779035  1         0.5962622105116714
6308.671771339241    7235.29424549567     1         0.2187079471711897
2672.965307174655    8321.217277814823    1         0.2188154822097601
-105.33836536293538  -4775.436943995849   1         0.19510263816062892
-2845.8743523273242  -5847.714739038093   1         0.5548533977861527
8256.915418520224    1969.3678992029156   1         0.9582589413605666
8122.794535356023    -6277.664545664445   1         0.1778539898148091
10388.840796067587   2229.7778412664684   1         0.5777427805637589
9369.017121146067    -4382.479750526442   1         0.5750733234082668
-2747.224035347941   557.630592906932     1         0.17731143098709473
