trucks_count 4
drones_count 5
customers 82
depot 0.0 0.0
Coordinate X         Coordinate Y         Dronable Demand
1152.6828859263105   4507.192971236564    1         1.0031826706113038
-579.1861778891725   -4944.247634742633   1         48.95709878018072
2560.2635371991028   3243.2814111512057   1         0.4458402989406334
3387.1624365115767   2649.2495954134715   1         1.127229004352825
-2496.961737675318   -8.254769726684907   1         0.14866370040812885
1079.5757525548524   -3591.0326018999367  1         0.4460251741904919
2872.077720631375    4841.00620946238     1         0.25039683154262304
-2433.735277451138   3962.2487885465875   1         43.11970617989603
4110.473527882617    29.179471265815664   1         0.9101353880833529
823.7802621253392    -3813.8771249644956  1         0.8208804173794022
-3624.035799550765   -1983.629286721355   1         36.98222476089013
-1059.9466375928778  -4613.9728463858155  1         0.7042430763425673
-2785.2807146709906  919.6518989838138    1         13.566230296906507
-4600.586650962023   -2989.9184744776494  1         0.8910473110162007
3079.3649664512222   -43.50174057262101   1         0.3093733265048416
-3402.3369969364135  4864.842767094384    1         1.2434205351390715
531.5885908329069    2075.015435551003    1         22.354203399312897
278.2790088796701    1276.7330595375643   1         0.5223148880044587
3425.192472492057    4232.504426672296    1         0.8422155983937515
4647.863534453035    -202.7877187653542   1         0.3375344432272508
2181.603971296812    2290.3221202950226   1         25.135507425997385
-1733.3821289443117  4860.926032648897    1         0.27727850698466305
-2540.779664656508   4266.807476987125    1         0.9212114721649928
-1870.9739879781432  -672.744583752576    1         0.9882440809306007
1675.1801584278535   -5010.153284280276   1         0.11046560219968968
3973.2863989210564   2386.459401792027    1         0.9798885409297945
3502.405778358084    -4225.060564259602   1         1.073600965438917
4124.752099048538    4812.672175697509    1         1.0021454296145056
-2580.9584169862605  2587.7420321754935   1         0.1838640044569449
3426.7710795249423   3640.826877798694    1         1.227725210548708
3881.4833698779157   4215.282582861668    1         0.6349650219912906
-4942.795454783928   4166.046918378228    1         0.17876827543632812
-3493.1050473634245  -203.90471768598758  1         0.9362730865760702
-4811.744363033542   -1257.0363533512382  1         0.3762478927984746
796.2880885758609    -2437.3408324487673  1         1.2165421171272432
775.8340759749058    -5100.466531598437   1         16.384323215832204
-2544.8979651204877  3106.4855640870423   1         24.14246517378634
955.3678447445593    -1227.3733279303613  1         1.2373228738930702
-36.34214616870239   -4193.642455840103   1         20.43954066861503
3051.8663624898404   -4866.696159271278   1         0.39378282814181054
3094.575207932144    4450.879768910957    1         0.10530180450119969
-3525.4098355585943  4636.513701513967    1         0.5910963828326524
-2183.1038968801795  4874.606198742419    1         0.8886833629132248
-3545.566449069613   -1770.3654313626523  1         0.711602566927203
0.619992005188043    -1295.2950908501675  1         13.590055289474607
-4652.4578951665835  -941.6108212696859   1         0.16886824799896416
4124.890339101506    3873.634903291466    1         1.1178842273490097
-286.8969284276105   -1035.0159681848652  1         0.5932872422580359
-3884.835564704054   -3315.4373468856793  1         0.41782943152014995
1011.3554992277024   190.8057910664415    1         0.5664433697045904
1367.7985856780824   3790.6902364728903   1         0.6777689562143248
672.484323876497     2538.3629813984708   1         0.7477335025561493
1600.4228159182862   55.037415083268726   1         35.71179443801563
-1509.645729045832   4349.696023442437    1         0.48572494308182956
-2832.7900395153733  -4900.106875236059   1         0.9126462329075651
-2220.024380911505   5105.496084917935    1         0.2613595253120002
3217.08812241721     4358.663884568922    1         37.06230498441798
-531.5923721986713   -230.16746324789102  1         0.748064288834529
-5032.8489829311375  -2495.1501759929442  1         0.7740333630017873
1915.5087849870486   2482.2158439205264   1         29.922774739797195
-2082.6600780739     4005.254621387848    1         44.43104783901982
-156.02804603648548  802.4482564656869    1         16.99706844722175
-853.4675407334051   2488.081878093697    1         0.8037411461093491
-899.3203906974095   2987.8107973108617   1         39.550858514393305
-3178.452175966001   -1708.5127320607512  1         0.22801293791192384
-3379.8040803446092  -474.8474511601393   1         1.2285989981208856
2172.2094252958877   3549.7400528752205   1         12.806870896860802
1873.575362982288    -593.2746013454372   1         0.9136341721184923
-2196.3910111825667  -3655.149950803413   1         17.94272507408246
3370.840429845673    -4686.710333195749   1         0.15958522253919194
3562.1323868598683   391.02252624351877   1         0.5285339232332056
-624.2485627779664   1575.1395919778452   1         0.14167879233866149
-3597.815925755838   3785.2158570254633   1         0.6842433185818318
-3578.50279251524    -541.489550396341    1         1.0633591594583283
-3719.6579884463326  -1654.3582648892025  1         9.137408257392348
2882.718575577197    -1219.1667207724918  1         1.04112186765417
4111.876523130398    2083.9954484316363   1         42.75189142747247
3779.7381967457404   -2398.7636866877297  1         0.34517086209756465
-1727.270321460129   1619.9340937177603   1         20.893192276549403
3212.971294604966    -3464.9812781475866  1         47.6731066799557
-3225.2283771614652  2550.3454571150683   1         0.5197108460612583
-3621.1298073320972  -187.6305743305596   1         0.570553063545287
