trucks_count 3
drones_count 5
customers 52
depot 0.0 0.0
Coordinate X         Coordinate Y         Dronable Demand
-5801.301932406351   -862.3784600462061   1         0.6632085893774713
-4960.405007425009   -3677.0970207002692  1         0.5145346668297469
5870.558364882537    342.5407288201191    1         0.6238275051564544
2874.9441083905467   850.6829038038858    1         1.1242608988990908
531.0949432307483    -3328.667455922438   1         1.1016972374961802
5121.452431832907    1051.8323799619345   1         10.468193789186717
-1849.7045744489792  4542.161120383172    1         0.5940166202542303
-5496.470281315946   1696.4074017302873   1         0.5942979606941493
-990.1103064968762   -5081.498725580157   1         0.830799860368011
-3554.2592017012644  -950.1049957055784   1         0.8718397602597222
-1576.0904585767332  3623.4259669559074   1         33.36596903802629
-5090.210006605932   -2732.0831344335566  1         0.5561817292568748
-801.5315837586002   -189.99703487830868  1         48.62452880482398
5195.464482734944    1081.1871507686824   1         0.7931820066239798
342.9213887744785    -4555.929850051412   1         1.1140974698233532
-1129.6787595316828  706.8469162105484    1         0.3705355877357299
-1578.9023479341186  -4269.323902587971   1         9.915799041684847
-3680.1189273259265  -4713.053225333753   1         37.4964694300129
-2404.6524293622847  467.13539900269916   1         40.76161269560337
-2214.335458908835   2540.93187635007     1         1.0793469192483924
2430.7236891418465   5605.125360862664    1         0.7040480658878838
-4079.508889406232   -5144.281022159337   1         19.43857911358952
-678.1335047173011   3458.4405781579003   1         0.31931262831128304
3979.277515747812    5465.250464618748    1         0.5536966868967865
196.47880776756662   -945.6089454759115   1         7.796600629428779
-5164.374359048188   2937.2235720569847   1         0.5697713199731568
5842.267051223374    47.373610650168466   1         0.9231455572093802
4975.934295676918    -4203.778459676247   1         1.2423359056423
-4039.1955698218917  4853.799753571032    1         0.2244556199208787
-5564.187520081598   -4791.368303288913   1         0.22347396065291805
-4779.716020080318   -2186.262408602644   1         1.1126385872317979
1018.3486102036576   -5490.54814771832    1         1.073628839421346
2075.7357421066727   5056.095176955944    1         0.47395308479924625
3051.943783431548    4313.1564383231425   1         12.917271409619662
-5777.034406766248   2823.2973994147596   1         0.6348468077584933
965.3630386248326    -2580.1061956445405  1         1.1814900469338303
-1786.5398385104265  3314.2641770159034   1         1.0599357296012761
-5885.3635586270875  -4337.892639727679   1         0.28697769575922505
-1505.0673940254637  -3301.1893020081516  1         1.132266747067999
3659.017533858493    -5028.80417321812    1         0.8341283353213348
-4077.3657186183023  766.803079802091     1         25.687754839132403
931.2095810768486    -817.0149682854345   1         32.55287500148559
-4869.947391180821   5538.342199450419    1         1.0543772643279499
2006.903831091159    -5885.393964987235   1         0.19773135839766376
5343.082653230043    4688.050815581895    1         1.2123768984260692
-930.640345361751    -2882.5137004622584  1         12.825085616858646
2187.756236159148    42.48321507634955    1         0.4662942368273534
-108.62587678530672  1462.4379622102067   1         0.34425898694579127
1695.2667965713342   -5896.519008622366   1         35.49717639366906
5607.175826341111    1310.871143042683    1         0.8785786044926811
-3175.2880400387244  -927.6363016786167   1         0.5651075860868842
3644.3808893618234   -6176.6394627554855  1         0.8380134333461244
