trucks_count 4
drones_count 4
customers 46
depot 0.0 0.0
Coordinate X         Coordinate Y         Dronable Demand
187.73481971419432   4807.151328453621    1         46.96585623132922
-735.943301814371    4831.228547952987    1         0.5319878348291021
-11423.747146979427  -5910.635175857542   1         1.2071468198237782
-4096.44408497849    -2022.205294392201   1         0.9204104480497635
-7761.834911032596   6735.445983319473    1         0.301037688761451
2453.9941914984474   7345.8370969852895   1         0.5566355616993852
-2956.9461926095246  440.4223772422788    1         0.894662372467481
6681.628480370848    -7891.531755423061   1         19.92679286376034
1700.5411427810538   1062.035021735284    1         36.55526559672161
7026.7644513881205   5250.914051819211    1         0.1610250322365641
-7454.800133355159   -7353.323645605278   1         1.1065298559576933
-4402.281718263229   -6837.3814228956     1         0.7499108454549451
3001.4150551946277   -7537.753784844786   1         0.5364008562087746
-7442.0707969447085  -2576.0369827967697  1         14.05010417952658
-2927.3677979007366  -5536.462788967919   1         10.906783407453373
1116.1542453939146   8397.068414191779    1         0.787380337039803
2318.9772320250604   -7108.479306312543   1         1.207282062977598
-2898.0190869298376  -8018.203953110871   1         0.18537143850972115
5892.172615553178    -5162.222131630973   1         0.4967211404418116
-4776.251938348436   -6914.712723075379   1         0.6472934797062903
-10849.347940510981  5255.982218009913    1         12.040925623496248
-6765.352892984369   -4781.303184817129   1         0.9716034033140152
-5700.904078168423   -8769.1263469118     1         0.5712317105147905
5083.609839304496    8565.482818747134    1         0.18903118471310396
-6795.323756318926   -5575.34124877605    1         35.760490609145315
6140.582324683168    6403.017667733398    1         0.14788991796865225
-8859.877896312379   6395.956462579427    1         0.5905209402887948
4030.265575201105    -3794.6761674607046  1         1.0416177452616837
3400.312520948692    8441.791976442159    1         1.213947915875831
7956.877455845867    4318.614944702374    1         0.28225273869290524
217.10083460808866   -5306.540716232287   1         0.21303440937902035
681.5624453489581    -7835.052786610083   1         0.6262770091346694
-4741.8025655171095  -1140.6358945845461  1         1.0751053009070104
-3690.826722167876   -2827.2077317262633  1         45.48251514183866
2400.7438650786276   6637.654469856063    1         0.39628769408180897
-6430.048865926294   -787.9095620321211   1         25.7949498603909
-3740.9023583091343  6852.450298416007    1         19.908552168446306
4039.7934476707073   -675.0049084905299   1         0.6213542458970217
10373.837162515776   -4922.513908941594   1         0.30779527964689196
4351.196943200515    10253.258230131383   1         17.850821086776694
5730.557986383285    -6304.467618534677   1         0.6159520822755791
4704.267171314543    -9575.759849035285   1         1.1628259504831364
6137.851312834284    6922.462012945098    1         1.0343518227682271
6105.0450427028      803.0456174877659    1         0.8157816128505528
5729.511121677986    3997.6983717208514   1         0.5629362492868493
-6481.886888448765   2514.0936193169796   1         0.8075706592461069
