trucks_count 6
drones_count 4
customers 100
depot 0.0 0.0
Coordinate X         Coordinate Y         Dronable Demand
2645.428505493386    -3957.4960808692067  1         0.9479942402851763
2647.330426209332    -5615.535379662566   1         0.6739518998810137
143.2272445566654    -5408.151795171349   1         1.1540323607255716
3778.180953113694    3702.888739696827    1         0.704775056336718
6443.329904435412    3916.4288699641193   1         2.6670870232575634
-652.861489660605    1424.7091712864158   1         0.6050197452216218
-3055.452375326543   6048.4828174997465   1         0.2644244273024984
4531.051272708983    2095.4636917890793   1         0.11102295988327947
743.2893466128759    -4246.137569153854   1         45.065698470461285
-1223.8670165833676  -1633.90127452194    1         30.219954081488943
1968.6763252776582   3486.2966083504048   1         1.217917952962361
-6070.8226129472405  5027.971195191705    1         0.3567023647803469
965.619011956958     -3858.395022118768   1         1.3983839140599905
-4157.770120470724   -1895.460896826323   1         0.814414898042879
-239.48222943641608  -4697.306403106788   1         0.2816517126416585
2151.8860362575356   4588.355066346517    1         0.43544273964319835
-443.31399164988926  2813.6167696652706   1         24.17946918978357
5728.253115744574    -4476.23764604427    1         6.690161718684322
-6104.883366377916   -6431.602380594995   1         0.9969765331925406
-3947.6879354501516  -2798.509873509355   1         0.7728437116532987
-4934.538862085256   -107.97860230537663  1         1.04551194149327
3636.4096605907234   3653.2035493928197   1         1.0157651822446536
-2009.22325372348    -5801.61235477205    1         0.1932444480227552
-832.665719843114    1530.3909627070107   1         0.8945368302826463
-2316.96055848975    3540.226578124228    1         0.23411425893886065
-3856.6175606227307  1741.6754107384668   1         0.4966870342745172
2668.662592611968    -217.89769484902146  1         0.45782468469511606
456.03608267947163   -1362.3892427021483  1         0.42299760845007806
-1202.864613808297   602.3335976933504    1         0.1452645946659093
-5774.515958738922   -4849.810849725925   1         0.5540300171061757
3958.3219736014066   -2972.5473165027206  1         1.0129534031827532
2614.6459892398993   3813.4766636828404   1         0.48874715299793314
1493.0211766970779   -4353.514047203844   1         38.2773234295036
3818.9430716401143   -2807.6763086718274  1         0.10053578781942382
-4712.409208539763   -5554.058438261717   1         1.019611829546487
-2855.236458220008   5508.372595072196    1         1.0689363770683633
-2032.6206972139175  -1567.838971174182   1         0.16786251438814592
4013.0886154308682   -2523.237849227389   1         0.5861112783018916
-4584.414788122346   2005.3618027764242   1         20.7123752282891
5533.243476186686    -6435.988193873323   1         0.5829163339245867
-5430.062428434209   430.4025574943809    1         0.4158049245658869
-1042.9941869698523  702.5786872262388    1         32.15166716266195
2862.937399999004    4842.696482626922    1         1.1429768042233475
3597.202058495417    2665.5371807987003   1         0.11877865424183609
-397.8862682317539   1655.6820064133956   1         0.23476493626080158
-6224.360591290226   5424.442577158411    1         0.34805328791915857
-6187.594146935017   -1156.632423768899   1         0.5286667203781454
-2125.5696055120234  2000.083585690269    1         34.11636879134089
-6374.937129302857   3334.1214541562076   1         1.1471537321160554
5920.745473034922    3169.1341677240894   1         34.79418227514719
-92.05106948103217   -5395.448599262866   1         0.23358649615091656
2603.6972585260605   -3024.8722337753093  1         0.15533439275184688
3370.6898208002503   -939.3548628533198   1         22.208800348097956
-2136.547404832432   -1064.7507993920472  1         0.4754983343143365
-326.14895387636136  -915.3865655335037   1         13.287834375099418
-3258.247386250823   -4713.393441222608   1         23.00386401085338
-396.43990091412104  4993.69566861195     1         0.5244448140543327
375.20686474036387   -2645.9222864757767  1         0.9876367669473675
-6408.497370206687   -1637.1822719137658  1         0.8494075432811676
3788.3959671046246   817.5482902983774    1         1.1178717146356678
5078.970381383962    4577.417831702248    1         0.4623704664887923
2183.60811240496     5941.05998816964     1         0.553834641182155
6177.475233163809    573.9226717905973    1         0.22856023696967784
4067.886454796958    -5102.011855716098   1         1.0926423673489791
4750.3984887890165   -2172.953216932987   1         0.7488784481255306
252.44123069541274   -3629.2315250679676  1         1.0052509895533828
-3211.904997938328   -882.0053360337424   1         0.5513033474028477
-5573.2945852827625  6121.094407057028    1         0.39292383136502684
3036.320540359982    -3033.935205152092   1         12.699777549683946
-258.51223703953474  -3031.983876882761   1         0.7226386534524296
3504.2069293709474   3846.5737920116608   1         1.0624917865012726
-4101.46823910654    2425.938608065505    1         0.9854387943999124
3014.266370918746    1783.2760947879199   1         0.6300835729182539
4133.470760134011    4649.2055299131325   1         0.23100457561308071
3281.7849829160596   5280.149669179759    1         0.3045183313621601
-6115.926289570713   -554.6164444002171   1         0.917422002814421
3665.6152818592473   3649.4587702251374   1         1.1976525087536736
-5264.404668885304   -3943.7657250440325  1         9.445883591404765
-5584.0589673212335  -4730.046941513673   1         0.6307152960290032
-4860.117211413462   6071.697910255243    1         0.390122968758859
-505.888907418765    -4427.389833998702   1         0.12151406582052768
2995.282687784407    2484.3997742626934   1         28.1150927581233
-3212.3035637581243  3496.144495846557    1         0.2565842182333137
1486.5625527455445   -6242.398986871428   1         36.451115310445886
5376.847774092847    2377.4036168175685   1         0.7890183247109014
4826.116459520183    -5196.478979973317   1         0.7225146174286616
213.3701804114576    -24.228252401612945  1         1.0562394596395346
586.0136240453252    -4984.180060520621   1         0.2038315352889971
3211.1295120723626   -1559.8085920137592  1         0.28397999769854826
-5813.995394821166   -2103.255898448523   1         0.9766321202433392
5091.468715533186    5336.8952693091405   1         1.090100003620837
2403.660686025695    -4764.592255951933   1         29.996436376448735
-5987.180964370009   2765.2980254544336   1         0.4791293853669304
5111.163243657762    -4089.974172445576   1         12.174522549734968
3409.6469448919215   906.6293674464348    1         36.3129420841938
-2394.8595176097315  -2017.3732577012852  1         0.5199950243970425
-756.9038905334808   876.4573916499087    1         45.450944172863736
-1117.9693625725074  4592.145882279146    1         1.0599033439957837
-2309.455679311196   264.27453062701517   1         0.8793890998271179
746.2874137842363    -3794.1704731230984  1         0.34117841095907775
