trucks_count 5
drones_count 5
customers 59
depot 0.0 0.0
Coordinate X         Coordinate Y         Dronable Demand
13227.978385371061   1940.8003160280496   1         8.455491261875867
-129.9624185564135   8654.383072440072    1         0.7971648770679536
-1862.8108882019449  2758.196111084955    1         0.4725795659354117
9287.407673574438    5519.253406688436    1         6.721528459804443
-7738.504682523384   2867.7562416642554   1         0.24328173656328742
-6272.5130761606315  4253.000539408463    1         0.8174389704390965
7903.828807552753    6524.925455986496    1         25.62604194159527
-10747.480756339648  -889.9707161036417   1         0.514014076395544
-9919.559588684082   -4991.424959949718   1         0.21433454410275038
8799.976436614794    -4435.4557242911     1         18.793138402003574
-10283.123139342093  -7744.655861972724   1         1.0498688826170754
-817.434309361468    -7513.865991094262   1         0.8122808113040618
5528.215325516411    3310.820227115515    1         0.3450910273869404
-4757.8002929434215  7533.197622896964    1         0.7475703514007864
9604.120869222656    259.45340403738066   1         42.64357127029474
-11189.106671972319  -6025.189951574301   1         0.5802002720909526
10523.7207318237     2553.820663067743    1         1.2080252285233737
-1929.6145077295184  -2941.738370103157   1         1.1163650280040074
378.5820977575669    1378.3661069896211   1         1.145899825805777
8048.546682447031    15004.169838010086   1         37.440575169588215
15844.704053802601   16231.355003668996   1         1.7901456863905847
-212.19937528327472  7962.2839335042645   1         1.4322893931161467
-5918.631405307548   7546.925038202832    1         3.623635357664467
3360.019732239568    8239.149860277945    1         1.0606734544194374
-4140.511262821318   -6555.58180195859    1         43.98349940658755
5287.115645789776    5835.381156418227    1         0.8503831134944023
906.7752043743408    4339.989578617466    1         0.3556168341978623
199.1443191764379    -7037.767551284406   1         0.8675086423985168
-4064.593120012831   -7523.403067219382   1         0.646672572634781
8641.007034145303    -502.29724962874855  1         0.8241904822763941
-4438.8723788817015  -8253.390117257428   1         0.4764027545990389
-8222.115115866161   5953.911656111545    1         1.1094107140928027
-2213.3661036922763  8674.127292021325    1         0.318571660157364
-3177.4091481097057  -9386.385555308178   1         0.2707885562065815
6252.137597496088    -7861.595760657151   1         0.8856562200343467
-8691.8629238353     4308.7129796163745   1         0.7949479261289573
1114.3713244659043   5677.6765367743365   1         0.6445360476520691
-6229.195042337334   6807.375124305925    1         0.4854566980815045
-5953.425014518385   5726.7218822219165   1         0.888258890531167
-360.59526824261957  9078.114114102438    1         0.295233251181738
-7690.04646492025    -6695.443380439036   1         21.770689968167815
-7322.385773370248   4808.101176887239    1         0.617775682943586
-5959.982203806499   -6360.59948669917    1         0.2298515336993742
-7842.1207796091985  4427.350864322732    1         0.2669577647649155
4809.13322998401     5079.5888327608845   1         41.09490084481133
10676.83280566975    -364.0151152536082   1         0.5065914953554553
7587.812009731421    -5299.711388394709   1         16.34108904876289
9533.707638768099    -379.6708505572499   1         1.183847416524065
-614.1467435156502   3368.7168948231824   1         0.4949637668605281
2774.5398114711566   -7395.808686018235   1         40.549574565088705
9361.47489823994     -2370.0230035953846  1         0.549240570530845
-5987.106437932715   8626.259449822672    1         38.240913175825455
10764.844589125514   1439.017936921504    1         0.7356753813503318
-10954.980036533412  -13130.339094877603  1         45.16822182377115
-3318.6652986009162  5448.4231764623255   1         0.7765078404964105
4635.966330635291    -5601.050190238777   1         31.78235608067413
15096.48074535326    15899.997684531809   1         0.8503976763263528
1578.1893940322245   -2799.5632856268976  1         0.19380416240604986
-5356.140153875706   8542.325997918708    1         1.1950190793695565
