trucks_count 3
drones_count 2
customers 25
depot 0.0 0.0
Coordinate X         Coordinate Y         Dronable Demand
-2356.2545928693503  654.6101888237122    1         1.1440144188422918
-2455.728568198089   10472.194697790388   1         0.4317586133222997
2294.527872020041    6337.77240712611     1         0.7608115421812051
3432.8123388534714   -2242.594926474015   1         0.8942637150714183
-3902.7747663275973  10181.330527493574   1         1.0025787754914508
2734.4637816235113   -4521.236529642343   1         1.029860120690812
1786.5128286561308   8569.768298906183    1         1.009723675500222
-15747.783836908964  -12288.303203263586  1         16.93239973482784
10235.712264253396   -1769.1065009662314  1         38.71371190539945
-5695.452008653126   1941.0138399599034   1         1.029506855601541
-9411.300945543995   5196.427367228551    1         1.0168349891174395
4228.097221962551    -4678.673742313548   1         0.5692383300719159
-14507.816668118836  14655.465689736338   1         1.0564105554878127
2156.092316145802    -10049.321165920543  1         1.232632164448083
-3703.7904886865354  5233.666668722301    1         0.25203699314120864
-8869.413387433451   698.7659842415356    1         0.9405852594401474
4118.520629982302    -5490.506900332728   1         44.343731539999084
-11890.622336040122  4324.509841153875    1         32.65169389571765
-8137.513238746904   -4829.038907291775   1         0.9003695017411637
-6532.975099464447   13270.192261746295   1         18.307521308690728
6858.852142451502    7063.870089601016    1         0.1683844917051267
7215.419062239534    -64.47105008790909   1         0.6546917462391455
5919.11715695741     -6352.070109940379   1         0.1912955572102437
2786.4166341507726   3222.2065159393437   1         0.49409054330120883
-2516.1814664569038  2499.560862533999    1         0.7663948997630873
