trucks_count 3
drones_count 5
customers 73
depot 0.0 0.0
Coordinate X         Coordinate Y         Dronable Demand
2443.511516672073    3448.569260585269    1         0.39710095019276115
5945.49263596503     -6112.493655296972   1         0.29940811509395004
5539.5970299165265   5192.797891615737    1         0.5875245919234344
-6044.2041093692915  5933.934879298293    1         1.160035178157633
-2312.413642084368   2610.14551171571     1         16.380176999799527
5914.408271660229    -4479.967821017549   1         1.2055281518065084
629.8470278477322    -690.8658735222757   1         1.0737812178354866
-1692.681198105262   1914.1298479986383   1         40.88435437840123
6674.242639107438    -5053.857866118174   1         0.6058497529819881
-3570.982304406804   5841.941121183993    1         40.921791207574785
1940.3284179268753   1838.7396126017895   1         46.892057872313494
687.2339031453436    -1123.9608209880582  1         0.34860994003273904
-715.4678822489392   6481.310971481696    1         0.7103890802176923
2903.210950655829    -5048.002010797645   1         0.5205892610417895
5651.211702821624    -4907.056029244119   1         0.5970974846997119
-3099.847367748041   -564.5231484503591   1         0.7361180488449478
5144.4376133431715   -3362.0753101726764  1         0.8514633394777925
-5727.942816414277   1732.5187802298233   1         19.02434457616934
-4792.816875335548   6227.529491595363    1         30.20294562027117
3802.967154302149    -3218.0125558982145  1         22.660096744597425
-863.9340541646646   -6869.700296237075   1         0.6484915792650146
4228.352830944562    -6063.307265616656   1         0.4973447961406726
1691.4730940247496   6511.410750351059    1         0.7350787183233132
1995.7946469448623   3734.743329261055    1         0.17088206822368102
-1270.854940721809   -3288.4773064365945  1         0.5651742399997632
2198.663244670463    -6672.168421726986   1         0.5772709860392239
5061.389880856336    -1732.7799799874138  1         30.734210126432078
4759.418303035269    3160.7165779305883   1         0.39012715433131895
39.85665055930508    -4254.4335750974     1         1.0404582255998347
6779.363334643793    -2327.0568113537083  1         10.78599122610287
-3364.2994461903418  -3660.588393759956   1         0.8933153531036719
-4398.322234813173   4092.1421163171117   1         15.300976103172385
-6561.881295832923   3553.6803197305326   1         1.1481365943828485
2994.269437001697    -1599.4911469193103  1         1.1692711907545639
-3551.1698519271645  -5578.106990403799   1         0.4750616265014742
3919.282465210986    -2682.056284996758   1         19.348243171406946
-4468.39335742315    5000.50290171084     1         0.5717093086437212
1852.633166328228    5141.414695193321    1         1.1673519014912015
-1069.4750531687232  -3741.3304087112856  1         0.1130125053472478
1663.9861167010408   -3618.735947633045   1         0.5364174338726878
1493.6202260311338   6768.022719290594    1         0.6697058933842601
-791.1198204511021   5844.289421680762    1         0.4642529572721865
-1686.4513562105176  2579.8253118882235   1         1.0494451083922072
155.4297799167589    2113.3201420949017   1         0.9372075501933769
4614.856274015951    -2548.8820472971365  1         1.0422245291482473
-98.95403448872369   958.671717578056     1         0.43730509766924075
-3798.767374615581   -3270.7855818717258  1         1.0139082266570898
723.8577530328957    -6070.80783494899    1         27.036486973932554
1243.1917306123762   -6633.3010836974745  1         0.8072817688883519
539.2784368690785    6743.82273894946     1         0.17190865405915498
-3070.1521237988595  -2165.2957922463765  1         0.4363049083416337
-6613.646159891537   -1818.545364057639   1         0.42869957853956586
432.89984339870443   -6500.369379434471   1         0.13509001553088473
-759.5798867569731   -5374.931502542136   1         1.1426158976018048
834.4740824650621    -449.41753934203564  1         0.6206726191760024
839.9309097879799    6698.397003318392    1         0.20457906896879707
-4096.11819434524    -4974.9780689232875  1         0.7221128978276932
-4668.34442627594    -2611.0825039035017  1         0.26835489649423583
-1666.3479137284187  4612.8615976495      1         1.0250114902404517
-6854.1781227216325  -4984.799465755763   1         1.230814312852385
-3622.983995032733   4831.4431450765705   1         1.099862167105592
-2147.495998170508   1235.8779746152932   1         9.871809280976471
6311.110482379603    6173.266749890688    1         1.1727406664642994
-4140.973517729465   1620.085562145733    1         0.7221012993862947
-1078.1228195153299  -655.5051747218697   1         0.6878816827778825
6625.317648196556    -6142.362595154484   1         7.2061278226063745
2024.8322101445076   -2783.684622571422   1         0.8670647340070664
2639.382492142695    -6074.400680575822   1         47.5399240055613
4437.86949325032     -6039.944208070398   1         1.1859785571169383
-1297.6709068911618  4358.957296101178    1         0.2607794828871904
-4566.2735126976695  6628.64902619489     1         0.6716014770741526
-1447.7922680145653  -4691.482314786271   1         0.4427573159072
974.6439800959       -2959.82278706875    1         0.9287611757085151
