trucks_count 6
drones_count 6
customers 85
depot 0.0 0.0
Coordinate X         Coordinate Y         Dronable Demand
4354.618983665       743.4995523156515    1         18.548335344995138
19180.248628942594   16150.528555033947   1         41.20285471049917
-427.69962886307525  -10346.10771930716   1         1.1847226705033613
1962.7976426536004   -685.6225148467413   1         40.248510673188484
4036.476557630278    659.8995170493012    1         19.141484067782834
-7852.207198092335   3721.552038085401    1         0.7801581085282929
4968.91418278328     9324.175631306276    1         1.0585038512621565
10027.546359393291   17669.832477167824   1         0.1046018918681568
-4977.038286994966   -5375.300547529227   1         0.6376027346333993
15031.029925742761   -7989.309417976761   1         0.7252031269316526
-220.65209280330436  -1203.2064371151969  1         0.11445376705921805
137.3288986981241    -9318.296754375973   1         1.2177935383260308
2469.5497605981836   -8884.200124424746   1         0.8585845752745144
-3204.6567019932286  -2615.9523541495273  1         34.7030944028254
3072.548126501082    -5727.131679169446   1         0.18938968157269429
-3170.4538156074545  -1683.8912996576419  1         0.11916163466819653
-8061.927959452437   2026.0943853516799   1         0.40421616034124874
-2690.632975453668   -10201.883189077083  1         0.41751340508914736
2836.2275619519137   2790.1785649269254   1         0.20473862451147534
-9788.761896243583   -3154.1475420330135  1         0.538974966460586
-693.2568306631719   -7314.850147425419   1         4.612220590490948
-1417.569748964336   -5356.263165709135   1         0.2630061977034015
5410.286099006557    4737.83840273436     1         0.7824156591705806
-3650.2269121042145  4995.71555712942     1         1.0432574564734107
-1405.5924066907355  8885.811116304649    1         0.5738669743819254
-15292.168983119995  8351.800555728529    1         12.597145376087434
2245.095802081398    4578.0119235519105   1         0.9712841176521982
4404.026282754775    591.3136955511776    1         0.3327817189201706
-7776.681792201565   4491.700279127019    1         0.34769474063413197
6116.693466726689    5384.943986454293    1         8.366619336106016
1582.2967170550203   -5449.555225424364   1         13.949134147152293
-1790.1818251369295  483.0467515210803    1         48.19492016910743
7231.935547638819    -4356.9842389979885  1         0.31824017911568225
5936.909526897289    4042.076861681373    1         17.58231987548079
-3854.2283109137707  2788.3215208249317   1         0.6648927838449935
-7851.07020542189    1370.8400511235914   1         0.11254034326178998
5982.335376268469    1386.92768916999     1         0.6463677357614406
-4374.057975710065   7426.765129449149    1         0.9390008529470767
-986.3087220079581   9762.035618257301    1         27.63036069022366
3015.7810013129524   -7514.796743118199   1         0.9048918587488844
7693.967615368514    -9087.291033397021   1         37.728128256187645
-8998.637421085625   5888.820666107445    1         0.8982661139427056
5648.833288916004    3098.2038617041      1         20.809373839552556
-2204.4960034978294  1508.2284411548032   1         0.7351451616252742
2382.180428784767    9995.16314977143     1         1.212234865945133
112.19087363687605   3976.7437594750545   1         0.843960758374493
7137.3114973142665   -7386.465715305916   1         1.0128323078510821
-1394.0540860204355  -2995.311079580965   1         1.1338058970572997
5362.78868311834     496.64261688366236   1         0.5573594594732028
7465.288721133491    -6684.301388594605   1         0.8900614982460039
4434.246394298179    -5373.322179652932   1         0.211910603660475
-4396.0903022534     6978.101731497499    1         0.6432954272322672
6296.487992064849    -3984.9216459170093  1         0.3242704245860111
-2746.735143603146   -1977.392655933072   1         22.062140087070457
-8927.992441032347   176.73036491024936   1         0.43872629199455526
3280.118907695832    6408.405030102004    1         30.57106991521038
-15296.602466116025  19005.23052170714    1         0.5217213437731385
8810.43215822773     194.5264106752645    1         0.722078362566377
9463.835084434253    -5145.77327680679    1         0.2959957450096428
271.8416063281087    5288.665559496542    1         39.002914424971024
147.52395371847473   -1112.510895167813   1         0.8665252443105343
4227.819359062183    6231.7476148160085   1         0.8604472129232502
-1930.141428760043   3442.4186780018276   1         0.4408926734188323
5107.413429658522    -17966.092362093474  1         47.21342766003502
-238.93343657195825  -2821.5753199502974  1         0.44711390172695575
12977.081954628171   -10832.066494196048  1         1.060137770849238
-8828.119199719755   3238.008939421026    1         0.8851061002585001
10228.446629813592   1557.3363168974995   1         1.008558513892181
-858.1595314171673   -6949.556272579356   1         1.1407933055289659
-6323.99036887368    2766.580488725325    1         1.2277243344618936
-4194.594280865975   -2597.5189240481354  1         0.2871773977260354
-1181.0979055794658  6723.5924323281115   1         1.0961568765120349
-3388.7112702409277  -8727.092780028319   1         45.43020259088847
1396.1191452088503   -10528.616483391297  1         0.9708709661386407
2922.0277056118434   4077.0462029844266   1         0.19779913259754084
-4892.3314651005885  5295.341081667555    1         1.0114509882269054
-8217.662168825516   552.415900322103     1         0.4729264317061673
15599.711104752576   -4392.683836226335   1         0.43546464675841456
-3347.519411230616   -1928.334496521429   1         0.15295747133105791
9465.889892930874    16577.573588249943   1         0.8646648397370506
12311.163538727218   -1424.6255146708463  1         12.411142721822051
10306.458212344212   -1239.2995383743241  1         0.9457235189975178
-7828.760514433919   -3055.1390724883954  1         0.975615888498203
-5330.394248556992   6842.791942798023    1         32.358549975817056
-269.36991778853974  -8644.830106236072   1         1.1855283448185976
