trucks_count 4
drones_count 4
customers 89
depot 0.0 0.0
Coordinate X         Coordinate Y         Dronable Demand
-5059.7279442055615  -772.2269614395664   1         1.1198359661835242
-1385.9968394954747  3383.6992295600103   1         0.17367055607053938
-1767.7486245555845  61.5394270949412     1         1.1590424981972045
1108.270444944826    -2070.7081024455697  1         0.4604650768683609
5906.0790424804645   1003.2909196141002   1         1.1201089810511284
4243.794689932446    -3159.0649743293607  1         0.8384815280728377
5548.687545620115    -1142.934439692025   1         0.2745903512268697
-927.6009541801932   671.0360164456006    1         0.8335532502786986
-5188.595500069379   3396.0515446928976   1         0.18607348357643816
708.614905910261     -5967.461607937397   1         0.18258297886048308
3302.154182356991    3297.8065519517104   1         0.8530934249252742
2519.435302795072    -2543.586727905998   1         0.8221056170604206
2285.7924618402485   3485.0546273661935   1         0.4257769102823309
-5199.6039678906645  3839.135546065774    1         0.9698293888082571
340.567891400804     3779.8363051722827   1         0.5182290247990391
-5224.10183037537    -4580.555901157804   1         0.7885844034902244
3472.6155993704074   -5713.904285935531   1         19.763839381955318
-5121.651926165912   -364.3913263698296   1         0.917181921463915
345.79679814570136   6060.0527240007705   1         0.6285653477382275
140.11278598224175   412.8345739175286    1         0.9983872492147874
-5488.820805471256   1547.4729002079753   1         0.5485363436836667
5531.084659103116    -2045.8556920822195  1         0.24624729332593714
-3573.50483056442    1550.0180160415205   1         3.6123377525020226
-405.93502597652656  1785.7336031321106   1         0.6903931819975749
4747.0755062800945   617.0261497148639    1         19.060639624896105
2058.2471213979006   -4937.241264349045   1         0.9127283523316573
-3974.3043802830543  -4411.773936434582   1         18.976662886983632
-1673.6444598850953  -4990.1541001608775  1         45.4056553987541
-5982.872179890701   -5598.023923794763   1         0.6210184984668455
-2857.0740521771145  -1616.9076755041108  1         48.714916644587085
2167.9361605853137   2718.524850774618    1         0.7359130506103628
-5876.478412400409   -1279.5000816536312  1         0.5406768887755335
-1138.436045412706   2566.9899661824224   1         0.5853691150095502
-5345.135873658253   -708.0542023055077   1         1.2448659174564765
4331.1093939110315   5997.416389321837    1         0.4172585438732114
5328.80452766718     1775.6752093427372   1         4.313051187194938
4111.629725269507    3885.7908682863736   1         0.7428144948972318
-1273.4120161781038  -1230.8700246484093  1         0.7225019536288283
-5623.9940592747835  4626.068062203281    1         0.9008268071780875
598.9875886562124    4230.700786569538    1         1.1547687992975302
-4009.4104840196323  2839.5142083970845   1         0.6922150552636336
5107.737831346573    1405.9287015750926   1         0.35557148922987314
-17.56734304835019   -3921.143534270397   1         0.11326492652876581
-5031.736051507873   -4202.62965790118    1         0.7127177599546919
-4152.228712162617   -3731.610940502421   1         8.39378919443365
-5375.917525075494   2360.0225982692755   1         0.8131871642503834
1016.464904226767    -102.37103610487937  1         0.2882950767280375
1609.257104732228    3213.895956431801    1         8.689908087122573
-2241.533047620953   -1901.60125762779    1         0.1784663896982714
-5164.356946474422   -4233.80654128121    1         32.34410760395566
-230.36430187670427  634.1236776329594    1         0.4201062691724776
41.05385379274867    1015.1871514370432   1         0.7359778783100863
-4203.406133684948   -4201.590596142519   1         1.0883397609159748
-4514.166258091096   -3722.785693664088   1         0.6274077540736839
-3492.7172383171533  -3786.5356666506013  1         0.8864792282215926
-5326.448901128046   -3189.5037817732805  1         0.9061379178554011
-504.8043086579004   2833.1631701547044   1         0.28746381723480896
1949.7717900647065   1873.799917694319    1         0.8498340055814505
595.7634403828234    2831.1816512791515   1         0.2677207390020766
5570.894212130077    1619.895542362956    1         0.9118116456463702
3574.7012379816733   -1592.2040831123159  1         1.4704592353049228
31.508706787446698   1485.440491478277    1         0.9472176151067255
624.0055604298975    -1.1173845359921137  1         0.9188631574392941
-5425.965385185314   -3547.73544953083    1         1.065258384223296
-208.05806687308967  -5413.5385201273075  1         0.5548215563309115
2528.4952918803424   -4586.951689824824   1         41.29230869703744
1986.758214957152    -330.17647934425503  1         0.4910201388161096
2069.5787993383274   -3100.3605750943534  1         0.7674300592339379
-4935.792053442084   5842.595885699354    1         0.544704599579807
-2864.499317726127   -3639.1835991588655  1         0.9742220419714465
-4603.3064209353015  -4103.72011412278    1         11.26712138178053
645.9197791333379    -1456.2049848370598  1         35.42467356848837
-3940.881465199626   306.2785756141942    1         0.1471690888855703
-6114.575016718878   3889.545839183701    1         0.9703244973506698
-208.1765172068329   2598.636343361116    1         0.7074489165219485
4593.440621692962    -1849.092821773347   1         1.1102469245775002
3571.9706572752      -5899.0206941283195  1         0.5021908785253345
-131.18210575761714  4023.9116041779      1         0.743716064812158
4935.225742230088    -4842.583907031812   1         41.76701242621262
-4823.332214397608   -540.3049053906361   1         0.5479725478898743
1117.0000136284868   -119.03792896448549  1         1.0290241179601582
3729.349019890403    -3422.2663503695067  1         7.598265160358028
-6163.782418549702   -2531.5183858101987  1         0.27170049729840445
-5254.954991474376   4499.195317138929    1         5.067345945606842
-333.30763172947354  2687.262116592279    1         1.1169399027102491
3763.126360347308    1810.3736692797986   1         13.596295493515223
-502.68320490567953  -1849.9084481114708  1         1.2179548279972163
-5806.729070598619   -1109.5613032281315  1         0.930448951190522
-2307.906478153834   153.0313871508024    1         0.9216088953140652
