trucks_count 6
drones_count 5
customers 83
depot 0.0 0.0
Coordinate X         Coordinate Y         Dronable Demand
3145.3933146707477   8298.441145547873    1         1.1498117181032361
2324.714138945834    -1597.385740905287   1         0.6622232054024716
-7813.599127093711   -6055.840102116669   1         6.500104567321064
-3525.9996717835047  -2225.5912473230987  1         0.31024677526587674
-1804.0859567859427  8951.540478951047    1         10.163384901729371
-5655.199947740441   2112.22096291331     1         0.9745152306617173
-6381.281696100225   4945.153890319552    1         0.434848523342254
-11308.95259953359   5708.481493701111    1         18.544772842305072
-5835.968832906006   -2304.4769211681974  1         0.19376574293365112
2106.437723322672    -10551.908004553008  1         7.027969864413847
4791.148341560979    2616.5795538208968   1         0.3862763740081535
-10159.44708915456   2172.013727569185    1         0.7877282524445722
-658.3328804670617   -7919.968274563778   1         0.8916270651364627
-869.1039247508353   -10213.449884842445  1         1.1868383556908606
5461.111337928104    4915.425326692393    1         1.19668926250424
5050.337537782426    7409.412324927253    1         0.3015802470696161
5426.742256893944    13085.707642023746   1         0.8689549193664534
-8512.769285629134   9345.582232910543    1         1.7016072518810417
4829.68660244463     -4387.901271392422   1         0.16199892099959515
-5962.858215411046   1905.8007099391004   1         35.44834849520103
-13541.760591609476  -3717.3543663489727  1         0.6288721982163141
12714.811641661916   3178.777166271495    1         15.404510474453783
5009.420848994069    -8651.257532837048   1         0.42653391885822456
-2018.0619995266113  -2702.5319082890423  1         0.8642794107734426
9794.867760472223    -3195.6581530634116  1         0.9934899358361196
7917.716043341358    6123.829283019537    1         1.0549759539102075
-5090.774930518319   781.3014992533668    1         40.80616692980979
-10432.005855092344  3020.403319898759    1         37.983517603053315
6449.3557729646345   319.0384989043829    1         0.5105286421307755
-640.0449438269178   -6783.125271796155   1         0.818640711348947
-1023.2893411712797  8224.275003903354    1         1.0563806372643518
11167.544744451774   13728.679467254693   1         6.2458643518195975
3446.220825731387    5291.430618460861    1         14.237768221554278
2297.5118000582847   -10264.005396074359  1         0.6407296167227491
-9942.487241008477   16983.486380564435   1         11.818463791408801
-1340.1815612676892  14461.20909537324    1         13.27372770245921
-1565.026172114366   3092.1648530025504   1         1.2380827080099284
9403.598212759116    -5153.783123971262   1         0.8153554417714306
-1684.5324353413996  8990.585323196028    1         0.12161940244582177
-6882.935325587083   -7763.706965346308   1         1.1394778933801484
3416.812476208441    10103.105253969621   1         0.4824220112509794
9581.293908817908    12727.01784398955    1         19.93158467484895
2281.5622468436495   1497.6915870997145   1         0.8939794493648827
-2103.438257702904   -8173.769128255954   1         11.896514546779036
1967.2108377559016   -12997.493457400378  1         31.679788122287942
-10203.366364906678  3487.718609662918    1         0.766477392552111
2345.0673396680313   1766.8789681272851   1         1.1646765699666712
4755.887544795081    -233.8624329350655   1         0.48954232199887926
-3440.5450252087344  -2566.7425032029355  1         0.9234176030258804
-6915.980219372032   -2249.544185028581   1         0.6353948596366413
1767.9831448901077   10138.400987874353   1         0.1626755302662855
6915.453377156013    4194.528743957113    1         0.12700806699773318
-8130.161680269041   3163.1322863567984   1         1.159709610106402
-1172.310124529628   5432.615752502837    1         0.8495649361939714
6312.392504222228    -6031.980952375438   1         0.1843551188916519
-2311.0746815715     431.7272857221697    1         0.40630164040855576
1218.7236813700647   1345.6980816889104   1         27.61868608063894
-16421.80465654072   -5739.653720783283   1         0.12201427290185225
2067.432367361551    -2241.3862134563497  1         0.7038644481441374
-6051.625651301727   -4118.6615892962745  1         0.7716810428481747
4427.302692622714    8767.376899385214    1         0.7026738428602506
1824.3416244405435   -569.0982770551658   1         2.3814082442264795
147.74482245512965   124.61677617290849   1         1.071356933755325
3011.97636447113     10249.86708376358    1         1.0661256927904197
3159.970210996336    -1007.6110919963887  1         0.8032853329571759
-5832.781816116092   8128.681966060911    1         0.4443327792325873
-14602.843470947446  -12614.31108552406   1         45.067982048448265
762.0190565777909    8599.470471591341    1         0.8122644811392573
8729.635328024158    -1821.1076075359838  1         0.5943876260159683
2976.684633223136    4962.1367744105655   1         1.1730829557398397
1904.5733766875203   8209.800901368319    1         0.5406975528910576
-2653.4600977388104  10307.278039400277   1         0.6317832661008393
2361.71763959171     -9451.331208576774   1         6.7654038869333455
-1535.113786100797   -9302.05749557196    1         0.8074514371176221
8978.41495150498     -4487.703898234964   1         0.5039946993936764
5216.287144325875    -3298.5013823628174  1         27.551728783273017
-13424.110888363173  -14699.945259361173  1         19.247085219101383
83.73777383171546    15605.041666344849   1         0.1878788171161519
69.0124777250674     -3995.7671632512133  1         0.21226988162254434
14904.596962157095   4721.270222678402    1         0.9380996393842451
-551.6449702694285   -6899.199371822302   1         0.6015295372113534
1390.0307366544207   8203.617074451731    1         0.1118686309437167
7664.087834863541    -2235.8666404024334  1         0.49413326315534756
