trucks_count 2
drones_count 2
customers 20
depot 0.0 0.0
Coordinate X         Coordinate Y         Dronable Demand
7692.778430705055    5499.042098791053    1         28.533507437249128
3958.821262130843    7777.590941411609    1         1.1251191355453372
-414.43688721755103  7478.544255917785    1         1.2210546205356456
3936.899291302517    5396.545302705743    1         0.678410924556573
-8662.60229992084    3697.0988802528896   1         1.1386041507050109
-4066.6248830178415  7134.659673064331    1         1.1624106702810972
-14311.943584069584  12541.146697285894   1         0.7120213174185139
-10529.536809600486  -13483.324715989496  1         0.5237602348310679
2315.9855097630143   -4453.93956481612    1         0.19974963086570183
4608.402681096773    1025.8985219321457   1         1.134464122541806
17809.859657062014   867.6779297860521    1         0.8487488611525518
-2456.661438581467   -2372.3318304433565  1         0.863662488321914
-4163.526797618879   -4353.753582066246   1         0.3075261662029191
1951.5903749339868   -6656.567189652776   1         1.0137661420651765
1355.3124481431817   -8196.779494751661   1         0.45777491428193484
1746.6274815693566   -2633.478950549567   1         0.6419306634083187
562.0086946691259    -8319.854731624497   1         33.10609215319805
-5291.714077847237   716.2631727607345    1         1.1220120267441611
-8134.859118536373   4107.100707535068    1         0.8016411323803694
-19235.871154484157  19439.14405292969    1         0.87132056020604
