trucks_count 6
drones_count 4
customers 90
depot 0.0 0.0
Coordinate X         Coordinate Y         Dronable Demand
-568.8527573192513   -6058.552378395427   1         0.3281788919832769
9572.330928098952    4666.67273020052     1         1.0936815024077073
9653.538420562676    3331.5619665325103   1         39.5197594547447
8530.835853847157    2818.2657399956233   1         0.56166166364638
-2445.179629232432   5210.628216271808    1         40.817180603622226
8614.314294718803    81.97377010340487    1         1.209878120526345
-9218.02598885472    11958.589287238457   1         0.618965863457013
9255.003069826844    5188.383192780956    1         0.34773816874472585
1684.0203315700048   7651.539163082424    1         0.5507110928658266
-6198.057689336105   -777.6412117443391   1         0.36847550109010463
8497.793501384913    4681.712690951997    1         1.146426624315188
-10561.83395055766   1167.6453143990807   1         0.9576922750280589
-4086.2557788988015  91.1749840477901     1         0.6163182942749328
-3082.244153950303   2013.00339513718     1         1.0916295795636124
3339.0911787075133   3658.149233408128    1         1.1050395704910598
7095.583176432778    -2813.7599334025363  1         0.4083776553659446
256.2191661733774    -575.906285356096    1         0.995633555240386
-223.90141587310234  -3823.9031272328275  1         14.857193882247927
-189.81250900588657  -8355.019624468829   1         1.0371016640051038
-628.4374748391646   -4841.310646494564   1         1.2342476604813346
5715.998464755452    -10014.628087719959  1         41.186247758274384
7815.33502449389     -6989.9073890785285  1         0.12217962435673871
-2334.751410574694   -8766.241910773795   1         9.9341160080075
-7344.807603957728   3284.970548252855    1         0.37191757736458897
5515.516140240878    -7111.096436694723   1         1.2483676682179274
-9950.97049303508    -3464.081289981776   1         1.1360475125608924
5641.448492582863    -3784.895809795859   1         0.5409545998270613
9568.063031883652    4903.209697630155    1         29.061409988588327
-1060.433507095596   -10694.225711975796  1         0.17290488602399223
-3803.4033912009263  8593.991889340012    1         0.7597470326983677
6869.470701540467    5674.935954220102    1         17.61800910195883
-5919.655118983486   7412.067500816198    1         41.64408277345801
4051.2543388654817   -5614.2041704028925  1         46.57849548716668
-1389.5303572543708  -4419.447219496039   1         31.789733135203846
-3076.220759849979   -6717.719996549682   1         0.32949750906391084
-7205.8723861948065  3730.0229090293547   1         1.1986839146644526
6979.052339851136    -8407.272911908658   1         0.8119606832282776
7320.466802376774    -7979.132939525489   1         0.2600591063781803
-10621.44487296782   -2047.5132534006243  1         0.11906133176709313
-264.36295312706716  -9502.480391057741   1         0.9786434566372382
-2843.8485392131815  -7907.759108121924   1         0.7586192219282467
-2088.2772384759933  -4171.008135068896   1         0.40159004066110393
7847.442034774755    -1712.212779486043   1         26.337095719947257
-7933.299504421942   6528.360019999082    1         1.0426279111738437
5011.611608460225    -3325.2806472620905  1         0.716607717909093
7026.277472534189    7586.000321725828    1         7.108744733898211
6192.742615772528    -1848.493298020611   1         0.24655234374590757
-2576.6599642407928  -10404.1438668035    1         0.2939665286395553
-8478.799554371784   5129.820808134766    1         0.2935277955814022
6112.3337347773595   8745.069430526097    1         0.2607075303904964
9372.374664577475    5070.910812355114    1         0.6884601615916728
-1254.768950489005   -4925.979986505886   1         0.9100845812447023
-9013.668143038049   -2064.698008946552   1         22.004791658159323
-3573.7321183161966  4808.911216823515    1         0.5244352388213964
-4849.683525936852   2219.696470943662    1         5.112855616394803
-5550.798121490225   1917.540118013936    1         13.436163108368193
1964.3884210112903   7197.754680561766    1         25.661157832299885
-1838.8629322442157  11940.880971245486   1         0.42113163140951526
-2493.6862753720484  6325.4050687168665   1         1.2179011454224389
-1154.7979531536528  -2755.965282048253   1         1.0801369647060766
8527.439641060802    -2384.2003244934363  1         47.462725101460244
5002.106463856623    4139.634387567849    1         0.42303703114167757
-4584.86086428961    -9874.854722963466   1         1.0898078600322925
-6826.879818361888   -10859.655362578394  1         0.9904334586363147
-7096.84137339277    -8743.751591472208   1         0.854909791093331
-8395.72528281901    -1268.184000762913   1         0.45289764356788176
-4120.990198383478   -858.0892106265214   1         0.7432703910413333
3566.277417090052    2869.8929105742036   1         0.7420222066377293
2671.6124933126475   7205.878447723157    1         0.49284930268226956
-3162.692267405601   -6155.2459949378035  1         0.9371872859401129
9270.417157157712    -5619.359106407614   1         0.5358089265660031
1257.674631301546    -7734.237136784383   1         14.16021686465987
9119.617261243495    2580.1488098161067   1         36.778009244955825
-1759.441643428391   -714.7459255330973   1         0.972572059629088
-4950.871642455184   11809.446384861967   1         0.6946598844267294
7789.1480272739755   3550.7825798463527   1         7.986914970140225
-5312.866522316715   -8905.351864634722   1         7.381886799035945
-3329.0596718518664  -8072.560672065004   1         0.361232021907694
-4541.155656058763   -6505.553612774469   1         0.20061784555654402
8126.938877738324    5879.950289376053    1         0.8769821010103379
1626.3315346573481   -8394.32944624325    1         0.8294138457264354
-2504.762090984758   6189.077548407118    1         13.458659363407403
7770.608348989863    -7864.299446184342   1         9.550357115665022
3623.5595908603796   1721.012967931989    1         24.628498898552813
-4375.56516899322    3356.6042834856353   1         0.33837673174076577
7073.567533863438    7642.7293098625105   1         1.1589721686833132
3738.569365189647    -3223.6973011725854  1         0.2779409570491547
3813.811595373169    -2820.210239394226   1         0.2986664321651702
-8025.741551159014   3986.9175420614233   1         0.701997299750783
-2676.3337357152736  -9722.91757212428    1         0.9047560672922423
