trucks_count 6
drones_count 6
customers 95
depot 0.0 0.0
Coordinate X         Coordinate Y         Dronable Demand
3363.7368539161926   2969.2971940500624   1         0.6533516720637861
-7109.370431299016   1633.0882577734549   1         0.16554699409624302
2383.726835523662    -4951.971173318902   1         32.71599656829139
-145.4296576088359   -2664.267541452769   1         0.37873476787993554
2649.5927866693783   12855.585325346216   1         30.787272137474698
2104.9881549203847   2828.3043394920733   1         0.5435415038503378
-951.5886289363899   -7664.9003539295045  1         0.3416970451468543
1578.569498561922    -690.4450187912605   1         1.046479621655536
2643.658497663208    9696.960078610611    1         0.1528418719888418
1147.0611294413086   4576.381378394478    1         0.8184601778088373
-9716.081751725224   2112.5480719806073   1         1.1547995321976612
1525.3189347762086   794.3565527219201    1         21.681935634381308
5874.946647095765    -7918.498114150814   1         0.7706896155727707
-500.62475517394614  7364.336049456025    1         26.860579479083082
-2488.46585811717    -5556.446782671489   1         0.8350069213937082
1980.9882336428964   2844.0800700269047   1         0.5890314363737583
-12923.072654170533  3497.970378809845    1         0.5140421519114334
-6451.369409406271   321.0701201772429    1         0.6380840074153539
-2903.4685135340765  4908.796651358459    1         0.7304147278070371
10003.225838072276   3632.7576615128733   1         1.0039491791476796
12353.63340956267    -12336.871573196251  1         0.6991889584732448
-3886.915741734012   -1239.670429786136   1         0.7054131526601654
6144.537279815524    -5942.095367201979   1         1.0914271120148094
5938.831091540358    -7619.924457662891   1         0.1264033770696672
-3647.721373986727   9170.344654243847    1         0.693830769379858
3621.8381358413544   -10057.914742574401  1         0.12123987259478795
8900.25353076624     119.19491838273534   1         1.1919960348808154
-7495.135709052113   -6166.454720496708   1         0.7280814138752026
-8845.556443514497   -3862.090948502585   1         0.44360354733068175
2208.32076308761     1287.0706649200674   1         4.737559714011095
9201.750257894642    -3165.0480874722552  1         0.8635655411617368
2194.0135608896344   14484.20402101098    1         0.992189378909826
-6021.45328074405    5462.936636584974    1         0.7793257332411586
-3452.3983013962056  4476.725432645434    1         0.37375631569086054
14524.256645585268   16564.223881599177   1         48.527172603113094
11234.065878595055   5054.092269454533    1         0.8396409991134646
3700.887723698479    -8781.808891175107   1         0.641433732530411
-3700.7292863867024  -4939.491489062945   1         0.5983540063922982
12282.297132183077   1691.4085609256508   1         3.03837312418851
-8289.255544549735   4674.179233392978    1         1.2009975356456322
-10682.068736671352  -263.43875396807897  1         0.976129177263866
-8221.686054814103   1179.677038055423    1         0.8486047065715664
5078.274684936572    6014.863574296795    1         0.1163265632529082
-9585.804134632339   -3767.680102236394   1         39.44992918520615
-1182.8755604143719  -8739.186969156246   1         1.1593094051647288
-1857.4024170651633  -5309.2475056348185  1         0.1861993538340383
-8526.569757485908   -4253.695828211701   1         0.33416161148240653
111.47580529510626   -2437.0755042433434  1         18.65276785353425
2843.394445144757    364.0887172993674    1         1.0097324375317265
-8272.822365485745   1286.6769717167626   1         1.1151746743971649
3850.9365588401747   -9796.440475086334   1         25.901889073621856
-6272.82800800748    -1131.4775200405463  1         1.2425961239594934
-362.87405272942516  -7781.090152197803   1         0.5589860957167773
-1739.0907486489498  -8346.58036501803    1         35.393267536816
-1968.3367791551086  6209.367418485218    1         0.4080507078177965
5925.5995003418375   -2971.780430777022   1         0.10766348704230803
-1915.9061756386848  -4826.574621497225   1         0.4610663171971122
3770.9070921512357   14199.150015512954   1         29.846642822850658
8329.13370493946     4767.650583326564    1         0.2818454938024974
7755.777107903247    -171.4147949851238   1         0.5712766090931493
-8617.58413125297    -5158.141350342436   1         0.1157296217729306
4594.203112633815    5531.869449393253    1         0.9438216617453599
1596.8104963894373   4778.855270839927    1         0.7794302974626128
1940.1425777743427   -9279.161845260493   1         30.523614936393898
3682.270883084576    -1261.095521424676   1         4.08370195525103
3881.2501085002937   -8450.860259784638   1         0.8966982895426563
-7676.814381865322   -5804.9919696324405  1         0.2853262366692566
-14877.61768883486   14891.869203323095   1         0.6727088746120823
39.35253776670526    4618.98623901052     1         16.58725127128841
4962.5981074358715   -6016.2305584067135  1         0.37686486767037797
3404.60793097363     4131.464530321383    1         0.8675059228494376
4167.517021899028    -9914.834322170324   1         0.7972874098860867
-3415.6314015857483  2596.92055168279     1         0.9081023097754902
3957.698519231459    9464.893662148055    1         0.7204798337754206
-1063.6516083136012  -17121.45819791466   1         39.508724046636424
5827.523489967426    7973.8210884158425   1         0.31237643869155884
-7820.676396389422   142.61442799033748   1         0.8502283778335068
8324.006588961154    -5900.467589022102   1         0.48018121953214765
-3600.7936555053943  -1664.1394107090744  1         0.7313844132133029
-4776.803010918631   12556.985445980474   1         0.9426906404856678
8286.551977297504    -6323.606736001518   1         1.669890230053627
-7866.238326086566   3100.861312057337    1         0.9481934028038548
-5371.1726920593455  5555.430692673743    1         0.6929015968620423
-4089.7360775812904  7425.61112268957     1         0.26386622472883914
6734.3610065125595   1311.9010448512536   1         0.14334621542616313
-16283.71197192045   9659.244907558335    1         46.477307556440536
2539.939429372501    1427.2305430937306   1         41.64272951793615
11845.896464990285   -12510.847515290247  1         31.606587276129773
7827.665470301374    3858.24684184693     1         27.71591396773645
6533.4377530036845   6589.29903061458     1         0.8077204627867652
3442.1680014069243   -6319.356781987189   1         1.027507096926995
2877.9202069388857   7964.329134910226    1         0.9542378782686223
1798.0174626554203   -9097.130712141781   1         22.58067408029669
-697.5251339074639   -889.1507745012859   1         0.4357303025057373
-1735.25438121372    9372.004864314955    1         0.4722455702543433
