trucks_count 5
drones_count 4
customers 49
depot 0.0 0.0
Coordinate X         Coordinate Y         Dronable Demand
5244.913978274972    3411.8444368439923   1         0.31510768752865864
-198.79324886819086  -11532.141936041964  1         36.723100013921
-149.26309808384164  -7405.459595391593   1         0.666901689467582
2994.92779673111     11865.774962577809   1         0.7683447008285024
4414.542611319649    4611.726776322692    1         0.1523090036627966
-3917.06365013262    117.53697315174905   1         1.1758826211543993
-5344.898335504349   3310.96052074694     1         0.2617955102970089
7526.829162264982    -3333.8815369095246  1         0.5132267124257305
5961.453979893896    -6304.50254872197    1         1.2466584513437668
-8184.917356754695   15149.909771235223   1         0.2369578854005966
14393.213427816903   8367.626119250599    1         41.29575753736174
-8377.179364033746   1821.3336143737047   1         0.42814437628316304
-1248.1156183158328  -4658.853652287171   1         0.6602024953826885
-1776.356136660867   -10477.628725656716  1         0.510565329198787
-2328.053281151537   -8644.927437707598   1         1.2208938978035615
7991.73780622336     7200.774099741604    1         0.6313423359858759
-18745.248509599784  -300.0330518606861   1         1.1651859159114302
348.3747810976584    -8804.532670397364   1         0.8793386823339784
688.2255413537       355.0951020385067    1         0.203211985963809
-10757.575391017612  -1948.2728074588938  1         1.0139456387967702
-1752.439884591067   6264.341995699747    1         0.8100389130085272
19260.8452814227     -4750.5309615367205  1         0.443233404049416
-4044.0650037461933  -33.57092282249461   1         2.6133413693944343
-3881.921537198535   -9828.921953052573   1         0.7562085615636167
-6430.030376734481   6084.8187552271165   1         40.008341617721165
-7085.520404473229   12109.388228563133   1         14.002010614752397
8556.924223521664    -6004.31961239987    1         1.6081554423057272
2012.6337576053963   -6937.966636560202   1         0.9950216584490391
-8001.442003821812   -2851.1864923321614  1         0.19732808518632722
3904.1062900938064   -9236.175766015378   1         0.5523025488794797
7243.457488308331    -2150.406467963952   1         1.0933090860823325
-9575.302855178184   -17519.322328014186  1         0.42230117116558363
-9409.593351247102   -4168.446397131842   1         1.0718510697761756
-10526.821467161328  -692.037107312321    1         1.0914558725998371
-556.9989776377815   1346.9311421112836   1         0.8870858049104693
3025.3569104716107   3067.9788903303893   1         1.1701621333243675
7872.8511889883985   -1633.2458101817424  1         0.28687495644209127
-6266.385514636363   8953.264865356716    1         0.9647429995907449
1751.7475079506357   -1027.7790661117083  1         5.306703173757963
-6416.0371194652125  -870.1252916713175   1         0.5765837555925519
4996.123002265709    4786.490944487072    1         0.2192921799034246
3682.2157590961087   6944.295328232854    1         0.760728576742836
-7251.8865701074155  -786.5723323571764   1         0.41241392396878196
-2073.804788781716   -4063.168084757885   1         0.463002601010565
-5383.501298006613   -7391.580622266815   1         1.1543901781055355
-2905.967234648194   22.900010288418457   1         1.1087229383349628
1271.2731894534002   -1127.5174054050967  1         0.246601263026844
8801.812016887978    3214.01785118086     1         0.9010227687095483
-7082.1446951431335  4369.7598016267      1         1.039219302332671
