trucks_count 5
drones_count 6
customers 94
depot 0.0 0.0
Coordinate X         Coordinate Y         Dronable Demand
5948.464441348987    -3390.4594526052506  1         0.682081151107661
952.2857257126993    5713.899018748246    1         1.0105001540429663
2667.93479886309     72.01975792215077    1         0.8170456207380388
-5219.407697799773   5034.029160138128    1         0.39242981991439674
6418.495183508008    4345.388849909959    1         0.32693443770392216
1623.1255470868173   2340.374430113205    1         1.0939688608409086
-3219.1310860092126  -6675.222426234367   1         0.22801158512677602
6520.585000137043    -730.9017643587105   1         0.44198853853325704
2584.0264608798966   3160.6838841225735   1         0.6180298605126497
3147.3332955566016   5860.4864416458795   1         15.552504311878907
4058.404257700237    537.9962124589916    1         0.6883526467085499
-6460.475465237367   -6698.49092002145    1         0.5853772669226922
779.6920192405972    -1758.814629160912   1         0.15750281125948798
5013.020803071405    3100.8111835658915   1         12.900989247935827
-2964.608018715349   -1917.998233820911   1         0.9168457259836992
1053.772409202857    -1365.5715089986893  1         21.500774101274413
5671.258981614939    -4124.018593000427   1         1.12573620457775
-4299.339204036127   270.1304259455445    1         0.19910904147598657
6951.801818679879    -214.42449526670646  1         0.11236393191313197
-6561.314788546905   828.0791973640635    1         1.249195085035206
4944.378091970485    -5232.909640564201   1         0.18163470464333664
-5020.659041621001   4227.171665318988    1         15.152614351799476
-2540.473630297026   6429.569020413556    1         0.6889344344060105
1365.2180180840592   -2917.7507947857594  1         0.23363105788946523
1705.425984887038    -2925.754598791161   1         27.369549865890907
1348.1563062868677   2580.8475760796996   1         21.022699662779516
-3471.0988943906577  -2262.439449422353   1         0.7350045405647244
1158.9362915609738   3385.7738297036244   1         41.35052570337062
3551.6428745060243   6279.514128173241    1         0.10414193133768303
-2386.2976472552873  4732.440306600326    1         6.485335423391519
1053.1070729143494   534.5790689876976    1         0.37168765637923273
-4350.7848165973855  5903.701459466909    1         0.9219141998138061
2550.7546563797378   658.1291016262512    1         0.9689820559823067
-3892.4127974286603  -1229.3514350896075  1         1.1574657546294496
4604.871255526363    3320.172661801766    1         1.091220229764261
4881.78242452422     6957.152853140681    1         10.795985802447921
1101.9887630912353   5939.715592358151    1         0.6002332341602591
-2459.426028733016   5555.776855824388    1         0.47297085577271636
6435.923067518663    2459.8501198752606   1         0.3707795642625604
-4538.30250829303    -4197.7514432076205  1         0.23967878916798688
-1645.3049988822936  -187.55479401419868  1         13.609902559877447
-1769.5242585581918  5450.81622693116     1         0.8814818413982871
3389.334086820737    -4767.651239228045   1         1.1604404751623174
5432.371923450445    373.60914359132823   1         1.1520220607216658
-4651.834749633247   -422.0083755100409   1         0.5788503718195467
6684.698976600661    6339.311619039007    1         0.8913640662420349
-7019.762870704341   1452.080752579648    1         1.1624089842048786
6190.319149159146    4906.748044946117    1         5.51822223475963
5813.538733337785    150.96384515414422   1         1.1502997579019447
1496.2191290995056   -3268.7946481973413  1         0.29304887028085935
2085.758739437284    1003.9827212592027   1         5.3349444641657175
-2359.085195933483   3240.7601557303046   1         25.381849666360313
-2085.956455934791   -1539.9284180508248  1         1.2094193500852946
-6731.696214416663   -75.4633718259841    1         0.9115006692376386
1546.0708305190362   -4678.326648404716   1         0.4618049306080192
-5585.0073084317255  1282.4553489661514   1         0.6957674757193356
-2915.4623729006375  4605.026664377532    1         0.5598909826375678
-863.8072861798345   -1646.6186984769424  1         0.12188273427986404
-6863.051929615906   -5597.728487669802   1         38.451358294001274
692.747266896845     2983.8294811599367   1         1.2233161245915594
-5267.450719688093   3903.7941810330713   1         0.8483262812745549
-3559.399257235188   2383.3205318860623   1         2.0501778717379455
-4581.549783491125   286.24184866116065   1         0.6891094488605227
-4579.232221283701   1407.9542970402924   1         1.0235851696261957
5097.936426975658    6715.0658936844      1         0.7190043819720426
4270.091889603678    -1059.5790489623405  1         0.23836979493280575
6837.917480715334    5967.888934342641    1         26.007482283946473
-1506.9898591373242  -3348.3601076279333  1         1.0743705912024417
-5535.346276979999   1347.5319704619467   1         19.07610640573812
-785.9063419397806   -4796.457521148501   1         0.5124702566014633
2205.062627870222    -1553.6568763447835  1         0.6013535506646773
383.95173228497515   -6397.759224176424   1         0.11540858605418254
621.148343698761     -2293.3819245874947  1         0.771079749906001
1981.1450895066787   1468.0062892204521   1         1.0926754840316044
4999.496469340588    1398.9132059819306   1         1.1204330463658587
1129.8878034824877   4789.862064157766    1         0.16218840739333315
709.9337724720675    -6367.125896727212   1         0.4272545221575391
-4865.141203137048   3095.639006963467    1         0.40413272658174426
-436.4447750141623   3290.5160978530307   1         0.972681094664312
-5868.48575704662    1390.304212391855    1         26.033044065248763
3322.8703195126377   -5602.087850228673   1         1.0824319239993219
440.97389216031274   -4644.33027029365    1         0.31163059775589497
-4398.374258519567   1371.422968093418    1         0.754970028090148
2788.1637772395766   1136.3975136491918   1         0.7266980770004685
557.202582037563     -2814.1023021638466  1         21.88502372968692
1773.769231004016    -1821.3842876876956  1         0.9715980080160806
-6766.897811706511   -3745.723647634743   1         0.8655233494638758
5681.150003362474    4806.738306700285    1         33.81571867794401
-2820.3962080818724  6206.722333096719    1         20.53246390996953
-2788.7032327001602  -4799.738441680037   1         41.91007997976897
925.1434222125818    2713.348737848375    1         0.14302018137759848
2714.97466084224     5132.624180823106    1         1.2206349621341908
-1263.7410233523499  -5083.961032791911   1         42.241907503170836
-341.5619079769745   5355.353663759929    1         0.9586467773517963
