trucks_count 5
drones_count 5
customers 89
depot 0.0 0.0
Coordinate X         Coordinate Y         Dronable Demand
8892.073695842271    -4126.420569752248   1         2.412831494787927
4733.629449224351    3794.0864628889058   1         0.1499401296822943
4428.580952219553    -2824.608289271892   1         0.8248633704912915
-1836.7299155907895  7984.604222410638    1         0.5047050184717787
4476.473640913195    15971.695426027854   1         17.077216841212206
8008.021251499407    -4033.7902816988812  1         1.0370059861345255
-16888.19318188426   2866.6377987773376   1         20.97567633959384
2443.666723241956    8255.133859943975    1         13.57436180510196
2648.2579587209398   -6629.503276252058   1         0.6851427350931766
-3289.54866049631    890.3491400780397    1         0.6464601398730376
12182.531619264744   -9943.282769225816   1         37.501185854362596
11198.81250437957    -5895.680030670621   1         33.34554654910453
12795.655651793575   15611.202237939218   1         28.234890073306335
-13521.744868004645  -16842.353021515875  1         0.9878276432702856
-5734.22640245951    8006.720607897263    1         0.1486546721876352
3194.4009376058625   -3300.184319575131   1         47.43033830950625
10219.966264873286   3482.9734845313956   1         22.13955471688818
-10211.335830126636  -1032.843824968215   1         0.5639720349122818
-4989.238292020993   -4879.961067182644   1         0.5625137462551452
16859.498146256      -15910.822154010457  1         0.7457197987569594
-1062.6904547318466  3110.2716907668437   1         0.8857978257868685
-330.6230614002052   9322.20791801943     1         1.0699463118762231
10434.118146585572   -2279.193866305742   1         3.648731732131247
4501.408374554264    2686.8702805709972   1         0.17052239074513267
-6067.895505921802   275.2054060016358    1         0.943386779392478
251.35216408787758   9902.39313469258     1         0.8910362303415005
6682.167643370794    1230.8540502643302   1         1.1580021450096996
8057.330703621081    -4122.171531046911   1         0.8178042838220935
-5077.284061398351   7563.3522213263495   1         0.6845885128033029
-9112.706131798577   4418.488401812656    1         1.2320481281709912
1753.8020334234677   2876.235105945704    1         26.687073647170106
-1685.4126627350054  2242.177277364849    1         0.7046831821822954
2039.2627479483779   -3590.0358033047137  1         0.9109925483112946
7151.230187353722    -3177.8522233380854  1         1.2592272235195345
-1405.435670147544   10172.790082604468   1         0.1829439968881975
-5332.8015715162455  15498.487824790314   1         0.35761004942496166
4009.4065147544625   -942.3805426010629   1         0.1177640982393749
-14326.274706238044  -11027.356823374766  1         0.8461646632749571
3794.9753259561744   2675.3662909501595   1         25.755740589085654
584.8453105295198    44.476832955063735   1         1.211324303411778
-5230.030869661644   7838.548192054132    1         1.0599784893948152
-10242.930113324453  497.19305546276024   1         0.3691683862602979
6020.453709646189    834.1402355906458    1         0.462259821295507
4856.099049471625    -143.7220806138826   1         1.032991985750479
1536.9602553271814   9872.194493312354    1         0.7387036222678373
-3221.076949058021   5528.705070362168    1         0.23709098574922444
2819.063965380782    -2784.3768367201483  1         0.23121825813460725
4027.6919876625543   15635.81278613459    1         0.35208034649381237
-1678.2017139572563  -5913.220070857629   1         0.6507869103492792
8053.2425569494635   -2854.8197266962643  1         0.6762284524654096
-6243.5906243074705  -5542.086436924869   1         0.16044928421754662
262.7556432816319    -5411.000652923276   1         0.7358110099615709
-3302.9811823897326  7721.938635438358    1         0.354144174833
-2614.8524902689155  -8082.556445411137   1         0.1007791839876085
3313.9897835040283   8207.624138387786    1         1.1535806035093634
9238.048256418411    5190.184136906266    1         1.2064871652496099
9296.192161151834    4299.093564180816    1         0.6819231090504392
4444.605987438716    8454.343097495881    1         1.0276131472797068
4650.539174387625    -8818.037736738457   1         0.22442597537723064
7686.549598195908    -1092.2865928376307  1         10.97477225623721
3170.5410520072837   15825.522350467847   1         0.8017262831188867
1088.156429204165    4341.627544614231    1         1.0703623773264652
-1620.002356360383   -3161.3866165341146  1         1.0453906694729995
-710.796944293903    2204.3070743158123   1         0.24710605117484252
-6032.840472027035   -7315.942034940697   1         0.23627649800615405
-1118.1465129896617  -7756.785530705343   1         0.4642196278852663
5316.650192521157    -4588.106305854832   1         0.6467688658034207
-5183.163312553924   -9044.008966530077   1         0.5486541328854871
1320.6107145749982   -6900.038328303804   1         0.20016231187630068
3421.955540669369    -3865.994303106998   1         1.064119978966914
5913.201418851334    5216.187208434239    1         0.8512996230686717
7757.22811719583     -1319.5238268581697  1         1.1164000328008414
-19104.91500109163   -2390.8428651959694  1         30.33909554994473
5463.817986979502    -6169.958584415445   1         0.17547816913024403
8180.84095638017     -6698.763162972452   1         1.1234494606773782
-5082.269974924124   -18680.16116857271   1         0.8481943226144747
-4787.530419350102   -8274.853997638551   1         22.593351767452567
4956.459924496024    1799.6459261679738   1         0.4121497159171327
-3579.9657847124618  3597.936664216914    1         0.34231146188422534
-2709.922225873743   -7940.861457605727   1         1.0714019490485622
-5732.57001926441    -8024.412232924367   1         0.11381706727325712
-6209.994811070812   -921.240151569384    1         5.802393667809015
-5762.979921190386   7838.51949817301     1         0.45001533672029626
-4098.639635195564   2600.5545345726073   1         32.71266212171419
181.21042222489362   -7874.2870468965575  1         39.07232574939062
-3145.453691485714   -8901.24995772914    1         1.073750069597173
236.40072698589321   314.1055748661803    1         38.0083879165471
2633.7856712296925   451.3915839914771    1         0.7032283885633718
3941.9655849357073   -8807.577185292392   1         0.5459808283221169
