trucks_count 5
drones_count 6
customers 82
depot 0.0 0.0
Coordinate X         Coordinate Y         Dronable Demand
6796.596428854043    -1897.346165946602   1         0.7271643916021683
-6442.35453854188    3486.46298836627     1         6.73333394563016
5747.7302698328285   1204.90518256572     1         0.6587165375112312
566.0414886515986    -4887.764760777206   1         0.377194755872601
-3484.646793636084   -5545.651646859616   1         0.3345326140907209
-1210.7108493707678  -3072.0702261622887  1         17.158897318306188
2282.9957629139435   2015.0475889549389   1         6.827860141833115
-6565.34073131622    3486.6409676049525   1         0.31087751330169533
2940.956353407617    -6593.542387357197   1         1.1910230495318739
-6111.188666964675   1119.3302813753317   1         0.11765916961122513
-5246.310473841906   -2960.786500358362   1         1.077129813624161
-1859.3425270216355  4423.456821556943    1         0.47103090911481915
5696.748486088718    -3068.0439634574545  1         1.0841907391625099
2985.2080454914053   517.1635059370591    1         0.4090147570594991
-440.6552458282531   -5209.644518782907   1         0.23510053357195224
1676.1666740667042   885.4981686719029    1         0.35198906534613517
-1591.3487851048685  1040.065446508288    1         0.6453813642658434
2935.2937541953083   -5181.085190783561   1         48.435879984905135
-4612.989210645772   -547.73327543094     1         0.21820160898687496
-5341.417998735616   2954.4707882517946   1         17.961726126161015
-6759.048540981417   3078.371826779751    1         0.11755688386806597
-537.62214148578     -3833.602835079339   1         8.392175854999707
4294.705366814911    2890.2816233086014   1         0.10496194395867423
-3001.530572554626   -2861.230185780155   1         1.241592543322085
437.74332245747416   2315.087462971315    1         0.6521041589041748
-3341.796093028488   -5346.679876725296   1         0.45896515219011524
3227.019048681172    1470.319682572626    1         28.46581150261025
3550.6784662157243   4527.452485707058    1         23.595858846789547
4598.9421282089515   1066.4271783495042   1         1.0032344367469126
98.12299711418358    3204.0505299804713   1         1.2461252661470832
1695.032977924924    -5186.607984089724   1         1.0666460983785109
1547.0472467839954   6466.363159282004    1         1.1575652479853822
-3496.2279857726326  3553.224758125546    1         0.5528737774927788
4071.108409702303    4789.74250372057     1         0.8415501229187746
-4278.902130688596   4273.04612546962     1         0.7284701648030641
-2088.2668620770705  -3174.0027163096465  1         3.313952193574332
534.4966415001811    -1347.3203630125347  1         47.38765150071971
-4902.192860901344   -5408.594957426333   1         33.25413295085096
-2600.3309263929905  6878.550795401783    1         0.38792994223605093
-1062.5928908482836  4567.209045003182    1         1.1627382413141432
2147.551586266704    -5202.351171625682   1         1.1558688323214275
4485.235429009953    -1510.412436109309   1         1.0944077467570124
-5697.1388649424125  -4750.971458893996   1         0.21144545571642975
-2122.0266111624624  1560.1338496069827   1         21.943439340121
4537.3076257017565   6243.376938343607    1         27.483487628069994
-3210.479887606163   -1985.2491063913521  1         7.549098988377151
2963.413896007114    -4650.751774303811   1         1.0265901092550587
3317.600879304463    -6325.528264760194   1         1.0691943265060229
6173.24600056429     1453.6533075942205   1         0.7818618586541882
1981.7380816329714   4019.279176386206    1         0.11415237643021774
-6584.749824324332   1720.548162303059    1         19.034788372048144
-1657.0821300766884  -3683.1316982595777  1         8.181653656181542
-1257.8407855408514  79.31917101050203    1         0.9397264307819381
681.5063610643182    3818.9559105207586   1         0.7650652921799252
-6532.696905661398   5231.146267856647    1         0.5844981465745319
-376.0089816837899   -3077.737608060117   1         0.868221009632624
-1939.7164869572953  -6581.53823770184    1         0.17986150961679948
-550.5179266701625   3498.470814373468    1         0.48026938722496615
-6000.654099237272   1106.7658072182476   1         0.8969600467785096
-5119.44218420721    -2257.5748820927333  1         45.36327887063555
5611.496400819467    4327.73503537567     1         43.96599025298168
6377.647882066409    -5368.508977915052   1         0.5176205201301227
-6280.548012645343   -6889.1074843803535  1         1.0976016455910322
-5214.074816002712   7076.504697074243    1         1.176759440395035
-2983.602533740516   4500.480303310603    1         0.49248986768012715
4962.609972150939    -2878.3451321897364  1         1.2113147925630063
-6296.558085263075   5280.988496646339    1         0.27993701154973205
69.39127438489322    -50.9111461286202    1         0.7406933834516527
5408.25594179114     -3957.9350666787395  1         35.872694206456835
1033.6885393071686   -6362.288574089183   1         0.4543221571984335
6272.991072831992    -805.7926533405409   1         0.10425673628557969
-2820.2511439063524  2621.2790718285964   1         1.057034047399664
-1529.0857487003002  5639.395183393313    1         1.2233723751487864
1389.7160538321077   -6152.9393838308715  1         40.193827321844054
696.802797205083     4415.663922333107    1         0.7861535822119455
-6364.1979798094435  -2445.0631215648727  1         1.1303694711593526
1951.2160203088447   -1226.9233502380366  1         0.4687399694829416
6550.922802588706    185.2522245023829    1         0.22439669986046293
-3655.8883114332175  2936.348160966245    1         19.34761418437095
1918.8966562532985   -2785.0151604817333  1         43.78390800013532
-6363.240838311501   1300.793981266296    1         0.8949430816246932
-295.42344358486935  -2792.1665686106917  1         0.23475256386307328
