trucks_count 2
drones_count 3
customers 27
depot 0.0 0.0
Coordinate X         Coordinate Y         Dronable Demand
4377.004272603565    4642.649547942465    1         0.8695515092326279
-2749.8030807212062  -434.5960759597171   1         0.6883140493985074
2862.0678556248745   -2057.9107554670945  1         0.45517549594327067
-401.1231422451277   -5504.623308173243   1         0.36653827376378645
-3461.770650129733   264.93201636300273   1         0.6703010981935493
-1440.272149051627   5376.249144715219    1         0.5690705552227194
2608.394906091298    -3225.0146715157844  1         0.8236529744191445
1859.7198966225124   2754.781407531478    1         0.1472118789140574
5673.7245152992255   -4205.993586504379   1         17.67366531811636
-4000.995093192388   1637.1606704720525   1         0.4639960097977829
4158.041534399337    5268.000655225527    1         0.20965962765434798
1199.496485618784    -5421.52776327505    1         0.964798556977482
-3551.5952861873984  2831.9072261037345   1         0.5111665775304896
4610.954260569563    -4698.740847428283   1         0.4250058461855646
-1873.5987469780703  -54.80768151050597   1         0.4782187584450821
-2006.66275824229    4185.0796842071995   1         1.036846282296752
1427.2285206703089   -4080.2589557024517  1         19.386046542234006
4377.778270367962    132.93395456004785   1         0.9589517154326405
1061.7550979410116   -1928.0593654098798  1         29.46088598467082
-1722.4194775558972  -2857.802380365466   1         0.40690399932974364
5672.570720552553    -5231.715948221589   1         17.16977052581887
-3252.4026707149765  4160.210328942218    1         10.27774159053471
-4205.2811676319625  4453.044411127886    1         0.501589768448011
1979.3723185353608   5377.826750218113    1         0.15047729812786828
4893.631398188415    1130.0284164983475   1         41.37554926126653
-287.47568864077203  -3880.152529340137   1         1.1219941329675704
1143.7393833694455   -4809.251799873544   1         0.9752615155745401
