trucks_count 2
drones_count 3
customers 26
depot 0.0 0.0
Coordinate X         Coordinate Y         Dronable Demand
17958.256773121313   4846.6470009338445   1         0.9666392868305291
5167.033097067337    3271.434622131885    1         0.627050441614819
-5328.052965747288   -4761.960862075313   1         0.9697701295882373
-418.9641733197889   -3499.9748733263423  1         1.2258735411635717
2489.2742229744      3739.8352123274462   1         1.0921718555345612
6464.49190105408     4484.904466229245    1         0.5467199887926038
5365.188329630384    -3463.404462038381   1         8.854107312586553
1930.1001649247505   -7970.494721478052   1         1.2314278517045056
-3391.549081460365   -3447.00287654025    1         1.2400508086414028
-558.0976397299625   -2807.860255501208   1         0.3234685236896371
-4126.135808609246   9685.251156830533    1         0.41759325209165377
663.6798322722802    2693.843554596339    1         0.3610133212955733
8830.819672715901    6258.77338195712     1         1.0667516653892894
-3553.9362838610487  -968.0041306356866   1         0.4208837030375042
-1541.5301862328956  -123.94340449903135  1         0.556175656114051
3093.510646617619    -9947.6258342738     1         0.8487261220734469
-1898.504029714207   -7404.052638893437   1         0.44553599369263697
-13591.60744439753   -12693.723799687925  1         0.15064065525531672
-2269.056432222063   6770.182252383687    1         0.42026772615402697
8224.915239594891    -1300.2920147447483  1         0.11279854907613977
-6677.572272534115   -6889.72516733902    1         0.4787134941562986
-18788.65220477022   -6751.735489944809   1         27.160708616601646
-5924.858579313433   13127.790699023943   1         38.882093271907024
-1541.1145368892753  4543.864244397102    1         0.36798693191898213
5269.3184196305      6449.874798376273    1         0.6168178370733063
2108.2895664276143   7724.951727331496    1         0.30797277630987563
