trucks_count 3
drones_count 2
customers 27
depot 0.0 0.0
Coordinate X         Coordinate Y         Dronable Demand
10112.835743947431   -3819.499405212933   1         0.3526577145720058
-7351.476596902189   -6893.250947725521   1         0.9610325388407728
1110.5397183043133   4612.201402434121    1         7.032758724166633
-3663.6471090114687  -4810.5634344255905  1         0.1275950875765273
4003.0477452348546   7068.213439307891    1         0.715743320744239
-2564.6077292173086  6462.642740508825    1         0.2594113070633691
9064.838694625394    270.56545904842335   1         0.32696544902793223
-8357.165917307582   4825.304624077747    1         0.13583019397155494
-2556.289065474237   1977.8925191606395   1         1.0082662299994962
-2135.83208836224    6249.958838859705    1         0.7263200506680798
6752.92393701016     -6409.196004739281   1         1.0564692785466867
8933.516461381192    5879.441246171301    1         0.5597508911061407
3877.420078738607    -12321.175324435755  1         24.240845388948408
-800.5019292657864   -3827.120933687989   1         0.21199349909453757
5639.0723859646805   -3464.0155506475066  1         0.4126384170537518
-5287.197195512255   -733.6711684512022   1         5.549151543035211
7136.028415539566    -5770.69695213846    1         0.10604280943838706
1193.3739296279825   2650.8846917713377   1         0.6815011089031469
-4296.32351115795    5479.538853738273    1         0.9196954483975914
-8193.507615664223   -4843.1399046375     1         0.6276302475211841
6680.85374817627     -8167.754388816435   1         0.9499706584988974
-7496.409569200025   7870.509047577353    1         0.20680683730329819
8730.165006567342    2616.617440843698    1         3.7013482226027747
7879.751924979021    7397.55962097852     1         0.565106277916825
-6376.66112116827    -4608.498274057587   1         1.067115897693965
-3703.072013711033   -4507.36939378545    1         1.212187664950769
-2578.275285797806   757.3190716257678    1         0.11558945003525625
