trucks_count 5
drones_count 6
customers 92
depot 0.0 0.0
Coordinate X         Coordinate Y         Dronable Demand
835.6046808202154    -11251.265825437102  1         0.5696769429689498
3628.8694931632344   6807.18976855437     1         0.22742446961016732
-3811.7618193566846  -9279.557071947876   1         14.581419031952917
-7376.6663913392795  -2414.8793915805286  1         0.9654274940858096
670.9431096106359    166.265849616333     1         0.2224015117366853
5179.065282167381    -7368.787006994255   1         1.0405594932624291
7629.220669222145    -733.6658892753591   1         35.54476515317799
-3229.827098699661   1486.9453729704153   1         0.22252210287354623
-2664.7618372273264  -1934.871796703491   1         0.33452942170583455
5759.8190658676685   7527.131328403492    1         0.9647305108836844
-6295.400683600831   8412.729030980423    1         0.8274491911234263
-4043.964829984874   972.6330070884978    1         32.810501007865945
4647.981342434382    -2945.3974550658127  1         0.24304046630562529
890.56996608591      12167.587984010905   1         3.6079131081953295
-4962.289621109184   -612.0163198905823   1         39.80926782645447
-7239.266098947748   6749.550155065723    1         8.766769213915822
-10234.97780366434   3849.9998546125257   1         0.2004590942099005
-6406.2524577565355  1164.0340851708818   1         1.0012539921270482
-2985.4093166128823  -4302.98852754186    1         30.74123451621409
-637.6973795476499   -8060.331637828175   1         28.76616407368582
-7444.448245128241   7391.187497127143    1         0.5239932498474873
-8090.2323766064455  -3029.8921182308513  1         1.1376877242948078
-683.2920658871305   9245.80712682909     1         0.763038694614736
-7667.948692106291   -3006.3075840908464  1         0.8713192421521347
16586.20564458597    8119.0823353111155   1         41.66178388335437
-8844.653772210957   -1705.318416677722   1         0.7873412253586526
9814.147307089537    8115.519152807792    1         36.757040249465845
-1239.2317710642087  9867.691658161728    1         1.9660071851964416
1671.5481552593592   -3602.7025099252605  1         0.7100998654994044
13804.359951337952   -9652.152772438427   1         32.97509729535232
-6702.641764541298   3097.386586813505    1         1.0509468911358713
2314.5136534714666   -4871.126213459322   1         6.668880266199332
-4074.613167695347   7388.207663948575    1         1.035068911188728
9033.083561020014    -5462.532121352153   1         28.57629444399807
1102.3534400216554   6651.937529350237    1         1.2499724346633505
-2940.276789297214   -9785.705667227412   1         0.10613355803317703
1267.2181936635498   4696.535018502585    1         1.0604728166870294
5303.4896055389145   -198.69827700956068  1         0.8039230353538604
-60.53890546976306   3651.828809055893    1         0.7310207720203712
-435.2484052936219   6134.399123003859    1         28.38464444883209
-6545.009259044657   8763.69749735792     1         1.0309318836543127
-698.3624619568099   -10235.745866415811  1         0.7144184872750758
-14679.516694482722  4762.77317136461     1         1.117197027762789
-10035.68303694762   5729.7612642160675   1         0.7098424928798012
8020.545147447039    2288.1300185956584   1         0.2254006198391156
-8042.907143817098   -4079.1489464395445  1         0.5292486710326794
242.83070898357025   5964.56155178021     1         1.1223974326337711
-16802.609990393747  -13317.23807770231   1         1.1325763203006147
-6712.8720440464695  5347.0819619083295   1         0.7305811701293109
7765.018095780829    -2451.4560256200803  1         15.377358419280721
-10335.579661964735  5191.554959021101    1         0.3185809786374091
9701.979021688965    -2819.0515593432215  1         0.12761477810156244
-1319.5833052051732  8103.282677399544    1         19.140433460578745
6715.1862523177      -6651.639551376581   1         0.9477772019694585
3201.735994541357    9090.041697246665    1         44.818550064661906
8465.288643501073    5615.224976852225    1         0.6055584373794558
-3970.548456187481   -2151.737742542827   1         39.83723379560227
9039.859271544148    -9467.576482619377   1         19.17174653629464
8524.708709803592    -6244.49546363365    1         38.00118832954069
-2008.3494803372798  -1257.347140991223   1         0.3880261048614323
-7279.814253825474   3964.049295581672    1         0.3739912096639819
-693.386847094524    -3487.296573345524   1         0.6704938543671912
3061.873375796964    -7213.830244924251   1         35.502868064857765
8410.055724908261    6602.846534029601    1         0.3361557270056615
2543.515182403808    -2554.7473592210576  1         29.13878215428837
5323.253411255629    -6413.831112918417   1         1.1074741837217479
-8995.370514022248   -4286.474614813102   1         0.1715510705332361
1864.5057054214158   -4092.4735493387902  1         0.3455921812588304
4236.0241670750365   -7233.030093418312   1         33.050860792541854
-6713.360939191599   -4628.090165705111   1         10.807244626496034
6648.393941125418    17054.092285534018   1         20.560023675042643
-11760.877857841537  -3997.5596893988095  1         17.536553301143787
2151.3246727934106   1257.763773073567    1         24.21109920612178
2901.8957143428174   -8366.050701054428   1         0.42057439759997894
-3549.8171991691747  -2733.3014002508103  1         18.325435435844454
2843.3594802639104   10365.95023267758    1         0.47330040379565497
4028.7632957963247   -8410.79728376756    1         0.9053445802081361
-7680.684083125172   -5937.2976298643825  1         21.233708898865718
-4409.585475310343   -6277.841843799031   1         46.68109444190236
-7517.202527101566   7845.505637983584    1         1.049658631307724
-4359.973347434672   7906.6360937315      1         39.08170444467483
3713.099534387153    -9929.157032778627   1         0.22195085819737598
-6800.419129165809   -7731.297348824976   1         0.6720791728420471
711.4846846179462    1715.3444730510018   1         0.397003031197912
-1965.9991417496017  7723.85519250434     1         0.399585558536077
-684.4987391072675   6458.186532572992    1         0.3443067995638793
-732.6772207217872   5688.407747713975    1         0.10910531743346866
3847.157886771699    -539.535975016093    1         0.48528785813750586
-1200.3435436084133  -7002.895601166834   1         0.2516681360920698
7632.946795406241    -1116.9102257287452  1         1.1584561414957149
-280.2640708843336   10355.870174564901   1         0.9672863261576587
-1366.4106811318736  9050.350100215166    1         0.27944021067504915
