trucks_count 5
drones_count 4
customers 92
depot 0.0 0.0
Coordinate X         Coordinate Y         Dronable Demand
2504.200140062279    -5850.232747002644   1         0.9481616038279782
4108.551232624909    1063.2004000514892   1         41.795235360032216
-4893.947388911858   -3680.4939864869616  1         0.7851535882647909
1843.6458544587142   1523.5109962828765   1         0.8133634604254115
2011.5485148564771   -77.95355785624015   1         0.6986123407520741
-4585.787339752215   -2754.8190524131996  1         0.16992015605916833
-5398.20514804026    3559.4274501905015   1         0.8181739635494591
585.6490259400252    -4495.044422049243   1         39.64398570053485
-5145.6841742729575  -4015.8212880332426  1         0.9568508362505294
4558.1238953379725   2349.0212104304082   1         0.7891166312828041
5271.5309092322905   -6722.996990000926   1         1.0514051450420578
5513.313250314117    33.96619570420568    1         0.32732041488536134
-6216.400822638826   -40.10005625535463   1         0.558189282873285
-4356.855510731114   3252.0361077196612   1         1.2470398603050352
-3702.460767149561   -4461.539085028334   1         0.16549114963532552
3736.869920915662    -180.35223705460703  1         0.9710387020156261
-5609.26785779125    3903.714548451336    1         0.3162260609693852
-2015.0934041039022  -494.84051581311996  1         0.2698295295684239
-6673.069322294188   4264.370597299035    1         1.222232588971182
-722.9073856752066   -3153.6607369118337  1         0.3648857424612705
2680.7803146768765   971.4973018410883    1         1.2317743588958894
6037.946515576867    4055.0135644284774   1         1.1788749010848811
-6603.743122996453   -3989.5413454999307  1         4.230880366222388
996.8418525540843    -5116.719828570598   1         1.0658359746620034
-5451.801688384468   4911.779450097335    1         0.4753128332224935
-4843.620506674703   -4099.906176990432   1         0.3962861120835578
2719.154907154489    3987.6125169368793   1         1.1361937937807367
211.6612010774552    246.74342744997898   1         1.2228555620584267
-2859.101410906548   -1590.5738811698295  1         0.12253647170214915
-3718.0642594848914  -1463.3414360527463  1         0.7796254855231444
953.7801842726012    3829.1579991191466   1         35.08225399580178
-1275.973457884863   5230.385685478606    1         0.887709480509812
-3515.0594976641455  5001.608539294448    1         0.7485826380853228
-1470.0908373760237  2269.3173725546944   1         23.82452267262905
1722.0756235344952   -4511.541761060752   1         0.40412880522163686
2153.131006028261    -1151.7620190163186  1         0.30996386018444066
-2346.885391344989   -4011.263678890512   1         0.12170642945118633
-2573.7258483184555  721.3220707111743    1         1.1746974744367493
583.9194758073555    -3911.3575520322165  1         0.30951285259025785
5789.153669017798    4849.041412738845    1         0.9275957589165797
4793.444496342172    -5063.067073063563   1         0.5723491068902801
2775.1472622577076   -4529.7251393156075  1         31.155636507556324
5853.696004473968    -6311.504103118344   1         0.46388877530002925
-1038.1728679646908  -4392.668668597704   1         10.19945215051743
5612.696802896852    -768.0064456510074   1         0.4722574756436684
-3911.822783867494   4852.29922759493     1         0.6591310408304429
2349.4948529031703   -5639.453683281424   1         0.8006078265893016
1226.671899222842    -3160.3272938117034  1         1.0685818718548992
393.58714996923914   3872.8660167351786   1         6.478026518939992
797.6761045965579    -5176.168611652018   1         11.512509532363609
819.3932237602753    -360.60343355489084  1         39.824219362703786
-1337.064014451341   1613.3742943261022   1         0.3177998324477016
-2201.165859189253   -995.4468804168      1         0.2861531394618439
-277.88861067192374  -5282.987585953647   1         0.5619958687046985
-5146.833852454402   5804.258688301544    1         30.909666416531085
6636.17016838731     -2987.623861743521   1         0.9567915410034548
2456.1878428154005   1251.1816039316996   1         0.4525567455845163
3269.8198309342006   -6642.438187085907   1         0.5232807808133179
5114.265256423012    6053.410701801717    1         0.4721194881394739
-4206.835571855013   -2748.538422298614   1         1.141506398402003
246.20428680405038   5279.505373391965    1         1.0796682537744036
4708.148558758915    694.4707449580756    1         0.5619934707741833
3017.057813041675    -1886.121704578425   1         0.6495217977553137
-653.4920380001939   3617.4971092869678   1         0.4302106462075238
-2862.783305921666   -190.28117160743878  1         0.6938949154110301
4444.849247790236    -407.8876388432209   1         1.227018466279227
-5798.2888783598255  436.8177092964761    1         0.49709965837879133
-2656.201825676826   -2.467622003204082   1         0.5006832150991058
-568.1325685207039   6148.165038272489    1         1.1929686638789871
-4288.686667158784   -4996.567761799175   1         9.586065513159467
-3606.792014606272   -4026.449710670558   1         0.324860223192077
4967.890942721682    -4704.151094519111   1         0.7686560545962312
6228.401899015469    6283.136532884249    1         26.651967023614542
-4830.843943070778   5277.500744150784    1         0.3488136940197799
-2747.047713035312   -2585.3729096656953  1         0.27181286507058966
4165.336375314608    27.073281546374528   1         0.7620097299714993
-5008.343413149993   -3710.7650601959563  1         0.6632565671204994
-1758.9650952574111  -5390.691663033767   1         0.6624767878498635
4760.988218638208    1230.1231226973914   1         15.64179581657964
-2979.2643448822787  -5389.821494691504   1         0.1594679709868791
-2055.3759468205044  -387.759184308612    1         1.2280879684112396
1396.4635171906064   3744.5393624774683   1         1.2305928855128077
1365.0097945126117   -310.25218331436827  1         0.3969830550436947
3201.750530240615    -2434.867983648575   1         0.2574507051230487
3110.165225185516    1188.7246815335425   1         1.223958034451654
-5354.699224234438   5994.463788108531    1         0.5870499778091984
-5653.078000501248   94.6487156870995     1         26.842303173236715
-2659.971769371629   -1968.4079206495862  1         0.4194656937582405
-3685.7361418598616  1828.3662834724423   1         32.31090587526202
280.78119739705124   -2154.530161028755   1         0.2647814294848991
1623.9173847040443   -5898.182276211646   1         0.7817532699268174
-5359.2870549492245  -5419.212147624621   1         0.571507482041902
