trucks_count 5
drones_count 4
customers 93
depot 0.0 0.0
Coordinate X         Coordinate Y         Dronable Demand
4605.998970109941    6371.646435301732    1         0.2379707664725556
-5281.440106593296   -7304.955966185202   1         37.47311199201251
2871.866771892196    453.61731387638434   1         0.45888372733912863
5436.432993858594    -5764.814986311203   1         0.524039634078653
4848.413558882708    7014.2216737311055   1         0.5306556637003649
6173.827693846968    -8640.590004228297   1         1.0667839614298442
3204.080571920953    -14015.616267737725  1         0.3486349387132986
-1099.897982455477   -3283.029414235741   1         29.051064615291654
2415.4264992420085   481.0108180782351    1         0.4246151409717501
15450.207476337899   4653.08220391129     1         0.5371654689109726
10205.417542764062   -3147.0226679633033  1         29.63453784317134
9862.83180034424     4166.905063047317    1         1.1879516910164165
8510.270090872278    4519.9278601707865   1         39.288466857689535
-9148.097343378364   2324.8035316977775   1         37.487410391692805
-10640.97296433226   10289.60610135158    1         0.1446322116529734
-8765.293637562558   221.0988298659171    1         0.17074077886012784
-1837.292679842355   -9866.63975611246    1         17.940937661444227
4869.831852467556    -1936.2891624321885  1         0.6061865541536321
9565.727999164827    -2136.285480948997   1         25.815263224348353
166.26120356562043   6109.446884843845    1         1.1783696468994698
7567.017907256214    -6515.2093648955615  1         1.0017983032134352
5055.682957061171    -8726.08243060298    1         13.53612882251978
-6884.522964684754   -7043.406508049056   1         0.8322553168390241
7883.025170982086    218.7168610605982    1         0.10943148720796361
-4722.5290602063815  -1440.48218760649    1         0.19812717453655987
-5365.4314129502145  -4245.553635239714   1         43.249268187986466
-6444.686753158578   -6122.790678195036   1         1.1751150507932728
-4440.139221008728   -3435.3198301801212  1         16.039160064982163
7379.5785219618165   4659.51826346704     1         0.5248843873778793
-7662.604779197632   7393.3306832794515   1         1.0198228165337953
5775.860041086378    1342.9527784168852   1         0.5203298998646189
-2796.707059115582   1571.5251735821      1         0.322859518696368
793.9729406397564    5973.79459859419     1         33.83212393844067
3826.983809426296    3157.1706981399543   1         0.3280232993853085
12123.901409533592   12130.634613456288   1         41.25222792860313
-1729.3401668288109  -9292.242488018632   1         0.47482874032785105
-3385.37808149078    6015.92248911046     1         0.4716939155843869
-1985.8817135187162  -2869.572473018365   1         2.3488730916397706
-15459.552820332729  -7580.87961929704    1         35.526343777194754
5752.362489378276    -3754.6706295815297  1         0.24053564348518738
12222.77482637246    -1278.5526567269408  1         1.2325733518924114
-1059.4581433475134  3567.3359731387677   1         0.3818342891387947
-733.2376437635778   -1915.728385327203   1         0.3333843912456485
13538.258514310015   2860.5251683685747   1         38.423948009444196
-11044.757240134051  7980.798520439792    1         23.42180295872475
-3040.7767292778085  2425.1721929115593   1         1.1842163155633898
722.0446955033625    -3729.971733320027   1         0.9782743631217503
6556.057987571068    2491.4411105728564   1         0.6432199670401478
7615.138111346481    6540.789011998862    1         7.355161617353531
-3804.4556572982756  -6097.963244888086   1         0.9776238484285006
551.6198780500308    2591.605337732868    1         0.15896069663737478
13073.26285127745    11274.992271781386   1         17.45052766664276
1183.045728172218    -4936.308957130636   1         1.2164967069394022
-9589.757138290539   2594.4852186700596   1         40.734693202652224
3094.9205568828575   3323.8611534209504   1         0.2457454930126426
9770.01302334459     -3973.835344292225   1         0.33052206970510123
3415.9891949576777   2504.522712629706    1         0.7957892280551255
-3207.971448701018   4441.791236477961    1         0.7332848095219461
7155.427842081979    -16574.990026963176  1         17.903881990511994
6123.223819215688    2468.994416277781    1         0.6643901288690613
-9831.509929683278   -16204.87040465757   1         32.52332810861014
587.4308111146493    -8161.2443383514965  1         0.6158427230871769
1542.5069697033714   -1025.7755241149157  1         23.1679116499418
7444.588965542503    -2814.5625700302694  1         0.5371506609640212
6903.906182337947    163.6687773438146    1         46.04666129179894
9889.047830660626    -3996.974413671558   1         0.7118238914304922
9930.55817363482     -3805.579592512787   1         0.9660200484413906
-3115.0534826020817  10116.78462765678    1         0.3752291914782633
2383.252030896103    2310.6838876618513   1         1.069695950623142
-10712.076102779267  -8255.222479371665   1         19.471564829016597
4631.662526557372    222.58882547207176   1         0.3503372797714378
-8843.069791864313   1679.1240900958692   1         0.3070043917564408
7360.343569377009    -7087.474744045056   1         0.9340608572963283
5270.227356447131    -4888.60262491154    1         0.6840605112410857
-15003.93119991399   -15554.585121486829  1         4.139028943020936
-10441.944955000485  2158.9194875751805   1         1.172786443659828
2719.1658632209674   1468.1149145717027   1         0.16080776115978582
1821.9902511276653   -7466.037723284222   1         0.39721584552790334
3281.83953833393     6323.174572817888    1         0.16503925442880868
761.7532887236048    -9873.868665378546   1         36.75235152075586
3381.253652229865    2632.7868020337196   1         0.5161790359397648
3087.1621919229765   -3517.994389374386   1         0.2536555670736742
-6027.248993030319   -8318.043470148743   1         0.92559432472576
-4283.110064692754   -1899.043650836876   1         0.8142474764515925
-5069.782437669871   -31.312111826579063  1         1.0394832123850777
214.93632136811772   8745.28963108227     1         27.198548024681962
-8184.0508751501175  688.1197906767507    1         0.9253194267598612
-9927.79934157975    931.4797432632427    1         1.0642503998858406
8030.002989792127    4702.526288826314    1         2.5320096318287377
-2026.6812328172045  3401.146870034964    1         0.2362174160203808
4951.723373982365    6351.094389558058    1         1.2487554948115627
277.8080155680128    5188.161713177047    1         0.9421830760972254
7321.031407504552    7925.960943036666    1         0.594379783935485
