trucks_count 3
drones_count 4
customers 73
depot 0.0 0.0
Coordinate X         Coordinate Y         Dronable Demand
3340.6152380283497   7258.7123063614      1         0.5994015094196983
2435.758481080469    -4459.358212940525   1         0.5784425846043678
-215.19449698959173  2349.0286162923544   1         0.7447649378734286
234.90609936089572   4010.2528159632043   1         1.0396197725870497
-4064.4887399166905  5511.009728849188    1         1.0256847149421031
-6622.529327965387   7510.125145059099    1         0.7952599438531648
5947.382967556411    -477.5884135001164   1         0.6896629835788761
173.7061412418425    9504.1738646144      1         0.8625560516040346
-7204.021379620892   2940.2267732088376   1         1.0647479488596092
2952.878192389786    5980.542876095686    1         5.776020330526243
-1378.986415390393   -6357.874924392996   1         1.0749885145916862
-4475.050649885131   -3790.5241477043023  1         0.4823726003343698
-1811.3290770945414  382.7224893935545    1         0.340821886255252
4267.524507093992    -2701.754150150971   1         0.48093016640498454
7193.987018276915    5949.467462676396    1         0.4948028087227092
-8168.019883731589   3870.197158959197    1         0.6348248334171894
5131.942353062564    -5350.353739621098   1         1.0385515184623995
-55.689068453282744  -705.0447650172282   1         0.9983930801044787
8203.797593928515    -5772.1857076941415  1         0.15453888964608395
5538.749372005706    -6490.0778715374645  1         1.0902041977156856
-6156.782310332308   -7038.893427192109   1         0.8869383262874401
-5560.934497799697   8312.171811926783    1         0.2849607015901157
-3466.291818979941   7591.816789971383    1         1.2245665414979374
6761.402764495583    -186.80600014845672  1         0.5979556591685306
-1975.3391539021327  1135.83000283887     1         0.3586661584868215
3649.5426590543393   -5235.164142952018   1         0.7610024534710587
3152.0135058713113   -7919.533827715434   1         44.525123291319055
-5401.94217455507    2962.6572569434193   1         0.20255271999071509
4063.5666579839267   -7277.21388990284    1         0.6883119867366526
-7058.108434573356   -1779.176132716477   1         0.5780200972954996
2310.441227387674    -36.88958701559676   1         0.8017836991308289
-3922.725730840927   2357.628262228075    1         0.759397888073288
5731.622800567675    8389.4436986767      1         0.5577197762243041
2956.488607485117    -5634.463649964173   1         0.20286498349715268
-6430.235230972956   1085.455536343794    1         0.6063497623542999
-2268.561486005811   -6295.160353918534   1         0.40276134726457424
-2848.473036832124   954.4591661455411    1         0.8556539233619233
-6395.396412060289   -1781.7871467242455  1         38.62575978021625
1441.5520777209845   1951.590603406116    1         0.713614777270519
2322.1568736419194   4533.979561779712    1         1.2065133658188663
4724.464797637007    -741.2506666192071   1         47.49459687954077
4872.445139933653    -9248.662571915622   1         1.230369869912115
-1171.6681214027315  8390.686995441589    1         0.9488285452261692
-1191.196108518242   9058.138528609981    1         0.10422213032861483
4396.760688692547    -660.134774737986    1         17.55421176874019
3987.188416958713    7627.068446515692    1         0.3199394041097542
6676.188139020235    6342.57631946749     1         35.75141720162176
-4414.26665968613    -7605.309900835024   1         1.1912386815367706
-3203.784553947061   6429.769586293273    1         1.1214198167484037
-3302.4118304914373  -3296.03306099962    1         47.92090754087176
-6565.3490797780305  -2090.245150079632   1         0.25476416121095413
-2024.4677146076103  -7855.880872942408   1         1.1698020133623037
-4394.257607821478   6885.605330982761    1         1.2021661446760528
8813.29077534223     -3843.9613542485736  1         1.0590703668224177
-8219.222845659684   -3958.583261715464   1         0.27925855807526234
1419.4490139784339   -8819.96868830417    1         1.1027367007894215
2054.766350239276    -7412.637618715113   1         0.6027429332019416
264.3359998840224    5820.005592773665    1         1.000926738882924
7876.356643420935    -5166.2583230410755  1         0.5264656954853741
-1609.6963849929102  -4474.692651178379   1         0.9004288050463791
6014.974900342454    4707.462117329328    1         0.7580147191029946
-1609.6716635541318  5712.26640400602     1         27.55491306853392
1032.5045727495533   4381.551486470798    1         0.9470135982582342
5991.941782801637    165.86184405632662   1         0.5145952732799755
-731.7913120444082   -5902.400822203994   1         27.232906666039273
2103.5266280846245   4422.367582788254    1         0.6161143227324344
3566.161841769468    5850.20120080343     1         0.567650352474238
4531.7108026784745   -7649.662161908164   1         0.8302324436918092
-5644.378907317029   4220.312452765313    1         0.5514419944642623
-899.1321439150614   6309.453412733095    1         1.2448024858088418
-7084.6505025927     6200.618897031284    1         0.9007543588201291
3867.76061237612     -3495.627806078906   1         0.5347982929399526
-8449.892432122799   5542.792327990547    1         0.8279950503148582
