trucks_count 4
drones_count 5
customers 45
depot 0.0 0.0
Coordinate X         Coordinate Y         Dronable Demand
2935.688834175835    -10106.59771058427   1         1.1414092668334046
5706.398318143941    -6890.29021311625    1         17.645210684013424
-5351.840772983386   9012.51111877016     1         1.1100741205399465
-2954.784264819243   -9513.44649354345    1         17.56406976187181
7272.347777468438    -13422.907169847476  1         18.592021615700624
-6882.600540228124   3378.3939150733186   1         1.0782538317082546
-7819.462650087524   97.5348864277673     1         0.49067351905220435
2311.732304583711    -1299.2149181012142  1         0.2957140261576937
-5038.899875140122   -7233.147674800744   1         19.510153504115323
3322.9173833687905   2011.9067485444375   1         0.8619453394692226
-9187.522228532223   1117.6233615229041   1         0.47286341507396645
9424.48441469293     1665.8183138667519   1         0.994361205700555
2623.8059174816135   4734.559362981748    1         0.990124251937566
6716.087089220011    -4822.442702739105   1         1.1281578823259313
4750.830832305205    -8591.791494755067   1         0.4113486364196166
390.2257909729884    3899.614162497387    1         7.31312706361431
-7796.105028937931   -2554.0193604949313  1         1.070711546624253
6598.06104844533     7301.37177158202     1         0.9669770119418165
14242.667726992224   -14527.468253578925  1         0.24652999483383126
-279.9458111920115   -5107.227673971155   1         19.588605546898403
6270.948636892381    -190.10563985117733  1         0.2083628339253331
-12342.307497390853  9371.995551327009    1         0.23268798120147774
3744.7763459915677   6935.591231338831    1         31.593893388096273
-433.3449229826119   -3374.396381226768   1         0.304624576761404
-1873.8251013486517  8238.107660064012    1         0.3644879689875663
-4994.354275415188   -1020.0108014063939  1         1.0979732095207748
-10997.916100188699  -444.35121079657256  1         0.8474823931314077
6787.40811959326     -6006.223326801748   1         0.4852753683578216
13286.986174091451   -3120.9406888578924  1         0.6183416255976768
-2996.3528378961937  -3615.473170508546   1         45.626325436989205
2747.261306565025    7884.075745307337    1         0.7712230840828674
-7153.687409775792   -2368.2940114315797  1         0.17801962862108334
3410.7138334610872   4180.18374952971     1         47.53542686872535
-6495.938699383047   1990.496118173082    1         0.9724626913961156
-3731.8073364203465  -9322.898973076672   1         27.976284218351438
3045.691854780116    1459.787588328193    1         0.17347566449881519
-6007.884133353679   -2914.7356561353868  1         0.15985254676347924
-325.53773164379163  6346.141224782748    1         0.8108580754068937
-2279.6262537809766  -3799.3349124125752  1         0.5569153088934482
2116.0271849214073   -1748.0787789138894  1         0.8432462433439987
6387.476319817476    333.7872069579952    1         27.218947485516097
-9110.576246816963   1251.6628527761957   1         0.311560573501091
10013.604386661102   -435.19492832285846  1         0.23653979227986835
-3915.314551942147   -8992.04395145884    1         0.9351524645709495
-7507.682513844      -7022.791195080932   1         0.448869953879089
