trucks_count 5
drones_count 4
customers 68
depot 0.0 0.0
Coordinate X         Coordinate Y         Dronable Demand
-290.0163360814191   8768.504338390052    1         0.4945789634913589
2653.4493802456354   3321.3146591020013   1         31.17861745725388
-8226.771734845117   -1676.4275710541967  1         0.9638360952255648
-2024.01751517485    -10954.118783368649  1         38.549020506088894
2311.4879713563464   -8196.722992361025   1         0.23474486853289894
-5529.9105522837835  -2280.108644172648   1         0.41595607504859144
5478.668734334292    -6983.833768498664   1         0.8345007241601479
-6669.298131103964   7714.257963530734    1         0.2541300860955015
-11372.269334568475  -8394.301236376694   1         0.6506880993360056
-3364.842460525366   -5416.783669539821   1         30.338797216281048
-3033.0652642442747  -5495.2178266285955  1         1.1193666864236274
-4391.773480091071   -5720.205542991606   1         1.17666739079136
4352.048475341369    -3218.9647967041137  1         0.4715253433060569
781.7793286037977    10556.744744620888   1         0.3610136499024069
14588.673086578694   -14.98838720672211   1         29.032287641468763
-734.3791725971026   5453.4963656366735   1         0.4651306819846317
3261.6517576261717   -1516.590658626489   1         1.1590641705736295
-6694.483154772074   -3707.6069361349523  1         0.7254771051927228
-1987.916791944478   -10287.954549399421  1         0.7777294192487336
10810.942289959154   2153.6641505854986   1         31.22696857838833
-4385.433159934704   -7689.309194531836   1         37.830726506818614
4140.695947022313    -3823.780975954494   1         0.3353394232211098
2172.533491953267    -3870.206139732698   1         0.7420826824035178
-10525.274183316978  -1957.3277635627583  1         17.31235826971679
-400.5643665237192   -9404.86170797259    1         0.6857898739633794
-4511.531982323651   -9520.886165663558   1         24.686950058044523
-6632.579255916501   -4645.435990335296   1         17.780617117996403
-8670.946908287164   -2311.222261163637   1         0.44034806164563856
1509.4946726926119   -62.87536250834455   1         0.4292274995186095
-4540.033402017971   -1865.714156847569   1         20.26222019192574
817.2654728475228    1297.0569136789213   1         0.27509753723582087
7107.425731607189    7299.364516823575    1         0.9577916179870758
-4448.899988016083   -4389.29822443786    1         0.1248364424908659
40.68548796813015    6580.151524823624    1         0.6176155999496421
5991.773260216966    -6533.6430570732155  1         5.253856635685054
1896.852396102142    7779.2917793661445   1         0.4958446875010927
1968.1049759018404   -3332.322767823918   1         0.6395162582054393
-7234.655766396392   -840.0404291823407   1         0.8086074479929357
-4391.309315626857   6372.085812575088    1         1.0678303235614781
2815.532786544806    554.5473291495033    1         0.9973092469487216
-4506.929785893757   14202.289838538682   1         0.2568088956085507
-9996.65452905828    4143.1446978988215   1         0.3888780579797757
522.3582172793595    -1863.1424127390565  1         0.7597822219098619
-113.50946918116492  2880.0893151913006   1         23.306409042636503
-9404.992385643634   3481.988384673766    1         0.4957584436462563
13955.831060680497   4761.669101265006    1         17.376170784148343
-6286.935508515923   6988.754297214213    1         0.49479852331663354
-7470.475093700075   -3507.1042583488734  1         0.16685360516367256
3581.6045016277167   -857.0361341663074   1         0.3655981217013855
-264.55329108087113  4388.441737391667    1         0.646809958507944
2475.142119664729    -5112.77462449939    1         0.9088583821472883
-7224.977476398665   -2213.1568052563744  1         0.32797630115559767
4606.772213006481    -7255.517092814879   1         0.7744682670233906
-6662.790171438305   8204.462731688252    1         0.7823541217020065
6307.875594569767    1525.5567024463085   1         0.6278677074651114
494.7686810339936    1831.5705075294425   1         1.711726937809596
-9479.733148325005   -1714.0652176903056  1         1.1305371413708087
-8414.582967116447   6594.201040884012    1         6.044832619087334
-1451.4827844291922  -14482.125196100686  1         1.126171276961236
5181.300888572134    -6857.622173465843   1         0.6031889607011056
8719.509460753405    -6514.502170633527   1         1.004317280029118
1183.7702112231777   -1128.2506405894571  1         0.2711268199627684
2876.518896585226    4762.064441274741    1         0.2370650791253797
-5807.406913360286   14545.326510343495   1         0.1679191264346293
-3840.479137706543   6341.797016911727    1         0.7566986198964047
10002.69160167404    -972.9600217644675   1         0.814535393724802
6702.502510040711    4042.93464942781     1         30.027263665457152
-5770.170126559001   -1644.857961942774   1         0.13151046920076578
