trucks_count 5
drones_count 6
customers 91
depot 0.0 0.0
Coordinate X         Coordinate Y         Dronable Demand
4144.934267384147    -5401.985050633014   1         42.991252317369174
-6732.845322088862   7458.597567872377    1         4.1040293763617495
4296.9015196855      5341.204414508222    1         0.29818018240641053
-3273.464928501362   -9601.965920023671   1         37.804883269960726
-2581.7611733989056  -3329.8590086383956  1         0.9330040064824072
-4253.096979625389   -2214.7896587915534  1         0.6063428338611373
-122.46521369740952  -4360.892347108055   1         0.10622901729317367
1810.656186688558    1920.3630834224314   1         0.9023654119605937
1351.421444258629    4301.851928996012    1         17.935305574396217
-17885.667785160727  2909.221470319975    1         0.6553655554195468
6572.41021622855     -6086.874862335539   1         0.6989907523433021
-1004.181009008305   8926.78490977947     1         0.8642622182180787
-422.57109318950376  957.0454130677067    1         0.2317640835456089
6302.268342131326    -1110.1130096927136  1         0.8847654987448186
-6002.320508891284   -6821.4108690001185  1         0.43649478437007705
5623.471261663035    6033.227794583196    1         0.14462017068999525
7290.055687958672    -6424.362705209584   1         0.9353147307812306
-4447.275014871339   889.5173374957388    1         0.6875524112768443
8583.292888984359    -3336.973660807931   1         1.0596231201128525
6891.186855294307    -1200.02382437469    1         0.9236673508832516
-5983.116014194718   -8831.028340867117   1         0.206654344943426
5229.36164108704     -9547.705043579344   1         0.4802664086405686
-6408.935811857796   -8876.017774457276   1         0.42701169621475066
9651.405534851227    2789.5311879528163   1         1.124305573092267
14973.147292148198   -8174.29525095972    1         0.2877758749950148
11716.720743875761   -4576.727173154499   1         0.6123211633399961
-3866.1796763110597  2717.7685978127556   1         0.9569417361330222
-6640.6062334005055  -6051.813689315243   1         1.2265174826723588
-6473.65221756468    1462.5350957710416   1         1.0796234790251333
-294.7400631199889   -8249.505980114902   1         0.8678486707075247
2144.5777745145638   10522.834555807738   1         43.55689927501808
1677.74306459851     -7282.2130879935785  1         0.9545025515248593
7011.569610372571    1614.529884402477    1         0.6757178602410627
8282.629682013016    -6920.441904333777   1         0.3487800172649935
-6336.64340688396    751.8445547200519    1         0.6260585161651367
-8829.742764643122   1761.608656125962    1         0.16869357076980793
9185.18155388127     -15741.399469673364  1         20.472930239413795
4702.3494509226675   3311.6151491257733   1         0.3569807611966337
7143.609270588239    2836.5339586718273   1         0.7150254596726668
6050.297672850073    8745.904296010505    1         0.47809138562044273
-1795.9948064601685  -7225.748596075321   1         0.854339798663929
9064.38204741761     4137.082709502131    1         1.2422355248613859
-4356.126337780607   -4361.463471957293   1         0.7262540463043782
-4628.791084553261   3461.49808531288     1         24.75160120321103
7456.577098741808    -2686.5691542395307  1         1.2144465376555273
-2269.275736222124   -5416.178117478066   1         0.7647262207513176
-13782.28806780445   6860.982756941845    1         0.7160626637019867
-10109.101403853387  13964.039287425992   1         27.738412715630176
-8139.0310708761535  28.16869178605892    1         0.39074647969901455
-1307.0138453078132  7758.1931520945855   1         44.48218339098761
-4843.423932426914   -902.3646012253729   1         48.94771804956581
-6819.142835031104   -4639.858605235561   1         0.8112074344456219
-5701.974593329556   -16539.844304006187  1         9.289544445681585
-720.4942087109375   -2061.900845646567   1         4.391981343693927
-47.81618094654095   2048.521243823737    1         0.9761464417445371
-3754.2561892727895  2876.930791948902    1         0.8283804720663476
3090.6145525865977   3178.244602976323    1         0.25564759901977074
-4751.4372273061945  -7370.46022245619    1         0.48989448966273186
1444.2530935973034   -8033.2742384387675  1         0.5922766520872439
-4603.712827812133   -9854.704355348153   1         1.03852031103888
-2088.034977720333   -2812.3839854033986  1         1.071566332607256
-2404.979189381229   -6230.218668194863   1         0.23883348978693936
-9885.410327112384   -9219.006806252173   1         18.51945170548291
-1790.1371143560727  4434.111259644756    1         0.7899299530370985
9470.738150179448    -535.8256639186811   1         0.6305574334241965
-4509.8659013372035  10281.63402022683    1         22.96699776852915
5726.663226833316    -5284.231314051453   1         0.6264906801070698
-4692.932131931242   9481.077688319423    1         25.982517328998778
-876.0440296234115   -9829.03025786133    1         0.15220226797821224
-11654.153234982386  -5144.453720771064   1         19.24663408826271
-4315.220557506852   -1653.1258493189343  1         0.2577308076505077
4231.035021547945    -2006.0230053716132  1         0.37883974259312025
4720.702438122571    -7264.855731372854   1         1.0138445256797695
-10252.142162730794  707.0769019351414    1         0.19178557970731186
-16554.990615984127  -406.4507697293848   1         6.410475802271279
8187.510591987762    6900.708566708845    1         0.6858620638287068
-7740.360355778236   -219.83020462863036  1         1.0848951244922398
-1408.6807017705219  -718.9678416650439   1         0.35031242085811387
-11372.21661422015   2727.940452094608    1         3.7996915649922416
-559.2774519591127   6424.201459829815    1         0.8097225820367929
-4295.195066862385   12295.307839326415   1         0.2551773641750415
7512.9854975179405   -17110.210662048597  1         23.01648469563703
2897.5725032697483   15367.343599623375   1         0.9804876741290537
-10425.93870745401   -7093.263237697556   1         38.430633930308396
1670.2984015906593   -1028.5560661722188  1         0.12273813999047918
-8964.760945816726   -3218.7250394467137  1         1.236264603651958
-4723.062735206877   -7449.410523832199   1         0.86634631828159
2999.9253718774244   -6115.817301237705   1         0.9392545796493512
-8561.132729120214   -17682.151943108805  1         12.125005042236037
-12227.84840452053   6536.761977499802    1         0.9529384709010345
-3949.9361374206     2405.378366596414    1         18.309060195057036
