trucks_count 3
drones_count 3
customers 36
depot 0.0 0.0
Coordinate X         Coordinate Y         Dronable Demand
-4843.634901310341   1776.5649464561936   1         0.7772683713558791
-7493.584301385302   -2156.7834326758543  1         0.9563804974333981
3315.9247984614503   2285.3091273227237   1         1.0479019697690735
-5533.099525135536   -7198.527705220893   1         0.2830811625236986
448.92587595277996   7434.7066925935      1         0.9782613270224837
-6246.130913038671   5730.633982700289    1         1.2137567475887978
-8184.110878974467   -6232.878860184859   1         0.6500726166613012
-4786.121788038541   7216.399383795816    1         0.6572423849237794
-4889.609721857028   1374.8126739247982   1         0.5214612849130452
4411.945702774797    6662.083941060962    1         13.825320347200066
4065.2961825773523   -4808.212344800324   1         29.5802775462059
2468.694069565987    10537.232762231892   1         0.8783624505891767
-2990.040413334008   4283.722893378024    1         6.042962294604086
6008.99055613696     -585.0373153540786   1         1.2485233994476186
-9906.97497428811    955.1932250900201    1         25.699706609839627
4420.461063052619    6907.72441270424     1         1.0383330137938185
6389.838930139503    -6833.8451654909795  1         22.42347103892801
2207.1289717327695   1217.9546080771224   1         0.8467167671310664
7563.657072462607    3160.1748120505385   1         0.8439321096715546
-8909.360330990788   5857.895393074066    1         32.032818996367965
-7797.807326241502   -3334.985418127779   1         0.5145880159901546
-3374.764124438755   7184.256194167977    1         0.14522177976711517
1562.7092262498415   5810.647251379044    1         44.37448199814368
2765.201709159162    -8717.692622371      1         0.935151752901983
435.4570763076481    5373.210528973843    1         0.9886573496937293
4104.497710744311    5967.966243222159    1         1.003733068205537
5182.698877445038    -2944.3876737390065  1         0.49088263103706586
7080.894290626655    4606.214874391573    1         0.627985111023736
5169.6323456464115   6525.7453570064035   1         0.8843225984203399
1623.7664530980921   2086.3403020986166   1         34.61054754985303
-1831.4968018651464  3294.147162168675    1         0.5351331173526414
1758.9515234157989   -8918.531877838865   1         0.8541971258834614
-170.5490914669906   -541.1730227120152   1         37.90008665965109
9871.75712632664     -4400.283934026921   1         1.1199513231620422
-8340.804041656806   3593.8076923692893   1         0.389491558427811
-6478.641651148355   -1426.153835713878   1         0.3738724867656611
