trucks_count 5
drones_count 5
customers 43
depot 0.0 0.0
Coordinate X         Coordinate Y         Dronable Demand
8286.347967160817    -6658.664906786839   1         0.37925263811755383
6275.766629677597    -7922.803279058057   1         0.9092061030516919
-656.4182445669379   2322.613389085697    1         23.29571993662348
1180.4104190042133   -9718.60180627716    1         0.1343307756603459
-3380.621660967556   5353.918619899725    1         20.620003353627958
7271.560016015375    2913.4231386645824   1         12.103528215022216
8985.65043157911     4444.233473963062    1         0.3401006458031966
2656.5018698994504   5724.020967636005    1         0.3564449276171363
15295.120708973038   -7846.26267784152    1         34.794077754941924
-5788.897910845852   8573.269614224217    1         35.01827896833718
9847.942671492983    10098.672300714756   1         45.28948771571587
-5401.122206483556   -3826.201482059218   1         0.8851001835399576
2865.247002393714    7387.067305924003    1         34.41628391899031
-5757.150899756107   -1743.3910067300098  1         0.4359973820698734
510.25834112602894   8072.972121336724    1         0.7560048505285444
5564.632102956023    6999.209039976682    1         0.8626690009174265
-14585.274623221692  -10358.806613895833  1         0.8883041011576446
10823.748925776208   -1468.744130383719   1         29.974545009770285
-4683.675227463088   6567.611252546882    1         0.5281532713216303
8046.261911157158    5649.4452164291515   1         0.6028577928925449
719.1184670695259    10017.070616370047   1         0.890861471252959
-1996.5917942148735  -8748.079686893132   1         0.2704663267505262
-5031.762822537416   4372.321608859621    1         1.119980197100404
15219.477685914353   4553.115544935114    1         0.4458151551407604
1862.4663218699015   6483.162757099017    1         41.975421256471655
6271.94548534804     4488.837855380093    1         1.0582161611549097
7135.702872342752    -5595.702185453171   1         0.23732647864234
-9614.884044289971   608.4581577040033    1         0.8622302136835652
375.4106965530389    6419.347134038369    1         0.49010329498029515
-2849.319512699964   2915.963092197953    1         0.9525015342107358
8602.840024482652    -11415.063982363248  1         26.322404402149026
7543.690807671386    -177.5672096180314   1         0.1821170141434232
-8300.193596330193   1267.5102812517564   1         0.1547181552090925
-8420.80297935244    -5575.6913953146195  1         0.13625741302285177
-961.242230247991    1823.3857999450565   1         0.11853571642784747
-5603.798948018651   1189.6594515548254   1         0.984732791041098
-298.7512383930334   -816.4007968294645   1         0.3755043582395484
-6761.608555024164   10374.68750471704    1         0.569737374169218
9500.597738105751    -4178.304446514578   1         6.446863904652937
-1315.0004102359017  -3031.655697668572   1         13.280341128361654
8171.712375781547    1022.9975113555266   1         1.2480935603957508
6963.271388212978    -6375.53220838069    1         0.9124632398168124
7118.853418592449    2115.778772186537    1         0.17920909976085506
