trucks_count 3
drones_count 5
customers 59
depot 0.0 0.0
Coordinate X         Coordinate Y         Dronable Demand
5506.935258563938    4220.467768737248    1         0.30608730955640434
3826.370024062451    929.3588771830637    1         5.36070617873571
-3811.97671589966    734.8380818905325    1         0.15989204406988408
-7023.604367693772   -2066.924097922414   1         0.6408656713733342
-5043.334901168053   -2722.548528385507   1         28.923450541959365
-6864.693147286714   558.378688920995     1         1.1407301502321574
-2913.28109732148    -6116.8897946948855  1         0.6184306929836073
5532.726541993714    -3188.8252906526045  1         0.7613091078284109
9339.293704813137    -525.9908640004725   1         1.2171795376491892
-5472.36886606936    -465.2475881248358   1         0.6208887751313289
6880.715035200411    7316.645072019572    1         1.0554908593811865
-937.98199039072     -6704.2699755671365  1         33.5487546499556
143.6589746535984    1137.204694896007    1         0.3645132131266595
-2952.828743872513   -4409.681179550928   1         0.5393598336460992
5741.864688222125    3963.8738022009957   1         0.3919094009449171
-903.6070604000998   -379.83918319242247  1         0.17933069342241054
6357.9510731919045   -3140.8473956344083  1         0.5965151315545317
-3811.6902618005215  1271.0373444754398   1         16.958077667010325
-1450.7369884556215  -3432.092117147378   1         0.1703550170478406
-176.27230473037707  -1377.3660641789538  1         0.5034380018758863
10127.36566626714    1811.3525243546117   1         0.9087005465023722
121.08983216481667   1352.4477851148572   1         0.5815867117231885
-6696.752117912973   -3459.7279303849364  1         47.00339865588434
-1181.9068757924272  5333.747542470739    1         1.207976594690082
-9499.541699314977   5269.386387672451    1         0.8166548389183081
9592.495488079372    -2811.3617477324256  1         1.8306443110229527
-625.6576404220929   -2050.78943692562    1         0.495649148290244
1338.9300531653828   3388.0350510887165   1         0.900468621695566
-1382.1642575483936  9076.821209931059    1         0.5176811041964704
-2290.601085841582   4799.728371602728    1         1.2062946753658048
-596.2159406122616   5580.292063912973    1         0.622460685581573
3070.0871837797868   1959.5411423613514   1         20.76452102155806
6147.810240536204    4564.737150078818    1         0.5634171689961196
10623.525887159449   -11269.371635400244  1         0.2516106725595657
-4666.048792987833   6301.036249253341    1         37.91073718089438
3611.3323053700406   -179.66655644926323  1         0.4367230532256454
-5490.30763858971    5576.803713655313    1         0.24686915253333805
-1014.3244773898004  1151.201977513345    1         1.0976012032211186
-3478.9941021281907  3738.8374298126296   1         0.3784530371748729
-3497.75499620197    -5846.046344068004   1         27.01287527727314
-3221.789461429686   -7982.039681297864   1         44.62345336358713
-990.0733818124647   5197.673473443053    1         1.2031027550949336
6282.596365054814    -6308.763673595895   1         0.1632783466972348
-4494.873382379962   -1358.3259715170639  1         0.42762212700715696
2493.0710341435624   -8540.554648620433   1         1.0718861219451494
9191.143803275114    1891.8934243054318   1         7.495039952637321
-6438.440629255454   -3820.591078694193   1         12.38621661725651
11427.294820543651   5073.645675271589    1         36.65615781924964
-550.8952523230375   -5518.578059416165   1         0.2537085994856616
-7032.898367347462   2576.601437078404    1         0.14303194586562915
-4973.283902199935   -6852.6391209262365  1         0.37606130447170105
-3137.8249979099446  7044.533844814069    1         1.2211212142793448
4549.428208522331    -9125.720765826696   1         0.46794962244581817
-2980.135521341918   -405.0437131759037   1         0.659865027354578
-3056.4403699115364  -4263.87892329918    1         1.1297078858172183
4983.461826098334    -10.609980991833158  1         26.36869993542282
3748.6172338580527   -11203.258930623788  1         14.379073584352088
8114.77641422297     -734.3207208598561   1         0.8901780031062605
-6583.904791941168   -2356.2775155189383  1         0.8852209579094945
