trucks_count 2
drones_count 3
customers 29
depot 0.0 0.0
Coordinate X         Coordinate Y         Dronable Demand
5660.013801161342    2543.146898326498    1         0.7499236325839295
-4478.277078871636   2400.549648655055    1         1.2462718379119042
3454.0485217084374   3407.567271585486    1         0.33103538426449275
7362.75287585209     1461.1853798620302   1         0.7216291610638805
5632.029228047647    -6224.670331829482   1         0.9715668356324465
-1343.0798296689263  -7517.580543911037   1         1.0112587807157878
6343.434376158673    -8337.73141916313    1         0.24397555556377176
-2628.905649008372   7101.004615852272    1         0.12434681674212057
-7141.961300059003   -6666.190598847261   1         0.2657187228891916
290.7115506755196    602.7784472042407    1         48.76124282498343
1644.8794809358665   -6017.564644607758   1         0.34890534766934966
4983.426199258379    3766.2578492939856   1         1.2002769167764777
-227.61679245462352  -1683.5004311111272  1         0.11190325666503936
4489.456680845891    8285.537326077494    1         25.162829938452383
-3170.379188395669   6821.905863127673    1         22.80486491575685
-2987.362376724834   314.9852342806498    1         0.88964231766614
6882.419769733544    -199.60190439200005  1         0.2760115673556981
-5783.916456103583   8377.561840941391    1         0.21789001897820082
5913.6452996619955   7324.934412755403    1         1.2115209049995934
-2933.802165923516   3080.8893459353562   1         1.1731656748538477
1024.9596982597645   5986.107216963868    1         0.8928231503034094
747.4169002255239    2123.5798286470854   1         0.7773999216449943
2788.202751243163    -7279.044021818252   1         31.969962386336
1490.5128744078131   -6775.6056425851675  1         0.2317169129898926
-7020.553947334873   4032.1870599354324   1         0.14381444267067567
7819.462006499747    1288.9309934795947   1         0.9864930579937017
1789.2198596693163   1797.1748691408625   1         0.810014129121974
-6445.320587928455   7890.552206731191    1         41.23308669024848
3183.3075270911954   -6838.2787484057035  1         1.148556241415417
