trucks_count 6
drones_count 6
customers 88
depot 0.0 0.0
Coordinate X         Coordinate Y         Dronable Demand
4520.540589290022    -979.9548666509654   1         1.0956450122752697
-1759.7438151396277  1228.484495921254    1         3.0313200088263725
2483.251440967701    1462.8504481251118   1         0.698281104105214
-5197.657037799392   -4740.125118407795   1         0.5119035501405226
-5146.285556589834   -673.8551618175834   1         33.54436509736275
-829.8653483611573   -4206.1446499005     1         10.087087578861519
-3435.1645827428288  4417.683785141446    1         0.2723870692417021
-37.21095401824823   -5079.017800209389   1         0.8432358436509259
4279.611760259212    -172.91777432471002  1         12.571167055509738
4100.238168774733    2176.04547204551     1         0.6969202826805152
-1652.1455233254428  1041.029183629178    1         0.7959552710109687
-514.3906070720003   -4407.817629502804   1         0.26207234246643873
-5356.974849743085   -1188.1914398010344  1         0.4355659843137226
-3796.364047552589   2141.6496637275795   1         0.33664311969718813
-1402.9404261877323  -3395.6309019453747  1         27.00221558714755
-1612.243777079595   1766.2711529960131   1         0.7281176614671884
-3010.797144520123   5425.030495404212    1         48.775830071617904
-5074.673012474253   2738.811717731123    1         0.7489347726204555
-3554.020717757485   1363.855648587218    1         0.42185936300590177
884.2702005375413    5043.126650141408    1         0.9817832681922551
-3295.6632663391597  2958.2733329928124   1         0.21562629176609788
-4904.115316366261   2627.1342284851817   1         1.2267200911378182
2950.6014140412326   -2514.811018194271   1         0.4954501340235835
-1793.3084912061095  -945.7408831636609   1         0.7170674504897238
1953.6652518447454   -2817.1282669161947  1         0.8160608945539561
1773.9785305606465   2965.647526121878    1         0.9736496338385768
-3393.690380306452   5262.247186294055    1         1.0297204916777667
-4438.652619456039   -2924.5396938120975  1         0.12621399820311766
169.7556224738358    -3761.537291161402   1         0.4989636300505703
408.088497724403     4692.201400444896    1         0.5345666858669912
-603.3388465827225   -4184.6689021525945  1         1.1008748187361652
-1566.6565359566268  -4763.33199612599    1         0.8655201646338447
-155.85825260536444  3551.349614948802    1         0.45117459296716955
-373.9476619079346   -3549.1551263990477  1         1.1613010071041598
-1081.4317838554232  -2629.3773136800687  1         1.144896230557829
-4571.623670561203   4098.068336188431    1         0.8745135449598075
-4312.695771173678   -4851.743454988702   1         0.9302704809669077
3506.669741008137    -792.1732804782829   1         0.8977463759286437
-3409.081078729988   2232.257560420062    1         0.4200748019920636
5264.626750120165    3125.1036533877054   1         0.33378153434290175
735.5032634352018    2033.9335127416896   1         0.22823217719942446
-1890.1404928627787  3013.898654939353    1         15.190931026256925
256.25262954059644   -3937.8249114226924  1         0.2445421096330616
-1707.7882559273753  69.85904671490174    1         0.6333722618831915
2797.661695680101    2885.5326515078127   1         1.1058219801526996
-1606.9349698725434  2811.886449822908    1         47.022155108446995
5258.412787432613    -5434.040671772393   1         1.108174353991449
715.0211168197484    -4331.692843493334   1         0.9707618928473305
1687.5161342027952   1368.865305996784    1         0.13362243328828619
-725.6205632292293   -3542.4625657101587  1         40.75283873206327
-5463.922963808672   -4798.900987065878   1         0.8704499183033811
576.8711040037186    3145.690233175245    1         26.989514783584436
2527.398015642935    -1393.3574403333287  1         15.28835821802927
-2456.064065817528   -4884.013731622285   1         36.642762397764294
4335.502458527438    738.9422075529408    1         23.866552158582316
4688.656523018544    3306.5386878133304   1         0.9100053537693772
-1788.8662892257655  3722.2467026319814   1         0.325551110434449
-3277.0112342242     1255.8386138846788   1         0.48823533079474957
-1976.160044405655   656.913820508125     1         0.14711233381953995
-3580.3726983740744  -3637.7364908192753  1         33.25553185569253
1610.9750725514152   -82.75356505711898   1         1.078096257002034
2619.530801940553    -2110.522030231626   1         1.1295341801923466
238.92355401928722   -879.0197860177875   1         0.8533370673058418
4251.403290562128    5072.980609053992    1         0.9404439833209814
2027.68864036759     1005.435601009057    1         0.45755502895503586
1473.3092889231239   5184.777404832604    1         0.1035043096536872
-27.048932603398185  -3189.11394572822    1         0.9644614244599212
4186.653192933897    -3523.2056224679413  1         0.1988185203952239
-2493.0083949042937  -5117.678067368794   1         0.47904497961120696
-3552.6400057620467  -297.6603549014633   1         0.8286672624511469
-292.87855509572745  -5366.48621637067    1         0.4672421506138412
-1157.1542993545609  -3224.8871809376974  1         1.2196324887918941
-1586.9943083508524  -452.53380819091035  1         0.617103662862791
-5361.597387527778   1703.5215540329348   1         0.11972097008445724
-1648.187606588009   1701.6609206886671   1         1.1180127964496946
-2988.8204609690056  3612.4583419471246   1         0.3445986745527603
2452.637249414601    5002.514610110768    1         4.865746681914967
-4473.590980833349   -1468.166907394849   1         0.8866026811174721
4838.229524725051    453.93729738415277   1         0.2850504343430709
-196.89100352903097  3069.5776998317997   1         0.7171801281815013
-4583.950328843564   639.2577240025836    1         0.7603994006451162
-3127.592189094181   -4936.008163026596   1         0.6815900845993053
-2863.0979928332845  -4564.73919796896    1         28.223539343058345
2812.076460623089    -1007.3340258053911  1         0.8771120730225458
871.2110047737998    -2335.959486079044   1         0.4827230625279243
-2035.827496885516   4389.408939958645    1         45.82685612846582
4241.420199398584    -3301.473278380042   1         0.9724137908918498
-1042.310700932415   3604.965515460631    1         0.7797260112967807
