trucks_count 5
drones_count 4
customers 73
depot 0.0 0.0
Coordinate X         Coordinate Y         Dronable Demand
-6103.519501703493   -1696.2326831720384  1         6.503403754797132
7221.305606953865    1978.8535835356392   1         2.3550962408785256
514.8630916153413    -5144.448592963393   1         1.0207672990682082
-1657.4756321576137  -676.4773955273755   1         10.781956067965023
-537.5372245807125   3851.312034901262    1         1.0615021893325098
3077.007252249929    2462.9968435583855   1         1.1607236942790429
3107.3792611125705   3132.098432261461    1         0.5204212056576769
3086.9579558873957   8061.135045122905    1         0.947291723651664
1993.7026731584153   -8801.498752420304   1         1.092261165212979
1515.2071464576347   -6323.711783948735   1         0.6724612720462756
-1429.6316140944318  5972.611858995169    1         0.9678736089443838
-5351.190536062735   -1649.8978167953983  1         0.9347033811653255
4989.498922521188    -684.954011058219    1         11.3957695359528
-4672.702428350731   3101.176223776064    1         0.3977794256535755
-2902.2132131311428  -7717.854601253795   1         0.683251813568693
-6446.264152395826   7111.056504844579    1         0.9117962244556852
-4057.6340681876427  8113.188105732448    1         11.155106529821813
113.58878671510286   7925.846561777955    1         0.5762964719896848
-596.8285265151998   -7262.214673386609   1         0.9679696920604908
-7986.931851643008   682.6877198013008    1         0.8764953813794951
6789.167000831611    -4612.557150360578   1         0.21421015258356169
7638.146051424643    -4064.69004701066    1         1.137753803604255
6598.894552817777    8678.97912835406     1         0.8206611925045507
185.80990590709294   677.4657645715057    1         0.753556390189986
4668.569009866937    -6100.65764020829    1         0.13416284912882923
-561.4957889047816   712.5719853187406    1         0.5295388613497171
-6670.374582331667   275.7235516086065    1         0.9280988552691647
593.8104355964449    -6858.69678328231    1         0.6251894219697957
-5503.17727068769    -4090.309802204481   1         1.120790452452443
3229.5425690968714   1487.2066876328984   1         0.5660923810231153
-8.626206930230182   -353.19581576451856  1         1.0794821793706924
3531.8852338183992   -6040.104444390275   1         0.21165770361669659
-5939.503925351207   715.1708687010884    1         0.2958309554287336
5394.008148312576    4558.91416927016     1         10.587699670071938
-4311.092261781762   8908.425159179174    1         1.0981636857488897
6674.290373196386    5811.312190792356    1         22.800893702590326
896.9054430361531    6373.346476832049    1         0.2937352860034257
-2867.5091873365186  -1310.3413060714383  1         22.433563797608652
-562.721188650121    -5001.2441178905465  1         0.2803167703962972
3829.8471280209124   -1886.3815770001797  1         28.014313157764818
3823.6938040323275   8107.1741303691      1         40.738527953850735
1319.3252653424402   -2124.3816083736324  1         0.5833966408626607
-1125.4083733178798  -5359.305512168696   1         0.7234394727744782
6662.228144215822    -210.74649179362677  1         0.6493288956829506
-6089.537721517792   -8942.817913832207   1         1.140755574980164
3471.5526971146887   -8875.833162466213   1         1.0972235618284287
6846.9668280473925   -8498.609586335348   1         0.5551711556616229
2600.8626141794757   -4702.250946042365   1         0.569741192047022
3530.680487482188    -1097.0337220536771  1         0.541501158794663
-4766.8939651153705  1663.9193435192988   1         1.119562783634241
-3184.657405251249   7033.706621280036    1         0.8213828125042618
403.65645948650274   -13.353957884482622  1         0.24243631482453532
-2776.6423930624387  -682.4763414697272   1         0.26444624434548936
-531.8501562805686   7252.932432502317    1         1.0016682539154458
-1105.5249896796845  6911.59462125687     1         1.0631288333508968
-1886.8943003087634  -4482.28051000515    1         0.5032902362980398
1392.3874137550065   7176.97760767349     1         1.0434614774669249
-756.5685396951285   7768.511898491366    1         0.24442052034793166
-6921.705708698103   -175.22092587731092  1         1.0997952047700388
-1760.3244936239812  451.60003238628565   1         45.04734555695303
-1983.3930276072363  -6263.579867157483   1         19.646593420744594
-5134.69928761422    -7942.251531300455   1         0.30882434439239737
6517.2919897981865   5154.229087810931    1         0.9436947644827043
-6335.246182156312   1386.5360363627944   1         26.970307657969027
-1759.6054032318298  3466.4473151489265   1         36.50707505543978
-218.1678326006048   -3230.923886040119   1         43.05042268159516
-4966.6910033133445  2761.3234234807587   1         1.1284649200346555
-2907.431873923726   3861.33456284369     1         0.9427983113282243
-8078.786113014476   -5505.0852716815925  1         28.526743263038362
5208.843915645632    -3955.5704427228175  1         16.510178594851954
264.06230302570293   180.05387277265072   1         12.781697737269578
5593.456744327398    -2394.707269060132   1         0.6218512159245163
-6066.846979426902   6024.577875371908    1         41.57739189968929
