trucks_count 5
drones_count 4
customers 64
depot 0.0 0.0
Coordinate X         Coordinate Y         Dronable Demand
1195.5232872284985   -34.88960378517106   1         0.23398606990673645
2948.822482667565    -2786.5607678102515  1         43.83776203097878
605.0224476895715    3894.7952394601834   1         0.9995894165424272
1016.712405455135    -1276.6409491651393  1         21.128880506970464
2764.286024926934    -8082.219838225132   1         16.549392488868136
-9543.152512391216   -2241.356505278568   1         12.679337863364507
5597.3819136614      7391.664707246087    1         0.48917600058118793
-2462.0389180480743  1200.2353687303269   1         0.16072703876000877
5878.199695366588    6674.929139536162    1         1.0654624640993848
1647.561975436556    -9180.153568803904   1         21.34244279927778
7862.310747743486    -1664.1874200125894  1         0.5350856662686035
-4292.302390950906   -4857.665403357073   1         0.290559362973
473.7345291527581    -3494.2384061195826  1         1.0773668419218172
12360.475124688048   5252.860914027991    1         0.6403485080661809
-8725.932847121963   603.9600425312923    1         0.16760685163323608
-10727.73996421049   2060.9870269195035   1         39.86759693114537
-1496.566575878521   7344.758020122856    1         38.51745818717505
10565.808969615775   -1005.2810459331156  1         9.47460187129619
-1065.4180118437912  -8215.334470167343   1         21.76081593782527
-3002.2920504031335  4809.091953461531    1         1.084678802766047
1097.9083011184891   6299.887489253288    1         0.6732874121726843
7950.184227936465    -6088.643650264103   1         0.513887570210116
-9904.022219322216   1682.4650688255535   1         1.1486235380377157
-4645.513757413062   3107.3844378039644   1         6.676530228521212
-5556.759116124869   6590.100823632178    1         0.9514697079585882
13457.614123489908   -1898.957452830613   1         0.591860332892644
-1499.0558415813878  -21.480883447640405  1         0.624943080263019
894.9641469385169    -1341.4615074296726  1         0.9396399717710568
6167.059354532826    -6933.957637291608   1         0.381297152392404
-3946.319888096619   6116.622791764516    1         0.3867741664929446
2195.782876133097    5046.421417672487    1         0.3924445848805186
-4865.400713767934   -7274.424530474399   1         1.1873782806290887
-10250.656570167881  5956.68320427055     1         10.765640834514013
-1579.787095628732   7677.77100911527     1         0.9237894785854532
7819.169342082679    -7017.5381604225     1         42.32838169241411
-10294.965530819023  9732.698693952563    1         1.03480578157033
-2123.911814254786   4477.383645321538    1         0.9278593484026089
-10583.66716548601   -1639.5042839723294  1         0.4255911771734576
3629.788066546441    -3961.8120823435916  1         0.49992831388567094
1306.6262233938287   -4026.0226229558175  1         34.99412654932881
3271.7976864826014   3841.04279438682     1         1.1846043831717818
5430.108600928149    -8111.013612521483   1         1.0292864818929572
3963.8663978617324   -4933.168916668784   1         0.5906826309563035
-6264.123839927395   546.1396625504982    1         0.32425855469147646
7378.550252954513    -7061.1654451066215  1         20.58121739218147
2088.8931438224645   5251.13832238303     1         0.6970804329619888
-590.7987330886299   -11016.05264600274   1         33.161016081856104
-4916.748276853688   11611.114191297547   1         41.46198740522244
2519.292084682769    -6055.712144215446   1         0.2552302297879021
6905.334096972092    -859.095098363794    1         1.1062344249531713
-8104.448837897738   -2139.675763030292   1         0.1642150271195587
-8856.226523950649   3981.2612024632376   1         0.28333630571576623
-7715.273416516842   2327.386847385253    1         0.9305791178080417
-3008.836657600981   5155.527160184302    1         0.18449649809764346
6820.536563497499    -13211.37247284926   1         16.18157309904783
1031.4998538811215   -7332.932787856943   1         1.2293731009569888
-4133.337461447377   1537.1586820181608   1         0.9384350969707531
2357.9551362692314   -1250.561663763867   1         4.32177642033481
2524.652881572326    -10466.810430115278  1         44.24865343245036
-4344.660991347958   -3295.91355049062    1         0.2421946132834382
-6894.258799318083   5313.227000652085    1         1.2412437782653674
-10383.550009450388  -2531.7091469917973  1         1.174344704163135
-6086.756135695702   3323.2076330524433   1         0.20322572911734804
-766.9015398045527   9996.120395996493    1         0.5642697533416179
