trucks_count 6
drones_count 6
customers 97
depot 0.0 0.0
Coordinate X         Coordinate Y         Dronable Demand
10937.62872410324    -4847.4472374991365  1         0.23764261620797802
7766.924018007547    -2830.5582048775377  1         0.5265536515279741
-3185.275328560289   8095.10687622298     1         0.6554093302345044
-7108.933858613987   2963.9722663846537   1         0.5880707089707876
-228.00132854788475  -7932.5957656717665  1         43.51424488122348
2901.0885078335505   -831.4245230193583   1         33.92731592993933
860.5711095725101    -2040.41688297246    1         0.40369465956720973
-9604.066182618233   5409.205077372157    1         0.48641822190951023
9474.365094020375    4636.95254674251     1         0.31834628838649776
4806.452400594787    -9272.412393589782   1         1.0179361733968602
6197.007442732547    -6688.516127515261   1         0.2211015857154885
3118.526374333235    -4588.853771986999   1         0.6643717676595312
3586.1595491527332   10328.2425175346     1         1.0543482752153917
11166.30691240422    -5139.26795357591    1         1.023104837253419
-10987.506469906544  7721.442028737569    1         16.525963276352158
-8574.241853725955   5764.939278935082    1         20.68863195532608
7281.102857178738    -6458.905496605977   1         1.0107199018234807
-8273.090978651879   -7507.062696386479   1         36.806236523748964
3655.3301024760526   3921.011206741887    1         14.759977895880631
10362.195060878988   -762.8963404610494   1         0.13454392812303764
-8370.704133291545   1452.2696233458628   1         1.187615650547647
-7392.099503404474   -7692.601928806547   1         0.19015608262729877
-6702.109886985435   -7910.158713251526   1         2.3651777694927367
5674.640546003357    3951.745958651027    1         22.132731185310583
-3098.2833387028763  -1304.5197106116104  1         0.36771695039921326
5182.161196644844    -4145.1400036197265  1         0.3535614416578333
1378.3121657460279   952.4023602542061    1         47.78391077083969
1240.6541296600024   -6126.92507846607    1         1.040549935319171
4199.406851197201    418.20528885838326   1         0.19868325194058428
4157.903949963893    7915.3331812956885   1         0.24415567612916372
-5566.270470444377   6349.235624577069    1         1.1474818783680911
2019.718068727159    5845.846351876242    1         0.9127880510312927
8000.708459925241    6426.929038725106    1         0.2048448658615564
2900.4045617379525   1204.046652507422    1         0.9527721246434352
-9248.123595205243   -5475.264117582049   1         0.5063700500053024
-4107.759114002908   -1288.0656740543589  1         23.631671453200692
-4774.331308344287   -6831.290462881443   1         1.0845771879737394
8827.011847403042    -2054.2820343092894  1         0.41712717117837994
-2619.094295800887   -6476.805872998209   1         1.0728741342866002
412.23648889666754   5470.13126310722     1         6.78354175613395
-7646.542172456534   5138.33216998457     1         1.2430623973574748
-1340.4369989273146  447.35020699737834   1         0.389405591541543
-696.7700933858205   7839.152710500196    1         0.8906146209002485
2148.8128554528957   -3379.0404338799744  1         29.047817188002668
4671.359143368297    -2626.2585321764313  1         0.6028484750515697
-11074.102157488667  -8549.783226045665   1         45.04575555088246
6130.989920731098    -3692.7005268558173  1         0.8837529292868869
3178.3038740339275   -5190.581017527975   1         0.5044588516501116
10438.846420664093   276.5516813204284    1         0.2342389450490837
5965.276700475359    -5532.659408200871   1         0.9474654706775644
3638.4204662954944   -4329.184422907683   1         0.5123997508448768
6181.148208062096    4642.374154088578    1         0.2215816006572509
-8750.509478182554   11229.304348329359   1         6.664488666721904
-10852.219660651954  8561.271676534696    1         23.558452568778097
2757.2605321585534   -10051.456286149481  1         0.8335455520487282
6248.559697898487    5052.2252218205795   1         25.58775009493547
-6011.050758957555   -5298.650653611829   1         1.145626219134644
874.4178737331252    -2209.2538410033508  1         46.238177862581544
8631.792671328836    -496.4900944986052   1         0.8088152029642843
-2326.750244980327   -3507.8255122889727  1         1.151932645331553
-2500.199231103254   9203.37272609451     1         3.2994453005698023
3945.7382024189274   -1361.222636310189   1         1.08582454413277
-7724.483212664419   5590.417684106784    1         0.1590045969606461
-3579.8073479703903  -9491.340891374264   1         0.349351887664343
9407.355436375754    436.925115683169     1         0.6253093224044137
-8499.70900147254    -5469.453654671175   1         0.2834939669973816
5538.23611017283     -4245.591236560551   1         0.9263913218924965
2860.14633509299     -9315.75019409233    1         0.6158583089103646
-876.6730639385605   -11473.00410283425   1         0.8281221203093126
-4771.522049445582   -1640.577920646304   1         0.5441051398617262
2327.930007306897    3230.9672890611305   1         0.31301488960670915
6434.712194364889    6638.210343948274    1         0.7068079748364525
-4280.395280957365   -3686.023094924369   1         0.38827850990745616
-10822.973103226164  -526.8168549388223   1         1.2266140207153917
9445.13449153864     -4173.4356082800405  1         0.6617406086756591
-72.08387432888675   -9068.929956259479   1         1.1001746137702262
1767.1358522174003   9481.6668347716      1         1.066504152996345
-3188.02974622666    -8853.816328556255   1         0.5332263684180086
1704.0016861657311   8897.783953175714    1         0.8593847524499294
3265.8520679723915   9218.29684155226     1         25.13037329025495
-10717.125171002945  -1347.0778023377877  1         18.097400153930685
-10086.180683864575  -1487.7852998410751  1         0.8017990590126783
-7789.675843472579   -4226.049170045494   1         0.6998590216783694
2002.0708245908402   -9168.300245118355   1         0.8086399416349496
1451.249557409065    -9636.809986078864   1         0.17114477910933318
-7149.31891353388    -2439.948134087578   1         1.2391358696810684
5344.024072056885    -8440.257633174331   1         0.611530211592294
-4026.491401390057   -3041.964101200643   1         36.76696132059873
-3545.5152987345764  -5538.7371392248315  1         0.7679766764901595
-4584.162508112182   -5904.606254484769   1         0.1049245998857203
5664.259354063654    6814.736716207731    1         0.33041115763103585
5308.889154213985    4825.324081473379    1         0.2118290451525499
1072.3220108223602   -9794.772381272125   1         0.963167084406807
-1711.1326018566865  2241.452308924764    1         0.4574858559324143
11713.155373709895   10573.53932009999    1         0.6840386461728605
-9956.13793639346    -26.48008956732623   1         0.3390220828393844
1976.763645288852    6362.877458003387    1         0.2779788545864791
