trucks_count 5
drones_count 6
customers 100
depot 0.0 0.0
Coordinate X         Coordinate Y         Dronable Demand
807.5474261717042    3066.351336224252    1         3.925916861406695
2924.348456996045    -8452.93994109441    1         0.8059303325865035
1436.8879439833715   -1310.8489707368683  1         1.095740779875942
6786.573517405603    4319.194467972377    1         1.2437222106042756
-10272.356699201295  906.2969725457008    1         0.9444426631932681
-1934.7032964724785  -3131.0476436905064  1         23.370725975127595
3520.5983197686623   -6683.6783016223835  1         0.9021126193602765
18050.307413796254   -12729.105984891445  1         0.3265203255303087
-8505.25168473945    -1614.5144046803164  1         0.6148484498393547
2921.600936383138    7645.476836784841    1         6.978178510259168
-3259.1825648185563  10149.084554264751   1         0.12228159244732459
-6908.181741545848   7216.384519791415    1         1.1594235541266857
-857.5898929583562   -3700.5597514353813  1         0.9481974888920748
17496.237401079496   14298.137589216713   1         39.82223843355006
5376.502606623508    -7574.659124445445   1         0.5768224155087577
633.4214140153563    -322.683195333997    1         0.7577220881289706
1928.770871218467    3023.2267125442877   1         45.60333047279667
-4605.33323227868    8405.886212879457    1         0.574356835766676
8410.529524064774    -5144.856395242401   1         44.07086707359918
-9122.1275644843     1568.691161778162    1         1.1899723439628462
-1947.2295829218353  -5566.740904749217   1         0.6384642968733926
-9433.887302730349   -2087.5017074909615  1         0.8049408291369315
11859.82280405096    10966.565771892165   1         0.14268445628817267
1159.1894544052523   -5841.685479185372   1         16.814872650719703
9330.331787375317    4839.6438699660275   1         14.273616639616543
7840.361042750149    3209.959356118628    1         1.2282018739971516
-4833.325389936631   -544.6573921890478   1         30.5656691087048
-5950.403470219749   -834.1287230663291   1         0.8233530081560926
16997.644866733703   -13861.309802713335  1         45.584831190410945
5401.462658631154    3184.718692627719    1         0.38781355284755903
4710.724726711801    -4390.444364280954   1         0.29156660662731815
834.017201946181     725.8547393026756    1         0.7123069819583384
-1344.7852290297014  6678.370770477414    1         0.9705842149530006
3089.164969804595    -15179.260270508319  1         35.10275487317368
1525.6323884127464   -9036.182566655638   1         13.105737930070616
6688.621634479437    6451.0161022943175   1         32.81915798202563
937.5128810805954    1215.7239231975302   1         0.16116756142972646
8522.077448397373    471.49675787202955   1         0.6111312013364375
-309.000933399356    3177.6558727560546   1         0.9537634139581778
-4476.902407581286   3171.334749638621    1         0.8545583394850498
5623.311467862731    -363.2138952225502   1         1.150841321705469
-10413.107378542878  -13722.57445108517   1         10.013004338036348
13929.517199576945   -8733.771073526363   1         20.98457274416412
6321.096987227671    4245.608971739553    1         0.3717652446763682
2288.671809914642    8243.694769216618    1         1.2250229155370915
-3747.6526676162166  3318.232228175651    1         0.3665174289983718
-5217.124658179282   -4048.2664300396737  1         0.21346483445148984
-8615.998058119132   -5539.302742605758   1         0.9508549850792994
-578.6398192925444   9777.935457632877    1         1.1604444198067971
5874.939444648945    -9027.281775221914   1         1.1423278689958798
4642.338410447895    2529.918561911804    1         1.2360506842188743
-5858.434475377136   279.8791541824977    1         0.5405148325888912
4116.561682705116    7878.735264063744    1         0.7669417974961736
-3917.5447591597385  4008.143352186717    1         1.1461178181619935
-4488.4849393333     -8189.643865363741   1         1.1577823712177162
10145.48599854128    2677.3615539987372   1         0.7119438005563582
5284.691373614262    -5500.121334460664   1         1.084271432822535
-5009.663736975039   -1765.6324653778063  1         17.73960003786161
-5480.009053001636   -9205.35236965122    1         0.5373037856327643
-3964.375732995981   8909.696873349303    1         1.22719894755582
4896.906631148294    2158.6845076140867   1         0.18656662235548765
-1537.3966773013128  4376.417460633969    1         0.14802497337331963
3374.444927305441    10373.109084047077   1         0.7977580146620813
5032.305439422322    12105.315015641256   1         0.7058079418016914
8053.9297609138275   1794.7912157678427   1         0.41404329030431475
2201.5776538254795   2173.6390556780634   1         0.9028567725488649
3345.2561616325797   -719.0078707472696   1         0.3469216774690592
-7850.437536373854   4525.067676958973    1         0.8517864994945993
6297.369602231431    -4859.741460590983   1         0.7905711642703148
-1200.2786406272578  -4728.718384986762   1         45.95250275594661
1367.2351131784494   -10826.16036271279   1         23.577392065573836
1080.8980725141168   6405.512327371263    1         0.5424153850702074
7755.7025553813755   2324.1974635780975   1         0.37892023077206405
-1371.7016110833197  10856.992327645008   1         0.4949587392377306
-10131.447967877255  1696.7294330566122   1         0.8346192451147709
5237.949938348208    -4941.161897658874   1         16.017571686174975
-6224.536334638244   -6213.56536785493    1         25.273971171350034
-2582.3246781939606  8033.957959537467    1         0.4952682098782567
-7458.449325197516   -124.52806986741966  1         1.0879338038140278
9247.595181585199    3775.414480495496    1         0.17915622950961385
2133.5525925261154   9486.242547454902    1         1.21545155686696
14690.982327098813   2160.022807350215    1         0.6126866187637037
8472.11543391867     -323.8968391123199   1         0.36860991741243854
-4350.096349284854   -5423.075042078685   1         0.8033703958098151
8443.060707777004    -15854.40478955759   1         0.27489979203757337
1008.2788425114569   -6162.286033431585   1         0.22919847369234245
-776.8076057898223   -7198.894730559723   1         0.49453401126230034
793.7181732166572    9297.287522268898    1         43.814430474002684
4258.484977815774    8948.305346202522    1         0.45504816942896276
-8815.294499839658   6004.315202004043    1         0.38142426718212663
-1937.742117737601   -9965.766309979714   1         0.4275724641978561
-9631.091664915732   -2017.951860446889   1         1.0982086152573087
6354.008379994594    -8170.916989167292   1         16.27630619037175
-9244.235923110971   739.1408357275325    1         0.6735385681117317
7641.24339034708     -2687.714042769451   1         0.7639025771828653
-8578.36216880377    2985.484408529259    1         0.7057430504786043
-2488.9039986399207  4425.8407500283565   1         0.6339602352636652
-1360.7088310827878  5561.54327942616     1         0.26627755351385407
-7457.363697377449   7940.841988755256    1         0.5211604147450666
-8263.55894890542    1819.6476992333126   1         1.1038140974975958
