trucks_count 3
drones_count 2
customers 32
depot 0.0 0.0
Coordinate X         Coordinate Y         Dronable Demand
-5608.284418069824   -6008.366733283451   1         20.977085981514296
-2339.6256648040467  1152.9706030860152   1         0.7874729861054492
919.126568830147     5970.240123445303    1         0.2690426362544212
5918.874853396632    2839.4954520327433   1         0.3332302971428968
-132.7453873110354   2313.389888907016    1         0.9834761539585212
-1365.4665356577075  -5377.896240819699   1         0.4203223725015709
-2969.527137635749   5584.62228820921     1         0.8608550027776228
-5554.3609672649045  2773.0631744199636   1         22.90268879500185
-5262.988014152848   -807.9555249310531   1         48.30859192424463
-952.6164391629342   -3875.7261308891516  1         19.528410546591886
-516.2385259797945   -1815.3609256204602  1         0.6019529567116587
-4911.964490954465   1420.1213902635486   1         0.18735975678864705
-5088.952327196345   -2148.634498903781   1         0.8888781998071047
3505.082532350781    3097.892967257344    1         0.2515216984626265
-3605.7944275498357  2150.65192185424     1         0.7965145928788427
1695.4744726210774   -4489.46365221897    1         0.2892248911037082
2484.625103108074    -4883.082379149057   1         0.4393982342925039
5260.263240832966    2003.4809342725189   1         0.17122978931638416
-1257.3828110032866  2143.0030032990926   1         1.143287368706517
-4096.079520516565   421.7133719384       1         0.2994393757634501
2482.938651873856    -3002.456286573306   1         0.15694854156349697
-3330.3429725048727  1129.109332247243    1         6.266509064429238
2283.3842420735673   -584.7385670943813   1         0.4406999858276285
1068.5969058860392   5374.069966144657    1         9.282476382815178
1167.7278144475915   3033.6280888663086   1         1.1514156298382208
3837.907994640214    1506.5198606010629   1         16.797682558779087
4644.83067064565     -3466.646892873524   1         46.700447411231174
-5994.9412825778145  -2608.5680200980187  1         0.25638716621446944
3742.4589615401487   -1687.240211107998   1         0.4123626479039645
-5834.8426323429585  3018.2841183530954   1         0.6424693254493071
5533.439737168727    5644.777334487631    1         25.147876034196248
-1470.1889672132256  -4080.049315479683   1         0.5347837071929051
