trucks_count 5
drones_count 4
customers 98
depot 0.0 0.0
Coordinate X         Coordinate Y         Dronable Demand
6586.462557002315    4335.0399722164975   1         0.6490628991192977
-621.9628130290168   -9550.037386586275   1         0.8207610085573929
6892.8622826016135   -8038.023263200536   1         1.0060108937167054
8018.837246780957    1326.0380352716443   1         32.790252153643266
4620.938951305675    5530.27280905989     1         0.7055783571085901
1006.2810787063994   5048.979365548409    1         0.6606868612821479
-1266.370681933763   -10352.740556808574  1         0.29171111388348486
-1573.9563606486402  6259.508144898427    1         0.42652792530555095
-1645.615526788749   -745.9680254576217   1         0.4595593911940844
6598.502267558637    5501.605261246728    1         0.9555095502820284
-2715.7953113449207  -5814.186234016461   1         0.684524158265726
-6774.325238331739   -5206.303260491587   1         3.375705132325776
-3743.2807697025855  -3872.4411789485375  1         0.12314861776284733
1113.049869572618    976.9900638485592    1         0.3051939778626802
2505.2504169695258   -6023.6103914897     1         1.0884150948312548
9459.922466380624    -1397.717822016733   1         1.0090353153603018
2554.7084181972273   5765.57866655561     1         25.39240559525851
8980.465613421167    -6024.411585529484   1         0.7737618632701131
5695.923459257052    4938.906645073213    1         1.1605670106546249
7398.722930099909    7502.561644589378    1         0.6315350719773838
9721.519403760081    3543.30097709938     1         0.9127868906567511
100.39327560101171   5104.755158307516    1         0.34990062026304564
-10981.221777861323  -685.4993694232726   1         0.6760819790368954
2470.777371922116    -3371.9568011565225  1         0.185167683534865
-5484.892314742157   415.4037826526229    1         0.5529551357345998
4105.9193571399765   -3203.424360584269   1         48.917904042452356
9927.3691030876      3650.421746854502    1         12.000075622658812
8157.274689252931    7128.473965036574    1         0.7390765056157133
3055.3136588126727   11332.079536705813   1         0.5985864572466737
7095.385588576316    -7081.014878647569   1         1.205913411995938
101.20392044108978   724.4160742701922    1         0.4548791787634584
2448.508137119315    1745.9787274125229   1         0.7669088582943179
7552.073894731818    -921.3659444587939   1         0.16222570375590314
3790.7221328915502   -6393.613482260996   1         0.19864576458501104
11452.212094405386   9749.492634996157    1         0.47149181475480517
3828.5474390609493   6169.413288634294    1         0.8753557412552214
-4227.807061640479   -1281.7207130962342  1         1.1008451939673456
-3697.517360020293   6113.693507733214    1         0.3807767189563124
-9692.497009875262   -630.9495686028117   1         0.5525589368635937
-7409.368947533458   2858.181280186737    1         41.801727690246196
7127.703176470475    2923.1954650913053   1         27.341733440913327
3159.6414245415262   -6544.454735905259   1         0.8059238763037544
5188.2815709592005   -7583.392673596864   1         43.24855079381259
10655.124982828822   -1467.6956371468048  1         0.2768019458390335
-3238.4298602368135  -10418.144157200857  1         12.13479516790502
-7176.567606220191   -6364.224735297346   1         1.1804129214789465
2789.390926170533    6107.605718465414    1         0.6896381612233882
-962.4046888467775   -3219.9024245905503  1         0.18306128505135466
2093.8407876987394   -2589.5301266574697  1         11.83013722075674
7191.178315454434    -2862.544367462533   1         0.24572979789969754
2383.2150525229545   -4369.908464783517   1         0.7787999636905795
7428.565954092666    6683.926599578406    1         0.7288259260561457
-5065.75477500132    1896.1964772290694   1         23.707604013494386
1230.960101804284    -10620.935321968393  1         0.3611978539107932
2296.512471583878    4633.741181688479    1         0.3868875003072598
3191.2311381779523   -789.8471134496382   1         0.8239508558811934
-1256.2368170622033  -5824.060106985156   1         0.8736749148968703
-6860.349372400481   3163.8508046611078   1         1.001350788508928
-3832.421158873522   5183.447185268613    1         0.472948829924118
-2156.3739587040927  186.81830800009956   1         35.38094084217922
-5284.118596533779   1192.9635359735887   1         0.8402554102038147
-1761.781460503329   -653.9940670168725   1         40.161841266973866
-7208.832589792947   -4842.189566451964   1         0.3138691696357409
-2787.52294516143    -4394.799061017529   1         1.1250757019390076
-5606.311435732586   6056.445953631763    1         0.6103521236964482
6936.253255210279    983.2753451924891    1         0.6632996938576434
11218.664575439892   -8121.96380614435    1         39.67514455435036
-2177.617902886506   -9678.260932007981   1         0.45999721484479317
2975.3877910571937   6693.072786063783    1         0.22895793835731235
-6526.749826078639   429.7932516256293    1         0.21886109574789986
2505.405273696976    9807.85127596529     1         0.8962749485262906
6883.563780998474    -6402.302122516484   1         1.0347595031601504
7623.848967222476    3588.349807683125    1         0.7099445966251293
-4463.304612975299   686.8885403692474    1         0.9088438038970563
4914.664854327556    -205.52710290757912  1         0.6434871047269198
1463.6671082362238   -7603.939511824389   1         6.0046091582366286
-74.47913735668526   9403.866164918149    1         1.2084537914465232
-4688.0592360656365  1606.304923711152    1         0.637248425049927
3986.5291611629514   3914.6525972254844   1         1.0359458233628718
637.0583085089794    8818.79561755212     1         0.41594965075779455
30.260116390002253   8710.491517233146    1         0.7299692058712178
135.7556853321777    -7027.521100764687   1         18.307699208966778
2369.944905054974    9983.033297682141    1         1.2358338431311116
8680.568532332993    665.2580826113868    1         0.7375448376400217
296.178854604154     -4934.971320627382   1         14.908191881885944
8851.968511397119    4603.163359384846    1         0.15491559164655438
-6591.2254557454635  -3366.470456680898   1         0.9873344194709794
2839.497934338739    9355.333741914996    1         0.4189710427994231
3998.067122116325    -134.30477368086753  1         1.1559462502377076
9781.785684845885    -406.69968823908687  1         0.9047354169598938
3540.3019377465275   2782.2367999285966   1         0.8424896973995327
895.2605367692447    -4322.305508635015   1         0.8494806786011486
4443.889981494068    7655.826403610806    1         0.7606388859979923
2702.6798234448074   -9395.860358703849   1         0.22277421292962005
6633.929433282783    3744.2995428602876   1         0.3316456719269977
3256.4598130690683   7707.360645558638    1         0.6403394829321839
-2414.8588600472285  -8313.674171100332   1         0.2606819035467652
-1287.459894890936   8417.373646052783    1         0.8035411201976607
