trucks_count 4
drones_count 3
customers 41
depot 0.0 0.0
Coordinate X         Coordinate Y         Dronable Demand
-4989.452310088028   -8620.890439163253   1         0.25764079769099846
9464.211173733245    -4392.517821601952   1         1.0524328698226821
-1391.1030986751289  1548.1630717523435   1         0.3234999337169376
-2290.810647180975   -1722.6184298626283  1         17.5947232962293
-7522.075901111216   -2692.3023107500153  1         0.4629909161817196
-14897.960844771998  13176.672491948568   1         5.560234175261599
-3993.7892379884124  11219.081346638792   1         0.12819682834100626
530.1526042078277    -4364.861066042807   1         1.1964020821333243
2775.491568190337    -7238.261986132642   1         33.48058164114476
9128.019659985232    603.8504003203197    1         0.23306633239251512
865.7012528539584    -1291.1512363643515  1         0.8300092499340228
4804.578127329371    8964.473580857368    1         0.4862975594981228
2865.3244212387463   -8272.347976972145   1         0.5835698376525096
-2193.384085441083   10492.480013965163   1         0.8265998973913556
1079.1636855636277   -9626.666234983557   1         0.6855254920704286
-8677.487902629398   214.40267455004962   1         0.6735887372415067
5092.548107144677    -1064.6076748227224  1         0.3516335642930428
-8581.563264056276   5398.608204743179    1         47.27484651191393
7251.973640274426    6898.195529532849    1         0.747810389827085
-7296.972992916453   -6794.043333708612   1         0.8915900700662458
13762.085731872765   16525.162304553953   1         0.5002359278552918
3767.742934266166    4034.663335166528    1         0.6476276374717328
-1704.9713927320026  -5248.0483604527     1         0.1512229874476212
-665.2189278871576   -3696.079333951426   1         20.864901628800002
3088.97157776701     -14344.294493983522  1         0.19080377156531686
3106.3340564543782   7679.719209416129    1         0.26530693265711036
1416.8018440557262   -3020.2730580034045  1         19.75640933656592
-2400.5214615400755  10164.032984330566   1         44.47034089843133
-606.9106774103747   10588.825224092812   1         10.82895291612549
-8693.361271710039   -1949.4885121065836  1         0.27790437605970564
-1462.1742930297269  7199.657999799953    1         0.3914621400137476
-338.55404033137734  -8354.472259528342   1         0.4481263551421949
-1140.0349822010483  -7188.519132719798   1         0.9492525037428448
-3876.726044856356   -8513.140476556031   1         9.441565152689627
-7756.973517852234   -7373.043451348001   1         0.6059396298788853
-8776.433765551208   -3695.8446314888533  1         0.32282444648422126
2434.099381560766    8196.645576644485    1         0.10598300728734433
4885.366645544592    3264.7637711218426   1         19.813684831495312
9720.568027156238    3563.925464717297    1         1.1871087859735678
698.1387398826757    6025.430453646864    1         0.3426046473192435
-962.6609492752176   -9687.339218599065   1         0.42854406526777555
