trucks_count 4
drones_count 6
customers 95
depot 0.0 0.0
Coordinate X         Coordinate Y         Dronable Demand
5318.82132164707     -4736.270578648602   1         1.1843117482849692
-5719.039592247527   -3025.721550367535   1         19.74121523427678
145.3634803171055    -4035.297738408409   1         0.13617422374236032
1517.552143777877    -821.907354832304    1         13.616865886951146
-2808.2386708531653  5914.37423743922     1         1.0314173585353226
6279.428140875007    3311.127445135746    1         0.7495398947212052
6713.326610625576    2292.739168921413    1         0.6334835040471931
206.71571508610123   -6702.589677674632   1         0.9326808665106551
-2513.251257130377   -4296.308064305223   1         0.44304470701029985
5078.805021185777    6072.162085541706    1         0.36306876202365335
-3712.0662068474635  3299.8706909250122   1         0.5426281017130972
-5208.383709062839   -4630.210742344232   1         1.0485308493669399
3859.540689769663    2445.9902184596885   1         0.4473791768497519
4645.328019961759    -4636.303546264431   1         1.223877220216745
-2024.303373488746   -134.39378516649668  1         0.6353246551102539
-761.0133460052846   -770.7514649194574   1         0.314694855940828
-505.6661273240485   -1236.369851331189   1         0.8888458960815714
2898.484019529993    -4792.2282416262815  1         0.4656476535938775
2876.1078600879673   4231.211943526783    1         0.9271059173959562
2991.963689801913    -4317.564729238014   1         1.2463972430795953
-3702.4327997001706  -2848.536622402614   1         0.9824680599892142
-463.5096660030867   -2147.9014489987453  1         0.6078839807797366
-5707.091822044842   4709.623254194497    1         0.35370759189822865
2911.8986440163208   3425.7041665213005   1         0.6806250632681493
3868.000951182343    6200.829024376755    1         0.976601103274336
3205.6986413269906   -4961.232557527712   1         16.949666691092016
-392.61390547008796  3549.9446666072317   1         0.5420692706473289
-6617.595386568667   -2558.6642937046186  1         43.26704193220868
-1946.3042268298736  -5361.677849703379   1         0.16290510975247957
5353.700529114451    2495.739815918205    1         0.543540392381176
3680.2959863405345   -1216.76712843632    1         0.3713677673093917
4375.291381607185    2395.8420371996945   1         0.11355961905080118
3738.9573970828483   -2287.8626358277834  1         0.24791670462367602
-5577.190698426902   3803.7013590763368   1         1.056593037228987
-6580.196782643636   5882.721625702061    1         6.961086299508581
3400.9135749283937   -2749.220586452901   1         12.986554538346676
5041.905605961901    3544.993100748342    1         33.09840820218893
-4619.503449493778   6273.880259653685    1         0.6008580713450141
5.45230584059731     -5904.347319764346   1         0.8031847569001014
-2594.2068939965907  1730.3698138188468   1         1.2470406684878708
-4522.366765924139   1611.0441150646784   1         1.0088212531213054
4864.479219096204    2584.357791657303    1         0.9635248809335037
1241.225418637805    6675.364234115354    1         0.2878814737449913
-2171.6985921345986  4295.782144038332    1         0.25569598143282574
-5963.873813747108   -1509.1977461573688  1         0.16451097325177566
6747.999551728959    5758.694366904945    1         0.952101626014898
3713.6614886156863   -566.6891256783384   1         18.39235652172329
-1737.0971082725891  -2364.2324519097774  1         0.192510828798877
-952.6202027217496   -3736.8078603598306  1         0.10959557686500015
-3477.885374378246   5985.609399859686    1         0.7669449534408447
5429.7287153138495   259.4529741426505    1         0.9130353118868033
-203.29541922868702  -4080.4960666112324  1         1.2312811141635678
6539.949051103218    3473.468419071518    1         8.007715470260717
-3571.5876361049063  -1143.5407877258444  1         0.6476007244448903
1695.4292751739383   -1166.9806159684576  1         0.12528403350591577
1376.6338431204094   4612.827472807098    1         1.0922819271794244
-5975.282345009745   -3534.4231008797224  1         0.41485461366543497
-791.1041573437602   4362.9374667148395   1         0.5481587231010239
-5409.422782253822   -5749.608677690521   1         0.515936563272155
6316.607684981371    -3419.9315012732836  1         0.29003789178202044
4709.306368522703    -6540.226311239047   1         0.48558737230160987
-4892.169462171127   4407.535397297595    1         0.5889085203933554
1761.6304017497866   -2750.145095204005   1         0.48059866167392384
-1611.958515802164   -5110.166453024962   1         0.687101745445886
-6802.648221052109   -5408.056855200313   1         0.8489255193013782
-6802.853182129758   571.3546802008614    1         1.2106292219243255
1783.351382907619    -1927.6764375633609  1         1.2469551338528029
852.216949734589     4150.545033051636    1         0.45382063060086175
5404.598245428132    -5823.201787076161   1         0.20317320536202044
-120.90915636066993  1885.0884589121333   1         28.30112845499244
513.0341425399612    -1577.1124164540188  1         1.2138169580924814
-5206.010045362559   -6737.688327186562   1         25.87997673664633
-3275.144743150596   4268.2666122708015   1         0.3833713477401334
2348.6783834285097   914.9906881076741    1         0.7605328117080374
-2789.0083575062868  2922.650513491837    1         0.3279505492725981
6269.322810538363    5058.907237735653    1         0.853190371783766
1168.4234948797575   -1921.3370363989761  1         0.10270323501505345
-6327.8257023547185  -5694.319810349673   1         1.2380771083218076
528.164309102607     -6049.023358222948   1         0.8547129432126864
-6030.742298029599   -3647.264976258243   1         38.9192641349438
632.9127674673664    -6604.836566870369   1         0.4171003784619387
-4049.762871130299   -4547.64631142676    1         0.9334614851538869
2892.89987001031     -3620.4017309913875  1         0.809801550837328
1145.9184690618274   -1929.0670636160949  1         0.8148557649740364
6723.471419295585    2276.2241791575216   1         10.12579836114628
5796.733909815741    1940.3984591407175   1         0.2756408861019109
3297.6424996166115   -793.9384333039521   1         0.4253595718322264
-4399.379724291227   -3920.551519455327   1         0.2521738440966651
3111.7796824825655   6071.279270124619    1         0.20100608936845338
5929.129326020256    6283.611861412137    1         0.8092468851125135
-4044.1845338359526  -4665.93500944294    1         4.9219632651729786
-1677.042625043602   -1124.6614011854338  1         4.789543468686303
1565.4968608341817   4210.870165458012    1         0.9172822526652308
2653.0733966876155   2154.6657985662277   1         1.2209084871524547
-4716.112514192396   257.968684507891     1         0.9852350917798276
