trucks_count 5
drones_count 5
customers 62
depot 0.0 0.0
Coordinate X         Coordinate Y         Dronable Demand
10063.766446178983   2776.7830659920965   1         0.34348701693157324
7373.788013232729    1728.5361175318878   1         5.702887935413438
5225.957530505085    -9315.638900423317   1         0.26113856925213397
4263.721207060655    -11738.096429108336  1         0.34748811870923035
8362.929317407465    -3916.849960535382   1         0.49505495932483645
-6254.409282268815   -2000.235042248725   1         0.5938325166808904
-974.3676602245662   8838.217266145455    1         1.2496528034882322
-10089.109291458153  -2889.23473093756    1         0.6222533094509657
2614.9395534191035   339.87398095733425   1         0.9418725320728579
-8867.387634584384   -5640.046669138469   1         0.8478232345970204
6612.922590488553    -11768.108168072291  1         18.401748411847397
-3962.3762917287677  354.1107559007189    1         0.39978543256871146
3801.863135021693    -1369.9134114794506  1         27.075952457713406
-3532.368489239145   2342.5709401115832   1         7.909281675831906
1699.9527837122532   8243.071046040295    1         0.856932458186837
15860.059217641716   -945.9524741466812   1         0.9778525282897427
-342.05641636444545  1902.6735335341082   1         1.0552140716641656
5080.817845997093    -1106.8771756884423  1         0.33945224376951266
-15153.83848249934   -353.2368693660392   1         41.013847716772915
3884.190999712246    2621.125517217185    1         0.4953379066193586
1183.4546174931238   -12230.38082644233   1         6.200567125447736
-9712.55201032521    2532.6662538957466   1         0.3174768331717689
-6501.439387734298   364.71301969443135   1         0.6305841195101899
6507.593022436222    -4308.802700310366   1         0.548873536242711
3448.0598615787876   9208.288163300998    1         1.1706913593511192
892.0798245805752    6959.599311970149    1         0.7820097048530849
440.20379383134116   -7658.280351197237   1         0.49444868957114896
-6391.160965241748   -7955.700983877703   1         0.269718708826612
5152.465454556128    -8471.436013401113   1         0.22305148103175743
-1438.6001226317221  9953.91284096639     1         0.8893434248386403
-4390.7862640251005  -4050.3179227860837  1         47.30014770818531
-10709.077027549949  -6392.659458720385   1         1.1916069665904996
-5830.354064459071   8482.765074044186    1         12.122477941853269
7139.7405953237      -1399.205100079624   1         0.9833559690385026
727.9135720591995    2195.21701118214     1         0.3785657931440124
-14951.377097797435  -14236.71889245289   1         22.845480644460622
-10246.453449928087  862.5817976667433    1         0.2166035225140968
930.6414355577244    -5253.866020758657   1         0.11011694713689955
9030.861108104144    -4554.048731132392   1         0.2231261656685703
3678.108025000417    2237.8732991336865   1         0.17577464015378352
-5119.728424713705   9962.383997861307    1         0.4479645681024397
10253.302839772052   -2312.230940176159   1         0.11401310580317786
6185.032171267761    -8346.695659892437   1         1.2496377549199646
9896.796754059766    3334.3598705372733   1         11.946351381137697
2192.4015183057704   -1759.1988595496096  1         0.5342375002694756
894.6506806772221    3269.5083131826373   1         0.7156385955780532
-6367.44001662124    1530.3969649275166   1         16.741805055247966
6948.565968948398    9213.056430191245    1         6.726884403890408
6043.045610496378    7555.629311674951    1         0.8510657221789799
-4804.930083407412   -5092.6588278151285  1         1.2296717385740366
8762.771696308535    2862.7961484532693   1         0.9947925188788385
7335.834264388709    -7354.226052410722   1         0.4210631566930727
-1847.1108193689302  -8698.901486014867   1         0.8462615554426359
4962.564745093732    -7007.624609633263   1         0.606905922377287
4397.958642983642    -6377.241805661513   1         0.11892465663674484
2711.8893573730434   -2885.721965411733   1         0.7150566723841991
1138.4207058281463   6804.066116701288    1         6.55986562457226
4874.457228419042    9114.70218725093     1         0.1657128765612759
-2576.9701637257003  -7490.00881518061    1         0.3489699967182913
-14.0886067586488    2410.799324762729    1         21.56907194897499
7915.210359992861    -877.8766756340522   1         0.11664237179333878
-12228.81120910576   -3603.941614843463   1         0.22594215439813548
