trucks_count 4
drones_count 6
customers 83
depot 0.0 0.0
Coordinate X         Coordinate Y         Dronable Demand
-7129.341927727379   1231.0437129247346   1         0.13324146628112304
6450.675354337021    -7264.928426726376   1         0.4771365653435653
-1434.1299876949242  -3805.0673859322205  1         0.5230012649441813
-836.3126378619755   6047.900176135621    1         0.34976314492056676
6920.42607832226     5496.734258656976    1         0.6002031261582095
-4003.5291676574593  4930.957213668796    1         0.5342748891576258
-937.1360573236205   4219.264077826591    1         22.957643307040787
-6560.703871295358   -2298.8864997202136  1         1.0114149989562982
12.826379164684953   -6245.006959384989   1         0.9725226927866221
6396.012904058065    4353.879546872842    1         0.8364592707723909
-5811.074220680974   1178.036488063046    1         1.113067660847753
6094.191055315514    -5256.668243043383   1         1.1553388136482468
1062.0907577745747   -1783.3196584515053  1         0.39526747245402316
-2145.400014687319   -1115.7265045075935  1         0.10364507119344846
-6378.343568377249   1557.7958557872337   1         0.7094127623356064
845.0485666497657    7319.494407946825    1         0.33758271018224023
3559.656025360493    4535.4333152748395   1         0.6579097323947813
-2724.109239056298   6511.7996512318305   1         0.9954429374751856
5280.913604415906    -3534.937896203591   1         0.14742383760433195
-2760.587130307694   -3270.3726186246863  1         0.6102881769055808
2680.1365756185796   2319.529696824655    1         0.8617643328263549
-201.77610254276203  -325.22447490252966  1         0.9656957090597426
-4326.796382143388   6818.947126847745    1         0.6037208461450191
-610.522025865895    5897.163584432036    1         8.900831774508571
-3522.247528519376   -5070.8099588711875  1         14.139630208224785
-5010.470486177454   2802.469618799929    1         0.6197636846522611
6285.1000239854275   5426.406638348619    1         0.26543988361568666
-5029.0825737032355  3434.7931402941126   1         1.0452206630566663
1837.0483779642532   -5017.650005008934   1         1.2303318952370617
-6438.289105110576   -2217.5135089804226  1         0.9964708255052716
-5522.659802824443   2007.8981248649636   1         18.47769378168886
-6696.128499281237   1883.5038986303334   1         0.9913190920372486
-6750.782961471192   331.01460975289336   1         0.20667724496306888
3385.844603667706    6547.894466461236    1         1.1616945566311359
6073.574817255847    5605.283459536894    1         0.5581779080214901
2688.7559384394285   7282.266278878528    1         0.6636606121060292
7423.460731927215    -3812.4154357068082  1         0.16495847404865327
-4655.5803295145315  61.6088578573976     1         44.821808567098394
-3916.5374663746215  -6001.159245024124   1         0.7391105676686969
-3481.897599182285   3102.1059558761826   1         0.6157069180409614
980.4681869671005    -2623.7497888771477  1         0.13058717362096914
1523.203027429867    -1215.5813812712786  1         0.7039502354117371
-1064.8688340920653  -891.8253525189886   1         44.72881190602633
6103.458150462313    958.0314080843209    1         0.9114681396783921
-5638.919664793968   7338.371148257037    1         44.47109907927955
-2131.1612772036833  3125.1845703904687   1         1.0934514684803478
-4033.8711105988027  -2554.097130475257   1         0.14215311181483092
-894.7737700243141   219.3302270350192    1         0.5594466655034986
2365.382431188686    7276.741562140783    1         0.20884254960814536
-975.7715286329625   -5480.155020424006   1         0.9997237349588852
-2527.17650904714    -2071.9567401913255  1         0.591819609739375
-131.5062750905172   3693.509109440047    1         32.57164345136793
-5597.539159824161   2802.552453214224    1         38.173549902985485
-1304.5559464801022  3988.909866217113    1         1.0065233125432789
3326.1517177946284   7101.356589093003    1         26.942716622294974
-2616.9177757461816  -6680.421801680662   1         0.8263331752086741
1838.0201076340873   7502.977195469744    1         0.5004594440358663
4651.803215144619    -3419.940447098319   1         1.062852072848362
-1410.1347023274589  -1061.4971328492206  1         0.8066052122139892
-7279.5104642743845  -7338.15369246368    1         1.0483214936301528
3703.2740207021448   4787.0849097181635   1         1.2250498707723472
3531.397392339364    7166.451606773369    1         0.42856439573623073
-1826.2417430605585  5753.694829790118    1         0.7908225062322286
5370.456322584343    -3330.6714753268343  1         0.8003953492738963
-2361.8441363020297  -4018.162658061351   1         0.7237359583147198
4837.674383138281    1953.557472889149    1         13.140791015909768
7034.411376034966    5583.353507247354    1         1.0655511483284756
2951.552223902976    -5852.824596157057   1         0.665933953234664
6773.625916895302    1694.0750269711552   1         11.688123428866234
-541.5442595733721   64.93004561124943    1         0.8413243410418147
437.370344749731     6562.34638734804     1         0.25055369658990984
4054.262796871644    -986.4020555994313   1         48.16868006362235
-6425.03443240046    1303.5565359992625   1         17.793862111157242
-2703.0500279322355  -547.8912529627228   1         0.5728898441937471
4021.5152955714366   -4294.425778292436   1         0.7907787522326913
-5233.753786562918   -2553.2421495420344  1         0.6701287681038219
7181.786036145486    4885.990943330902    1         0.481734625072306
7046.588708981282    -3716.7803836214694  1         0.44689629112242724
-104.89028666033546  6807.066299832472    1         0.8057499934321933
2532.998235284791    -7233.3868523023375  1         1.0979386600486187
-1211.5219166794318  -6393.491672217386   1         0.5855733405202577
6280.163564545903    568.6449515755296    1         0.6874076518089008
2468.817444402429    -1863.528687032554   1         1.0533821270613086
