trucks_count 5
drones_count 5
customers 69
depot 0.0 0.0
Coordinate X         Coordinate Y         Dronable Demand
-10618.347898422262  -12352.499095690044  1         0.9342130718611643
2867.064968488451    6237.673752372733    1         0.48133024240596645
1883.5886567225914   -2032.1264653604298  1         3.768139210070148
4406.063266369135    -71.9134212915008    1         1.2072034612883291
-3593.07348827816    -11798.620483871036  1         1.026059575062418
9038.628476807287    -2989.742378602586   1         0.7357799289902124
1676.454952415641    -5722.061884168619   1         18.204819147134668
3581.482694003993    7016.713367157503    1         0.22947864440429655
-5472.930613307698   -5605.573002090229   1         0.5238552652997264
2052.823773828326    2928.6351456919892   1         0.23699744437409942
-2334.1766361825894  -8302.173245795031   1         1.208436994177215
-6400.617588768031   -7237.9973777788055  1         0.31731226216184194
-8852.766848035371   0.9634477819157664   1         0.5197987362584238
-8781.111956685572   4645.160722946908    1         0.4253506903435047
491.5160085553285    8718.243788143589    1         0.6176774881680926
-276.002821333207    1900.863885848125    1         0.8781311461407694
465.89109371017224   7373.695967826093    1         0.9300525336512456
-5367.127838967226   -1125.754992472319   1         0.4295850586651806
-10890.03625148625   -7439.001234483877   1         32.96002619807916
-7721.687601765476   4546.273669041447    1         1.1897984076357502
9969.600752476586    -1111.471215877556   1         0.5001692665166569
-8261.904671972714   -7044.348150661707   1         0.7787918491837036
-7085.876337626235   -5197.422966164271   1         0.20246555171663133
-1736.3904284610005  -3336.064807697143   1         2.3302892006313582
-7087.230959608589   5116.019515396496    1         0.8841435412447733
10220.973423804327   -1653.7659935307495  1         0.3267189830844267
7845.380467756462    8639.936389405015    1         29.83158527425375
-2787.0281056521253  4145.498172865475    1         0.5298406524278138
-4961.369852923749   2342.039870156766    1         35.68255255085577
387.3801234967858    8872.486353447786    1         0.32920784968688266
2540.808380430045    -7889.768702409785   1         1.1482982495728515
-9486.564373905088   7425.791188004812    1         0.21273068161141218
3594.9767945354106   -392.98891235897236  1         0.8471409206638929
9841.202262563016    766.5353128536198    1         0.316743674883163
1178.8007694388564   -5540.282629161599   1         0.37455176514344524
-3296.5562327992848  -10323.74956963826   1         0.399267252299504
5713.914147788006    6327.122457878952    1         15.065624085523392
2250.1867150436883   -977.8224400450154   1         0.1265255767004041
8815.858048633723    -9365.216203991873   1         1.1933256188221024
-2151.9038918434894  -3510.0930991476826  1         1.0970675216215515
4143.376938376411    -7103.124763876469   1         0.84066584542239
3814.7067078616706   8318.354519712353    1         0.8095074383877643
8848.504901772772    -3212.2038818721935  1         0.12896411600941313
2137.6972694041706   917.9214888774244    1         18.598094608684164
7134.644681946896    -1213.385628957499   1         1.0061270548450907
-171.75275512277412  8719.606964813238    1         20.80882434360252
3687.4369036270537   3745.3577999659515   1         0.5975415929207942
-1824.0682866164389  -10869.928759741693  1         0.8748474969704241
5952.216131289511    -723.0348204341062   1         0.28587923017129313
-1363.1764575805464  6433.292967764857    1         20.103936146864193
-4305.399860541695   -2935.5971018685336  1         44.884074930404736
-9666.150773783093   -1518.213841809512   1         1.0024456313037278
-10804.734939824573  1073.0046147945739   1         37.69709156457556
-7541.692324411618   793.2626358174174    1         0.769349022348656
-6716.2425069450455  -5888.788623401234   1         1.128986656547457
-6265.637597816949   -7510.372176942993   1         29.488419009092155
2248.090972997314    7435.527827814285    1         1.098504569341169
6048.566947481675    -6597.412160618336   1         0.9829565894734513
794.5018121360389    296.8640018217022    1         0.3416054640507741
12251.576287769552   12078.75093344443    1         1.0532780177184236
-8273.00304988779    -2540.311076988633   1         47.29675885508966
3335.1347904098293   2409.820249787599    1         0.858792703991503
-1202.7263324228338  -2703.924704651855   1         1.0133654263219347
-8712.031428513657   -1068.6401173008508  1         0.765783022518465
2906.4904760382105   -5799.937916515067   1         0.7656358363742528
4379.647450003533    5221.786392335285    1         0.40659216688755695
8967.145768293423    -3416.644286336339   1         0.2562262890869428
-6405.956584963772   6109.543066480355    1         0.50042606090434
-1007.6284824817758  4869.692431425051    1         1.1916754703380992
