trucks_count 3
drones_count 2
customers 23
depot 0.0 0.0
Coordinate X         Coordinate Y         Dronable Demand
13494.551356059952   9631.5048093063      1         0.6463902711898305
-7391.718112908213   -15052.637358751925  1         34.257943474434754
-8479.119842483238   2898.899468485629    1         0.35302613400772453
-4246.182044921756   -3979.411869727148   1         0.7165165370355812
-9356.531547241573   1939.808267775727    1         0.6723018611170277
-747.9462484415756   -2669.3432781937267  1         1.1238104110559888
-10048.076407280512  -832.8028611038952   1         1.1802776614509365
5204.3730374927145   2106.287138160827    1         0.8809935201388016
-530.9904022720942   5971.115400076104    1         0.9233108100107924
4763.199071265861    -3591.951426346151   1         0.29238401885125864
-9372.037043181319   -4509.728279421616   1         0.7009968362208207
-395.8868234743343   -7536.918128572871   1         0.4119376487505425
-1259.7001904005012  278.74890903853634   1         0.2678417259129574
-6675.881205628772   2052.4438451506317   1         1.2273202478168848
1535.2094341973905   8018.403440431422    1         0.6680908469396397
7339.407757561911    -3980.1592447491953  1         1.1896579407696262
10743.473484476179   3735.9699093639156   1         18.609590456614068
906.0765607042576    -8170.795318561748   1         1.3207440248540385
2828.5203949308775   5536.190809828668    1         0.2497448632185075
-4849.503111841677   10506.039741920029   1         48.36258263690373
1505.5034945485809   -5628.59182928041    1         0.28298382494602914
-5576.136188971065   4150.7968523174595   1         0.5305051042795317
733.8569334299998    7119.747696624642    1         1.1280410880917586
