trucks_count 6
drones_count 6
customers 82
depot 0.0 0.0
Coordinate X         Coordinate Y         Dronable Demand
4895.754981332451    -8031.092812921017   1         44.019193518189354
5894.3426325330865   -1355.0848101896977  1         1.2179029786887092
4053.7934159658375   -1818.3175151590322  1         0.689572074538549
1802.394923601507    -13877.311183942527  1         29.902613706804605
-6051.87280088746    8411.587353379466    1         1.16921232914149
-7019.739894542494   -3617.710320708715   1         1.0497950100919462
-6876.9145375009475  -4564.817156177277   1         0.34962952481076226
-6116.249735428558   -3637.66733637382    1         0.5180250335457885
6556.414701063997    -11230.130868696524  1         0.6294662135790309
-4820.635751572244   -1440.5053105345617  1         0.8839941731084816
8311.179399960205    -244.12709863473307  1         1.083949810200465
-5982.900397428543   -8645.107234632556   1         0.7217940709730756
-169.17976787589438  -5625.880982923747   1         0.592508895858389
-2510.7520601577107  -9479.581685411153   1         1.2153254249085041
-940.6610163094034   -6564.501035590892   1         17.74956186898685
4015.9671598257933   -9689.040082043379   1         0.14745246515011065
-8807.355687963513   -2501.934878766252   1         0.3201553341130222
10015.87247396219    3830.6697219959015   1         1.0191325667900044
13288.719135398322   -12976.289183981902  1         0.7581230011631703
11741.302672616264   2460.188810504391    1         0.15223103561106904
-6466.324776280565   -2139.2932870784284  1         40.76070845968746
-4254.857160420304   -611.0159973712164   1         0.9015882125965727
-9709.89551920314    -486.8266988473788   1         0.6777946724385988
-5254.176188969938   -8621.033840025972   1         0.7246046465031541
4473.190850664907    1660.746094740547    1         2.8124769882522784
-2503.3888752357943  4092.886005208842    1         11.835324240377407
1802.7838676203403   7000.390211435616    1         1.1645940624681956
977.630312406749     -4280.039707889734   1         0.7140761676140671
-150.3050984350225   9490.398210791709    1         0.5564947704622042
-400.8422250128989   -9399.021934195705   1         0.3518004349216508
-7399.28269286465    4216.713319120153    1         0.10907880662332796
10133.342229174172   2054.007959970936    1         0.3014449907555633
-5279.626406246427   7532.137362957731    1         0.4044943006091213
9264.0668932396      2164.6764474886204   1         1.1961812193980015
7879.745054603288    3674.325307780023    1         0.5819567783101149
-6066.07311914048    -4472.912348957063   1         0.3743439448634164
6043.665868338325    8961.683109240645    1         0.37205048111969297
-12336.578797504351  -7962.910575198119   1         44.92512047065154
-4853.837879420938   -13212.528645440843  1         1.0100159827000983
-6926.976854089814   -7471.622782934599   1         0.14912203303721583
-12571.8834418724    -520.5081914209513   1         0.7439637832348878
5831.35226302053     -3741.2612617196864  1         0.5883771325358901
1510.9096334637122   7048.736105276177    1         0.27970302657354607
-7494.237291365231   9.101310153562016    1         1.2233021875878112
7337.279228366538    3802.4605020863546   1         0.9891494076934185
8833.466908115546    -1595.3401229071062  1         1.0370074259194042
830.1940504345658    -8513.328306701858   1         29.99648576506275
651.8352362903266    -2196.523740979942   1         0.7055190565175768
-7076.587587409902   -2748.0988156499016  1         1.1972237222175288
-1755.2923376950378  -6978.033034271041   1         0.2639354848735706
9791.15750701143     12480.165705747222   1         20.17367268621029
1486.1304600513608   -6725.412810926543   1         0.5202731885001355
-4705.202502911998   1839.9325822533942   1         0.9911515674470514
1099.8106514252281   -6034.979764203442   1         0.7933333091921477
-2443.4246699012583  6091.519911876125    1         0.13278516027939746
-3577.6672491728923  -5986.478656197961   1         0.5755959868428149
3291.2594299514685   338.5615770189394    1         1.1877060167493592
-9300.359871420289   7953.7684981288585   1         0.4674392226028241
-2116.1259515883557  3507.15937374384     1         0.8502639122456094
-14170.958426608482  -2903.6385363269947  1         1.1739535635085938
7412.093440671605    6303.1375314491215   1         12.94900831416206
3762.5227631064445   -12778.518161285605  1         2.6569770256653436
4191.056301519264    -7544.907031820518   1         1.0875633302049788
-1326.8209871803751  -8412.149770939106   1         0.5397615527215189
-4375.852742339132   -3331.0908188562257  1         1.0429235689985126
-1362.6701492983145  -4748.102238579655   1         1.0995701226027945
-7877.409774065661   -457.7154255987847   1         43.8798072673961
-2704.8322842003054  1042.9715977242906   1         1.1127280714411827
4154.065718600409    -9730.414327348415   1         0.6958790361217739
3444.4783879756205   9001.710435110286    1         0.19517604217297177
1854.7498179318611   -1051.1877705592085  1         0.4640543287753993
9009.757614497486    -6054.933576397826   1         0.16383592979929223
-1991.8912472129177  10295.551536754583   1         0.6768661188152678
9572.528340652701    2550.660945586798    1         0.9247616136955412
4670.135354016993    4588.576026236789    1         0.9173808830015674
-206.34411871409793  -7192.749952168114   1         0.32443692545958336
227.34381287469478   9523.50679178645     1         0.2249697277490752
-4760.354995596133   -676.7348934244928   1         0.6718688080529475
-3575.4037892357956  -2808.338176598622   1         0.3645814357073829
3672.7051320155806   -1425.6777702721404  1         0.13443761331030818
-3263.127755798589   -772.2533369492945   1         0.7163410171944675
-8465.144920269835   1725.2694172745112   1         14.759607185747184
