trucks_count 3
drones_count 3
customers 23
depot 0.0 0.0
Coordinate X         Coordinate Y         Dronable Demand
1483.1215964811724   7499.130628995978    1         0.5409487432029795
8678.286044217433    -2493.1083141836343  1         0.17299287075505287
1581.2407523370139   -8309.23317909811    1         0.21071753361615228
-5594.088974074044   -4061.772520476594   1         1.0759381779622064
-9520.47850115232    3797.990911340981    1         23.45545010263713
5241.045351582998    4292.400393230374    1         0.9828972430243748
-5179.756664167055   -3280.4145214359396  1         0.6784347253990834
-2734.9482314055817  10415.979220615185   1         0.643111070070357
-9480.19935416726    243.7547237693267    1         1.170340671891897
6801.1877347335885   -48.71133133196089   1         1.083932069109974
-2140.2702046628     -5752.585386929496   1         1.2330518070265497
11825.78992924358    -7480.635941923943   1         47.80788997102874
-781.4497043648214   -7332.140503045892   1         0.23129528659060866
-2755.953453951945   -5166.026210457045   1         0.23000842509351477
-6511.58988142252    7840.817096257117    1         1.1033792482343192
-1184.892395971437   -1428.967937010216   1         0.8084238476899799
2162.384626037007    -5019.555666687005   1         0.6780833620685793
-1665.8275663295224  6904.7339282320945   1         38.07353541407262
-2871.6852425437137  -6868.356174327952   1         0.35048412385020034
4797.6354401501885   3973.40854737992     1         0.8132045422272292
-9098.986666714936   3246.6449630085413   1         0.600977698820916
1783.8147888253418   4077.1263147406758   1         31.378459353328765
9502.133586019949    466.1636364318682    1         0.9268799373813668
