trucks_count 4
drones_count 4
customers 78
depot 0.0 0.0
Coordinate X         Coordinate Y         Dronable Demand
8654.13287488061     5760.437799553823    1         0.9635706472844238
6002.605729961246    -8294.612367662554   1         0.18170394898579426
8248.693975397762    5519.917300857618    1         0.9401248865685763
-3661.4230055845483  -8370.042766289327   1         45.557191792376756
-6178.271799065059   8305.092519992502    1         0.6469870933463556
-6806.844151240096   -9116.588099697296   1         0.3947796422972685
4652.823310756017    1968.5794000747032   1         39.168087497845626
-8081.849965046564   -6270.094132986222   1         0.9278459151695087
-864.9339379845593   2036.9608680325734   1         0.4200639540993786
5986.4181998682425   6434.077556910858    1         0.666956072928105
-4770.229625722802   -3951.0334911574428  1         1.1294327454839481
4524.212073825804    -4263.294769003695   1         4.8216940627248
-18.275820810565133  3540.409516543834    1         0.43223121275462084
7095.903309876234    6474.553244977993    1         0.41340785874425134
-5583.563974061355   -7064.901291510386   1         0.914277560536351
-6152.469386115514   4817.098150510412    1         1.1923620205307157
-2336.1656591310148  1379.7671948178404   1         0.8921834640590888
5719.655163735508    -3193.992533876904   1         0.3604367808980834
-3231.403126185541   -7950.536960672854   1         10.318531845841347
-4181.160636209616   3627.240482077543    1         0.7440145646208696
-3438.775478809289   8552.417606751946    1         41.28506905725801
-4247.600227680126   5356.076057665376    1         0.9851153625465455
-2425.4190951659793  -7206.62023633917    1         1.2051630495857366
3420.489847428298    -7590.439912121496   1         0.5324916904047932
-3535.3796519434777  7521.059538444876    1         1.032410371202824
7960.387403794875    6405.690136742034    1         0.3570861500789446
-6508.418234316599   1555.383800290172    1         0.20851622545495452
-6499.867717961777   -5351.172252701962   1         0.8963122359377972
-6673.365368470963   316.540070152875     1         0.8720688573216677
9140.214772152858    2422.1975267990115   1         0.4384812012863516
2939.9549035980576   4524.938916984554    1         31.757365319126702
-5948.3477240939     -3689.035971314816   1         0.6137895387022251
-8454.08807388388    3512.684498730769    1         0.2189959795817532
2278.286955613177    -1174.3972450996598  1         0.4823326777841166
-855.2824886308795   -5188.940835803141   1         0.8074156133571682
7696.687725477939    -8256.343364397704   1         31.94278907731912
-6771.370741911648   6117.473844699605    1         38.46977485646643
6987.805858814974    -3822.6643054083243  1         1.0151051756029585
6474.940219758961    2453.632497921864    1         1.2131420372695365
-1784.2949887397772  -704.3278492318694   1         1.5356943873869637
3430.265656621745    -1732.6906430609984  1         0.8270410224314615
701.0437211796961    5243.8214478151785   1         1.2410017479591027
3769.962617511772    9034.586326315248    1         12.332129883897972
-6063.482760312293   3000.256600499455    1         0.5498206360541962
-5833.996736712947   5307.2738881990535   1         0.5963554429570848
-246.9653663198868   9254.96236157326     1         1.088035922131968
-9086.730876736716   6310.775907123963    1         34.54637544866902
-182.2486355109277   2869.3163725636477   1         0.5959292167693433
-2072.244621665103   -6117.721101255201   1         0.32395885952633174
9345.867663968682    5119.7117635099075   1         0.4183063113899351
3933.6600680290794   7518.069865900909    1         0.7877990638160685
8394.302030786217    6117.606926413903    1         0.410320288879402
7415.541885023135    3710.8067382571335   1         0.5488151159312203
1948.0816052319403   2205.1107196704115   1         1.1348717563856185
-2496.281210103674   -2619.795324609682   1         0.6431350822338762
-100.15930254089653  -4445.404920130722   1         0.6340770442672113
-3610.3000648370876  6458.581170419205    1         1.0871848291383217
-3882.543171904123   -3770.0861475472843  1         0.27040260882573824
5129.795396950442    -2901.4922917162858  1         0.8156101501673748
9003.423418057213    3562.510059819735    1         0.8248048396410731
-6486.796723691292   1639.6280148608541   1         0.12927547131964526
-1427.212376235664   -364.0176338256711   1         3.341491663959598
3242.00665913643     -4593.384397960256   1         0.7500066925135594
2902.9845056867634   8309.93647086368     1         27.09292601237809
-3290.6435904596683  -6928.516209819565   1         0.3506634911855119
-1361.3852331512253  2221.542731486039    1         0.8396184066650083
-7200.106151236652   -1754.3998721074659  1         1.0194461604449183
-6593.033339677442   3014.467935117161    1         46.68107537435194
7492.417107476615    6021.6333217538295   1         44.225412789268944
3535.4807959769705   -3137.198157761669   1         0.4518759208039098
-3753.9194071875218  7190.7498921793795   1         13.848041888183523
-4693.755160242792   -1917.4798801230074  1         0.520463107829454
8740.435024632376    4081.538964861675    1         0.4797238535368429
481.09274750155186   -185.88132636566624  1         0.5542695931896173
3702.6680206321857   -493.57911261670324  1         0.4647249032791847
3615.4150936346828   -7800.704088063239   1         0.278682426136442
-91.90615226321906   -5001.697734053705   1         17.29996163180693
-6377.454556398275   7484.244345941264    1         1.0311343022086443
