trucks_count 6
drones_count 5
customers 100
depot 0.0 0.0
Coordinate X         Coordinate Y         Dronable Demand
8570.033751499415    -2678.8668883934533  1         1.2178719375918368
-5858.857733847771   -2407.2981023636535  1         1.0933394262439868
3481.138598831918    4462.509874036617    1         1.018569025973209
5465.848701288535    -3909.7128836942184  1         45.44123947653637
-3528.1140436077526  -9880.104681341565   1         0.8663429193326516
-5371.287998008363   -3663.735795987706   1         1.1984848600834312
-4297.184760657365   -6930.725813361479   1         1.2495297071444391
915.1987461949516    6317.292567968764    1         0.9705008178039929
-6067.337688467      -4019.7274551537666  1         1.0139016509470804
-374.7064065644827   13671.35824871091    1         28.1622869649579
10157.719671848412   -711.249693057735    1         0.24618598069852504
8072.222254062128    14295.201758408739   1         0.9636044025795789
-1685.6621841238828  6363.038937177422    1         0.38256362021724544
-2917.8431306849507  6991.873433914492    1         0.786315182433779
2357.848896442868    10043.64653065444    1         41.406675337703284
529.9612476931708    4707.156573952821    1         0.2641788410649504
7933.061062290307    -1186.4326229844012  1         18.71196624331737
2652.7246510333825   2762.0574735117175   1         1.1895563120720787
3987.6758316958153   4746.049319107294    1         0.5472579929584572
9385.371160334706    92.659658054512      1         1.020486390564079
3637.6669417685057   -9426.10743583809    1         0.9517962670311959
-4091.468383528487   465.8164497638705    1         0.8979346410705487
2323.316241875525    -7295.985776550466   1         1.0619558357899122
1753.3284076256723   8749.713631407934    1         40.38458998592982
3497.673199769806    -12705.2304397174    1         42.61118669518924
1206.63734762733     9351.343345257961    1         0.3924051010382672
6747.603079727354    4258.859533743509    1         1.1969238757069072
-9080.629154841765   -2493.1315815403727  1         0.6828695985106229
-2857.6393865495975  1929.8502402264953   1         2.2268211945992817
-6717.514180411279   899.8727758731819    1         1.064061454276911
-4239.60432503944    -471.00370558959935  1         0.35392765197046216
4122.92579475981     -599.5852193681184   1         0.5324028622826804
7009.678779769921    6570.15742509905     1         0.7639386752531996
3140.121700081144    -4197.562144405483   1         47.65286495812398
3539.178508746858    -8572.58590572424    1         44.868427304079276
-3294.2098452439736  -8209.128171416483   1         0.8054539589211244
9592.165344063169    -2382.172009823999   1         0.16966377290999304
7886.03091042899     -2989.7457627565987  1         1.2199623698111268
-5424.52120191962    8816.251218556532    1         0.8228174114173137
5259.350560533299    10771.767483532958   1         35.90750747746291
401.4376096406425    -5691.560094234673   1         0.918226590808024
1365.8855733104651   -328.01878314957844  1         10.317690728943221
2178.759418616999    5517.574457888901    1         1.049415168236407
5219.784756783216    7886.407887554906    1         1.0272683861522487
-1837.3422103226012  3621.5593028537724   1         32.880413721412076
5267.001373484721    843.3047231943796    1         0.6071287329608677
2012.466818085637    9580.165306925113    1         0.4685061593064719
-4602.301502124769   -4112.799786842071   1         0.9865822574306404
-5699.934373704343   -2495.809376929359   1         1.011255829566493
-1183.1708374150942  6069.700373719872    1         0.33216603369657205
-8196.597608410206   -2964.715262197328   1         28.1320252131826
7356.266400392388    -377.35462022465094  1         0.7323895544501645
-1401.0820366638745  -6610.711970709614   1         0.6082248661367946
-2994.272181267197   -3456.71040834402    1         1.1920532564383433
-15135.776389822313  -3952.22226518547    1         11.41641557411763
2844.4312929149414   10245.52139503179    1         1.2232902566174495
-7113.065241371379   -4464.099135239342   1         0.13285201147507636
8061.874218345163    -12234.814840688141  1         0.6052739513372029
7454.239495054402    -7681.779946077957   1         0.12899215469777411
-2117.686677371529   -190.5469737138439   1         9.885708882443755
-2386.926720539517   -7099.03283212444    1         0.5663569842091699
-8491.966390961621   1537.248857758493    1         0.596686621674478
-3419.8211289353194  -7730.860813428127   1         46.512032994257055
7096.333534564457    3743.946881154301    1         0.778901066688729
-8053.448488761531   -2097.282755310689   1         14.236663420515107
9344.481327330242    3085.392097259316    1         35.32072567110136
-7342.574267629649   5761.198032698436    1         29.916483720995053
115.07470688255125   8239.210912638979    1         1.0493481875115067
-6442.265185005525   -4800.796049485016   1         0.5082710610926625
-6610.935116338502   -8146.97307398604    1         1.1367853236244772
-9755.009113810376   -4514.156344008902   1         9.633131016522315
15709.277384371844   -6885.034454609555   1         0.5390451099075192
-6130.584652493943   -114.08609051773243  1         4.124208880400374
-13094.477295390858  8933.885983632585    1         11.149572497983993
-1254.8028965762396  -8356.761052898222   1         0.14401823865728722
1597.6115061009157   -6286.354964082064   1         4.544089688785974
-9651.877417357386   -4036.8423435528175  1         0.10935657245608521
-10329.069085574076  -1326.200071325749   1         8.188935127522457
-14012.309210933961  15744.45523924719    1         34.2176130981781
-2946.6456628428123  4645.442313940403    1         1.1289498666268514
8844.801333501415    2238.906532227284    1         0.9696455738447176
-7179.182331133832   -2258.4281354042546  1         0.44506621652225753
-88.82675226115954   -1999.183078516065   1         0.8267599525052951
-10118.508335525203  2746.1718730376256   1         0.6857205843761247
2105.356729025634    9235.41400415563     1         17.364218706587437
3618.901368599896    -5759.647164523986   1         1.2222628638584219
12862.21794933627    8109.017544747732    1         0.9597168728354465
-1515.230471925727   3680.54171185987     1         0.7263056990410158
6685.679844228419    8632.540422582502    1         1.1664369279369688
-8479.381669143091   3087.1280540072676   1         0.6407970519672521
6523.657887395335    4543.82397449933     1         0.8198997803289061
5798.155564813321    5567.716552646829    1         0.5232211366918197
-6671.536675058046   6498.387879366372    1         0.11736267681273732
10407.54867435674    -10788.697123081363  1         21.488720333175884
-1779.576900909362   3245.966575157134    1         48.70172677772565
24.934226206002702   -9421.138962536561   1         1.2062069317449007
3421.719732834015    -1368.785028810194   1         0.5333825453190053
7948.690390483045    12711.418140602169   1         0.6087620837214601
-4393.493421063363   5302.631137413238    1         25.247742419169995
-7065.507398488619   -4764.286625572873   1         0.32580199893067957
