trucks_count 6
drones_count 6
customers 87
depot 0.0 0.0
Coordinate X         Coordinate Y         Dronable Demand
-5179.332500480119   -1329.6850514853977  1         0.6329648409762902
-7131.879384923375   4132.614708118893    1         0.49170405778937065
7158.6391401027395   -13731.651901608233  1         5.980874657288989
-8950.485147602461   -3195.7494500980106  1         47.98450840606719
-6854.586436160437   3919.5538251187963   1         0.1889128286743329
-4292.503900748741   -1517.5523228364598  1         0.8244354069337846
864.4319515532447    -51.54836581785656   1         0.5484998993312795
8337.26177682116     -259.5072169391937   1         0.6740418837773077
2495.63128479859     5061.44249208476     1         5.4995082664236055
2966.820759293066    -10050.022071303514  1         0.7070939455139205
-7147.345080073692   -6873.83822944511    1         0.5278799870088754
-8055.4108144600095  -1191.6256632552406  1         44.54132656526611
4693.105655499737    -628.80251091071     1         1.065154090553416
4732.88579765653     2437.893255023091    1         0.46240273060527415
-13419.447656710658  5809.981482029605    1         1.2135980524555556
-3723.8827336667664  4381.192652931281    1         0.891184967158743
5294.950646062927    -7094.3033063311295  1         15.253418398344404
-9039.005330810782   -512.6306214614391   1         1.0294492989916963
5289.545388451409    -263.96428704861603  1         0.5041332576157718
-8166.7400245341605  -331.8173142296492   1         25.888739523381975
12103.003959691407   10820.179820488513   1         16.46581693123516
335.3201765074145    -382.56283767610483  1         0.487516624977805
8665.486184550695    -3942.7912704119267  1         0.8648307829831203
3170.5400564434663   -7149.672729401575   1         0.6785183930404329
-9273.332686662801   -3370.6469931068928  1         1.247902444102571
-2495.863904965165   -9460.759441650107   1         1.0268871613377528
807.4260578956209    -5490.304023884241   1         0.560004160853585
10580.8943695237     -9923.047277163925   1         36.32542302702024
1391.6480060858707   -4026.4110859910343  1         43.073392848476225
4106.154738712898    -2091.3587009484763  1         41.276265056057504
7654.792628409876    7799.248697601219    1         1.031400126251362
3189.303416917457    -14005.476955558608  1         0.40430716705245284
-11983.56879775133   10957.620434020242   1         1.0516948220947309
6444.022434859464    4319.010242697205    1         0.14066689008052707
2816.6695337783276   80.07736526889788    1         38.88529549295133
5519.166613749156    -4533.11919084693    1         1.080161069251296
569.8086970182499    5176.877215365014    1         0.4543789826270832
7366.788085944056    3648.5874872866793   1         0.3162570456997904
-1670.6159247795347  -5879.898271415927   1         40.2253520876831
14151.25836338061    -9733.28113411936    1         0.9722127493664883
8507.085840807476    477.3005869812937    1         1.2229360396366846
9485.11293604444     -3680.583207924992   1         0.7656668684534097
7851.116650899933    -4391.668869050667   1         0.11194026507422478
1788.499453462691    -8206.28983291095    1         0.8031544490353599
6305.826715322684    906.3397324681019    1         1.1036588657786144
-6341.742014207818   -2102.9135223346652  1         0.5762785363483397
-9717.262548187788   439.07748440348735   1         0.40242182619726574
-7859.268721188661   4884.6741049639      1         1.059536572558192
-7470.661429111377   2411.1589573301485   1         0.703049163638603
-4471.983144858901   -11335.974199205444  1         0.440351607469083
3798.010520543972    -1944.7450086871756  1         0.8714127107940499
-2319.0297388592703  -9225.798351813395   1         0.11278009551134488
-4935.878793192744   6418.389339113637    1         48.71456314261592
-1554.8885730191803  129.07628080008536   1         0.386898771572845
-10284.655222635996  -2742.3457544955318  1         25.873672362590153
3041.2881063965215   2388.379696105738    1         0.7221599899266741
8952.351272007014    2818.1943286211635   1         0.8779164736593532
6352.069180148424    4536.766124745227    1         0.316288967195682
-8913.04035433713    -5645.668561682996   1         0.3178082250760348
-9158.941996413763   -1839.0051143401713  1         0.27856022378752554
-3114.467148045274   1790.0428962695423   1         0.81214473639996
637.64922688539      9463.039758174124    1         1.0024821033786508
-2352.970593056501   -5946.131952109444   1         0.13262627518124148
3197.257185600048    10444.658297558832   1         31.60003933779897
-2833.9186289756394  1878.9885903259058   1         27.50403174596975
-9432.89350566372    5408.876659549894    1         0.8112738594318386
-6977.884040160604   210.63139695928314   1         0.6933846111697236
-3230.2305626702205  -9868.107469615932   1         0.26209505792572285
3494.9717716881037   3126.44193803962     1         32.24597271849866
3981.518216124943    -12513.849345729439  1         0.6754147635933644
-8620.285485099419   2508.0355926062834   1         0.7609772756489523
-7384.000078396826   1687.813733267528    1         1.1242168750521793
922.8785811597554    7837.775950353317    1         0.24117557549763746
11260.286544494476   11116.91609511806    1         0.17698860481036555
3392.1463675582204   9627.943057268145    1         3.0750032885112555
5516.863811257944    5384.50359131369     1         0.6540172257901319
-12351.37462386693   -11276.507929402887  1         1.441749852975303
-628.3595028426674   10718.740757560623   1         0.37021460771198333
2376.143437572042    11516.29893933965    1         0.7796243947123095
1201.2583918727655   9714.165145645777    1         0.6366089722824909
5414.310493996058    5013.872803291798    1         1.2261392504567439
1806.7370886645717   -8370.078324532476   1         0.30271047241034343
2498.3940621067245   -705.9520682539369   1         0.3704905767745653
3663.3439800137726   -9716.669723929912   1         0.2860735415194453
8941.859468824125    633.5486797234577    1         0.5766225143837447
6765.24446972342     1545.741405828038    1         42.25782781781234
8017.075882514316    710.2544830964343    1         0.43005636201935593
