trucks_count 3
drones_count 2
customers 31
depot 0.0 0.0
Coordinate X         Coordinate Y         Dronable Demand
-7888.08133266497    3613.6261183414904   1         0.5708087479782049
2504.6189835819546   5460.095843037982    1         0.2924383560898212
3966.1721847709396   -2622.402110644046   1         20.62676144581708
-9709.69612883383    1171.9710011378943   1         12.24144793707359
-7128.063896268744   3690.262556221474    1         12.610730286310496
-7583.123104284319   -6367.012051941018   1         1.1178060501730347
-9745.47487498013    -2754.203087232964   1         1.0850281995650897
-7602.407170546039   -5392.26486422568    1         0.6146292104105573
-2195.2556394135495  10188.367840827968   1         0.4149785652162383
1441.5075583819391   -7357.410113499446   1         0.49318604542401356
4150.339767745081    1594.035706888411    1         0.15455900693761782
1555.7065150991366   7968.223971473084    1         0.44614257028101334
-8183.694399879782   798.7662396230153    1         1.1453851174733287
1064.9225486323876   -10561.914499397719  1         44.7878520523306
-497.4873568826554   -2659.821722008315   1         0.5523740233514125
9185.179861315179    777.6559174852291    1         1.0524788106450662
-5151.0347917018935  6112.3055042033      1         0.5392544666213216
6730.214576844555    3327.6223703603273   1         0.3235085554901608
8684.536725550463    4516.029692416608    1         0.7327049524098744
-5946.036838905542   -3.490275546434873   1         30.324174636374302
735.0259898830882    11344.110634886112   1         0.1899358100724452
9065.921778541444    -5029.058167631531   1         0.7815814267478801
4791.397306291552    -3099.9119015030446  1         0.18240366808836658
-5609.1777598592425  -9050.779255503854   1         0.7550197824748758
-3810.508017713484   6775.656126517437    1         0.9926063787313137
-1564.974168056024   -10455.19763699635   1         0.6060605267702217
-5295.980137253986   -1706.930275791994   1         0.4775659996705601
-3180.535499014031   9665.774309459173    1         0.8016365802218922
-10449.315702838541  -1570.369040147902   1         18.596858263012976
-5985.447601550959   -5339.048815724309   1         0.6524350395787548
-2710.8714549043552  2062.063349974982    1         12.046772880278937
