trucks_count 3
drones_count 3
customers 38
depot 0.0 0.0
Coordinate X         Coordinate Y         Dronable Demand
-6563.08142404542    4576.856292700445    1         0.490580798786582
-621.5701126178993   -5036.593808820717   1         44.26998723016907
4654.643428659424    -3535.843198419515   1         1.01138785689844
-9788.508546452842   3282.3782243644887   1         0.6560798345610664
-8597.315093803769   -3905.816043899714   1         0.8072372883472896
8359.492879410049    -6779.594469220131   1         7.421824647927418
-4676.186057174298   8775.457956918826    1         0.83879959163853
-1338.9317864722075  -849.4152838108903   1         48.32351788249017
10905.853087471161   385.16303886571404   1         1.057048014386293
-9784.380285591822   1639.264712399825    1         0.6039051789401533
2494.9785715699554   -7111.301399005503   1         0.411423130130127
-1600.9748506873332  -3710.4908005489106  1         0.7935902055635204
6095.6555770205305   15252.116062029461   1         39.29054235922494
-740.9394403324425   5002.881691366834    1         0.3226320267630287
-302.7243694504372   8805.593955702036    1         0.20236504240682512
2454.734702017521    -4014.0097977269643  1         0.59049872600663
1558.113176499191    -2675.369955552347   1         0.7504354641959016
-468.73718833642425  -5419.889941742537   1         0.33903411877677486
405.32276908802964   601.7226257653938    1         0.26505521381781394
886.922326087786     -3024.509070072924   1         0.3803552198372939
-1033.0548868531018  -5741.780700545356   1         0.43423978454012313
7412.365278912922    6816.736101641264    1         1.0101153474323956
1264.7004393348793   -3533.0070534227784  1         0.4190076978110384
2683.9269212004388   7936.394207917328    1         1.017390569123019
-283.4058464925671   -8423.848085585698   1         0.8425722025147161
-8101.43468415709    140.92378249508403   1         1.1255744402247636
5089.372390343982    -5395.095786687576   1         0.9027244788151977
12672.03420998565    -3799.42486509604    1         0.45452169138767673
-6313.255519449254   -3997.6151096500635  1         0.7308279665336495
-9455.091454357365   16725.925501465877   1         0.18604291782762275
5988.022193828683    9071.302071655884    1         0.5102121996398098
15276.382959629016   9291.705161143527    1         22.125058443812765
-6399.57184386155    351.67235138156013   1         1.0185349245434479
-7399.316261627382   4959.304109537816    1         0.3734882991683741
-735.2615645882614   -1192.4044161866325  1         9.295034355089472
2566.703565965942    -6312.645030775241   1         1.2182417343013476
-10908.81387834928   -14051.183097355632  1         45.08720501783691
1980.90211372749     -3372.3596319576163  1         0.6916232504031216
