trucks_count 5
drones_count 5
customers 91
depot 0.0 0.0
Coordinate X         Coordinate Y         Dronable Demand
2832.6598975481566   -8238.797725782837   1         1.2468642507055385
3676.4172771778194   -9475.623314566086   1         0.15220881990229113
5098.045669138062    4689.405733258211    1         29.957969567706236
2747.8500022892276   -11403.412323851231  1         27.629967762816285
4531.296795069207    590.5558309869906    1         0.23690812699842873
-2942.5057774401107  -6723.275778190718   1         0.7030992856743602
4942.8815032720795   -4856.245248614278   1         38.03487602262633
-444.4039181691179   5367.1353480237485   1         3.34864608723901
3992.2383912360388   -8967.517349614864   1         0.3405130289521761
-535.1866173402823   -1691.5943564896575  1         0.28148234563723895
6094.867759353313    5812.801715718655    1         2.269025367803827
8977.160665113788    292.4129521688577    1         1.1157094643590613
6410.458944034261    -686.752117380347    1         0.5183715060770189
-995.1994928401789   2537.376082174865    1         1.1421340588006665
-383.7888524673231   8037.7807086888815   1         0.11917426528570074
-7028.105265608348   -7921.878528908513   1         0.6276468718254861
-432.4629296355227   -1036.2590427306352  1         0.13360586181393364
-8994.734383433944   2121.444569632287    1         0.1953071535888002
-5357.658130734891   -9017.530626737464   1         0.12000568110045248
782.0715614553174    -3690.443242307385   1         0.7942506195420844
5906.412423456895    -4790.976727626024   1         0.5959357491045795
8688.618662372062    4062.9883220187457   1         0.9851879523282263
8142.463618247182    -1063.014593597668   1         0.8306715618759444
-2587.836976679154   -2105.011471962931   1         0.9158097159509879
-2284.639056629719   8693.030038330893    1         0.9187731031766929
-6501.519981523974   -3030.696756807077   1         0.6621606918094723
-9784.947089661317   -10121.470373716442  1         4.370355061231223
-2547.0780253249736  4404.984430505512    1         0.2793247574157348
-7010.569216716059   -7816.286315045679   1         0.4860083157901597
8490.222964672594    -4818.16272240644    1         0.2519844823484588
-7768.36319630632    -7681.915638184803   1         10.984912659588213
-4631.978264254732   -6228.211453399354   1         0.6477582635447281
-5969.311906830291   -3935.883333873005   1         0.5781449796094706
-8932.239355930982   378.1477222342938    1         1.1688188069070409
-545.8530371991451   591.8270514731406    1         0.27110527360064607
1006.9103744118762   3691.360314776696    1         0.5750484836115332
1069.2187581248515   -3465.4171257478647  1         7.404577779169951
-3170.435458760077   -9476.698886909315   1         0.37849047119831225
3265.050615859605    7861.236177737652    1         1.1692009803698271
2241.2325120807423   -3427.541595890267   1         3.959512585355005
2876.327993429182    4391.834879498663    1         0.9756618658335195
5416.404239727397    -8479.427762476415   1         0.9903860144005338
-2686.912949041656   -9850.990372071188   1         0.2639717187771644
-6619.643984750365   2214.971282535403    1         0.7903036126541008
5429.936372290516    -4597.6139395383425  1         0.846776738187495
3736.1475139250797   -9647.148195005613   1         1.1499785755602896
-7907.1441695982185  2376.470498164767    1         0.7409030782150121
1154.124906877526    7107.30783378783     1         0.6240961497313293
-6821.833293230753   -5778.384388865481   1         30.190469954627613
4011.2389954984233   -3669.010729634475   1         0.7989789396958556
1860.1118389465832   6639.5786605439935   1         0.8877019654735999
-7421.879712493785   -5299.453689428526   1         0.1285873715140302
9622.920117801057    -1208.1580351130558  1         0.7750323556108986
4169.475139359705    3206.762353928026    1         0.5861817249054283
9294.767340005941    2257.2704868194005   1         0.27294603136907825
2771.198405430055    -5071.509636818243   1         4.051280542381079
-917.8415422284252   -1604.9008547933608  1         1.2115025291502888
-9171.206752674023   3943.597216883438    1         0.5809060928767013
-8344.924510500556   6735.3644764020855   1         0.8735794323430982
-8910.748935624944   -4240.553111015883   1         0.48339914964052544
-8904.117119641887   8209.974272912747    1         28.77107324434933
-7649.524372897745   1267.564030791181    1         0.33883010479672926
4272.486928664039    979.951801109155     1         1.0815363631573396
1402.2393292376244   3542.595128040622    1         35.54007504961154
1338.894478220587    -6029.942607315407   1         0.3590343962463237
135.88338196123792   -7488.682802961068   1         34.726881837028586
-4070.1900425684794  -3665.9167831660257  1         0.521333117887635
8011.995507854746    -9771.660702869493   1         1.0881452938544227
-9322.35414188855    -377.62374759129125  1         1.073157232718576
3824.441517054929    9668.091981044332    1         1.207372341055286
948.883282580578     -1987.961377431657   1         0.4052068464031119
-1530.5596411319675  -424.83558715488493  1         0.7437978620415829
-4777.724061017853   7286.153035305619    1         1.00990489039409
-4600.278981590688   -2245.0007586075126  1         0.7069431652237478
5462.491332762073    4470.736969254453    1         0.11525439236051524
-1511.7125678537018  -2459.2907758500405  1         0.6800717486336321
4133.130557677956    701.0677006338542    1         0.8753163545886748
-2941.4683756993486  -9915.633176504287   1         41.84330313805948
4682.034680649824    116.63313318145474   1         0.7995202113667226
5037.110288095457    6672.226785738603    1         0.7183427040104701
3634.4117798995785   -718.6550494227802   1         1.0815633929622284
-3741.9728607753304  3422.1500572331447   1         0.6853110523548231
-11135.017196582821  10141.390767015102   1         1.4933961015334722
-6460.036585331818   -8662.72402144822    1         0.5505870377139762
-1171.9011572688512  -6721.057273823011   1         2.7362278129753514
-5166.319464403994   461.898658581426     1         12.998913558443295
9660.944723524553    3133.1243853952037   1         0.8799756325327719
-1349.3401552924984  -600.2852420094428   1         1.202855825901007
4417.75956979725     -63.013023176720125  1         0.9011666712463342
-5447.900804485517   -5639.967202670861   1         0.83125372144419
8178.063968320372    6750.324208540045    1         1.1385292189211222
