trucks_count 4
drones_count 4
customers 73
depot 0.0 0.0
Coordinate X         Coordinate Y         Dronable Demand
6740.408390835162    528.8045794720371    1         1.1791739396210483
-6954.099725275115   -4802.534832561791   1         12.569183284180108
3509.9696007677753   3943.8643727997337   1         0.9872651286077133
-5155.521671272281   4225.336892818292    1         0.4924512587389237
3921.8868456131954   -916.2241761173692   1         23.333360412624703
1330.254234690677    -3703.6265272876135  1         0.8733353356763054
-2321.448859814752   -7791.819675569462   1         1.0636055057035454
811.2130714683555    21.735182523769506   1         0.11162858727466557
3241.805718343921    -4411.196174741315   1         0.6943892453317848
-6385.8800274044825  3123.45025460511     1         0.618947300428899
7569.067583534413    1960.3851749047558   1         0.9734098920400831
-1390.1092990927937  2614.3216121177065   1         0.5236613892225769
5596.2331355594      6209.312638186835    1         0.7724849931955957
-7969.839855781252   -4278.320789199475   1         0.838654870546355
-5621.750772051314   -4974.200889109833   1         0.606185981249877
-7673.856478482697   3427.4749090188147   1         0.8893305085098165
-7801.233841654337   7433.891108237278    1         0.8605338407368829
-3547.7224598447456  -3004.466714425623   1         1.0648030711286756
-2843.0605983429755  -2984.2318525735704  1         0.2341977874136242
-2708.7014371007317  -815.9949804567868   1         0.7813657858063892
-660.1043175788651   -8567.52745545907    1         1.203643080897822
-2650.4514742502283  -7875.990169235481   1         0.6533290464533663
-2896.8665250730382  6523.35263649911     1         0.8320343584491598
-1794.3154535304084  -3198.643289225267   1         16.354999674699506
3667.717426077069    584.3636981612941    1         0.25631023461703717
-6334.09159181027    -5413.78249580565    1         0.8164537041019322
6491.941243260397    -5529.819792988598   1         0.33450468607674055
-4253.670730731915   -6286.409909616007   1         20.758310289348582
-3087.0289030089543  -5415.648492350003   1         23.885911464681822
2631.0120151432675   5800.945830222733    1         0.3085012104690482
3169.374690463995    713.97078226758      1         0.28962543958868237
3911.877142279555    606.1132726373022    1         0.5718163199860062
-2095.1175295347853  1070.8322939750433   1         1.1839484635507518
7920.537598976578    -7118.626626218642   1         1.1354533772140598
-7026.331231455598   -2840.110476636805   1         33.522032757183894
-2573.768275128362   6600.725289273482    1         0.39472599445676626
-8101.951723001492   5711.924314156348    1         0.20913271470424188
7598.347692498277    -3042.137647812816   1         0.8488566147294153
1330.2464618151625   -952.6272311880984   1         0.6351149904529084
4128.331845807153    3918.5231058659906   1         7.299661324052225
4679.951279339433    -1700.9926668932128  1         42.710777148172696
-159.34952451326646  476.06737162053713   1         0.17447891936271395
6940.306390256625    -4431.283043653966   1         0.7055433604118232
-544.0145383565836   -3319.3963339638135  1         0.32588065916757647
-2379.5397849293468  -1314.8224321870066  1         0.23241337013778185
2485.617666642119    7845.622083502556    1         0.35298331476247224
-3986.8619887521204  -1682.518085638479   1         0.47353885510024185
7513.730850718508    429.55539413231054   1         0.157624654275083
1458.8440028030993   -6108.038595595422   1         0.39456767708577856
-6824.65012997631    8099.630542950327    1         0.39280654743160104
5330.850523197271    2858.5328256453868   1         0.34666321282955836
-6749.547552805336   -6089.683043475625   1         0.17940515977180432
4987.105725361556    -4952.697773044366   1         0.32300624888611784
5588.463401592098    -7187.881445825006   1         35.29621432402701
-2610.482174667195   1230.9022441917648   1         1.0503720257830185
-1731.6499850349442  -7865.563589654107   1         37.54485005473068
4789.960282095779    -848.7514076553325   1         0.9621093146041315
-210.7771827461649   -4429.371598723545   1         29.24696828101334
-7791.747582553146   -2411.1325260551002  1         18.996028504232246
-1837.8315975034154  5234.955437392       1         1.0473348768801929
383.7910992073852    5233.3656975739505   1         0.3115230940017707
-1376.1168710254517  7780.960863099549    1         0.7302051725691846
4021.850783440682    -1718.9227331421907  1         0.6055777788853424
6539.939563978472    7274.020555301455    1         1.1615411535900961
-1772.3120049153258  7275.491467447987    1         0.3268968757914914
-5545.954534913408   -316.1450591605234   1         0.6494345915326069
4668.226445150456    1130.9317960272824   1         0.25158193116857575
4200.950306763242    -5598.394860333768   1         17.168155277286566
-5588.267072421925   -929.4086637970111   1         0.17174077059809909
-7531.416592616771   -3486.1572891720098  1         0.6611481826477315
-1263.330769402681   -3365.588529455612   1         0.12815525587850154
5261.986241641886    188.30793175594815   1         0.2246295262132451
-8057.802213352358   5060.055630142442    1         0.8667704606912149
