trucks_count 4
drones_count 6
customers 97
depot 0.0 0.0
Coordinate X         Coordinate Y         Dronable Demand
-6590.181659333544   -415.2387145322034   1         0.3688766954490681
6717.123970557232    -86.15447038613098   1         1.220280512819657
-6187.799458936226   6133.767829411295    1         0.5370666951477641
-8272.89959043896    4965.762243573526    1         0.37829005600871324
-1986.562631019175   -2884.294884342482   1         0.7222208377803394
2011.3958063890032   3412.41635664963     1         0.618694693913356
-8159.999524911006   -3375.6292359970503  1         0.42898973999098733
-6265.256748573497   3342.970685752448    1         0.9341779729255939
-6228.028407731953   -6844.51715752806    1         0.37926201442174934
-9302.976796906441   -5275.24520000546    1         19.44266007126294
-61.22811472487953   -6830.541806419953   1         0.6757619109632811
4726.027559440131    6285.262598875846    1         0.7571596663457619
6480.19368958106     5727.741301586413    1         0.18837032914238572
3409.5238876542585   5429.204892312258    1         0.9770276326512041
-16201.461989231715  -110.68500179943658  1         0.5738728024233836
4752.809595546663    -12934.80600372187   1         0.8754997622801962
529.3093234465599    -1888.6250361954212  1         0.9711094207558401
-383.0137832282785   2047.5700875701057   1         0.2878557960223671
-1799.9592044579979  -9671.268456491202   1         0.6390465838888069
14323.442368879649   11638.549734825316   1         41.44212278190101
14737.641296115798   -11685.259030878544  1         0.8933078913626485
-4173.858598325777   6032.534982734054    1         0.45616850071836934
278.7309699430294    -8721.093987570872   1         0.4619950758027922
-182.02280294336137  340.19580572519146   1         0.9370903505002861
-743.4343682430768   10149.317413084773   1         0.9187600212584922
7345.452065678049    556.9637434642392    1         17.389133970832173
6719.434436406738    6395.88478802318     1         0.5513212882276017
-6035.6147182789     7853.283848961195    1         1.122299695018019
-7140.364678199066   -5658.808459339353   1         0.573622411907529
10098.427541352923   -1486.4563478730488  1         0.956448987786208
-5032.884929629916   10962.625814794399   1         0.38497396391705696
2431.5429403081234   -10124.939911770034  1         1.1147608045039907
1585.435185086997    2743.691308204383    1         0.5140035445513848
10119.592132815218   3564.69548514371     1         0.6059471612075801
-12065.619265229228  -15608.083973871839  1         0.1601566578522206
-4368.11418075952    -2661.046992863374   1         0.6669148317223127
-3328.4299533569488  9887.433051196518    1         44.57531076019178
3161.3740112780897   -2360.4913384208758  1         0.47732260148665095
3308.68143990777     -10091.44335738006   1         0.634119505090254
6365.188112581305    4368.186281815006    1         0.47342607438905604
-6532.610991104291   -3268.08142308355    1         0.8272095282896639
3108.969672225549    3104.092766896035    1         0.5305378966175538
-4989.318450574473   2552.363449826014    1         0.3997791987277296
4150.076381042297    9990.457725044671    1         1.0943211271339541
-7056.1479497116     -2712.2129437609665  1         0.11261325261896983
66.38663079367915    7393.873830995618    1         0.6111834629817506
-3395.5183478981426  -1951.8644438593863  1         47.942030700840355
-9864.69066335576    77.81019936619339    1         5.949435068914547
-6839.017228685417   1266.6435126010977   1         1.0418461101374121
-6331.26206883101    4367.020140603751    1         1.1561047261744724
4001.882674635552    -9974.931590452949   1         14.338996944347869
5578.04088736458     4511.907695184676    1         45.14301872638285
-7622.503894801327   5826.552252658483    1         0.8697866100291293
2169.2787440887582   -6925.557307836688   1         0.25118786766352796
-6947.631452628187   -968.0777206886827   1         0.5936518142815014
2308.275572549163    4892.736009906425    1         0.7813161351698469
-5262.960340552395   5715.815689032648    1         0.8274754776872408
-7631.506412064137   4063.1955459638125   1         24.01627755728047
-3894.0024702118853  10044.37376315106    1         1.052983359025821
-3468.1372790058954  9269.500221851884    1         0.6267585848192322
-918.0972000531905   -3363.9610936411896  1         0.6745606932899598
-1784.8885986156274  -3814.8017527317083  1         44.69302131428136
-2108.1451607353724  8339.76199228414     1         0.9231523591158234
13576.213790719266   -9884.987565971347   1         0.506072973574072
5016.995104892965    3615.263576607344    1         0.14220229750907137
-1568.2163662345408  3769.6240632870226   1         0.13723173100065789
2428.672131524348    4077.0465904830835   1         1.2466642296247679
3064.578246680657    -9304.493059917913   1         0.6428072969825523
6551.223601652685    -2030.4314324596198  1         0.6133329587129825
-2459.3283844354987  -8069.02949837005    1         0.4700480549429925
15613.142838412507   8757.498842903966    1         11.969842326031657
-8835.063905553689   -3866.960552389092   1         0.29113393673737326
-1721.5487649809718  2706.7774526593153   1         22.12931049217244
8152.663991993073    -406.8336180086314   1         0.8823658155556589
-8347.168612123567   5100.724440155819    1         19.65819425562151
6236.739086024947    2488.232818987843    1         21.492946371071056
9236.966305653477    224.38951771261256   1         37.91909118431465
2879.955421992786    9502.485579123235    1         0.29627503554574064
-10207.49834174985   -2611.06354103356    1         0.5919413884525299
8264.66503407236     -5559.860816203985   1         7.657129403097587
4081.4995732284365   10132.5064593805     1         1.7006318978727974
-3092.8819652408756  -1906.906748708601   1         0.19443083414204815
6046.357109403688    8528.059004524403    1         0.364862543106406
-546.8395270601384   10382.120649394752   1         0.643813833006914
-9509.214082147608   -6979.910868333625   1         0.904088441908159
-8262.36352239016    1504.226012222403    1         10.651465804873824
1114.417167030517    1197.716944848006    1         0.8451766064087562
5555.7883413655445   3677.1787134410156   1         0.22472715943462332
-2609.952024783283   5800.34462092146     1         28.144237460060484
-7448.07693321426    -4767.355617937962   1         0.4026645487989722
2908.652013831697    3082.5126066505104   1         6.512119238063134
-10385.093111120737  -1698.2064222918996  1         0.4846476657497385
-385.5768881460629   -10050.842900241645  1         0.4213197678945536
-1520.146137643077   5324.346189014013    1         0.47693184602125294
-217.96687040814743  1747.372950328556    1         0.17599209826101214
-3750.690402644162   4182.895486431056    1         1.0300371096817256
1480.4986242496118   1129.661676052904    1         0.7489816369710611
