trucks_count 3
drones_count 5
customers 77
depot 0.0 0.0
Coordinate X         Coordinate Y         Dronable Demand
8197.594512401593    522.7319864625143    1         0.3955482694331738
4715.341727659855    8606.78873881648     1         1.168692997806251
-4637.6816421429785  684.5565803346327    1         0.7162838782273312
2711.0212045409376   -9196.860312005436   1         40.16844642028634
-4928.263740336605   -1273.6566983466546  1         0.43100565679593683
-3852.4699500131546  6625.155402668251    1         1.1592903602481275
6026.37650448543     3582.292896363252    1         31.881722246149252
-10151.328597333006  479.12818135557484   1         0.625238075726919
8229.096777248094    -13184.245849506984  1         37.99533524649418
14605.001664755437   -2728.230828177251   1         0.9169329752871301
-8479.694565117014   -6090.133088052902   1         1.0878499909717838
3142.715406946727    6720.50944783947     1         0.5051116425835381
5097.6124750725985   864.0969359106814    1         0.43625286070576375
-147.5397318776001   817.0596267227362    1         0.759723389028144
647.5892251464762    8087.964796509823    1         0.4127878140641188
-4676.03423986619    -4471.197895799023   1         0.8782783228274362
4876.134170251502    -5350.721565964362   1         46.96428625497749
-2775.633175782533   1118.3735554267505   1         0.2241826526005268
-3399.1017431303007  -4601.625275241599   1         0.31488547160100366
1204.3864461363178   4310.55758670453     1         0.33181315310467396
-4638.003160385137   -1804.5949606566028  1         1.182330956795727
6413.2176341905415   3950.8104696665505   1         1.059653227985126
740.1117545307858    7419.540147539177    1         1.1824623807149313
6288.613640189854    -5128.103945985694   1         1.2046352238536517
-4270.768661434055   -5521.759211577718   1         3.3187159949907605
-3839.924055305079   5961.9254346260805   1         0.16230069746703793
10327.699682708448   -8022.112633568413   1         43.47312686768223
-7936.610243251772   6554.450332579832    1         0.936592989180374
5339.842666840777    -1615.7982158890661  1         21.838361750303175
-9670.939555238445   9120.475148550297    1         0.5058450320167451
-5798.973036758036   -4492.604419231227   1         0.6553089040411729
1876.4425106127717   -3054.924982694363   1         0.3140816945704279
-5049.937617816752   -2848.0707441006334  1         41.84897056857877
6582.799732264623    3347.8353794225054   1         0.7892654833746903
-3059.6469799199886  2168.338311613181    1         0.4067233789423148
13590.540524377731   1668.702440221281    1         0.7588162025011963
4417.3800755087195   -434.37565788455055  1         0.6166250404159132
-527.3498535683099   -8207.873105554989   1         1.237372587992211
-6126.556944138206   -5214.840424154405   1         0.17890598740533797
-8685.28657201228    -1851.0464306564083  1         0.5266428703352735
-5834.202765398606   3315.532288691733    1         0.39650177702856726
2158.990534485484    -8491.150712813562   1         0.4020730531230092
1000.0645848469925   1264.2363865498542   1         0.5620641542968801
-3477.9437843258866  -7564.873662662216   1         0.6137339735317197
-5559.4154927752215  4070.985813551596    1         0.17619304965233706
8889.206381172957    529.324175672657     1         27.271100910569693
-2093.0842333715473  4166.771179800827    1         0.48863161737457517
15474.425324481159   7263.450224973774    1         1.1420446879632653
5862.689790053049    -8956.109884091002   1         0.5606416693589217
4823.785006716357    -7046.8945773609175  1         0.36506165710928085
8169.316950411286    6974.7176467506815   1         11.02175399919058
-2105.3616377421504  6948.002499245877    1         0.2774189032576917
-5319.659155801793   7425.799065285477    1         1.136034982149632
4176.586093552152    -9639.465489846501   1         47.05630921631498
3179.8448277049915   7738.730032580876    1         0.8675316103644485
7283.974843700324    -3869.1483314690095  1         0.9577902660060313
-4560.9838087486     1383.57916402509     1         0.6267673893172901
-2737.5447396607724  -6835.534970116228   1         0.9535946075587954
-4149.822976563315   7693.742345170808    1         0.8686200694704275
664.7824469974463    -8069.707561322684   1         0.802843461206502
2535.960716381403    -3306.218291057802   1         1.2268439942486593
-3244.8757543990605  6190.666210731112    1         1.009870971042329
720.1504277848203    -1911.8163546825767  1         0.5941695271087412
10064.034686256236   3522.4555890990255   1         0.5536016990063312
17127.761940716926   -8599.16113857272    1         1.130892378371119
-5598.7466261303425  -6421.612330970067   1         0.61134645011058
-7103.6639591974445  3698.4770449179855   1         0.5167937376166147
2107.150283757455    -1748.1999436669676  1         32.240286351312164
-10699.870466668477  -1772.4075726635294  1         0.7972799335300236
-1342.7126944279596  -2074.6709312906696  1         0.5260038693340161
-5663.867224242809   6181.727578291674    1         0.3952189822090152
2410.672541614101    -10419.45451196057   1         0.28008424141946175
-2107.979606498026   -6452.666569148732   1         21.475121706861145
1341.4804511961106   8744.867291156124    1         0.5530880876159131
-6417.573723213261   -2474.7274885019583  1         0.7268116188940454
-8588.63341199131    -4337.2181146947205  1         0.7833337747047189
6026.579965258628    11218.801234128357   1         48.42697879918783
