trucks_count 3
drones_count 3
customers 57
depot 0.0 0.0
Coordinate X         Coordinate Y         Dronable Demand
-8224.069823552962   3231.0900225973787   1         0.8945638516921259
8319.325108694922    4664.713059707188    1         38.67319458486085
6539.441728893075    8784.750928347647    1         0.927598105479103
5389.075810415689    1803.0542174900122   1         0.3241910958893594
158.32604249503808   9866.815938980582    1         1.1866059255126524
-349.34764153435464  -8738.488213904988   1         46.13845185715787
-6736.165861325911   1570.0877590506354   1         38.55249985302847
-3998.145327491334   -1756.6492346126252  1         0.5122996660298779
-4155.475461352734   2813.8016808800453   1         1.0257447864755045
-7880.037672995909   3191.262362972917    1         0.1857751630898971
-9011.727448071446   5270.305730887081    1         0.6032971525200508
1003.0954411711031   9079.988900025715    1         5.435006732107977
-4911.732331898301   -1445.826161128564   1         29.676202822701796
-6188.77433093895    -7283.811911151913   1         0.42401292397263657
3617.8102834880588   -7506.291514345814   1         0.26853444651989744
10709.403518788698   -1546.850489271296   1         1.1396548549796601
4171.837918614285    -8101.637920876191   1         0.11270876328487556
-2774.6755871405276  1682.1672347242331   1         1.0082426639980677
-6376.699942731183   3586.9279328399184   1         0.9635428116539707
13473.038511786763   -3471.683364212964   1         1.1076761840184843
-6672.653353630354   -9187.164735466773   1         0.19610499809621823
2806.0620883936526   -3633.7481324302535  1         0.30849917421186
4196.810031254608    3059.1606565918223   1         1.0316778068619092
-778.012604586459    4821.917027496209    1         0.4573752524881812
-4630.927523320903   -5713.318985722264   1         1.043128187244031
6963.598416837842    14631.668882204143   1         41.835102021924484
-466.3493106473993   10394.222215863549   1         0.7364151514909476
-10614.530568544591  14674.634062279998   1         0.44976731287189886
-13577.8146601132    15219.360780797058   1         3.1240132304277743
2660.618458793313    28.62621795611125    1         0.9669100782425193
6802.6501575663415   -6555.069302523557   1         1.1135555230591916
-262.2481515660707   -9003.070723295245   1         0.7499603000547391
8568.312632241286    -3991.7689815306076  1         0.47718651060282535
-4543.294601305105   -233.62883121301306  1         14.250472433671998
-573.6704702654641   9910.73243462099     1         0.8373474981084584
7306.870934150884    2814.897407184497    1         0.6440828431269751
-8238.569590828154   4621.401278977338    1         0.5116620855975618
-5175.712631444496   -6115.971614516832   1         0.440672528895821
-3065.682036139794   -7631.873817555166   1         42.94898960012212
-11708.27804511584   -12201.409101655585  1         0.11649771247315283
1470.9985194081687   162.23035941422012   1         0.7017829874462951
-13024.263509118267  14226.653148793383   1         4.626605293860468
311.5229948069506    7350.5131220702815   1         0.27080605937111624
-6703.251008015937   -6234.759521466888   1         21.18312371847317
-522.1563821603971   9242.622145712132    1         32.579022265043534
-7152.226823392023   5497.134305407748    1         0.4697240871677606
2155.301589360279    3663.4181251690543   1         0.5689743310955513
-7086.747780063008   11690.150951696862   1         36.4106170398293
-7791.1167673073705  -6657.860752423599   1         1.1874598783626702
-1153.7987567638893  -5682.8042385288945  1         0.6646721982532998
112.87433108703013   -6768.791003047146   1         1.0873740391376017
-5434.546494122628   -6174.960847668703   1         1.102046171966926
-1202.5364001832206  -4537.51680093921    1         0.8981346361416997
-2896.8449408523547  -1178.6508937001545  1         0.27899940856279337
-2307.276998651161   2114.909117777342    1         0.6035080818863783
-1270.5025868530795  2531.3001371611126   1         0.47235388474751794
3841.2734223985485   2139.025106464253    1         0.6910970171788062
