trucks_count 3
drones_count 5
customers 74
depot 0.0 0.0
Coordinate X         Coordinate Y         Dronable Demand
-1451.6163282110506  2885.439169974209    1         0.30609199667202225
2878.703806954134    6393.290847635417    1         1.011085244148681
-3534.5248470478023  -2079.459150799576   1         0.45723549527897855
-7821.377270584533   -2686.083408571012   1         5.966380128017185
-9640.27761050065    -5250.632493690453   1         0.5835940955038561
5518.264426139558    7204.228896615477    1         0.7940206663449914
-634.2110246155513   9096.285649914224    1         32.10362919199792
-9656.886960221254   -10569.158596089566  1         1.1077411108647306
4660.843928055796    -5258.0870232846455  1         0.8565861380273452
-3193.8141464672967  6237.938157903359    1         0.33129587676704086
3503.1796213059606   6600.229481140406    1         0.972182058949571
-203.46665736310933  8795.594942105432    1         0.5012130261029994
5207.218771301563    -8093.966605833946   1         1.1225483938826528
-1531.0714486450722  -2034.2816208851193  1         0.4786829866712149
3737.7083974000716   -312.3580894191966   1         0.5383142992858151
2539.3627088731223   3294.6576001859053   1         0.209554541592268
6060.134546890512    9050.398220970737    1         0.5848977287562491
-4024.5438148960484  -2379.9535843259073  1         0.622346009765692
5591.646341384211    1675.3010542180614   1         0.28732993281097297
-6313.067507194917   1060.0701761386172   1         45.85036483347505
1782.5815017091863   7743.836640367146    1         0.14745997623609686
5123.07468937858     -4488.022239298056   1         41.494436967404184
1747.500340199018    1581.9168548997914   1         0.1775276274632892
-2926.6046716370497  9812.773163792674    1         1.1556789541943966
-751.9357389507229   5369.865237577383    1         11.593456711430008
-3768.6047844287004  6742.386551860971    1         10.385443290711368
-6623.673607131197   -7132.209412212114   1         0.5713076524031281
-2757.7519170246965  8932.768469541197    1         0.2445292557449668
8719.672151543915    3668.236458444996    1         0.17975317588098982
9044.137230415876    5973.357614595032    1         46.318223309629985
-4497.671846331237   -2259.448866397242   1         0.9936002916746198
5524.326814012617    -445.82286162041265  1         0.8094378182696352
3254.5966729757142   5656.641266395328    1         1.1586989400762981
-9269.26200839581    3799.5637211307226   1         26.473514237145803
-3974.2458572078954  -1365.8407855155008  1         0.9187078397542814
2662.5404188363627   -2680.1539112906457  1         0.14316583219247886
3748.705617174697    3779.6283441074634   1         0.8197803492539444
7114.203201010216    1324.3974153446393   1         0.7417733879268916
4118.7691978821995   4112.184569838505    1         0.4269753067028177
-6721.206167047486   -1915.9225046970114  1         0.6265600507204215
-475.9826585003093   -1622.333518381756   1         1.0130058161571676
9186.918771033656    3741.9505504647386   1         8.779398128636583
-9763.794050279284   344.1018936714463    1         6.921423739243587
-1626.4967277480464  -2015.1135487752738  1         0.3161691024709947
-10384.543211997361  3018.2174458390787   1         1.077631917990238
-8057.8355814852885  2874.1413511748437   1         0.2536342651793507
-4925.184484673916   2083.196728237819    1         0.4861372631449703
-7015.543417606573   -3302.1374125963816  1         0.696581376201516
-9948.723088941864   7195.854098355612    1         17.715105177335882
-10594.499276248445  2345.5588918361923   1         1.0185734786106324
-2415.4152928398757  -5432.879911511011   1         0.7260452907490649
-2892.5211536451384  -8579.959913481936   1         0.800575966703318
-1290.4542186555966  -40.22514121474123   1         0.9207719903402
6771.994633634402    -2361.267078169996   1         1.084860651859974
-807.1466667396838   134.67144578007824   1         0.10561929096009484
7395.173541404333    -5079.030991348373   1         22.274782245733572
9965.768721485407    -1750.1133562446244  1         0.8103074270341947
-3797.7366237261704  -4065.4959734445715  1         0.7538001082529002
-7547.274717880683   4866.1930955056305   1         18.592120749737326
4016.706902610602    3626.1525206788087   1         0.5595505702939944
9572.923293143718    -4139.84473677647    1         38.90518990126721
7614.075520124038    2369.4610256688334   1         1.2448727793043788
-3988.802234270147   3919.360327234291    1         0.2121352654630563
-2609.7187293634706  -3978.7662321035637  1         0.6417923134050227
-6788.5536913378255  10916.781032878473   1         47.166346072493695
-93.52858176932311   9727.109664727393    1         0.40344291740015004
10834.480062279008   1504.4571295762491   1         0.6454024937731196
-7955.776990227015   3811.9802324354355   1         1.0982372869520094
-72.1381865789174    8564.95845632629     1         1.095855099760011
6430.915338367652    -3117.0394992681854  1         16.54389988042601
-1993.0468062399486  7824.083327919561    1         0.17684995115756189
7966.3995460948345   -6308.006861435135   1         1.1602295059520804
2760.380537774836    10176.479310153778   1         0.7731412759739631
-6310.121020776006   5412.00332007713     1         1.193215110125266
