trucks_count 5
drones_count 5
customers 79
depot 0.0 0.0
Coordinate X         Coordinate Y         Dronable Demand
8954.535343183936    1320.6186100022787   1         0.18419384387317694
-2984.0460928438347  1163.826424855468    1         0.64700291666953
-3774.9134842011467  3808.971942671855    1         21.31272759451754
6534.247959032667    8609.027429620226    1         0.31532163157468285
1024.9920389414794   -10609.80589427237   1         0.9398572263010222
6304.960849578717    -4538.161193395457   1         0.13375938481620045
470.550610494598     -84.61278715094159   1         0.8201358444201029
6404.800436248293    2523.6224797193795   1         0.30851606618943217
8010.719334872033    -3055.9248790653837  1         0.8434667379006092
846.146989624951     11621.311785288757   1         1.0641229154153395
1285.3267422596164   -5333.734942229939   1         1.0743746442843174
-11305.140079038483  15166.338524354154   1         0.2077502739710395
2273.1248603582694   -273.54027318117073  1         0.16388098319818106
9108.56789059244     -5300.498311489781   1         0.5639979765103732
5306.061663594316    4906.526375650583    1         21.721861466212495
-2775.3130390084643  327.68947242665126   1         0.6426418504637432
3300.588723468243    -8106.817859557574   1         1.1869964281151824
-9203.83640946666    -4701.411130489746   1         0.7139844699993764
-8568.912151470346   -4276.211660938637   1         0.5168962450989364
-1506.716121965996   -5945.894114176682   1         1.1970169981142438
-4864.958272012129   2640.415497339406    1         20.927832376206343
-1743.192133383118   -7329.505198726944   1         33.52352857852978
-2813.0910197782414  -8252.551842524017   1         0.15778287469525132
-47.05432218724787   8988.855858356266    1         1.225869663918337
4100.493041039785    -10265.313043656584  1         36.28404967682528
3790.2894563719547   3697.9386080271947   1         8.95051712740882
-9430.521092306124   -448.75801099295495  1         0.7729247816619043
-5556.993960951346   1492.9429153063913   1         0.712126522157042
-11761.805941888477  -7861.902614615755   1         45.09309340178381
9812.411675600724    -1011.3866427454739  1         1.0556594306654032
5823.027910779833    6243.994906830843    1         0.15906083110924119
1308.9056596263108   5458.2734015589      1         0.5606379892826671
6642.739266295293    6794.399725843114    1         0.27388715003199204
6744.954907662808    4899.157277425349    1         33.88713224856673
4501.098313768227    2728.2313854265876   1         0.10046107512884123
5474.362477415649    -2799.7806833256927  1         1.1539798202583915
-165.19113120824795  -4544.422244711739   1         0.7002227233484335
-8167.944286712857   -7727.453702449572   1         24.54556540886133
-6709.612526825591   11475.541878241203   1         2.7773174691635836
-1864.5130652358948  8572.12548980587     1         1.207819759764591
-1518.8628925245198  -9900.608468624683   1         1.1071001199824555
-5059.582518736475   -1124.8201118589768  1         0.7195524895738429
-7629.4445952651695  -6249.136909356135   1         0.5443675412972988
-470.1292124744026   -6065.347195265837   1         5.504357403340786
1413.2748289733754   -521.1463667136487   1         0.1361591922621278
-14030.280880699418  -5237.355700772967   1         0.38877541817615646
-9412.74638378617    -370.23581022186454  1         1.0158508663512396
3074.737883077812    -9414.42850884163    1         0.5259295413343228
8267.68185255451     6185.447969775372    1         1.2294323966263283
-6311.859421519322   2861.881885530415    1         0.7288584546163065
8180.720144609841    4173.895828175857    1         1.1165414605471462
5376.718216104311    -8239.471948889019   1         16.05056302734335
-1908.213522246513   -10796.787115775336  1         0.21938715359930747
-1748.1651358066167  -548.2961057149774   1         11.516813391616818
-7599.815085398923   7465.0161438625055   1         0.9455502428704917
-8976.504282761256   5986.669182701662    1         0.6496716069482733
-317.50900066137297  -1134.5803733677042  1         0.5527862253273337
-8421.269149089752   -397.2921938381551   1         0.6562715194603326
-7606.316409571058   -3562.364433317279   1         8.672335944805257
7007.318342726439    -8142.06532901498    1         0.8654465914377267
-8277.947503594356   2354.470293765412    1         0.5123245038460439
887.9251501379483    10286.843837356786   1         0.3092384599760719
3217.4396981396126   -1909.0174051672898  1         0.1976344683832308
-8443.199483017122   -2393.390227106311   1         0.6211572646003602
85.72052620358642    5532.551027508379    1         0.5728603883089252
7937.217103036008    2247.175678411084    1         0.34165817586597486
6609.661065506536    5908.015570600417    1         13.152906398879818
-8391.739068883651   2060.7716881817205   1         0.6308941611660128
-10383.135739591457  -514.1406828376385   1         1.2118444840232299
2136.785284490228    10315.558214527086   1         30.703063856145164
-3482.5035116089525  -7109.92527152387    1         0.583010422084758
-1310.5552395508078  -944.1939812108795   1         0.4885893910746122
-5173.595553233069   2171.1177845442157   1         29.064228341244245
-985.2824136140989   -8665.601124645007   1         0.945513556846991
-5052.493261905703   -1263.0716659810428  1         20.402644092444945
-14635.2345693885    691.800379993394     1         26.31693032436342
5560.681624465631    -206.41882103685384  1         0.8313720036676452
-6030.178983725093   9445.065511912717    1         47.35869646311073
-6755.337224000163   8598.485169461985    1         0.894446735592735
