trucks_count 5
drones_count 4
customers 91
depot 0.0 0.0
Coordinate X         Coordinate Y         Dronable Demand
-5913.45781072134    -83.64509315730356   1         0.2302043617155899
6885.4483512832185   -2841.480111170138   1         18.357407988295467
3877.436980321292    4038.1885709691555   1         0.8130488823828022
967.697506616618     -8362.662667682995   1         1.235906937211579
9854.353851679856    -250.09092899448373  1         0.5388374403093651
-7790.391208912876   6394.743893019757    1         30.184927794539067
8882.120378660582    -2818.404461136076   1         42.84671110040502
-8930.319616735671   4442.252733863845    1         1.1460814656123042
5424.893384831468    -9024.549445650151   1         1.217577925831595
-1178.1970453430467  -8016.311329893988   1         0.8629436042290493
-231.08677741034353  3309.51466252755     1         1.1342763581305568
-2876.474679228708   8215.929738312978    1         1.2206301593672466
-1596.3215465413814  14276.506973222431   1         1.1492341431288904
-6936.772319262835   6938.2483626356325   1         1.0422656312177656
4342.7411118414575   -6317.572848660137   1         1.0561733064158887
-4645.568402240849   -4494.844267238042   1         0.9911492853456395
5893.138166092845    -3635.822122208533   1         0.27194496700753334
9326.235656147268    2343.385954075493    1         39.628112930433446
1307.8137914581012   -7668.271548082492   1         1.036616776761259
-1811.9672003727414  1003.054725084656    1         28.399244216303078
4758.6656894736525   2372.3566442965434   1         0.2875487111360969
-3947.5967192000608  -260.28837989052147  1         0.44013804531129297
2413.4639802166726   -8371.704261708208   1         8.875287139462632
536.0691711904162    -7258.807848875342   1         1.2194821082533112
-5678.3949308091     8391.037079789186    1         1.067765334959553
8525.624159254527    -3409.69024889286    1         26.38997676842428
5789.759256095101    696.683286741259     1         1.0619128486543665
-8837.047326409638   2354.0673939204294   1         0.9385544266152881
-15760.982305021465  -10493.250497830755  1         30.03105423746327
-6996.8814703975195  -1637.6100183268359  1         0.9611602316931631
-4819.9471441498     -4121.739830366819   1         0.5263329330826965
-12580.029285505927  15176.635427301406   1         20.416765854931914
-4311.681715160036   -9616.567126040865   1         0.6984886135957672
9112.385420522563    -5406.911402162349   1         26.1525785837671
2773.1860324557706   5890.124577956234    1         0.5993140265978136
-9546.625115201388   -11763.16291383364   1         1.044244261483072
-3464.2735167824567  2405.6547899704237   1         1.2149018512577043
3263.6018265182165   -1270.8408486366172  1         0.2135973433264029
-2801.6708518814703  -9110.087077407812   1         0.18576426249919842
-745.1293731146225   -7959.837280100166   1         0.5496726826347124
214.65314078641586   -1556.8476216379604  1         0.5131763407838498
-8019.281059313087   -5522.348969670672   1         1.0358082727562463
-280.18198829207284  4833.904336939073    1         7.405201525639689
8916.548621112854    -4626.948487113022   1         0.5507286487149398
-7417.442795723508   -6751.269785673939   1         1.1045781015600618
-578.1393569761705   2659.335188664195    1         1.1115446293715203
-10844.375732707376  1782.0528806662278   1         0.24558878391643563
1343.7118849307967   452.802919050869     1         0.12648434418924248
-3624.8189725810316  176.25553300994795   1         0.23027955495975924
259.0784345217543    -8245.654151977693   1         1.1377069108102515
4336.017699308726    5442.938349907773    1         37.63152479290883
-2995.7591708203977  -7726.944004738268   1         0.8816175035882287
6846.935738044641    98.42626724618404    1         0.847037760200843
3516.133588585125    -6365.779086451609   1         0.5951887088203542
-7592.280280155965   4461.542774855001    1         0.6821282533028569
4471.844172108478    1978.2280524772652   1         43.14692783104669
-356.6370208164117   -104.14753986205687  1         1.1937860689609212
-3143.3032039783634  6624.972746572081    1         1.1557829729361728
-3260.104389214833   -5152.9468706102425  1         0.8330865000159219
1206.2156134330814   10689.534222791579   1         0.6520560027333452
8395.566265944299    6009.037389882984    1         30.08059344897165
4572.307014872723    -4420.71684256951    1         0.11303964929360161
-7635.058685743983   -7342.5071065472575  1         0.45257442601108655
4754.484288653458    8137.0594223640155   1         0.9489166015734607
1589.1419628584852   -3344.223251792916   1         0.2144506608404603
12157.555306221702   -8760.145503981043   1         1.1381685687251935
7614.53270810863     -2900.945388284451   1         0.7720551696896266
9518.85676655844     -2150.966765584625   1         0.4057820338833097
14295.804169322766   6365.656372578878    1         0.19984799759999144
-6193.811670345905   -4759.570914396166   1         0.7483132914830077
1840.0588748836467   -10437.572077489685  1         31.903657028608134
-4679.187811954925   -9517.856067618855   1         1.0904380943352503
399.3475678443689    5778.053086954514    1         0.6803220675634137
-6898.812391358697   -5702.875059876146   1         1.042313218572519
-6359.014904291103   -14510.623092275095  1         2.7330269088762797
887.6973055444857    -7816.909803330065   1         1.0640020840263928
2532.6324338055183   -14613.55584528405   1         2.8966157678008573
2257.359191025628    7566.308597793056    1         0.8606221569489804
5682.502836170548    2326.2036480463794   1         1.204876896022426
-7673.694058563849   1959.4250985171352   1         1.0091038381565147
-10137.66887302656   14418.80814419962    1         0.22155637691847552
-1204.1773565332924  4293.303088723653    1         0.8625773609575303
401.0519188127184    7200.066465618751    1         1.1349658895977441
8938.696261270734    6003.555548632128    1         0.792953659523868
-3423.1702894029672  9008.400762912317    1         0.12554991687421613
1395.7075358438215   8993.709737482159    1         1.207655666554378
8381.875356915207    -5265.356361785052   1         0.7377567485026708
2441.5663780431187   -15326.696864875863  1         0.7056545622127246
-3866.9934264786975  10166.616196611034   1         0.7787924380853068
-1190.7347057881018  4812.581924493129    1         0.7793103397852642
-10546.116822010617  -2607.4081106085205  1         0.6398567449936386
