trucks_count 5
drones_count 3
customers 60
depot 0.0 0.0
Coordinate X         Coordinate Y         Dronable Demand
4637.32665611345     8906.006358338209    1         0.35394400744344534
-5430.193280633249   -6327.03558509713    1         0.8892999082367266
8628.83714034969     7291.067247670242    1         0.8667912858616514
-12637.796084116448  2525.0893112424365   1         34.542355349006
3894.7378337354025   8307.592211952406    1         31.002337240204234
-8120.159724436219   5230.03111762586     1         36.29209576561526
1966.5839208617363   -5377.773518160117   1         0.66062239451398
-308.0625745858099   8034.490533267714    1         0.861902328265653
-2142.608344536204   -9771.120348463379   1         0.7319254849754088
10201.842124558138   -1095.502339928314   1         1.0611938308823587
-1117.0260223601506  -4620.8821031046555  1         0.7292286430564265
5724.044735184374    -7686.123135132225   1         5.454503175728569
5208.04225392079     1360.7517788752193   1         1.027963259925352
-6516.958977729539   -1175.511660012053   1         0.47443240961969624
-6961.91848332362    6715.605317379333    1         0.5604455133906504
-5269.206209278316   -5938.841732557936   1         0.5534359787982774
6853.465850733407    8488.607313522225    1         0.9786263106438334
8481.437930017335    11805.622322500418   1         0.719972790608692
7489.330260774674    -7063.93022187806    1         0.5369590090192101
-11438.582798316966  -459.81981447413455  1         0.9472637405821348
-3394.2489838269507  -1777.8153256240662  1         0.6737145915543038
-3928.393225847529   -8744.46613839546    1         0.4506973253033545
-3878.379677629044   1345.2647342701061   1         0.5633296556749958
-8764.752873864714   -6336.718157612356   1         0.6006189331200193
-11941.07459823019   -10932.15339137316   1         32.67296888230672
-2832.1123708116857  -5044.252949310988   1         0.2900397949347791
11479.254179954933   4487.950355875091    1         26.836873471661704
-9278.56783491417    125.41170969985345   1         0.9587802755205871
186.64367482485477   9646.71714479784     1         0.6033249941661476
-2559.1930034876805  916.189628712269     1         1.1908083661858546
-6870.222849902562   -3491.3228251273304  1         1.0078434720183622
9799.540036336115    2993.419208092313    1         0.47011227526143096
7730.808517529193    -1769.5088963671678  1         1.1736478398626682
4593.272819200585    -3360.8973603880327  1         1.1453608068788974
-649.0885110460907   -8473.69867888854    1         1.0478321934993582
-7301.880701493679   3338.755811654218    1         2.5806158576442257
-3248.8700367335096  10589.036281854245   1         0.79690809217838
2345.6336335288106   -5623.24173523358    1         0.12076083827843057
-6137.2617349177635  1564.0534823396063   1         1.160985639428586
7359.676493411298    -5853.468278538368   1         0.42483809925189286
1765.476624779958    -12680.517055744405  1         0.4697487937985064
9236.638500523615    1647.693223366551    1         0.6561079365294886
5201.455377440181    -1416.9772298111798  1         24.92187673367844
528.6498170823704    4087.4531106101604   1         0.20542056318023616
4398.189549865019    2663.2143367526605   1         47.3080598789415
6670.826454037015    11991.543815944573   1         5.626128134319679
6263.738469540877    8445.995889737425    1         1.23456648751723
9357.402843453001    -5293.1357208872     1         0.6936838416981552
-1430.0328066175312  6496.311034792393    1         0.25830452961094996
-6434.424117490362   6637.557370036525    1         18.71115449429883
6537.044274201114    -1009.2466788822574  1         1.0302239096226784
6182.351385820201    -5859.283878618832   1         0.846451573310925
7038.597741500287    1044.6963502808426   1         0.37610322408038555
-1006.3370148297981  4504.645640242783    1         1.1266650351550658
939.6520209196516    4070.1923265154564   1         0.9544265755199762
-3058.149845197342   562.9615394216061    1         0.7226915713109936
-6688.3612733549635  -1609.995513320948   1         1.1576666471971644
-4149.853561055133   4746.430848738571    1         0.14017729118774463
9761.259405792693    -254.5112532088906   1         0.9958975585488921
-1655.6723852381517  -6715.8232535167535  1         0.12798985906496896
