trucks_count 3
drones_count 3
customers 55
depot 0.0 0.0
Coordinate X         Coordinate Y         Dronable Demand
-4561.93105709643    2364.9539872213263   1         1.1108653724787598
-5364.426358460218   274.43256396362125   1         1.1004094505234863
-5318.55827818657    7748.391755291893    1         0.8973560946320014
-7960.258685213871   2811.8415187137193   1         0.6271044312055883
8049.650726295661    -7297.674320443136   1         0.7161629152942761
8573.866682290627    -1437.5321423790606  1         0.2675377095909324
5159.163674706262    -5376.530497544452   1         0.6118519037913451
-5559.3303966433405  -3760.981068451715   1         0.8386997266979931
-1747.5736897348015  -12365.725029632767  1         16.082819686679663
8685.823825246654    -4820.121106015124   1         1.2059765702470076
8762.922212971698    945.796883958165     1         0.3772238286070231
-6826.037042186907   -773.7397008127556   1         0.12312429965899487
6597.184459724351    -7408.409440358231   1         0.9369534018520714
731.3633660614269    11154.67610332654    1         39.06007791641715
-5106.096553223428   -1056.0229815469047  1         0.5562526501523166
-5913.959975890642   13586.986823176187   1         0.14016085238711853
-5709.486081046097   -5947.162610486327   1         1.2227703272159762
-1665.0895782034904  -2438.794224005402   1         13.918250197589465
-7341.306879238589   -899.4448214137043   1         0.7332307232909199
12821.944192325449   14018.198699651224   1         42.80694349324424
4526.48264830198     1698.0600883500547   1         0.803777053969514
-8200.961728499165   4547.627421756099    1         39.37371186368236
6711.808638589       -4941.976283548448   1         0.3882836173793458
1468.5156787378119   -10327.260372342424  1         0.19558517920398674
-4337.6523445998     -4691.477389136425   1         2.356927115494694
6501.672979879115    2294.9445734758215   1         0.6819513872700357
9987.310597672109    -1798.6708023600359  1         4.0585595318599985
-4886.434224012808   -8669.169562070418   1         0.6558174261904615
-1591.0323506768073  -5076.702619095903   1         0.9683706699961564
3548.5398736718207   -9509.95211149532    1         39.04593392268167
-1344.0674370031716  -670.5636715669724   1         0.375702990264588
7402.641589583062    3620.5499899964434   1         0.8548487960933281
2677.62480512834     211.2660815430918    1         0.38843142089722993
-3357.045256671473   -7635.847366197418   1         0.6689535520082187
1018.2395399947407   -6955.641246854452   1         0.793061481237832
-3565.1820597043356  5810.3128656167255   1         0.8339160213149428
-3404.5630578658347  11279.471102592204   1         9.844642114696718
4227.969384919733    1367.6308007968662   1         1.1058468206821246
2059.2670183692344   -5589.312694103284   1         0.9347260488996629
2775.2654521506643   -8811.425338793008   1         0.2487526601656136
-9110.429880067753   8738.065096680057    1         0.709242099607646
923.1971977641806    -13042.64755237964   1         18.396314241496917
6635.7033854072615   -5319.561606459813   1         0.9784459931376257
2751.665613733376    -8456.441738151489   1         0.2567701206976012
718.7911217746224    7679.041579665786    1         0.48353415267455213
-9924.300008800301   1989.6698756186534   1         0.7089123250752661
6097.919183298453    6971.139961557474    1         1.1745189809985448
146.84308474442219   10104.946532301165   1         0.2974262054108218
-9263.8802509331     -3111.5246454978733  1         0.10640548712884963
-6236.595390217198   -4428.104547560713   1         0.8191778737270821
-6196.78452133556    -2248.2608067717283  1         0.8296059440997524
1800.5278631878743   -6671.228776787174   1         0.3343902997848899
1891.1945986146777   -5910.895521179252   1         0.6598124097613022
-4539.923189231813   7754.689896535612    1         1.189475904548877
-2341.202067456123   -1692.0245070960577  1         0.394929170416499
