trucks_count 5
drones_count 5
customers 67
depot 0.0 0.0
Coordinate X         Coordinate Y         Dronable Demand
835.9637228283109    -2524.4888715901006  1         1.0329297133103728
4528.18538390185     1035.5647138030752   1         0.4587308925295813
-1718.7793386881262  -3637.5369780994824  1         0.8421510851938842
3296.1809097310997   -4635.066373351719   1         42.772096866769004
-3872.3752803353073  5340.493313182579    1         9.602139080156599
-299.3831033983775   -4859.70653689992    1         1.185949495306149
-5488.582532176617   5063.482101457422    1         0.28051323156840857
-1058.8730775422687  2801.2479416214546   1         0.6488642894304668
-556.2655067327398   1767.9269236049317   1         0.6625021584117967
-2206.7667191719916  -4009.8637207367433  1         13.07911516974112
-2494.0788307551693  3174.2496348391196   1         0.43622418598850665
-5323.186236562412   -3156.7057525888176  1         1.0330641016905777
-3195.6177263660543  2081.545667945151    1         1.239092897997891
-3938.34855953194    4267.590588965449    1         0.9276618647479155
-4370.227655244434   -2522.7164139746114  1         16.69101067322724
-719.2138169911373   1519.1601027882546   1         40.982231674204456
-1951.5372924237433  2188.3389193140556   1         0.47530199752217805
-2743.779254464292   5537.98418606162     1         0.2353137734793973
-5358.686128909576   -992.6329750541069   1         0.5864787109788175
-5604.105026518512   -663.1772744380507   1         0.5107291251092854
4368.574813755775    3169.447816645672    1         25.773234019425516
-12.725234987297677  -4173.8358478398395  1         0.45567512477017047
1850.533692427652    1945.3700274779753   1         0.3974386787719758
3489.320196475841    1909.7838015873813   1         0.9840629367087219
-5597.726887224449   4711.22761536168     1         0.6114820723119702
-732.3956420565037   708.8751378149526    1         0.2740221855233879
3382.760295152879    4736.64883306535     1         0.7852771162448128
-1621.6355232946812  -1513.8605891542056  1         0.8548663045163791
-1807.5328952412103  -3470.67211965511    1         0.7359367697734917
2114.543187382802    1847.5580032745158   1         0.5714105820236508
298.51634068851985   3795.0396478233374   1         48.94701774051786
-1822.9947447738107  5441.965790319186    1         0.30261819472295426
3583.980995484946    -874.977795607914    1         0.8878848281528969
-969.6035854320404   -47.450059269512174  1         0.18665793204319664
3938.3828700221757   -3716.1852382811485  1         0.4457768930681416
3019.384677460744    -3103.7236681063514  1         0.45235715365905027
-4258.539357842263   307.4343425718337    1         0.9763073609221246
-2081.5078368527065  -2149.1877848412705  1         0.654268788494959
-1071.1127055765644  -5166.918591981027   1         0.7505327090158701
1452.9628675460933   -3238.037701632497   1         16.00919734320533
5012.479483004506    -910.8604146552204   1         7.9864241720869815
-397.1477211520635   -2446.832347507064   1         15.887956145689767
-4374.345173975294   5046.8725562192485   1         0.9513687661910422
4338.196062844315    3121.5135559561645   1         0.2569150845951219
159.8830940872953    -1771.1063642109777  1         0.4649529890882811
3310.386876704529    3830.7282083547407   1         0.11418075264531125
-457.42130293866546  1991.1581174592793   1         0.7004853888374258
486.18821543110204   4027.517399830834    1         0.1561286592392353
-826.1891411656817   -429.5000918385569   1         0.9600887445757558
2799.4791058497594   -2887.081882265668   1         8.113854270952391
5739.286449605755    -2814.0418640491666  1         0.5573838487416356
-4484.072890525741   -1569.7526909775902  1         1.163133530303952
-613.5629803508433   1717.8430222980414   1         0.14004195966669697
-5598.233677083685   -5297.9962149503635  1         0.42902360512196425
-2580.895283162833   -912.7361924194638   1         0.24338365148599023
-4476.235366468691   486.9061534146038    1         0.12953882801297206
-5008.1598515307705  5504.444684176624    1         0.7562606759758903
-467.3693260669479   1624.1783930435058   1         0.5780049370200087
4940.1003669459315   -505.19663827003023  1         23.11942598091816
-4859.277477257703   -3935.863948119191   1         17.84823636358973
-732.3891575244955   4120.503595666276    1         0.29640442343038553
-867.9358592783796   -4954.468427752271   1         0.4186488036157774
3285.6181760127633   1508.3841768840543   1         1.1371997242907008
816.4717188975128    -5478.357252314306   1         0.6922974041320711
-3133.38461392833    -2886.0692790568996  1         1.2026950605433646
3888.8509791000706   -1255.8114357255174  1         15.895145067817008
-4938.750920655032   -4388.622558150243   1         0.727084684881058
