trucks_count 3
drones_count 2
customers 38
depot 0.0 0.0
Coordinate X         Coordinate Y         Dronable Demand
-2234.9200166711444  -2858.20964712299    1         18.160374691687526
-1866.9589345068796  -9903.423882457324   1         0.8457239948091122
8765.949380860742    3205.4291738085362   1         0.8876201259046615
4711.081847991834    -15881.80938713938   1         0.8766338721345812
-6522.403509270638   -8080.869354809891   1         0.8206338523677336
-5923.257116000092   -5228.178823960164   1         0.31070434034058486
-2855.208738155706   2970.9738344057555   1         1.1472046679835002
-633.1818310938609   7199.310360909021    1         1.029088184012722
8754.157978291194    13930.562273970794   1         1.248543646649759
6969.473754063638    -10951.101653976319  1         46.6732671559608
3320.2509645049795   13910.505539452708   1         1.2022131846225466
1066.0811970394227   8345.58821480481     1         0.46328030410542986
17141.354619153346   -10281.901624483946  1         0.8818572654087413
7244.7212003157665   -1032.4587940124322  1         0.6477503006240157
-7312.280494885667   -7879.887036920696   1         0.5634972799000179
-5162.152723842477   7732.812794225224    1         0.5438041341771506
3065.2230968378058   -9021.542064560237   1         0.8879270586461527
-6084.082305507789   5670.796016220483    1         0.4220379190910595
-7657.457176244588   2401.938864407409    1         0.7185723849198147
2685.6206798559597   1400.1750505178707   1         37.08541487177864
-1927.4473354934107  572.096993462424     1         0.8817374525639287
11424.989534393582   -3368.1564745072956  1         0.6055790300715861
9086.5634956908      5988.150722529737    1         0.5848890832236356
-5270.032807255686   2077.468424214352    1         0.18836360466926205
-1549.3166691380952  -6071.446625126439   1         0.7642296095372675
572.4913877041015    1768.2331866999773   1         0.8189948044942088
-6495.7895967819195  -1724.9972952202104  1         0.28751664486783285
-4833.62594075561    2607.370751004001    1         47.31588448851083
-5205.33207241593    -8269.725833931414   1         7.186479099998258
8529.673728206253    -5088.160342244666   1         0.8209182697063977
-1157.0826610697204  10407.35964028125    1         0.2642218445899135
-4920.574570478956   8590.085459925289    1         0.42942741188695177
3257.2111514913686   522.2668625551084    1         1.240859084560226
3161.9630620986804   -9647.423347716895   1         0.5915891826449435
-1268.7435865660063  252.44240658233545   1         0.6109591286126853
-4524.175185388341   -6470.607155970318   1         0.5784598601373694
8441.512224559208    -2519.531779482159   1         0.8743397282084061
2081.7936904216053   665.6599076993723    1         0.12201690065898152
