trucks_count 5
drones_count 6
customers 100
depot 0.0 0.0
Coordinate X         Coordinate Y         Dronable Demand
-2981.0270994479697  7565.546140800552    1         12.14451177210595
-359.73170613405387  -3911.9871311292336  1         0.6950472493486961
2061.248626800414    -4392.53412976253    1         0.7282063535730996
-4396.569950753739   -82.02613629598181   1         0.9370172850348374
-760.7338268048202   -281.4731097720952   1         0.6492587015812191
-1063.7620646618775  -3293.1528035503384  1         35.382224160171724
-5368.10649473818    3824.0493551017917   1         1.2229118440816944
2128.8788862130195   3919.167953582392    1         1.2047054612145498
707.815632491015     1047.8229665558122   1         0.3625555505564608
-6756.96057527163    1433.782964963386    1         0.8063028675662085
3184.871034646981    6892.186362919614    1         0.5656641465559082
-5573.651906070754   4439.514701684263    1         1.2142607072427822
7198.384731378381    -4897.471391380093   1         0.7384915287563145
-7883.709962697391   2125.5747239635552   1         0.2704314125575742
3398.3659753096285   8212.354197551193    1         0.5545208883908943
-3936.465540062833   -3557.3285214820075  1         10.292114862130212
-4044.0732075562505  1138.3786269311238   1         0.5113816948568477
-2122.9116146537067  3960.39579196859     1         1.3157789253679928
-5054.614898089771   -2181.7167401603556  1         4.081248415337241
7619.604461558996    922.1564688929234    1         31.182815564289236
7239.072368307185    1645.3684557296456   1         0.913117882658185
-8042.470737028776   -6987.671261570553   1         1.0368650603750154
-1244.2086633670378  5418.124826647304    1         0.6450100647460568
4591.078538785858    -421.9477829377139   1         0.8698304184898256
3763.7376868869087   -2149.0131037131764  1         10.4541913260951
6583.807400934449    -6967.283461074431   1         0.5181698570789437
-1121.38835170747    5948.557261726659    1         1.0607969907907349
3936.5092310650875   3964.3766595242864   1         0.8881526505108905
-5322.151658929801   1397.7185242286266   1         1.0202856065420647
-4532.829986343882   -7123.6097736313795  1         0.7359188118688391
-5754.931121222365   6127.470175478007    1         0.8214137549520931
-1015.0085684991365  6081.519857769361    1         18.0976212683214
-3585.3470643173873  3220.4992889732735   1         0.9045647857871908
4125.200563217811    -6396.956139643596   1         0.4702542101923044
-4279.801542535488   7910.774734455696    1         0.1256071565811049
-1537.9844824028778  5051.757436690557    1         0.538632244938003
-7225.925513624321   -7249.020450104634   1         0.25913229460481224
-4724.434330192721   -5885.2889835053165  1         0.6852545344017545
7299.936191818738    3372.4467849886873   1         20.09362576789565
270.53811111175855   -5099.737635289088   1         1.083850048908428
-1547.2566377453606  -5312.781093991172   1         18.92418400494733
-5782.383253158665   5712.624472520984    1         0.3504204588080292
-6318.248478718585   5161.3881206870265   1         0.35139501378999527
-4600.5953137500865  -573.920913029712    1         0.7042997400456434
1509.0731785200164   -4765.758758500299   1         0.27202481219952007
-7241.586035492829   -3180.9534978037123  1         11.214448513390396
5517.562581757629    7645.611035503239    1         13.483124024065141
88.65145760960851    -3631.9758998831785  1         41.48299729182623
-123.37052627394604  -4344.745407048909   1         18.733963585752914
-7709.039671387335   -3024.4803330858886  1         1.2386492975376364
7146.191979198201    4391.4332527055185   1         15.221021560028099
1356.9408090993875   -2647.5197479918343  1         1.0704237204569915
-7499.135581935057   -3003.5544211715587  1         0.8521798164795608
8066.291257436356    5227.941385983297    1         18.037411925935537
-4494.2938447009865  -1499.7464274633705  1         0.37668545296068545
-2978.4259884597973  803.3255183747093    1         0.3932113335473937
7741.948457292355    -2395.396420211054   1         1.208500872981759
-3519.998709930276   7002.002731159933    1         16.8179317144913
-6124.2554957783395  -1586.0283590465742  1         1.2443602224087515
7323.971480000896    1716.3658386506836   1         0.6080311145764806
-4773.835344215784   -3256.490815200991   1         1.0257791157287355
4700.517037067056    -6203.56682013047    1         0.1887426951293113
7984.1125894914585   329.66859128207034   1         0.7545548678417531
-7175.548772635981   2231.2584396753928   1         0.11809641108495038
4346.430692698625    7930.73143639531     1         0.45094286577727927
1166.828880694475    -4564.039184665284   1         43.02183016773302
7010.181247777166    -2808.5506268510567  1         0.9000699804466153
5255.959636034289    971.2466627261609    1         22.835535980364874
-246.46258941282758  6489.984092960124    1         1.2116608329194962
-5255.00400039482    -3885.340798689161   1         0.2574770731471795
-5110.456041653643   5923.635009711899    1         0.30194524754105373
-4033.9844612578954  3791.1098120547376   1         25.25624097317433
-4052.146864820222   -4481.94613670037    1         18.710625567518406
-912.4630074048291   7577.862161724891    1         0.8890022912879169
-3159.1599238522776  6234.439488553559    1         36.55781189507769
-7250.186516235815   -2429.9480776848263  1         1.157703151736452
-1325.308034434376   338.4948871904499    1         0.7911162128530691
4850.00990670477     7854.668196199184    1         0.7454012832828196
-5713.581907043854   8003.410145094027    1         1.1066186036684
-2833.375221598604   -7485.536679079855   1         1.9338853265367724
-5815.51933300929    2762.181844784357    1         0.29651470513712935
59.128383832960026   -2095.8399539040106  1         0.5864711503800705
-3543.1035464449023  556.9605139991697    1         21.627853353186765
-5260.777425879924   -6485.225966824867   1         0.3167149011334805
1524.1949403049832   564.0661063731197    1         0.48057987783453293
6350.235510997105    2088.7435897277924   1         0.6605659218319523
4385.759639231936    6340.9247592768015   1         0.5445295517520559
3643.217569398387    -496.0965745789928   1         0.6825769407454366
7446.786291130041    -7119.005724013985   1         0.2646251422949746
3936.458229560058    -2117.4924112235144  1         1.0100465098483147
6833.029645659921    -3476.944546222341   1         0.8783003974128143
5200.679890357676    -7671.52573243035    1         0.46082824800644184
-5098.062823899706   1930.3560474530502   1         1.0899633475440642
-4379.376912608589   -7760.949886169494   1         0.8021077236870381
-2551.229304914764   -1012.7530563019764  1         0.9111517042010524
-1347.4952888605894  5481.801253283176    1         0.6216148505322783
3760.7224123383057   -6353.05832035874    1         1.1462253299114344
-6712.435530208079   6679.817003638377    1         0.388220302821369
-4099.5722854644     111.31833943502134   1         0.6689828852681704
6386.197502004337    -55.31332215772863   1         0.8698443316287386
