trucks_count 3
drones_count 5
customers 71
depot 0.0 0.0
Coordinate X         Coordinate Y         Dronable Demand
8789.291987725515    309.5368893868747    1         1.1019053156067864
2861.3986091193397   1617.048387275288    1         0.23558009645594227
7122.640821592527    -2281.6059987533667  1         9.189093730087759
3619.8826622898205   3813.097796547367    1         1.084022777991196
-8071.37312422966    -653.3088001470868   1         0.31484030926229145
1927.2991919442265   5179.066653086818    1         0.1651884012295109
-7268.068242879341   6961.645168384187    1         0.7368794626014751
8587.234094126921    -345.03027141462894  1         0.39462672592958215
2113.6255121841095   319.4790981235293    1         0.45906625017911784
3586.5137660961077   -9372.86762217195    1         0.18556120787793573
1540.3368541004422   7933.727827809349    1         0.13049419658222805
958.1051153832681    5743.684108581824    1         0.4913778209355222
6712.9264219666675   -6666.436085994209   1         0.3777734091834053
3374.567262042907    4002.707685644611    1         0.8146640855810652
-8235.902912481666   -5222.26641074839    1         0.6698781866725355
-1319.1801450705516  -9339.120153705871   1         1.1553621070925253
-8062.059898366413   -1861.967301325151   1         47.26378008288752
8405.7940662179      -4760.071680217204   1         22.098263245943084
-4902.30244443916    446.2689820291703    1         0.5340199255010055
4284.678814551631    -265.536894739111    1         23.13190844634357
-5865.85665044231    -3385.169570164543   1         0.21788148990866607
1123.6553718494592   -3838.5898020448217  1         1.1172727823436377
6703.982809524337    -3906.0526675213596  1         0.5562385565964038
1007.8766002272787   -6430.667384947513   1         0.166663704235883
1033.884302066852    -2454.761855395929   1         0.24025430606145157
6423.196393735217    -7197.675675776516   1         0.6670454282576594
-5032.428095555961   5765.512640421991    1         45.937791765087475
8195.818243334967    -152.40144846030995  1         0.49272642145160395
-4306.36340843396    -8523.615285236607   1         1.0206522594945597
-9282.08097659088    -1521.0059505054724  1         0.4612480232088646
-5721.064011637436   1341.0844673203846   1         35.373801114317345
-1809.3631533265755  1121.6520826859046   1         0.4192205389028417
2117.693898907526    -6095.752398183338   1         15.92914774833824
-5851.126853893461   -1512.9979379501729  1         0.6797212238653986
798.5488269324319    -632.9352148316768   1         9.085799751454402
2662.1454063641504   5436.095849213904    1         0.2014888670257568
6562.576623047925    664.4357886434559    1         0.13144923050602164
-6525.19945531035    -5168.192868487566   1         0.20031265311039043
678.8707809104271    7266.255612285435    1         0.9433569296676879
2033.8096118519172   268.70598223487406   1         42.12008189097351
-5487.913608628029   5708.43104823911     1         0.24113302183251972
3419.6628263820035   7405.283322722416    1         0.570044927914048
-8419.797859321465   967.2481195034311    1         0.4023650952236305
-7134.233293050718   677.3347253488027    1         1.158989776726932
2717.4644774765384   -3535.053587427264   1         0.21772519540160568
-4512.258944740252   958.9407261813001    1         22.504665574951733
-2784.195970820555   -2963.1447765752273  1         0.5904889133696924
-4573.095477353475   -2847.5040489945227  1         28.274059918208735
-4105.480599758109   1623.0004703144955   1         13.138855372409116
-1568.3442864886104  3791.9255270959097   1         0.463365788243017
2302.1555032360448   4289.550550607995    1         0.6942747815719231
4621.92984579141     -5084.910535924873   1         0.11512739947968569
-1032.2845017722818  2788.4670673951427   1         0.7253020062824079
-3222.3611567646294  9314.39987641759     1         13.854876054753879
2771.1418409116545   8264.37340726793     1         1.2206514224807432
-5747.066796874036   -1329.1392007267787  1         0.9803346895087457
6330.547180999898    -4101.982857512644   1         0.6752988565620912
3287.1505380857143   -1570.4226110045192  1         20.052367551997975
7711.3177985152215   4562.132992339118    1         0.9636162915454441
6823.1732775097535   5106.6793426720715   1         0.3215854024951689
-2274.9344783190386  -6211.40860936137    1         0.6303124854292299
2542.529141513422    7709.678658852484    1         1.0502516990722734
-130.80504039799547  6571.820588097867    1         1.1730234994530047
-7089.783048744771   6462.740009878754    1         0.8560795219868005
-7551.805662067361   3277.2302077441605   1         1.1388130993736367
6721.800843545126    -2715.0363559689617  1         33.10494565635965
-8936.530973356666   4572.48949986525     1         39.95006139577722
438.6201701329905    -7260.639972489085   1         37.81858007146543
-4345.326795698422   3936.062472992053    1         0.33615611679774776
6814.5786058882595   3344.0555037372465   1         6.0269305627950995
4860.363527348611    9208.34465733776     1         1.1783631291880572
