trucks_count 2
drones_count 2
customers 33
depot 0.0 0.0
Coordinate X         Coordinate Y         Dronable Demand
-8403.337142674598   6576.105335530316    1         27.58322149317978
-8109.447509279357   -1368.7896403781442  1         0.21833947240969784
6240.655686346778    -4951.617330819733   1         0.2504783214956018
-860.6522880582563   510.4233783094741    1         0.8664067009864531
-8065.001589181465   4841.714609312441    1         0.16319960790933713
746.4960417793961    -1606.6064493890237  1         0.19827964596396647
-3886.2838948133035  -4073.132458114001   1         0.6427649086253402
-2170.146532566868   5836.543800228311    1         0.5991569725660504
-1173.4968483493897  9714.767010006619    1         21.663610564465184
-2283.611128760789   6416.099646694334    1         0.797143545000886
-1070.415229061106   -4490.711279526919   1         1.001626663088701
3753.8956898446977   -6539.434049642338   1         1.0605266944118912
1016.5957448305177   -8081.8523041413955  1         32.21751180411029
-8169.613367766943   6972.011824762925    1         0.8907537937243123
8728.887888778405    2573.616137751279    1         6.863994377460768
-9007.229297681353   -127.82400287969699  1         0.9586107304817915
3546.885129975322    5936.591563483381    1         0.5347355671125285
8237.675091919209    6280.036794552286    1         0.4848529702706509
-5999.644982665166   -6424.713254963104   1         0.316037449526033
-3956.1297132005875  9913.149244983575    1         0.34017703896298246
-6126.929412609265   -7495.701767872082   1         0.6809980409541526
328.74353192024336   1298.5597252430673   1         0.6044967332304866
4715.990615910532    -9208.473744180392   1         0.13201750893137754
5874.245991848574    -4120.099960198815   1         0.6272241961438486
-7799.825627952366   1971.2866108099731   1         0.7762418170525958
-1725.3751959313195  -9599.673877922853   1         0.7122043287256755
-6518.481772272752   6217.069508275564    1         11.50808594223709
-4558.104999130216   3850.6032962547324   1         0.6611829593080223
-8141.839345594404   1115.3618425982747   1         1.185543904983691
4025.976968360237    4221.475202878097    1         0.4821978634941759
-5345.858882736209   6735.713542373442    1         6.793485906347193
-2936.361617624879   -637.4531540338794   1         0.31661541993347536
-8219.645841045816   3525.4032677444243   1         0.22353464413587243
