trucks_count 5
drones_count 5
customers 55
depot 0.0 0.0
Coordinate X         Coordinate Y         Dronable Demand
-805.8040732935019   -10545.43040759932   1         24.938579666740285
4691.069205841081    -7514.798872801697   1         0.24497455428666204
-1004.3285353299009  3518.2767580287946   1         0.5961888357609472
3742.6406482354387   -10080.015818851716  1         0.18204063312243712
7351.183522368868    2022.5365908112274   1         0.22455577122356185
5943.1469517149835   -5311.537410490111   1         1.5266420167756183
6854.0890359757595   -5994.220885062355   1         0.49144695714106323
-2513.6900016480668  387.5802526304739    1         26.638492037239832
-7171.616637150635   2848.0422693846454   1         35.59985221254553
9398.039056699008    905.6381772682051    1         36.04428553766363
-2854.2982988746858  10458.180390709731   1         1.1214521133113342
5444.429597959079    -4835.64637389601    1         0.37985555828302475
-4351.11138230965    3659.4969798067477   1         1.145137999578819
4888.88717113703     -7930.004397407252   1         0.19187103969899189
3721.253492384391    7973.044172792362    1         0.4615104988584191
1376.6990141457675   3628.055755300168    1         1.003990136460694
-6990.380410048814   -4612.453966429976   1         0.25986211620380406
15014.904639722714   -2476.2330237223778  1         21.74424590653009
-11721.213976250008  6786.904636800395    1         19.40704490805103
-5139.38297115263    -4129.262446523611   1         0.8135939054016562
-1848.1571121508     9729.000226040289    1         0.7118289047904304
1456.7739623879215   6478.538176837091    1         0.5311196636916644
-6981.441710131798   9729.18057120806     1         0.2294644858845592
8487.286522857128    -5593.60722092092    1         0.7043346986167425
4126.185634662663    6596.51785377241     1         0.5714307545597433
-2737.746375099157   10146.812602644719   1         0.13414951096953223
2187.900026166113    -144.01178241132382  1         0.7760349113930141
-3478.92001112387    963.6607678035298    1         0.4661009271577249
-6755.988659133972   -4255.287056058696   1         0.5724464137441296
7084.093626426126    3732.7583251241963   1         0.571672116893509
3650.105800668738    4618.7570290520625   1         0.5306572171376353
8904.59350452674     -996.9243123345576   1         0.23060500940264417
5187.195416503669    -547.8033645517376   1         0.5066842539982572
2254.6144778907446   -3179.505287284881   1         11.822322936945726
1458.88251645524     -334.8924279007715   1         1.2299423847253161
-5051.844381736258   6207.631269123853    1         2.0011070041167613
-6409.874278486254   -6391.711141799927   1         0.6120970569030123
-3490.338366968239   -3546.9085299946273  1         1.1846270993471801
-0.7407514756854952  -9260.406511935787   1         1.1189519372806096
6223.5880164696755   -5209.526349189953   1         0.8946880761477076
8215.79517549619     -6.036541377946801   1         0.5335133360291785
6429.673012594922    -7331.356893151418   1         1.0643322450442079
12085.244906715012   -10573.5420447844    1         0.5799771991715567
-8978.852164816455   -1806.0890911225542  1         0.36691381915585
-2007.942705167041   -1364.897634987054   1         0.35154757727851205
-4088.838139845015   4225.352674422121    1         0.7345812397537897
-1337.7806672132397  6888.925854246165    1         0.47283079484822044
7410.758974201895    -5640.064492704055   1         0.9458914141656991
4198.922726183045    1574.5851322072763   1         1.2331311862489607
-9399.233871244613   -3744.941372710866   1         0.5171098518812942
6763.247384903301    16169.478821603196   1         0.26778155507380297
10495.806340059025   -8742.298348635422   1         36.161619333577626
307.7068524012598    8890.719178203908    1         0.539508093075313
-2232.9031881912233  4043.666826770434    1         0.37960977690923814
-10023.964350394375  446.7069405210856    1         24.224702210818943
