trucks_count 4
drones_count 3
customers 57
depot 0.0 0.0
Coordinate X         Coordinate Y         Dronable Demand
-1080.2365038431137  4398.937381088692    1         0.304823330881251
3104.0796015143073   -3206.710134247047   1         0.8161407298379606
1788.6043333790785   700.3115021110501    1         1.0757689272881705
-4266.89780522987    -2936.3689507732834  1         0.4480720080113776
2783.7751238856845   3126.355330091399    1         0.6839235930488134
1319.4569822911408   -4202.145185805574   1         0.24093594664545823
1402.7277641380224   5181.696094476451    1         1.204655330334106
-722.1913817199436   -219.17546836967674  1         1.068955454666809
1499.6731837275609   4608.721737072043    1         0.47042390798494993
-3995.9571112981957  2423.7016709856366   1         1.1008700611018216
-1439.2005753184417  -5003.685694206035   1         42.29995597324603
-4720.845366714386   -4460.648812244591   1         0.5915572412363305
-4348.552511849425   3733.1317925610356   1         35.32173177009556
-4316.137371906429   -2832.9156833284046  1         41.99376536419311
1782.1027489096284   -3181.4048237057023  1         0.7312741500872303
4010.837471736634    -3747.729387540465   1         1.1576648891751697
-4407.559514129981   1277.1586582313228   1         0.32076190405054206
-3260.5381891706215  2691.11096986658     1         0.36792962860024925
4.547112051812469    4886.802308181188    1         0.8102591643967089
-2321.166136488862   3247.452685338803    1         2.7222895086108863
-5087.270784375092   -3056.635711010452   1         0.8769037244273208
1899.051647717225    -1336.3226703400412  1         1.0665608633059211
356.31811860118523   -1840.1947136633999  1         0.4301865472241865
1682.1396463347253   806.2513292058907    1         0.6912346024490609
-2569.737805751962   -1200.372866474186   1         0.23077880458515898
445.8290259545526    3026.4001750939965   1         1.2343527355159458
-638.5135728750283   -3438.879563963753   1         0.9259135049147178
-2754.7099081213896  -4953.156603047745   1         10.566671977283946
1993.7746152856885   -4876.806759762698   1         0.6315535524517789
-4905.39934487719    -2266.9372797154883  1         0.982680671325479
3272.57110188246     2469.5427405334813   1         1.0563890030063332
-331.4796211102112   -2446.654556151335   1         4.8573257245591765
-4627.561343654846   -4282.80699419663    1         0.6548671698135895
4659.030862762225    -224.41800493900004  1         1.1464790864417722
-2339.3195134158254  -3657.1288917059865  1         1.178727090252703
5081.992620958057    1652.4977871592034   1         0.3826729269054855
244.47354562594006   720.2857144575803    1         0.6819813089476513
1300.2573919299948   263.4772360823998    1         0.30981407013016005
-2697.277139590361   -2841.1543887900184  1         1.111397996937979
3589.5661603628296   -4873.982906262774   1         0.7372735230065423
-4259.849250819572   2698.9244150725      1         1.030639742893207
-3830.4256992718547  -3708.089487342494   1         13.820058225146568
-4402.25167384039    3958.602033225541    1         0.9896372980088838
2078.498278502535    -4597.638850588108   1         0.3555121224586779
2333.3549463873624   -4849.563996326812   1         0.26734154422896816
3498.988418486447    3984.4283236091096   1         0.9905948883515788
-1555.815257298121   5092.090357218696    1         48.088259963385916
-2830.6790474541344  -3561.4652857392994  1         0.39155484882399183
1981.4036073618468   4581.531987102024    1         1.218905492206732
4219.939203563117    4877.904204637212    1         0.7698271845042395
-2433.723962107689   -3570.5706481611473  1         0.780658023133395
2754.1305196125795   -3518.693395960063   1         1.140116919594957
1124.2970934740215   -1785.200829961283   1         0.5138207022284335
1500.2010099415336   -4684.0316984574565  1         0.6964827396787205
-380.4035042919997   -2179.082447246244   1         15.05368957240972
4314.476614092252    4944.574009185154    1         0.3749657290242271
-430.62455068689144  1161.1532002348101   1         10.230201953143256
