trucks_count 4
drones_count 5
customers 57
depot 0.0 0.0
Coordinate X         Coordinate Y         Dronable Demand
2876.7835579715384   -4635.279779519373   1         11.327975702515555
10862.539634363053   1111.3966446263694   1         26.29190312188389
-4868.545940415788   -6104.552348276887   1         0.6279557270921203
-2200.749914920187   -9423.310843493024   1         10.893560884091249
-4266.081424009643   7980.487694190976    1         44.18269492039285
7784.598517854207    -7103.267773361127   1         0.24602824747712462
4323.300269618473    8503.289582710871    1         0.514781357819002
-4840.133245707366   4070.4114043910768   1         0.40208825688296945
2758.8129981486154   -10278.333692734626  1         0.9937399314026897
-7050.0414548346525  -3780.548750167472   1         0.16099891789801324
1060.679530263693    -1949.1655407834874  1         0.38910138847669895
4473.553848132565    3881.4112704698105   1         0.7698611287150692
-9762.165009966066   3843.433216462756    1         0.9688317046864315
-1096.3322331000963  -2736.3077645180206  1         0.5653496494679416
-1585.9411505726823  5854.118912157664    1         0.45164006927633715
-4796.9520896697995  8293.572597595945    1         0.11490067282924213
1166.994130380621    10460.910704669142   1         0.7084931067803729
3520.3364459705913   -3822.4008726154425  1         22.97085068215944
-880.7423892329967   -862.778022260559    1         0.1408986745228816
-3506.403967627127   2898.3270608694593   1         1.0673874652991566
7031.820755244261    -4519.252232216151   1         0.7900749331333718
-3442.250131515285   -3962.4186459355933  1         0.9617640185886719
-1206.0171891510618  12659.118593845124   1         0.2556908102734472
5850.507669008236    735.0970155600093    1         0.9506407909601431
-256.0426232187874   -1217.4684518794165  1         0.356051616955693
-4970.398497382618   -8515.842417933934   1         0.28622738077762755
-8393.957360114924   -4001.60213806902    1         0.9839532711081557
-6330.0487678152385  6148.592790285633    1         0.15957126632009144
3960.143479479142    -4928.666137095461   1         0.26877334291917926
-626.5438748419231   -9692.191377965028   1         0.24101224115164735
3862.8287664674017   8307.971579744277    1         0.3388700504030592
-6497.095867086848   7551.706381118523    1         0.3757376393643188
-6917.37775421846    -6363.925254939427   1         6.422955065548989
4320.640945555418    -6487.63243956725    1         0.18901696077509117
255.52012911354421   -5405.61801265014    1         0.7838184904187501
3564.4135995540746   -6357.797766892727   1         0.5423530412459405
-1339.773476557048   -4955.465909171988   1         0.19524610993470787
4097.21323756941     8448.612258418834    1         0.8088842040254335
1230.2723630523963   2106.904484905409    1         0.9462522029872105
870.2363471930399    -5709.916391916726   1         0.7512692545237157
-5568.925620251547   4331.43272441552     1         0.44732585957318693
-162.64753572469954  8258.588541389268    1         0.7315606250914725
-5512.810502940792   -8029.393916870435   1         1.110990642292534
-9203.69186443934    3902.2424532152713   1         0.9327806283038365
-7334.855907774553   -7899.070404219793   1         0.16750601812376412
-10041.196378231167  -3296.9030492098145  1         1.0769343694815512
5724.418406881649    7964.300020743829    1         0.742814132332121
-5319.463681706313   -13661.462755059463  1         0.2647336412019286
-11828.88847995704   7370.603582567488    1         4.91295628328068
-55.66556988102729   1882.7480455145844   1         0.7198802996901199
3409.1061949074624   -5965.918600731324   1         1.123265879970948
-3023.2243738761713  -8181.541765124041   1         20.3368388124868
-833.0622404110314   7377.579394728022    1         0.22152398239300153
-7875.30934269104    -4109.474311792436   1         8.671007834215956
6755.129876375194    3587.814150485053    1         0.7132760654100441
-1105.7777366267485  -7665.0871480075975  1         0.6671927063281186
4513.880941494511    1218.961648400426    1         37.597553987460714
