trucks_count 6
drones_count 5
customers 93
depot 0.0 0.0
Coordinate X         Coordinate Y         Dronable Demand
-2554.044189136621   6683.771145470441    1         0.16812176694369915
3834.597177116496    7659.944135441279    1         0.6476863295215192
1592.712815590803    -6919.379316963286   1         1.2268034618171588
171.16306191459014   -3084.5242544747884  1         0.6221910021304385
-5769.675079236785   7398.263971476905    1         0.4881252799065465
6034.637702328321    -7438.381585140163   1         0.9011660148607805
-758.324398473218    -2605.471345218686   1         0.2515665446099125
-10773.916495291922  -1872.079714124128   1         0.5384615243743198
-347.5742183138479   -4231.28394545063    1         0.951120085012965
-548.1925274493809   -9114.005451386289   1         1.1561437077738839
-6047.270463690829   8545.631440113784    1         1.549987999557551
-2552.454647532915   3007.297069402504    1         19.193443557891186
-2386.5703791915817  -3991.7759159860034  1         0.3185111325756219
-7193.362688693156   1668.0667041890579   1         0.4920493995405597
7738.050484294015    795.1125162628778    1         0.7143301004334196
4001.41564602636     8251.478821768855    1         1.1703906333355243
3150.034301243787    913.7894681930003    1         0.5458772246534755
-9051.584494564242   -4481.976447451091   1         0.20960532471110083
-5980.8014261435     9310.665609991682    1         1.0860273516271362
4072.72012000209     2728.3061027472513   1         0.422356628453989
385.1418383979465    5794.452964562675    1         0.48992398277135407
-6422.634152558513   8741.930051190253    1         0.5116914742274755
2404.756093848789    7567.518934655592    1         0.7440717873983068
7992.354320325729    6668.360649693925    1         0.6272602789552592
-189.17936859479332  1043.058735129369    1         0.9331066398894775
-9462.887409839599   -3505.8822841382816  1         1.0485348742469953
-2426.3013493802564  -4167.667978199395   1         29.201334822299422
-6751.67906447845    7973.849962503727    1         0.6016985479500322
6689.898741930211    -7710.957660717282   1         0.46252847097571614
-8228.783612300178   -3227.6474382535876  1         0.6590820985852669
-6948.131343567078   4217.054715121969    1         0.12643544976289925
-7291.838339196721   707.6772262399542    1         0.9874466688109778
-9323.084338161956   -958.4398711623908   1         1.0371998942097271
10257.331595198206   -2692.3234968084817  1         15.602557725425957
-8702.035054321152   -4509.644792912992   1         0.3325812089104494
462.8338875508383    -9151.403304380678   1         0.8531667354208513
11620.818279733567   -2621.023802152591   1         0.47176243566844533
-7821.649712294076   784.0617356432033    1         0.13488358368593076
4405.479141863354    5673.673955119253    1         41.96553894571085
2520.388156051151    -6539.950135632045   1         1.078928419535848
-6145.200024812712   -4781.700947208937   1         0.1893875988591559
4774.904198519818    7456.671968894841    1         0.6784882588290723
-6260.5874958467875  -7442.599664741379   1         0.3765478757006492
4762.470063145635    -378.8000439671091   1         0.27345289507130144
5207.2089261081865   6014.10187779515     1         0.5985800980473549
1502.0499275877555   7790.064369851699    1         1.0326288640364627
5983.85866445205     4852.4648862682125   1         0.4546376999958366
-824.8139357905005   -1133.7631092868517  1         0.9803908095167566
-4604.6047645024755  -2886.209096684122   1         0.766171965363519
-6340.3743267965865  6076.648820639641    1         39.13806580417301
5123.357653854389    4487.875517317726    1         0.18191301745322086
10182.994900646532   -2066.497322082928   1         0.5241640767739406
-8619.357368578587   6388.181345614188    1         0.24289508610590313
4444.790112032646    -7854.748308854639   1         0.9142615908327044
9912.691222789037    -1164.5036388278932  1         1.089400244497145
-206.45847141307107  697.1161879044658    1         0.1628137313057017
-1429.794674165056   4605.881426279502    1         0.7225297496363372
2291.8626742070896   -9794.049293402952   1         0.9376672112184815
9646.226654301405    2186.8663965916926   1         0.22760775908881478
-5920.8398980239535  3983.8611425609115   1         0.49796927859954265
95.3638207211818     -8159.870957309023   1         1.0250679909073048
-7977.512391114522   -145.88277343653098  1         0.9705681936755614
-528.1331026548812   -1531.3841962775373  1         47.48864501387829
5630.47118623074     -8252.229197512124   1         46.189644710783455
-4994.9356157028715  7345.668625214613    1         0.5016663312454447
5821.638151158857    8749.701676659359    1         32.23377974884129
-4453.151835271447   3611.8840747365134   1         30.358460458955868
2068.1958825580823   5513.949456166256    1         0.2295568464744102
-10706.475867529509  -2094.9137241464296  1         45.143056945775356
7301.793237712892    5593.7080880615285   1         0.33526891374280265
11544.97193558785    -2454.6597314815936  1         0.36246420806507307
-6963.990451530148   -1638.5319119700616  1         1.0292056239599532
-10466.473489918706  1167.394163755546    1         32.91399622621056
-535.5908393331018   -6028.944438771687   1         0.7220977824783888
2822.4847663479313   4454.289169697929    1         0.51642152726171
4876.608821591665    -6654.388263099915   1         31.357394993609883
-2172.7164926930927  -5781.2937043172205  1         0.7162405898336063
6029.327619904276    -8070.5029914734     1         0.3698221625739392
3735.7733894778194   3080.4076826867768   1         0.5290833511880664
-1662.0298814759713  -6627.885940263045   1         1.838756914708703
-4850.294553945821   -9273.890144993693   1         17.11278243401456
-3503.3497857715406  9980.36555081465     1         0.6920517233530579
-2378.5528874916013  -4968.567656814553   1         0.7619289515073243
-3089.186323484232   -1787.17100448759    1         0.32279975220615953
7909.510165596663    -3387.525098448492   1         0.6128344568998884
9724.337408858237    -9012.395991250538   1         39.83592543722046
-7839.623100917734   2737.68270048835     1         28.347645368503425
5780.406615715712    8873.58851383797     1         0.7263256992675143
10836.383094000461   962.2979952823862    1         0.935815124044167
-3711.8896832902733  -10251.288418630482  1         0.7904888040779384
-1754.0257397506482  5070.986318139604    1         26.180371925131166
2586.8534296094454   -1124.7830994434469  1         24.3188055084032
-7915.177697792868   -7451.318567078756   1         0.3235686362231651
