trucks_count 3
drones_count 4
customers 52
depot 0.0 0.0
Coordinate X         Coordinate Y         Dronable Demand
5816.827100999321    3927.8133618581123   1         0.5948223337457783
59.6698017533179     -2375.5524759572118  1         0.3704275200258862
3494.5192459750033   8212.20205322342     1         11.217498857697592
-2687.948667201474   -6844.528658180968   1         0.20635362350786923
-632.2866079956682   4256.937591210337    1         0.2645747606283952
12889.292592581314   -16106.161782190573  1         0.3880369630061775
10207.228249736843   14457.01248511835    1         1.1902003347418662
-594.961801731467    9565.061300017653    1         39.330478399640505
10738.069500297332   800.5063601263791    1         0.23029731874713552
4430.261647764652    1674.997578116203    1         0.31873856162457065
5437.189115984631    -950.8105994432258   1         0.577809285691816
-1941.33484749519    -8567.078144802512   1         0.6084957346377156
-6428.030956259647   -6320.514976723557   1         4.706741218402143
-3395.5313032505705  -10089.600300855775  1         0.8693720923494785
-6949.440762922765   -413.4155921888483   1         22.128577709207452
-5441.957211674071   -9315.696834332031   1         0.8131739829895237
-5762.712997199931   -6659.438356218339   1         1.2346603595782002
425.27332699399267   12464.615423016381   1         0.4103830098301632
8037.592871106005    2013.7649029271033   1         0.5841980641342134
-2421.9284348860397  4579.962643959901    1         0.35093429776954455
-326.63323481126724  7854.148531219982    1         0.25156930749838724
5688.935062024993    342.17048048577453   1         0.9899321104005541
3441.7050689683774   -8425.933323158293   1         0.4673041918640506
-2580.9770559949684  -8295.67790721118    1         0.6870915597435674
-10115.96392871867   -1514.1954104822896  1         0.5030043728513277
-9744.365998483538   -2075.6277097141515  1         0.6968241242900822
-5688.464000697909   -7540.5815078307505  1         0.5289414378191069
1175.9550574568125   3317.6651359024604   1         0.4590607924619565
4257.857545698488    -989.2686736164213   1         4.87336338643694
14498.206260693973   12589.683818888981   1         24.192570953491064
12388.504367695481   -373.76958975657544  1         0.6412800406106194
-1996.1801670975651  -6522.993053364444   1         14.233603603621125
1076.10021916207     -9537.41831731334    1         0.9296848212347534
11019.501928813566   9348.841454775622    1         0.9707500561947724
-8062.533344144671   358.4677711207223    1         0.5026795005027391
2244.6748735837696   -7044.22948397567    1         41.8195471116188
9307.60228859429     -3817.88553215281    1         0.45166029416593745
-9020.860286730662   -2356.9365051611326  1         23.538360622201495
-7038.081060856221   -8096.666373893937   1         0.7986747369278787
2150.435512026816    -5853.345873730867   1         1.1321707614167702
-7020.195695368376   623.9457994393013    1         0.3185793648189261
5296.279661786664    63.63035266348604    1         0.3387974735169454
-5750.580618141901   5373.727654510117    1         26.174793917096142
3805.4469259187617   1480.5575044236368   1         0.1491496530261298
7129.589541039842    -7067.0979433852535  1         15.781769152932307
1864.9617721727286   -4079.3842312042048  1         1.135939758228428
-3086.6848539283064  8192.191620064941    1         0.42428459628614035
5431.3927655025545   1746.209473720788    1         34.905981897138965
7411.49375896402     4820.690203482025    1         32.61971209733437
-475.4248014051395   -1231.0362750486534  1         0.6861874251022703
11768.47927397762    -1480.4210549653908  1         42.176471763392776
-7352.315029376381   -7637.621172385375   1         35.418129353752406
