trucks_count 6
drones_count 6
customers 100
depot 0.0 0.0
Coordinate X         Coordinate Y         Dronable Demand
7673.745523656191    -1141.7481552925433  1         0.33154993219212253
-3521.092027838486   10208.913129034634   1         0.957848554335161
-14996.83081134662   13240.345493317447   1         30.979116438202393
3694.4399506459317   -9394.79928375059    1         0.38555080439146494
1368.4039279184478   4674.142992393844    1         26.545442628650203
-3824.6461501602234  9999.02412327431     1         0.7533462092363425
16065.614975109915   -14269.963249501008  1         1.184217591704779
634.5181907637226    6545.804330821777    1         0.3532186264205208
-4527.4499844963675  -533.2916374330546   1         0.4566023125634965
-6841.296711578348   -5793.799127429218   1         0.3377669805890634
2399.199198148705    -1495.3599166067684  1         0.2798223458973843
4428.060956923411    13664.069812082635   1         1.603788913761334
-4419.853034491178   -8080.190582285334   1         0.3410554005376626
4531.729036190415    -1774.2993463833368  1         0.3943454710609535
384.9162527452689    -1645.3347626474251  1         1.0658574015091962
1149.8450602949488   7044.454612311281    1         0.5447037373713447
156.27736935268553   -8180.765486649596   1         0.3889211739692706
1914.164849728381    -9443.881970821029   1         1.1441539434274062
9840.456528305394    -3589.668657522866   1         1.111901086506978
13590.964733075234   -10342.998254802276  1         0.7807419115236182
-6030.698019308089   8409.21103424087     1         26.162697634883052
6437.550463672662    3822.508141494804    1         0.8307106154124598
6498.270094714244    -2754.2189049772514  1         0.7633999321200554
-5731.53474333472    -6909.645551488355   1         0.2316517421377069
5524.417982402518    -7627.809616052032   1         0.6726220776658027
-171.415813286402    -3950.4127274863718  1         0.7706206750767944
-2621.6880715645875  15456.145827327186   1         40.54164127500097
-5162.683983755567   5210.1079618024305   1         0.7688487829280236
2001.5700144079726   -1998.0158124911834  1         1.2358381057563492
-137.15921006303205  6713.489825881718    1         0.27650788553383276
-3817.9373061208444  76.16173031041237    1         32.12835073193803
-1570.5841432984287  -4462.205530066148   1         0.4186442050282292
111.37733107625571   -6760.794717914838   1         0.9636097430650166
-6.853254139397653   9383.409879530233    1         0.9946741247111366
-2354.052830098475   12076.428763478703   1         27.20719796434324
8817.114346855817    -5354.252432129768   1         1.1002210472765674
-4443.57397794022    2328.0834812820362   1         41.00263976417865
-2450.193230348657   -6695.340869085137   1         0.9545645203847981
-4751.997059289285   -4254.265377958891   1         0.4199122658763421
-3535.129531893198   -3978.4956609354817  1         29.250097720934864
-7297.320121262781   -4826.652138636451   1         0.28295538973317413
-9317.683078052127   -4704.421256993153   1         0.21307475199151948
-11915.987784894289  14198.487396362863   1         0.7548057930985036
6891.8145340506435   1451.0024672410984   1         0.10138831583468216
9259.650733473765    9506.030043616629    1         43.23151987942835
-3294.056753089138   2747.4009405792267   1         1.106212990386865
-6397.41019728945    8199.920210795312    1         4.483917030951112
534.3525551247311    3098.0559499930696   1         0.7094855481337337
1667.440954529099    10183.89264504768    1         0.25813027941828964
-5642.503461628923   8612.0053348175      1         0.3233447348996237
13794.056974813273   -2618.871949139442   1         13.233918137165332
-519.8361695991109   5161.366700453877    1         0.3205313409153262
284.2667558622802    9594.146132077492    1         1.1879715057478741
-9830.177755693268   -1393.9356789684803  1         7.77733988475718
5725.829772764288    2774.1339163441567   1         0.7800804069434578
-5915.20745954572    -442.78434618783285  1         0.2983869653526494
4379.851346049497    -7441.970877288023   1         0.2788780453374844
-3019.8467634171775  1160.9556564460274   1         0.367127558494025
-15696.267242174345  10302.900877490181   1         0.8770527932576849
-2593.6356745108155  9910.389533891946    1         0.6128836562679187
1955.4840746102018   4893.804313443303    1         13.200082912931963
-2304.7268805612807  -3559.022729041856   1         1.1336673883079849
8639.190788804448    4902.327900351172    1         0.6225997807710729
-3890.347394721767   1232.83648561851     1         0.33614218089194114
-7126.081528315364   17076.445327302223   1         6.532563051826742
6637.736483865554    -6819.42205600356    1         0.13910361441921124
-620.2124053098025   -7598.976972179701   1         0.7283234026472906
-892.2832645092066   -5797.624572340495   1         43.171161327752664
-7798.716464558115   -5623.519407400093   1         0.910100122099346
5746.6382406028315   5617.770750521431    1         1.0487575922590304
3824.8721434744475   -8756.023423464976   1         0.5413880014269427
8550.726267014401    -5495.690621323847   1         0.9387232834675002
10610.669043602922   -2533.965772623319   1         1.6436441596670823
5524.865796401503    2549.091696608947    1         10.04606859864947
-5154.635088799647   8270.371838881245    1         0.7368897129968861
1009.2017787953235   4566.382033679811    1         1.1374663274705823
-1247.268553492633   -3287.4909312960986  1         14.800285472484935
-1198.5978322907745  -464.2971605689483   1         0.12038499632154079
-8962.96416507236    -10209.110977922559  1         47.64719301297344
-1565.6762724118662  -5927.491378278169   1         0.405985989839763
-626.4291101100172   -1621.9826153807005  1         0.8778721739390998
-8917.02554356117    -6169.883532518746   1         1.102142601011371
-5400.431397399841   -1661.1498714780357  1         13.186210285898456
2177.812337306112    1660.979565922153    1         1.1809415521253026
-13282.413255379994  11873.220601259658   1         8.353334027066413
13330.333606160642   -8055.4658844076075  1         0.7507053004794422
-8186.36652047123    -4449.679414124368   1         0.7999094515292547
-6117.856195069203   5917.7726366990255   1         0.3933512869559974
4443.4524114496435   -5977.672552750349   1         0.18785881643517274
52.8950816118339     -6809.067556827149   1         0.20666218839217776
6761.65249912399     -5933.701824604221   1         1.1603775957767712
-8735.347808907218   1795.3122126377914   1         0.6501921161205917
-4232.71724148093    5168.57853269458     1         0.7287227843583598
4220.108681659877    -6021.881927845637   1         0.21518882775517806
6276.926826019212    -3793.0831345542115  1         0.8763194200579163
5620.350506130213    8858.341165133148    1         0.9523521394013792
4429.791977792933    -8559.554464930825   1         0.35339327567999157
-6498.164744509743   -1649.2788300317598  1         1.1984969135213335
652.171721232213     4323.3229901891755   1         44.047209664685596
3768.2379716350397   4092.804837772609    1         0.30432335918904163
