trucks_count 4
drones_count 3
customers 69
depot 0.0 0.0
Coordinate X         Coordinate Y         Dronable Demand
3041.7656311557125   2927.474699872597    1         1.0338874597174221
1614.9500928229586   2380.851925710198    1         0.34168004623257264
2883.9393984693256   -4622.1632059664125  1         0.19176075331896492
-4310.17680927262    898.9266900496522    1         0.12759712477343677
-5934.481488769928   350.77568498804885   1         0.9060567839066093
-5962.5606896554755  -2027.8782506413304  1         0.17409959724189128
-7331.799130792625   -3206.1177943488665  1         0.6252296381665347
-1190.5170872082415  5946.232164281262    1         0.4494098965397765
-1835.1160973375993  5452.935734119731    1         0.6476203382296317
-6189.093534046735   -3301.792168716317   1         42.143102504921416
-1398.0594918067507  6333.424187335046    1         0.8670063127854543
5515.028613697728    5524.769125277086    1         1.2432900599174617
6621.353873122706    -4675.043829998247   1         0.8632611024273276
-5296.134748365963   -3913.756094169964   1         1.1956157531525
-6002.924410846984   3395.0892170477973   1         0.38026865025467227
713.3916821599905    -4600.78098716973    1         1.1976768822963462
-2935.6883085200516  -3286.6722281516427  1         1.1624657112794443
-2427.0563434119654  1085.6140487049408   1         0.5719911077593932
-1086.9726221051278  4391.657252835308    1         0.9836121016684111
-809.8719727602141   4837.863162355075    1         1.134654870286737
5492.8035465041585   1115.7274022432644   1         0.30450473492248575
-6480.56131660679    -373.1829808779172   1         38.545216796561256
-1926.8730596690773  -6829.629033433219   1         0.5578414097364784
6728.744205848067    -1021.0106124316037  1         0.19840693985856855
2432.641738731339    -2176.549543192468   1         0.8236262188353438
-2442.1867198201116  -1043.2985312462706  1         0.39514738523076
829.6584469189971    -2786.5985655136387  1         3.3170145013367685
4808.604388626756    3032.8231700081933   1         38.50488308251364
135.755209146721     -4677.805507176944   1         35.80823939005495
-285.175322092725    -6144.697627475029   1         4.467598025396832
-3629.458793601342   -4174.233540844127   1         1.1396859904957448
4586.6009645916365   -2958.916080506219   1         0.40430758205804873
7275.197832649454    5888.082185539001    1         1.2190575209714483
-1637.3638397470907  23.43900435975358    1         0.3715855211012443
3699.557179308479    -6066.622270009121   1         0.4684089446300619
-714.3444004453318   -6834.689462749431   1         0.26437749886411416
7261.764220836013    6330.750835462851    1         0.4704472727282658
-5906.315892152154   -2065.0999733951185  1         1.243674734970285
5294.959751697231    1889.342539202698    1         1.025998820201926
6268.514068342062    5972.817222732486    1         0.12308922431291247
1038.5520986065258   4991.952302932834    1         1.0709355359245296
-2992.4233441825104  2563.729561040519    1         1.0326272809732089
-6638.17669813752    3609.1901451780727   1         0.383087955296351
202.48922802999093   -2248.856027562955   1         12.70593462235716
-5156.73994184036    6666.419062540119    1         1.0477825887112273
-1816.5452658673596  -7358.853214422628   1         0.9266605315761188
-5045.942326604609   -2851.2326262134206  1         0.6353433508113412
-3023.5168271654393  2034.7632355814749   1         0.5040391087615479
3547.934987331785    6159.828509720167    1         16.37035633481733
2659.3433963753396   -3635.9284960997406  1         1.0349629645111036
2018.5309502595358   -469.50376902172513  1         1.020501476541508
-5322.827782158482   -54.059687969498874  1         0.9932092454820436
6972.231575858845    -1076.690090081769   1         1.2325743481451241
27.83038991547719    -2832.155616373332   1         0.30749866790194114
5983.000398316056    6206.514878766936    1         0.8092949291692321
-6754.258869742559   -5278.095824991755   1         32.66268015597046
-1399.4677573113543  6144.923395938999    1         20.317917015464282
4310.487625533841    5006.80727047769     1         0.9129464916390909
-2253.8823895877804  2883.8233123944165   1         1.1339418729367001
-4931.400278700381   3918.2491955170717   1         0.9349250968834918
3491.859652162338    -4792.98018854809    1         1.0991464739547832
3767.7828086654104   -4270.246339761176   1         0.11617071598648619
1245.472031275693    -3368.267013242934   1         27.9586701272796
7287.572611035283    -3021.5168921789577  1         0.5699432072840214
-1181.768186946282   -1192.392315484461   1         22.71055250186233
-459.4926947910336   -4149.199636168967   1         0.8735918582035435
-1861.5679770066267  -5950.566319157712   1         0.8508941427147745
-514.9656879982391   3538.8574347046224   1         0.7111294558879231
-4904.802093636014   1192.6290291615442   1         0.48757465094574326
