trucks_count 3
drones_count 3
customers 42
depot 0.0 0.0
Coordinate X         Coordinate Y         Dronable Demand
5135.315933087295    3739.339325425157    1         1.1501688813778854
3105.7878869415235   -8313.030180013511   1         0.23289879521430615
-3572.971396822071   8698.396699867664    1         0.14115436152057254
1716.23401061522     2546.254126801251    1         0.8428759776394555
652.5050259684479    -8685.923760509602   1         0.2767615439952076
-4007.0356943108504  5528.9198513894435   1         0.27159340704287094
-4920.841854514748   4332.574221126798    1         1.1103918270316948
-3894.415556858116   6596.951389520583    1         20.993686311179165
7760.728276732287    -1594.038018620222   1         0.2017610285977361
-573.9030368635479   6925.6770597608975   1         0.9493468470397463
2678.90447136868     1264.4932561414626   1         1.226892810803425
-133.9498773284657   -2737.9592600250157  1         0.91995334754443
2388.879238673735    -2250.5780454590385  1         0.5328610022101903
47.471811115478424   1434.7595630249682   1         0.4146686192961594
7561.207293515617    -12.79081954219582   1         14.059235211501235
1567.1161805271024   -5463.187505571931   1         0.5232167149367516
-212.3895084994753   -4097.588623865851   1         21.357266661188905
-593.5271730197551   4257.1044311950345   1         1.2301284636897531
-1266.6219942809475  3914.5197465977035   1         0.7838854636414908
978.7242636744202    3765.8082880100483   1         10.873764734831783
7007.42776312233     -101.56234533953648  1         0.463178550987036
-6858.102621241513   6868.516798738821    1         0.9110252833654483
4351.091869123965    -3138.6705447500676  1         0.14808683438067344
283.5452382810292    217.9015110793823    1         0.41916077771913773
6450.691525757015    6861.00607225286     1         0.6615630689251086
1319.59423881687     -8597.501822634416   1         0.15124687118482483
6434.488046918842    -261.7167741222372   1         0.3195627073951963
6911.254262766546    -2364.5515855914955  1         15.17255942049465
2666.6669217055933   -8124.82016265911    1         1.02583395681107
210.9131556702836    -1429.3191140433944  1         0.22000931135598983
-3613.5058754578304  4759.01705284195     1         1.2018308744931436
-3748.862650542629   4462.51776923777     1         0.9363308608941603
-241.10358387504212  2440.8877827158576   1         0.999228703338344
994.0953265640929    -4500.326774527673   1         0.8825007684798388
-7620.763377036801   8000.972478710519    1         1.0688474726700046
-3373.7668480526854  -2636.9892388876674  1         0.6795751862366415
1123.1860575861676   3400.9886768722554   1         0.1586084426582709
72.83459591766999    5759.241558215564    1         0.7162102956994159
3133.4156176315446   -4144.162017068225   1         0.757554187299664
-5720.940083605357   1087.3275609960165   1         0.17664965942434718
-2989.585967583859   3552.277034859681    1         0.7939300261014156
-242.67683367814158  3059.5812535228015   1         17.229909360731135
