trucks_count 3
drones_count 3
customers 29
depot 0.0 0.0
Coordinate X         Coordinate Y         Dronable Demand
5927.975708338792    2996.5519163900844   1         0.7802085284795608
5693.324476858028    3424.733364997832    1         15.04684960164728
5656.554873302319    -3805.2330656358804  1         25.20334843416141
-4666.595514902607   -9163.37825963918    1         0.36187232059152474
-6213.434432533681   9314.639284578883    1         39.89692775388576
-7805.15335348697    -2399.5108964584406  1         0.46889273869042114
1823.1345516909018   9582.260897456086    1         0.3007345506280915
-3928.413960776384   505.745467758768     1         0.49162925683077463
-487.3261721620637   5505.707660943374    1         0.583561919702185
-2489.2182008784443  2913.845561804906    1         32.0525778158395
-455.9589233276139   -9378.994773002338   1         44.68011429254003
-5493.867314645059   4318.108206649286    1         1.1624520803626426
-4483.250857816565   -106.62040302449009  1         0.2758994528073154
-7016.14690590277    1682.279576118679    1         46.29527137946064
1253.8092975373947   9111.780221602643    1         0.6445375290295025
-3082.367173908209   2405.0344005956426   1         0.7418671084555518
-8077.651724023907   4336.29072173206     1         1.098723342559775
211.28887586501992   1661.3321634251201   1         1.2056164730237966
3938.4761066522897   1792.4682440833894   1         0.43993947299595515
5595.988030401615    4951.479598033685    1         0.2276084011583529
-4659.545784859688   928.7889513307612    1         1.004435875760285
-7621.325802304843   -5104.6243426501005  1         1.1959008466103065
9375.907444354047    -948.8197139288392   1         21.645441495314294
-148.3236726591284   -7843.347726131234   1         0.4790475930558189
9032.181694614013    -2360.421632426679   1         2.2260847764011578
-565.0687361763975   2399.3596353600806   1         0.364585485921899
-3176.7133514702446  8015.276663482045    1         0.9633709625789266
-613.4467833052648   -8587.614992345872   1         18.899780156546083
3779.7378889318397   -8868.303022092196   1         0.788429420112243
