trucks_count 5
drones_count 4
customers 88
depot 0.0 0.0
Coordinate X         Coordinate Y         Dronable Demand
880.3008050899538    9260.945848399806    1         29.57925168284531
1703.6066088817934   14631.734151362805   1         23.826763361266945
3573.1098476070324   -9225.561012100796   1         0.4382642820759599
-6427.354998031541   1825.1677483517863   1         1.0695503783364042
2823.4535548695635   4028.00347056808     1         0.5959180181546511
2190.9389312470607   10714.300541544904   1         1.1897144179784698
508.6045614529323    -6719.407163869095   1         0.2939622345018289
-5164.4026975741535  -7029.503658955675   1         0.9908779401169897
-9122.909883321618   -5462.114624631747   1         0.42682255365148514
-2277.2948835265065  4755.397816386785    1         10.174970419812617
-4768.1333697883     4659.956167827059    1         15.277711152191815
-10704.76586180326   -1808.8443971913655  1         39.96407060499085
2632.0378350597393   6206.161429878381    1         47.509738472261866
8096.662058306648    -278.75003690363997  1         1.2151178639001283
-8400.2159533819     3449.7422657688867   1         0.44995538658167455
6007.961689281463    -8451.08541609367    1         0.4945924388353924
-10017.943981764696  12113.398137695745   1         37.0820836718424
670.5379128802604    -6206.246699419803   1         1.1604696529400707
-11047.70627670725   2998.7526663001045   1         0.39238696034652343
-9203.492636832603   12947.065344390827   1         46.04395405517623
-7765.056472788825   2907.545511786673    1         0.6995880679594277
-3506.436679615189   8758.929683181495    1         17.56169655985593
9620.131256636574    1445.347746809708    1         0.29553982698685255
-5835.7706024352465  -6290.446077225965   1         0.6526080768012122
8127.418226422365    -4790.693669911783   1         0.2462689594235538
1710.0298864512386   -4252.750531223729   1         1.1312310183044747
5468.582924388502    -8200.392877277069   1         0.8138629693798544
-10319.019038899245  9102.74785972546     1         29.545917482729543
-8362.763254269616   360.44241143026113   1         1.160747530465993
2703.7945339338357   -10570.557937664551  1         0.2823021339343894
-2375.42832232987    830.1209801565162    1         0.5503267663734234
2453.582791009252    6351.490518621231    1         0.14416895947381222
7694.651730992942    1833.8610803483655   1         1.1892031303436914
6928.458098726678    -1977.59089656087    1         0.1666827296547287
-92.70145233471798   9170.258997134095    1         0.9601564073314678
-4687.111579843628   -10171.10655037212   1         1.078579306130951
5187.350371941456    3409.8465103614017   1         21.706374227069535
-615.7960038410442   -1.5172631879847147  1         1.201393345373108
2402.2654451405397   -2251.8609719176848  1         0.5297173760043205
-8482.587338784388   -9312.420914713442   1         37.390249651999326
3561.4762433528294   -6979.506966562988   1         0.29661069869780926
17096.616907355754   -13717.381453503625  1         5.009274741181781
-2495.9665036103215  7857.484865920419    1         1.2296532371145734
-10037.062366055972  -3678.9963192937284  1         21.64553656639246
-10416.191134938948  15113.218458854772   1         11.496490230481399
-5790.0919163224435  8947.085160712426    1         0.6713380535476647
332.7883199998226    -2322.167488559739   1         0.16879254104668073
5871.779801828535    5883.464901260464    1         1.2333323402141223
2485.684779375987    4908.052560980777    1         0.48380114134602503
5353.351001395006    -3618.7784910790033  1         15.687594156741051
8277.744718605663    3612.0576176534564   1         0.8330317579036773
-8344.86852609266    1044.011540308844    1         6.352392915123346
9518.195064699237    -10767.829035205581  1         0.8222304988053127
-3943.4086994744184  603.2256736720223    1         0.22651552773882724
-4839.459069243505   8773.108320223626    1         1.202101763523519
-2142.0711652063997  -10164.959835830135  1         0.36687728402652564
-14296.78848932852   5651.805962777376    1         38.04849233906715
2655.025504240514    7731.117979137532    1         1.0469322245180654
721.8738750387581    -4514.30589547924    1         0.6551197777302494
5797.7202471608      -166.1198494295302   1         0.596329841198668
-631.9620986567055   8087.471640604109    1         39.13581370431979
1811.0056445909124   6424.284640974247    1         0.42966464610828825
-1202.8159224348506  -903.8752161171624   1         0.7038092483332868
49.30807699265285    -10087.483357889847  1         0.5329221117647631
4299.803140914768    -7867.126539808144   1         0.39364381500541523
-3625.385834022421   9193.51244805919     1         0.32893813228722923
7775.525095850456    -2920.714292795062   1         0.46481509742964067
1995.916074145447    12029.456355777736   1         17.719291105255408
17136.63222042803    5949.733540693134    1         0.7679445011802329
-2070.3290719900388  -7905.708641395614   1         1.2166438615191184
6292.681351752777    -3814.855722125594   1         7.033831829759169
3408.8611078114022   4062.0347926062623   1         0.956274804717257
8091.977592916679    2647.8919809312038   1         0.4645305172317875
-9412.367853960142   3802.035965954441    1         0.3173255956324571
2009.866602107922    6793.806878852853    1         1.1472861352883337
-7948.885816267182   -10502.697197619727  1         43.59314174504199
-9739.643008626324   -9202.127973798333   1         9.079228957930077
-675.9394673698866   7647.5993817996905   1         0.7533565100249748
9920.754583248265    -574.107373234889    1         1.0518122806226802
5830.132896227736    -6075.68851940201    1         1.0429018565646697
6261.535170314746    -9176.956550610492   1         45.314666337626015
-9122.667880477486   -4889.3063283345755  1         0.7397438758266728
4709.522207532555    -1901.5147427152806  1         0.13109750664934347
6504.523589322242    4542.82496447806     1         0.9015306011202487
9243.067180435042    22.544244441057952   1         0.8544458513485118
-14621.590882015586  -3014.5016230929014  1         1.9019877256238757
-5693.991909456927   5809.768970229308    1         42.63401408003095
6366.822004541473    -1879.4200161418255  1         0.8878830540714736
