trucks_count 5
drones_count 3
customers 69
depot 0.0 0.0
Coordinate X         Coordinate Y         Dronable Demand
-4249.551255020106   -4470.519528671996   1         0.8887836126737321
614.5610203444378    5509.522545777809    1         37.80470845626775
5874.768597407209    6933.121173345569    1         1.053388564239009
-37.9850371760124    5614.1145087399755   1         0.38443561228436485
-2633.0715000602245  5277.769577878374    1         0.9466981847015841
5872.840054080124    2414.9022488720934   1         48.60264426712897
-1937.2905950913753  3942.718566380369    1         32.36809701587159
2719.809760133897    4777.987120804096    1         0.21228876949071376
4892.143466418066    5823.938513403519    1         0.8290663209771638
-5657.80388696334    3343.006219789798    1         0.3160410158903062
-1205.983452414178   -1933.7763740247292  1         1.4126490363175015
377.52519854271645   -2627.350042150038   1         0.34922890678731083
2755.6243918156356   -5741.760985470486   1         0.20440696465749444
-5295.095871169777   51.310884646382874   1         24.453353394106372
6505.665555213011    -6728.810415675801   1         4.838906093832713
965.9893776929825    6138.204638559472    1         0.4089818005232988
4643.32085915059     -5383.958858977091   1         0.7585095736788795
2453.2426344883997   6703.3126793616175   1         0.987334551442327
734.8432303458014    -1909.1578146367697  1         0.8024125251423547
-3381.415140268056   -6022.505396303012   1         0.9713607502507802
-590.9256603889892   1230.3194763071078   1         0.35928694584820164
-6957.372672027198   -6429.752885321802   1         0.3861747786858484
-2187.211063737048   3902.4376318726463   1         0.9689243041262265
190.69349898955807   6060.870040080766    1         1.0319076848428417
2224.32589045567     -2652.2323255792203  1         0.8271413674236137
4579.250892804817    4938.389064389495    1         0.22192722560308994
4025.0157474922626   -5837.538668972953   1         1.0192179435269682
-3953.9157201432345  4831.662182049667    1         0.8697533598626799
-1916.4153452441942  3418.860459796454    1         0.2903565302414619
-4077.6154463296634  2562.377966027706    1         1.0339458482155277
-4701.660084183161   2969.9865076733386   1         0.19540246676771933
6611.526567873211    -1024.9339348197122  1         1.2029140414520418
-4149.271096625163   -6021.885000349248   1         1.0355392084942454
6125.018872693527    -5245.000730322589   1         1.0751460837122901
-4071.9497386128646  -5808.394920247767   1         0.309196683602753
-1310.7952369009295  -4333.082659619115   1         32.60607122951993
6690.9955215196915   -1035.211439873511   1         24.60527014301789
1628.1577290213672   -1340.2699037917732  1         0.8740270980553886
-5292.807288594392   6144.079817662207    1         1.1638447662329716
-4625.1425662706     -2325.618484020151   1         0.4938608343342483
1512.0513502496838   5029.900766217205    1         0.9095515700704834
-37.68784959610093   2643.727520143523    1         0.24378570756093054
3815.166651740594    951.9190595783309    1         0.541252399356081
-5903.898023713501   2273.123872164979    1         0.20925630951621965
6346.8721405235565   -5567.215676401754   1         0.36579802556221164
-5967.984777314685   1491.4293799283998   1         0.12350478063289794
497.8469010028748    -6508.463828369162   1         0.2854626212579756
5470.316977445564    1504.7238267859188   1         1.0015143538536533
5494.693635275705    4059.592584345667    1         0.8334388648820649
-1567.825960056076   -5659.920550525127   1         0.5538162025859436
-4873.87529101091    -4278.758556372881   1         0.9465305200869112
5088.377340233813    5515.443722580704    1         0.7580572564004259
5383.416941497452    7064.566398686912    1         1.160593262280083
5623.6591242074255   -4199.217874753327   1         0.3567091587628086
-1706.9375411679614  4773.616543436707    1         0.10312688357672245
3822.096272264073    2286.8794486490774   1         0.6177757518271657
6471.851549562206    914.194062995492     1         0.8503806190869775
-3255.2282428267963  6897.954370786614    1         31.317556092701373
-4572.566856101699   -4280.1595109361     1         0.5138446175277404
-4484.172829976758   562.0977054223849    1         0.8369879086474056
-5929.756157163458   3376.0524200191862   1         33.72874338048752
504.34198579724494   -3746.3902246069415  1         3.0387574955160344
-5634.458129467552   -4381.037091387616   1         0.16694314120047946
-209.67425333743435  6484.202402392124    1         0.21716393601812292
-1627.8195352102848  181.50913169902446   1         0.34750292088160095
-3929.4011060323332  -1284.2547168238943  1         1.0353219860540515
3800.24223669559     4055.374053099943    1         0.41121843223386645
-7043.6891812786525  -3294.456841045005   1         0.4551631052421079
-6748.1048105497275  4858.467383567696    1         0.22433942618974734
