trucks_count 5
drones_count 5
customers 82
depot 0.0 0.0
Coordinate X         Coordinate Y         Dronable Demand
3446.9248581885236   -2247.825803069104   1         0.7466473250340658
-4904.859177439518   -2998.338908644377   1         1.1606080591266528
3613.6200170237335   -3575.5545949150282  1         0.8978103251041848
656.881189333422     -4464.860240590052   1         0.865065170982925
-4730.625217842584   -1227.785291719717   1         0.17217733474325278
-2918.442980687528   678.1633138980087    1         0.511653434011591
-4007.4740503710946  4608.020819289303    1         0.6771054818800343
-282.99479259577583  1533.3426294287754   1         0.8208757272129554
-137.5842185085294   1833.0012493148167   1         0.9250038924694054
-283.71495365834807  -4678.027612367194   1         0.21620742020249625
4501.421176909641    -308.76711255504154  1         3.3252018979988525
-477.6339686858149   -1112.7723529992556  1         28.359786285385162
1562.295859992299    -587.8902415549353   1         1.120724408183817
1464.4092903379635   -3634.2797990447343  1         43.23064811155848
4014.239921677614    -2517.5057338753145  1         0.14960600738175703
-2876.5596183218277  4783.5039736803255   1         0.9251929512206959
-821.2330258140935   3904.559374531183    1         1.0268505813715332
2749.0467118365823   4771.849568770855    1         1.1641880459556544
-5008.772680626101   574.1336171433117    1         0.6582749451386524
879.365740320354     3437.0924326414315   1         0.28809580343200464
-1128.8185341419173  -1589.9097728077388  1         1.220573776096287
1482.6693132318205   -2160.7143196392153  1         0.6154018343700366
3589.4734119937166   -653.3656386920065   1         0.37213166394025554
-1108.0297622004969  4162.889318771319    1         0.23155439654398152
1053.18950628905     -3025.7057096499507  1         23.93494053600517
4796.03214793791     -4510.552317567094   1         0.8346729589621369
-5018.705394648735   3149.679440721133    1         0.3043914559562041
-3936.58963604043    4984.087179768159    1         1.1073424639291791
4632.9849520727275   -1684.747505676841   1         0.7497492830201122
-2799.57672433844    -3739.873248093392   1         43.60581067924468
-165.57514061384475  2026.2833803745466   1         1.2271739039380984
-533.5390247570214   584.1003991778751    1         0.9462630573611241
2684.5332776949786   3110.608133713562    1         1.1634741937834807
3308.3625282745843   -3232.172681993675   1         0.6584659107675644
-1662.3287067040123  -4912.71810181295    1         0.3645241861382075
1036.9755863382304   4259.561451792752    1         0.6223682325722372
-3415.4030138359335  4658.490394822616    1         10.133765066638935
3672.950902017123    4688.893169055933    1         0.32790806352119684
4946.819413521942    -1205.7062922286623  1         0.3086901813918903
-2209.085513460515   1258.540000367768    1         0.47477169611738357
-3557.2431720382738  -4134.264010720385   1         0.6116033379582941
2209.028813810634    -1506.6893796312718  1         1.1864160427169663
-4823.168652121215   1463.0841018416877   1         1.175760989280834
2956.680067812383    2335.893269011417    1         0.5901986483023457
-2491.4909552622216  -2018.5210535726815  1         37.51354799227967
310.23577964221073   -787.0143519770121   1         0.7149961086455933
-2392.1768651231428  3127.611282734018    1         1.0603257277152782
-4145.821899230642   -2030.4449620515784  1         0.8912417607183412
-4798.418509616905   -3865.202328553951   1         0.1706770796753178
3748.102311066698    4862.510885887827    1         1.116694931465907
-874.7663727411373   -4409.111680917952   1         1.0005508855694676
2148.264214107109    -4687.896758070524   1         0.5119674199595332
-2568.801499346836   -2023.297810942415   1         0.696240954226897
-3479.8373257765506  -3162.6069277362267  1         31.99996782544834
-4745.153067554721   -3153.8022983268884  1         1.0576653081007523
4789.901519597675    -3781.2172187771707  1         0.2368974645648951
2214.7095965420267   1057.3320367051665   1         0.4889253568222345
-1554.2683437612548  4471.368177593544    1         0.5466865550299819
-1371.0515481403625  -3804.9053967081863  1         0.9235002973870584
-3741.158391377848   839.8781348866329    1         23.543576223539738
-2526.0695721305606  -2521.1597819679314  1         1.1493045581152657
5000.061436992876    2866.412250077758    1         4.668288814268206
1870.963035778484    -1303.1521290253486  1         0.2027455276645977
195.17949670829552   -3025.3149605251638  1         14.748919770300482
-3232.982389293264   -1380.5352079303207  1         0.18123292306259084
-3062.106033209856   -4459.98306486384    1         0.5031042245685275
944.5736694921254    -4640.745460391525   1         0.8135986342145571
4861.416259105488    -551.7387587107532   1         1.2094701982353002
-16.293188659491086  2807.792065494678    1         30.786450029709016
4382.649506814038    635.272884438409     1         1.014747062178652
3545.6651796875212   2925.823572438805    1         0.91734372686457
4016.2129387214827   246.87562251343493   1         37.3922482026307
-51.22486284752722   3117.5058280868925   1         0.6679371265178093
2411.69603489986     -2011.6031334750924  1         0.9975450095355732
5089.7552827507925   -3631.345945874309   1         11.843839227433497
-4215.575200720261   -1261.4174211704014  1         1.1845997540465854
-4504.756132753879   -2518.254369249504   1         0.33546450643344095
3018.546083749859    -2111.988808917009   1         0.9024073729379588
1350.7483351341841   1697.76541656288     1         0.34497932773079887
1686.6253193708922   5037.168298044506    1         0.5065916275344878
3993.1846359245774   -3939.5521390612093  1         16.656195152315522
2363.2917452308047   -4136.744501113028   1         0.3341121836627637
