trucks_count 4
drones_count 5
customers 97
depot 0.0 0.0
Coordinate X         Coordinate Y         Dronable Demand
-3136.330044288864   -8393.942691458558   1         0.20655785467350074
5613.221396605398    -1366.870674528044   1         0.6186580435432769
-813.6033070770912   7406.834728416784    1         1.1884157391025514
1545.3439638311477   -8555.196040599216   1         1.12943998363278
-2992.7163910576305  -4030.40446852158    1         0.16882871096029173
4285.677242945562    -69.40800241790114   1         0.7952717503638022
5328.001720251314    3400.07131027811     1         35.873129101161695
4650.543380657816    -3718.2129641290585  1         13.646557672179746
-5197.839457962691   5273.599772012365    1         0.7500177819284921
8283.96142201301     2413.523361046235    1         0.928643465522689
4173.136009218092    -187.86221300015157  1         0.5668604180072402
-6414.128668564585   4349.678239343288    1         1.2156964058218565
-2838.373264790219   -286.1658732420997   1         10.517932663321632
5002.9824339727775   7516.904514347097    1         0.9390580201029791
-5128.786309494644   4158.433783003072    1         10.843399675166658
262.02127453814865   -6399.539059187599   1         0.2166554436263859
6688.189234516972    -6448.010707928724   1         1.0829258457196524
-419.0606609156413   -5701.507603453126   1         0.8105843021346468
5099.780063858557    -5714.016596121424   1         0.9325785235596645
-8428.805476235048   -3668.056448540061   1         0.7520190046890416
-1815.7682810425442  4247.211808294354    1         0.8064917836137182
5797.179907604685    1748.3666157824205   1         1.183724353717534
8578.060972145811    3468.4815420326167   1         0.10480359965552599
4696.024571129433    8468.39171184969     1         0.7815666320863841
-7308.7323856940475  6991.578074633498    1         0.7996990925051016
-1346.1891626992197  -8074.356958278658   1         0.43834431009595554
2156.673607997156    -3535.252685721343   1         1.2411745419658915
-5390.471703272016   -2695.7549634299544  1         37.47128992636851
-8457.788897430324   -3844.5501483670414  1         1.2468586953315137
5645.017073078721    563.1794016656835    1         0.39560627697521655
-6240.5783504590845  7294.427603269885    1         1.0862462221913307
-4779.491929593215   7064.741704625682    1         0.7491659308829722
974.8719046376254    8662.178299790052    1         0.24059701092696256
1343.4960017684382   -3138.2834004456495  1         25.65098481296378
2791.504773490768    -1731.3778380746924  1         0.8628747918523547
7482.14394271425     5547.864934659803    1         1.188168973576328
-686.1723793437725   1520.2381158126284   1         25.97968894033663
4018.356358371098    -5763.714856245755   1         40.82287304949043
6743.4378900197735   2068.444903788172    1         0.2777726981485371
-624.5380565247386   8506.327618490677    1         24.017320674644882
-6188.1983287140465  1650.9465767762706   1         35.63335940917848
-7228.159757167565   -2978.9917159934516  1         0.5199448546345263
-2762.3231651153405  -6355.719045077518   1         0.7938942658941669
-8178.820701873663   -5717.2712573235385  1         1.1078426956007001
-8034.94579274499    4253.95577688962     1         0.25732752271861575
-1829.5637116625549  2292.0967820263436   1         0.30585503444203943
-7673.377743539751   5431.026187899689    1         25.637737329763134
2087.5127539986984   -4751.3275952965605  1         0.7330493452017663
-5626.181275877118   8589.667337325818    1         0.6705132345294144
5263.062501475301    602.247316934224     1         0.7603800888823031
-2805.070659380756   -1137.8153068242734  1         0.5900966929475377
-4439.819801637493   -3789.4600448820156  1         0.8685034971377185
8332.514954283448    -4752.162833721504   1         4.929182790785644
1546.4521097976976   1780.980748259337    1         5.537620444407637
-4968.727555475719   8063.223477656534    1         1.0496749238768202
3726.598911317842    5462.545921772237    1         0.32486956091195907
-5047.872342939312   663.7463067010164    1         0.5533244444409842
-7544.776737593254   3396.2762845491857   1         0.3756636918337548
-6583.912648863842   5932.873878661752    1         1.19531447471163
-4810.076330874993   -7960.095492925066   1         1.1320629201705574
-3279.2931438159185  -1822.3960377079097  1         1.2399042163058482
4706.5677172455      7341.904558294349    1         0.9715927956896496
8093.811174106837    -1100.7831369127944  1         0.12039603726881322
-5608.549353584226   -6547.835269141796   1         0.27257029590786797
-2093.1502633485657  759.5742727945686    1         0.9990967260822311
-8055.790493578346   1588.396542612241    1         0.1151632471684183
-327.3298777408568   -2924.94106994441    1         45.913486528483666
7520.470728607264    -7925.71899565587    1         0.6520026097938879
1679.3791611720485   -1361.6457469009108  1         0.5743390058903526
580.353939979269     -3795.181920062142   1         1.009780531015547
-5624.907059732117   -6427.443535208736   1         0.5269166552287905
-7495.9102537982735  5670.1134072547975   1         0.8637288375936846
4784.4840965863805   -5472.012358989071   1         0.6350456472393644
-3375.7822910303594  6770.687826384923    1         0.3061431765856262
620.5254601354684    381.8468789264953    1         0.5180321125978695
4944.895289600334    8053.3272164939435   1         0.9204295843640955
3956.3073530652237   7836.102278086236    1         0.29325009261767143
-6388.521117207945   2419.2626948796706   1         0.12829815374578143
443.46488674064165   -695.9338300956344   1         0.9528896334884209
6766.598641971252    1458.8493518371454   1         48.54940667309448
-1886.3939180505977  -7262.560460512502   1         1.2335769117851099
5308.416753743683    2731.8696481845277   1         1.2404426298550717
-1078.1969314093233  -5823.354263486815   1         1.2470814759256688
-6726.085546519119   -6432.816545067609   1         0.3846117469393956
-4027.767486198657   3661.2358165221326   1         0.43978480048412616
8369.407183427638    -2466.284659515537   1         1.0554571192507005
8515.588678564414    -2211.6431612371593  1         0.15923564332430434
29.48844584168406    -8165.38527022609    1         0.539971281921296
3393.031562714675    1626.8025170318126   1         42.00327720304045
256.86540501470375   358.0524626014891    1         0.160723020878279
6406.846309117888    -4852.7785284643305  1         13.772554453029688
-7960.880862384494   -5264.830274811812   1         6.300900081788489
-325.29868628928125  7210.691155948392    1         0.6500256640971593
-1885.6216276452437  -6886.632537792132   1         0.15095432870506814
-522.0117129219988   -8628.96110592826    1         1.0001016741690274
3093.56830255504     6206.955340171028    1         0.4094478915619797
-8246.358461108965   3944.5537482773602   1         0.2560845552024066
