trucks_count 5
drones_count 4
customers 59
depot 0.0 0.0
Coordinate X         Coordinate Y         Dronable Demand
-6689.525284300413   7626.369738249799    1         0.45978503615730415
-3769.335808890254   -8227.926332797453   1         33.11392140693202
489.44158821698846   -5534.805762062328   1         32.76654578675873
562.8815156853632    -10288.954411876794  1         0.12227838367359485
10084.356325946483   -2165.3279809626943  1         0.9900284096876087
3676.3734613432393   2439.320755609317    1         0.8015304109146759
-2514.170978926136   2528.9093114264874   1         4.878752832144797
5397.229546176337    -1085.7638470962072  1         1.1458898582833652
-1759.4570875798727  10742.19829153065    1         0.9688456016267772
1206.2271186447524   8792.475723169895    1         23.153474964692823
12213.192059871955   -3900.5708341457503  1         39.81647778676751
9539.691098626095    1384.9874626012734   1         0.9386803351062334
-720.0147341132916   -1534.8357985925138  1         0.14066874102984145
-8254.01470449077    -8573.562123696434   1         19.375117527412087
-11858.264293380882  8871.779293322532    1         0.882657164617803
-8196.28764501104    -682.4668113559954   1         0.4230048380455411
3189.5047287921752   1867.9784573453853   1         1.117248471457266
2315.587649190625    7750.857758921827    1         22.57143043417293
7193.6513132822565   5041.442451358459    1         0.4890210576558678
5379.284036697499    3803.8312131829603   1         1.2321553003601131
-5216.431048067133   8046.787163963481    1         1.1202661996492609
9023.046469450668    4999.808563266347    1         0.21092072646207538
-2621.861544330285   -847.0170711580462   1         0.3472145015460978
5186.988433852703    -3180.3196633699476  1         1.0517381012799982
5397.862492822364    3674.646916530282    1         13.945093898262051
-2221.7168081490527  -1855.4012606290835  1         0.7019978423637379
8180.369209751247    -3169.2797861204926  1         0.6246070348422494
3206.650279744368    -4287.197830726651   1         15.629539513653606
5499.040189555149    3861.742969126053    1         0.6527228009692458
3444.2541832219104   1217.301807064896    1         1.0724832312331911
-1429.1191496303843  -5945.225189502106   1         1.0581364681523635
9079.192700131704    1835.7622349988264   1         0.23978043388776482
12493.813328754797   12042.48740619991    1         43.23996145335805
-6487.1132092579     1073.976318523172    1         0.6536085114887794
5463.033274538363    -3174.130275026598   1         0.7187219265430272
-9590.579629483345   3465.382952244334    1         18.01145025454678
7833.592317397955    -3183.6419639786523  1         0.3996679539961703
-3794.3359207563235  -2641.283101726419   1         35.9558828579952
-2314.8949193840444  4370.639784516701    1         0.5959230877161509
1830.005341033826    -2336.9249843199905  1         0.38355139208442124
9874.685471587616    -4507.444354975015   1         0.8045984178588191
916.0012045096762    -9993.706636189341   1         0.43572811241184595
588.9342386330424    -7262.029340069308   1         0.4761368337419529
4709.630601252797    2177.547511875498    1         0.5200597317407173
-2744.3967564713244  -7041.606598938213   1         33.77679090448851
8420.500601144488    -2831.233358327752   1         0.9644143021889621
3842.77359633236     4781.422272885269    1         1.1628353712829897
7890.526721626247    -4823.715929233913   1         0.3342418433597314
1845.0560155070668   -2208.488807045383   1         0.9458239064209805
9190.777522501096    -2195.2543538816863  1         0.5512688210265337
4096.213562657523    -7089.748153016599   1         0.17524534198180608
-3160.3978213406535  827.1909379389053    1         0.7073334840555691
5200.039949102859    3894.7645577919047   1         0.8360277961244703
1700.825412244829    -9205.28016184427    1         0.21856981292388614
-996.4284030384113   -4798.90721313314    1         27.1960396902711
-9503.685625461425   -12938.959131939522  1         13.987757576511633
4084.832998179338    -961.5648310239968   1         0.8362984427451995
-782.684058021461    -8897.599781284282   1         0.8277188542572635
7711.2611836021715   -911.0648140499053   1         20.183645997757107
