trucks_count 3
drones_count 3
customers 27
depot 0.0 0.0
Coordinate X         Coordinate Y         Dronable Demand
10358.186772785844   851.7303301517987    1         0.8779326658059321
-553.5871276315903   2138.4534939665136   1         0.5529505241986703
-3948.294145484353   -698.6177595653991   1         0.7543845183185567
-2578.4392825685813  -6039.529120696071   1         1.0910834198930726
4083.028165159405    358.10959847189076   1         1.1621280398107825
-86.22872840963267   2577.6688735927755   1         5.673463937916065
1411.0071815289248   -3656.3177479727574  1         7.056639100447123
-8402.422393481436   3386.623824756306    1         0.31713500472283895
-5739.05392485329    147.60223525125      1         0.4450387742178047
-2917.958923971283   10484.456558260783   1         14.251157531386482
1460.6750399069938   5206.610508221627    1         0.23121360299869076
-10179.843905168937  203.22843397689329   1         1.070185516417658
-7432.476652463905   -2172.9640314158755  1         0.15849717220031545
4080.9607113456022   -7134.58989249677    1         0.9448457912622875
-4020.8570293848074  -7164.814821358606   1         1.158584832730937
1704.366614240625    -7412.531732486756   1         0.4260885890235204
5612.095413100354    4256.943840316114    1         23.931915013408418
-7622.4759661073895  6049.997827626821    1         0.8536169070175911
6475.534707879013    4660.585400831591    1         1.123360116499076
-6945.129789623934   6548.318758527647    1         1.2205808463577137
-6010.186472701073   671.9959196742675    1         1.0769736292955152
1098.8276507122628   4825.225475167663    1         24.654367613006265
-1561.1183034458154  5749.219179752892    1         0.4283616143071437
-1599.889742504602   8204.228901164044    1         0.4907459109014307
10369.413574242799   -4174.530240521757   1         0.25100689282595184
-7424.182272336166   5754.522745602565    1         0.293251866731576
-920.7010293730826   -4540.356977205558   1         0.37993185948430763
