trucks_count 3
drones_count 5
customers 77
depot 0.0 0.0
Coordinate X         Coordinate Y         Dronable Demand
14193.263159782993   -9348.427854463123   1         37.21808853550155
2705.437009289877    -3698.7562886371065  1         0.13746529112607853
-10305.199453424762  3678.1431037486473   1         0.7936841591986821
-8898.099806010398   -4231.265901293473   1         0.8499088269130864
5572.763569436239    -1660.5224614723784  1         0.29100465404485576
-1356.712517535713   -7769.678064649254   1         1.1856331689402992
-6108.705591720406   965.793924771541     1         0.778240579845397
-5801.567079959602   5918.482144256905    1         45.38129117235946
-5557.885280950477   -8307.983710039016   1         0.7924948911067883
2243.4475823171574   9756.812697185667    1         0.41791876353882007
7839.379736017436    16034.523211734508   1         0.44879106431429183
5360.301096027768    -3625.1121241197598  1         0.10139511957228861
13987.469789538718   12050.479204517946   1         0.2857397293730674
2456.107138103457    -3544.595642969664   1         0.3124798749478668
-7986.722735628865   1746.3827480522398   1         7.651076987612453
9119.750324527917    -4608.258116668751   1         0.62914492546744
-6553.925601865104   -6859.668477359268   1         0.8702478770885697
-7317.281804496617   1064.4635099917216   1         0.7655945937870193
11091.291660795894   -1585.80551360149    1         31.652666295207574
-12427.832270833886  -5092.268575361502   1         40.497027581710725
-4391.245050864753   12869.296276472192   1         0.8550067090534941
5653.446244022274    73.65241264999088    1         0.7027568562008466
5856.652003781563    -3239.5921112859696  1         2.7950001312016672
10720.50991077693    1197.4496111884812   1         0.7816459540729688
10487.341961199938   -287.93792048150345  1         19.37881989303409
2935.4230668812143   -8773.586267506975   1         24.981080988711497
5270.004615295933    -5959.173964042154   1         1.0993894062418046
-3032.9003205242643  -2645.5495377989337  1         0.4083650461122261
3278.705927706947    -2759.8967557512115  1         0.19299965144789782
-263.3879614421603   3039.5240983187978   1         1.1752784043309261
2516.6287661185097   4377.403874626754    1         0.8635910312193742
-1865.7357403654028  10348.372428806148   1         1.0429267625927945
-6232.003755359187   939.2416478165912    1         1.014682545754172
6361.506209889885    -2141.8008793367703  1         1.0848473215983165
8301.784679738481    7912.275718365152    1         0.6170812162276443
9950.922865093962    -4169.821258424137   1         16.140313352404274
9686.691273851931    -6039.829399121914   1         1.178510610627018
-5166.5519132009595  4358.207336116231    1         6.986129188575931
1967.8750607726322   -8679.145213254795   1         0.859368450023382
-9448.263314592623   -967.7290524324626   1         28.440325055302576
-2736.9892830898916  -7350.813452771663   1         0.5201315523757604
7106.890214579969    7950.15892314574     1         0.5512638592934602
-1545.3507921726298  -6707.113745945479   1         0.7647101126807723
-7857.4336520334     3417.014324976619    1         0.4999649807864578
9148.14584873022     790.280208364537     1         0.7685535004004788
278.14342477161966   -627.2336525619712   1         0.9545926294551005
3904.0560706670058   -8047.929947694838   1         31.751131995591834
6031.659326441034    -2862.4210823039116  1         0.3580970105591613
4251.115409947728    6243.603669720558    1         0.12109068793232933
7372.392701422344    -4724.501066788157   1         1.109847277339273
9096.906130098745    5036.7775585732215   1         0.11260672730648122
-1124.3676260640964  440.3990219162525    1         1.210275981149555
1119.7288237462692   9194.255626134558    1         0.9435968513434553
-5906.48651726503    6544.522652772977    1         29.403392476541594
7741.71033735163     -1876.842227046238   1         0.8242345683295468
-14169.930633680075  -11557.605763928335  1         41.12519993685927
3695.177926392038    250.0944207708987    1         0.9234736871588205
-1807.433430727425   10032.024130811258   1         0.9794466489762536
-1552.5660909309538  -2085.8533039880595  1         0.6553543692650364
-2867.3505504014815  54.23162519532135    1         0.8303248190288701
1369.7094615723809   -9275.61609089487    1         0.7871301850201486
-1441.1711760563533  1874.0016155012852   1         0.20007016990787252
-963.5865264569902   9385.415169645585    1         0.7996729268502158
3818.7584148302385   -5632.842163894533   1         28.88439017039509
-10574.41854157978   1813.0091124234925   1         35.77902703857754
-8132.725791346929   6322.086726563209    1         0.6979665853008686
-3438.3296242167585  839.0643615679924    1         1.1220991932371123
-2080.0437372476567  8436.340280446911    1         0.30026734523882714
6562.237752948733    1804.0290708477733   1         0.8928137538598073
-2746.5879301687087  8186.923123843219    1         0.44298286030393585
-4966.406538269917   9299.210221220645    1         23.311906473522157
-2298.120951854227   -4183.301910684509   1         0.23801874041037666
-6312.095921682655   5587.190070382152    1         1.0547366729576089
-3092.5809030024957  9604.924182624341    1         0.6213515653488034
-5171.1377455749625  -8702.290521336816   1         0.4460501569795903
-6382.451704053635   -3335.4225810863377  1         0.3308992064480119
4408.734246871886    7831.171994311432    1         0.9409345734899258
