trucks_count 4
drones_count 4
customers 48
depot 0.0 0.0
Coordinate X         Coordinate Y         Dronable Demand
9075.269302140636    1376.168905411153    1         0.37298916279784256
359.07459566398353   6910.31996959696     1         0.9062547746165481
-7295.363492794425   1886.8857768207183   1         1.0254564076824613
-1837.7329818055405  4177.8714974281      1         0.24728734880073683
9837.023888642494    -685.6441555481928   1         0.9209542440379446
-5268.9807748340045  -3878.3160703887725  1         0.21802158177186898
7515.9720171183335   5959.125424225829    1         0.8769187537552946
-2835.2241419115867  -3414.6776692795106  1         0.5039110294385687
-1976.893621871343   -7971.974778135741   1         1.1094325291097447
9369.19998454587     -5497.527179410907   1         0.46379173650130223
197.59280572366657   -1279.486229972772   1         0.4700661225258278
-1213.423561915549   -1362.451005198881   1         0.3443634652613857
-2256.1212218047704  8272.205811727674    1         0.6565010828416835
-8112.254084167531   -7856.919613302218   1         0.14206487346914495
-6151.742268244386   757.7209614439654    1         44.0473005431588
-1626.0490649350322  -3165.469448111481   1         0.7855836084384596
-3626.0880347511556  4964.453158758971    1         0.40981366321430723
1855.8742529774718   -6186.952346783033   1         40.167652720009315
5969.689819149326    -2853.3176173904703  1         40.03397404814912
4140.90668078244     9661.721765001032    1         1.1605819395515384
-7781.698227711829   -902.0526487933943   1         47.47332131592466
-5062.4536354426245  8558.107577598621    1         0.5380179933017942
-2986.081889748846   -1691.2649625011727  1         1.077298622319109
3496.6143703287075   -2968.0295207278996  1         0.5894102728114592
646.8228265374183    -1658.317959197686   1         0.4343091095956575
-518.3234471952443   4628.8358960053565   1         36.43016053451021
4985.538481968593    6771.683062271822    1         1.2321987905397085
-5737.934246944382   7496.176795799428    1         33.401428333718805
111.85095395901938   -3546.151075774565   1         0.9330098903708253
201.50646127852497   -4312.671577105058   1         24.685941615971515
8604.721029891483    -1716.9356519932207  1         0.5099596607942953
7219.504444575942    1400.3254529511719   1         1.1019389806790285
-7473.514020853303   7983.096787984301    1         0.49993574923650885
2509.159067556029    883.4203360150643    1         38.453240811889344
1282.5348540589198   -3774.9455570386885  1         4.120109729170878
-1073.6181628233735  -3023.1767466845613  1         19.570708646678764
-8071.3330351106215  7345.651788910621    1         48.089968635145624
-4282.219968179568   -4413.914547427102   1         0.8033550620393608
-6078.541240706474   7507.151895895065    1         1.1767683441616132
-6127.788693585474   -5821.530293854544   1         26.798911190429575
-66.33388304705703   9382.891054790518    1         0.39683102244420476
-3484.779045070259   -5535.105891069612   1         0.2134414609038507
8810.001438827696    4181.8627010121845   1         25.96152534932297
-8605.137032597686   3099.3366352334037   1         0.44106205251620567
-362.67010891688597  -5038.824349650082   1         0.24956365073473288
5584.190463537024    -3804.2258123549964  1         0.9511478350619013
-7366.772736050956   -3145.170873797079   1         0.2767658096622756
-5436.375997654633   -7296.399453617375   1         46.76696532775801
