trucks_count 4
drones_count 3
customers 64
depot 0.0 0.0
Coordinate X         Coordinate Y         Dronable Demand
5484.20327618635     8065.164065220063    1         1.0137471868453694
8514.746730403163    1337.2319097813513   1         1.2330319372090364
-4218.952704691653   -2909.5077803270497  1         0.6052159432343083
4855.950969343403    -6999.120888148776   1         3.2399716084563055
5495.2816094507925   -1353.3616869019406  1         0.19801185213766354
-6305.866124857198   -7376.10612494553    1         0.9415122134595564
-2236.882047911052   2162.3730207153712   1         1.0206919880316592
-2343.649408515548   -3746.72957364924    1         0.3689251315169454
7885.258538239532    4504.061866377053    1         0.6257021974907645
6957.197230255299    5535.413185536394    1         0.9318686381822867
1827.0438058695563   8284.13800270854     1         30.931848706802384
-8172.164556532483   649.5860926865141    1         0.26590123433322166
-1274.413187390814   -8602.659742985874   1         0.6434445622210846
-2379.700216297148   -931.5644170872068   1         14.232115998265698
6727.589946836011    6136.6936659316025   1         1.186805496673768
-2226.532651476798   5182.591461653876    1         0.20888464506642263
-6355.63136549263    -3604.1320834624294  1         0.15751035001996358
5833.231698548476    -7965.268108549785   1         31.28367658091207
-4381.1012797409585  5137.076321125369    1         0.8220282874596588
4918.3733672676935   -4026.1136959113055  1         28.577601413641606
-3361.4474800238604  -1883.0754043919785  1         0.574455230276089
-4429.891401890616   -2485.545514100655   1         0.7361258846724029
3859.625708344643    -1927.0579390002526  1         0.8640347612299625
4125.407791403899    -5271.208127579284   1         0.31510200636444063
-2455.9152202828545  -428.8800591246782   1         0.7016159998594845
-6413.370194763756   -5755.711026335647   1         0.41711413114713913
8589.590943290636    -1068.7520988940541  1         0.2794027202273536
-187.02674167795556  7775.163237741285    1         0.30779210993555595
-2088.5312740532213  -4079.8307378669006  1         42.78735554734062
-3411.9956940516468  -3350.5068198337126  1         0.937706745368159
4333.300701066167    -7677.980377468212   1         1.1436550416795193
2680.5581606329188   4093.001179943889    1         1.1744981620417443
3364.930783404827    5810.185934614474    1         20.952644612248644
579.501725739508     -2517.31810389125    1         0.654082541296111
-8410.22730454277    1937.1145991793398   1         0.5096402562071903
-2908.1349610380084  -3336.540660508138   1         0.6232268371968652
436.77138029526577   -1489.9024784383055  1         0.9686197657944304
7884.33817872375     6242.840353149473    1         19.061687298711785
4259.840352627129    -4824.2548198632885  1         0.4490069367361864
6219.640903977823    3864.141945941741    1         1.0715464172786315
7059.356301952879    3764.2268054380434   1         0.2996484813465036
1437.0647983263461   7994.463630127873    1         31.732449097009546
-3761.4604667403282  -6651.393076763366   1         0.2523792852939859
4034.4891512954237   -5774.833061888192   1         0.559008091530765
1042.9863910223125   3199.391154695662    1         3.8022362400289444
1436.0375667394965   7122.955713289615    1         0.44754259565168075
-238.53155272551848  -870.1599806437086   1         0.7939449996578422
7724.904605660325    -7612.522445131333   1         0.8412644656672201
-2505.574591507084   -14.77430731383356   1         0.10527094161200692
-3877.599399906719   1029.5560050484519   1         0.8277340884853497
-3764.945123789068   -5664.975860050237   1         1.07779671415667
-2573.346466492093   5864.271211270366    1         1.113363041594013
8022.196223422972    6204.640610694656    1         0.7599534748675905
-3057.3934212921945  -3042.30377001614    1         0.7027854411158846
-3084.5399374730637  6677.347034364646    1         1.1178239091335413
7802.301692702537    4820.286772280575    1         0.22094571889361309
2282.2044249238666   -168.19575821929686  1         1.118142957606225
-59.03096556950953   -7707.7624524953335  1         0.8611327888301836
-5337.993472770516   -7296.8715381975735  1         0.1577114635878646
-3276.2359107727375  2696.9882857152484   1         0.9923497543250387
2602.332026246955    -884.3188576139573   1         0.20908774256269166
-3976.360317720411   -310.37235036833505  1         0.1702558496198319
-2288.9280250474694  -6634.247204595754   1         0.89363031416046
5268.204715223052    -733.7534065231278   1         1.1389076659043642
