trucks_count 3
drones_count 3
customers 51
depot 0.0 0.0
Coordinate X         Coordinate Y         Dronable Demand
-4126.0700827932     6992.4881007541535   1         1.054590350851373
2351.2390786867036   -7318.860188796907   1         1.0004143497378677
3653.658522751499    755.1893331385259    1         18.52389747767204
1490.5807512607298   7413.593418778517    1         0.2531714082107659
-4616.4652239063735  113.64002733951742   1         0.3902688959755931
4245.208743490913    3475.673768882857    1         0.535243515446358
-391.0063728672858   6067.447977336122    1         1.1020900075270452
-4007.933655460601   1646.9597845073745   1         5.608446023137011
-2341.0510058747323  5120.25076589464     1         0.4120291161773092
432.7907933926946    5096.316966217776    1         0.6284904622639823
7147.03679136281     -4905.59037955478    1         0.7592437938338823
3602.757655350187    115.39073669190026   1         11.516717283821647
4059.6346850706177   -2072.8157127444783  1         1.2235225740501985
-3348.52627151566    2911.242697247133    1         0.6953487571952524
-3650.8156732084585  6279.7165950094295   1         0.4186019544570224
2380.6475120995533   4007.627348638803    1         0.9895054766076669
-2154.129909651141   -6828.942346930051   1         0.17191587780462936
-5880.010471286047   5773.338669195611    1         0.9516506885903573
-6164.416737571175   1028.8899318160347   1         0.5198613621003402
973.8930402227579    -2787.451473518493   1         0.40804549681776625
1650.1599750778305   5498.655464355512    1         33.63851250492997
-6071.818064446339   -4767.189836940324   1         0.25068005750559696
-1822.3960461691051  7500.823927555747    1         0.5781541344877893
-4301.671634305899   2206.4836936668307   1         1.1519983143150887
-6338.131180551861   -4612.082897230642   1         0.5762841610630465
-3815.3909915637782  5542.064315086653    1         28.34584891901204
-7394.23777538113    3363.772616385231    1         0.4393683895822633
4340.64091967561     3095.052934107046    1         0.28360099386908477
3541.765164773321    2191.9513037108154   1         0.6033289579017317
4430.010037243339    -1805.8627969308654  1         1.0480940023059595
5669.6188867629735   5417.387675098211    1         1.1869464049674676
-12.102709125927346  104.97991705943689   1         44.19061525132276
6416.615317664686    1883.980334811431    1         0.4883388070544451
2520.7003075630446   -2257.950492140236   1         46.20409398194009
6918.491377496736    6021.180614943262    1         0.25715750709951013
1265.937635850524    7527.906631590179    1         1.1014072066049982
-7173.443332117159   -4704.573344473478   1         15.785105535667824
-4302.013553734429   -583.4707992449107   1         0.9454463456785686
-7363.0393782822675  95.3082685630113     1         0.49826423283312615
1347.271926194847    -6511.535963483811   1         0.41606167034950936
1437.2057784215995   4891.466064419337    1         40.6798079069858
-3397.2988216099493  -1736.6230115954393  1         0.8831574998099821
-6284.599260699765   -866.526614994233    1         26.287298297846732
-4910.6718100985     -2196.1431444956365  1         1.1506932018234195
6225.307101076088    565.4823031465339    1         0.5947890034333511
-6619.4841812158475  -831.8433817844757   1         0.8258760460377227
-7371.680089930555   2510.197495005796    1         0.7425920189343177
-4747.533003855084   -4115.121552303495   1         13.35848513699944
-7088.114142151599   3403.9151981416      1         0.3444827213966785
-1985.8632954964198  -4921.1760479288505  1         0.7726633238304454
2465.982955231424    3969.638073389766    1         0.29878745248858896
