trucks_count 4
drones_count 4
customers 96
depot 0.0 0.0
Coordinate X         Coordinate Y         Dronable Demand
1983.1650683643538   611.2064010821738    1         0.35404783034580645
388.078759361794     -3585.813323426284   1         29.03654620599646
6221.909652095566    -783.847290043962    1         1.05420193637046
1874.0294514296406   -2231.769094260869   1         0.3256484353785848
-6162.922268753056   -2627.7888176872425  1         0.39499412650049104
6513.7550258334995   -4807.694519809727   1         0.6016656811935723
-2930.1041227087308  2255.1422243137513   1         15.555941339677052
3149.1421572384174   6321.044335266119    1         0.5953484498699162
115.51159139923226   700.1746420972668    1         0.5855696236638461
6662.137503509027    -6133.977263407234   1         0.5804879577906328
-3939.3048969239135  -2924.5972521482768  1         0.30178566941164287
-1201.463402394301   6444.170996237119    1         1.0312909736898166
5600.1396758636965   -704.9417022188691   1         0.8274534248021634
6266.133594638774    1095.9467811793338   1         0.8030838929997444
-4481.315134326598   241.42730051954157   1         0.9918791056830478
1569.6891185814259   -4216.068085505742   1         0.29785516021756797
-4578.894098804556   4065.396281292737    1         0.9745410901095083
-241.26827266248165  -2046.8988416852926  1         1.059634554247491
-2749.2725665982016  588.9369386881766    1         0.7010696415742528
-116.36320993239372  1165.667745783918    1         0.6583831195065457
-6029.3366648297015  -1584.415021269234   1         0.2796642407557197
863.2617666192546    -5998.369223237429   1         40.789379179114036
3950.409172850643    -5266.002329223662   1         0.5729956633769496
1852.0029482672182   3615.892721066416    1         0.7116444119070942
-5080.2368445695565  4123.876637151954    1         0.8716967733458056
-1888.2435698419067  -5906.692677479198   1         0.7552961462622747
456.186065079923     1004.3683116219936   1         0.680490045275872
-3222.692102128515   -1146.081064908594   1         39.605502352763246
5701.883268961916    3777.3032873820325   1         1.1536309733795702
-5155.961574773886   -3731.602969768942   1         0.9928696301759257
-3295.731113139513   -5469.659953458342   1         0.7589705180274657
-4164.304509583267   2292.4158159895346   1         28.100402017138375
5586.940003527654    -4924.063615432597   1         0.7485779029166625
1473.655067607346    5901.499449599878    1         0.3178696147225979
-3506.203734938063   -5954.648280651375   1         0.4124730158788056
-5009.060412829338   2902.026034424188    1         31.92557691847157
-1721.8112030490329  -5631.5475484395465  1         1.139634013001616
-3736.1610648345068  3467.396407138378    1         38.70756746716998
336.55118861968094   -1613.731795326502   1         0.4142625787080212
4956.697244085661    275.54550216319393   1         1.0480807172308313
-2153.843044098431   2435.3080615141544   1         28.32661625784329
127.72144002693538   -45.45128755295872   1         1.0963173451138517
6888.922631977024    1249.038968663931    1         2.0496279436259495
-1910.315921141548   5596.2161080994565   1         44.26456711202435
2387.8630497029862   -2661.410920678255   1         0.7565078851303798
2550.7978674441692   6553.749779352828    1         0.8445206716782019
-6279.829285375852   -5412.17791865186    1         0.6093875318904243
-5248.525796143066   -1153.6490887277469  1         18.432785616207052
-3263.4816710267514  6010.780357073643    1         0.5717047581477804
-3920.626640681513   4547.18088697778     1         0.1782639794739495
2560.4033318926136   4839.421027045624    1         17.736608750498885
1991.475271242763    -3515.593254886049   1         0.1757222431051858
6099.741142727043    -5246.91088655998    1         22.711418519312517
-4456.234826705575   203.247456394045     1         0.21056105115350543
1346.836035739773    6393.865042184824    1         1.0259547522166481
-6066.3223272923615  -5738.228657106082   1         0.9167099589104236
-1789.0020437410685  1309.6638690713426   1         0.722127945215951
-1250.3269349253994  6323.657812218579    1         0.8357996573441824
-1180.7648478381423  -6729.076744447675   1         0.2881122436360256
-122.5677948027421   -5764.673966859812   1         1.0537425633959434
-3624.4973425132052  -1096.2592761831484  1         1.0834786841509385
2482.74632578483     4593.271563304294    1         1.0583142155021463
-6804.34212464214    -4741.096315725052   1         0.5314261488472466
-1933.4293390943403  -544.2549508376004   1         0.697828700126619
-1977.8173844203295  -3074.069576201942   1         0.1595802704895003
1355.1710768899454   3553.788846440895    1         0.6934419341237965
-4920.093913762466   3996.303434919426    1         0.6461669336680236
-2213.5111066336713  4061.272831229826    1         0.8831465065335481
-1980.1222460396352  -1191.435622227883   1         0.32424452988563346
-1691.6261606389112  2174.321326130698    1         12.207357367508434
-2330.89914776392    -3872.3332172609357  1         48.52687655526487
4915.926526439192    -6490.340701235591   1         0.5495115260728226
-4103.98528326743    -2347.638395604332   1         0.6642164769232443
-448.35297573462594  4422.68489568212     1         0.8573370539655326
1822.7029630762224   -1156.399806146662   1         1.1728947745392646
-898.0535455492454   272.11210272749577   1         0.6297568611909222
-6268.448969750606   5117.305893381402    1         0.861777472119353
-1187.799636642901   -5364.442373606085   1         0.5288833984347343
-1652.9765126627913  -1979.5000448669457  1         0.4924265463457801
-2398.977547764819   -1917.201887846696   1         0.6141585206085163
-629.9811520861733   1737.4621030032442   1         0.1590643604440381
1413.3990436573658   -1487.401430773859   1         0.9183911648661843
-5783.95638897335    6234.358535599487    1         0.9574760875011875
-5073.137975588733   5652.2105640865475   1         1.002388488316098
-4837.423491930029   6368.1076371370145   1         0.3105157212217132
4677.301791387036    -5364.486302201426   1         1.1840150662891042
2141.8193777972206   -4605.178074988724   1         18.02996213183049
5603.180956985878    -4316.64870583105    1         0.13084756453104224
3507.6730928596694   -4737.85178526529    1         0.40473961521330326
-4217.686113600792   -1663.3032579218523  1         0.3907455128422439
3617.599403257842    -3737.0917548480047  1         0.2091273111945686
4572.62427882267     -1843.138323181981   1         0.6042503399273619
368.55046595238565   -5947.833379583411   1         0.8812971720568792
4007.2949260270907   4630.758183853226    1         27.954031804147103
-5447.776633924711   -4241.522946444641   1         0.8731946341324379
19.139354011221258   -4722.056622861584   1         0.7203866405923803
