trucks_count 3
drones_count 3
customers 32
depot 0.0 0.0
Coordinate X         Coordinate Y         Dronable Demand
-1888.5167777090276  7284.041833744698    1         0.5165216778691601
3901.2452121302513   -8247.344042445871   1         1.130038393362174
1409.9681162040163   1729.862310631592    1         0.361306701805697
4061.511737211738    468.6820057730299    1         0.32779602009718856
3412.922419433681    2099.063049084488    1         0.40774370611107313
-2861.4357947548615  -4896.767295914448   1         0.9609533439096873
-8400.256998591332   -3146.279580290448   1         0.2535493942708821
-9330.852434382117   -4414.387665075701   1         35.958082658632094
3465.2826102493304   8406.419883039114    1         44.05510581380409
-4819.191344511968   -765.5286759342403   1         0.5702362363525114
1581.3419611314075   -9774.447647110015   1         0.5874058739051777
5844.28934956053     5814.354098850843    1         27.079889340289224
-10903.039959989299  691.5691217447275    1         33.478991711042845
-5269.131574637032   9268.227187419128    1         0.6379780372515366
2482.6702225773333   -2292.6346763576867  1         8.59170212815531
3208.8557871008825   3780.758540212247    1         0.9909673179704577
2619.7493723716607   8809.306608011264    1         0.8250220538426679
-1094.1632506923067  -6356.304491618521   1         0.5251064523753595
3189.9855433409234   -9189.267899248365   1         0.43780852561277406
-5370.792780278493   -8458.174844512732   1         0.6615680983753461
-37.813496177254734  3016.6343784317373   1         0.5576442746574276
-843.4364720065538   9124.068589770835    1         0.6633061870773691
2786.816145334014    -6651.243566671367   1         5.807708562813664
8778.000322039077    2844.258981371433    1         0.770176121108857
-10183.42820787071   3639.150424262159    1         1.056590143990676
-12788.698853124162  7267.852219068325    1         0.3583741915926113
17213.33514327185    -16614.236876570576  1         0.7272990556678246
-15856.374402789714  15419.949047946888   1         36.76653839600149
4367.279876572058    8303.316872634588    1         0.35921795354006125
-17694.090213312957  -5659.05122815956    1         1.1675778643421653
1399.4193292045748   3582.94269320093     1         15.523589711768766
17008.56947586654    -13354.358471666124  1         4.4463832239681
