trucks_count 4
drones_count 5
customers 47
depot 0.0 0.0
Coordinate X         Coordinate Y         Dronable Demand
-1426.6095774492626  913.528825615492     1         39.75635298871801
1094.5724195190523   5775.181046146868    1         0.14420463626267058
959.8269330853436    1472.88586152694     1         0.8140335290053553
2000.73929608045     8886.441813805548    1         1.081685063265303
7757.353755314109    -4973.122912241312   1         0.6194310950817087
-2937.8328385942395  7069.235723735263    1         0.7709970189406393
4843.038744614271    -3612.9829120925992  1         1.0809073508171911
4045.193723625077    9488.989912721816    1         0.3804817236324586
-8987.330151467697   6650.318817153689    1         42.492373622705294
-8594.960703567187   324.74985577393574   1         0.4812511388363462
6614.484562343707    1709.823745683111    1         0.9327444149162774
1999.716984328098    -155.27439273345254  1         0.32426518834465334
1070.6225694562802   -7069.589591936719   1         0.5031029642235333
-2254.9378638017893  -472.7052862086515   1         0.6808681213411513
-3039.2797360548684  -2586.680131754668   1         0.63596592542918
8321.890223160444    -896.7934449302977   1         0.4269109775128008
-9792.318696258677   -1425.9116479628615  1         0.13067184427674175
-1922.9018889886877  -3926.2424011589064  1         0.20627734011836568
2486.960092682056    -5657.4527105977095  1         1.1833022133568851
5488.2911216693765   -8408.134234500229   1         0.8638989725725106
-7978.524978525443   -6203.439776277821   1         0.25654947945230777
-696.0608311273321   358.96123031283065   1         0.9634781885708359
53.62291140745703    -5606.6648804424585  1         0.6950162916062556
-3751.03160784996    -7380.37582635315    1         0.463017748809359
3157.9519366768222   -6065.255932652276   1         0.7089318459170468
6469.786467744245    -8898.520374548805   1         0.5957718148393163
-41.77289028107827   -9478.328993940384   1         0.597728922717133
-3819.889266272229   -2684.161640194984   1         0.7437816730792955
-489.04885518664224  1238.3337450893398   1         0.6268323923207879
4199.610461163913    1245.7006946543006   1         21.072568309025886
5129.698156019583    5168.088948418144    1         0.7944537391127227
-2771.0531586444404  -6952.287932719797   1         31.507850874628843
-2716.0534417514727  2569.7879062796524   1         22.413855654006355
-2337.698380975423   1841.071559939942    1         0.6864666309588306
4157.2360275093515   -7995.055991734103   1         0.595745979013776
2839.2572022160016   5488.946497251044    1         15.18488540575513
-1014.9848252046652  87.652403967765      1         1.0804182152499922
-1580.19827678004    3242.14872862413     1         0.9706091647481637
1592.9289502488732   -5561.592038084854   1         18.92018554519586
2251.907989847772    219.21244192904123   1         0.11172534733889092
-3637.748137952237   -9797.611607480394   1         43.78878731771638
357.577111868185     9867.571234013969    1         1.1340922905164053
-2537.7753526458623  6459.419248388168    1         5.830024441257492
-1731.6673723114225  -7561.798290989043   1         41.787489073193036
7089.523090600379    -5577.575759754421   1         16.947556204841053
-1417.7433732125214  -6292.054818996491   1         13.191906809517393
-5077.634397170286   -6567.566304544487   1         0.7158369603419783
