trucks_count 6
drones_count 5
customers 100
depot 0.0 0.0
Coordinate X         Coordinate Y         Dronable Demand
18373.5026459586     -15080.53203143658   1         28.429383830914844
-2061.9970263843165  -8121.3476936487905  1         5.237392934275006
-5992.685068064341   5805.994095397256    1         1.2177041949752905
-5319.791226185387   2474.0580442972573   1         0.6523711280702676
5274.407570127994    -8628.339194390088   1         0.5011194233819612
-1120.1966380724107  3595.9010524672094   1         0.6433537975957446
6095.0162150638325   246.33373654456759   1         0.782555648561328
-7399.838674443391   -1585.3363195302886  1         0.5615832140720189
8106.439706749308    -7310.808266908257   1         0.6630868503341597
-6131.242981602564   1067.8265636784424   1         0.6533373591653933
-6294.792567472848   -1157.1739664490015  1         30.818904929157732
610.2209995037323    1708.322417887329    1         0.650935667381518
7400.966733694536    -4339.317332831      1         0.8118334466194207
-4268.594734618665   5772.1650690170445   1         0.31265804423919497
-2252.0037743569924  8194.83780537439     1         0.1974225583599335
-2336.703943155321   -205.44740468060314  1         1.016760024382648
-6852.725168509577   4640.082323667432    1         1.0003051772320852
-3845.9529590892607  -1272.7307894277342  1         0.1104531389237269
-1822.2442038044132  -7835.581730266568   1         0.8352512317893378
-2541.880835303494   6534.429585404561    1         0.6016871768451733
5096.127870026654    1131.5662498800432   1         0.7994380850390765
-2869.5998296912935  5822.4923710195735   1         0.2372794492502944
5529.861196659019    -2102.118721159104   1         0.23995671697552362
-382.512535540116    983.4891903733266    1         0.3646155134903859
538.4543739668458    2042.506465040802    1         37.51624942156761
5237.991425797942    1356.38499991877     1         14.971510560661082
-9104.65754223363    -3310.07607160819    1         0.9149498411671879
3262.853159226873    -1468.8951897109273  1         0.6691427738568538
-2566.270948853617   8896.40016140427     1         1.0558628717058076
3581.5741045487107   -201.6016141632127   1         0.9741133305640606
1967.8131946391857   5110.775078687051    1         1.096750454816044
-4041.4898113914714  -401.65111912491636  1         0.9270944142357688
-7372.788254487292   -5214.011350539831   1         0.241157647210553
-7560.310117568886   7558.357153675379    1         0.42816613403944637
2205.2891190300134   -8607.880370988634   1         1.1577281243420856
2389.1993600763444   -3067.9764561083894  1         0.8658201915150545
2831.6099490155725   5742.940876642139    1         0.864347514618881
-8495.898286033062   4744.841403759911    1         0.6735142761836402
8352.794145691267    -382.90931792416086  1         0.6767048728546308
158.77826759701225   10330.66276302455    1         0.8825479839580292
-2123.115412215338   -8785.766058130115   1         0.8073467282917269
-5436.614445770359   -18217.421325368494  1         31.996607743899965
-10289.166372526472  1613.4144698078453   1         1.0390991572635004
-2505.219553748946   -12270.107217267632  1         0.7715960609673472
-6391.491939454596   -1000.5733942293704  1         0.6726736780629434
15159.451407043794   -8022.937570234237   1         43.29514985103757
4532.418877706512    -2128.973012977223   1         22.17900076582089
2546.880051527493    -4461.1422342788155  1         0.7925176042044566
4134.53664232565     7292.342914023902    1         1.0501656138685098
13401.851679514599   -18153.107104081268  1         1.2405072899705536
-8663.330165182806   6567.7856122825915   1         0.8081177502557064
-1757.3145534434811  9699.865976503277    1         1.1180180315841395
-3382.920264807391   8185.585241233493    1         9.868288620169805
-7980.723833029812   4040.453051318203    1         0.7522759749140617
-10171.491668117244  -1597.631280524582   1         0.29992219733098424
-682.9784287556334   -10184.3781093701    1         10.645462813676145
7623.626899723709    -16832.260090058917  1         30.452177343922596
-5753.906045578283   -3864.5214099348023  1         1.1514080031639737
-5276.38957808741    -2887.085863991644   1         0.19570504306485986
932.1404598526309    -10484.88214948365   1         0.335059273912106
8727.02570231837     -4138.688472584619   1         0.8227419857085718
5827.760333838345    -7472.935413681955   1         0.7539125676026613
2307.5013460891373   -6924.627828794736   1         7.053381415876055
-254.26866896116988  6132.3720811429785   1         0.11839165893623523
-6387.098215336505   7096.067393338251    1         0.5813706445682406
-9640.8745355573     -17761.320325041976  1         16.03042760230754
4558.650401325473    -7409.899842315392   1         1.0074818866227626
-423.42587642656144  4934.214142934587    1         1.1988910084043707
-6120.9846456878495  -1484.4023989032953  1         0.6145907146278718
7271.866938898429    -7120.079898233144   1         0.6866873254050763
-8468.391066100572   -5982.18114719366    1         0.8057045856692223
9950.830645632901    5155.1090358595575   1         1.1718601167699285
-2115.3564905937696  7289.290170183351    1         0.7898667807224885
7960.420052863821    -5344.389535387516   1         0.39938758508445626
-4989.570939001933   2181.551938793233    1         0.27155372875546235
-5963.162985099693   4711.236708535718    1         0.6685728426834251
6086.441167338346    6804.343735882331    1         0.34618084869434596
-8596.200352152588   -4069.43530827381    1         0.2180626278981262
5730.215033965923    -1781.6548092959106  1         0.6356683657326851
9319.168800096992    -1243.0353586276005  1         1.2388143608573396
5313.732798938674    8213.583637543827    1         0.6610789032516753
-869.8175160868334   9381.34231966505     1         0.5691309046682651
-10081.244729470234  -159.14996024425244  1         0.6451311340492751
18013.9512315916     17332.645243257102   1         2.7340035421847886
6015.5457393581355   2442.654717212657    1         0.5308302671798156
17722.90890147016    18742.99948131526    1         1.1026393854816696
6574.069036031165    3615.908602509297    1         0.37609142220334857
-15750.662284231228  17984.833882823725   1         0.2586138482101604
-1248.6167879778216  -6006.645784356195   1         0.8600799724689062
-7632.175680687732   417.78975590066443   1         0.4304430030135673
-11981.961497847078  4864.408755976521    1         1.0621158930171677
1591.3109683981857   -10703.127664524121  1         0.17791471703909978
6874.882228265233    -10146.810944789708  1         0.1929376354663131
-9322.613561502285   4910.8485966404905   1         0.30190241147653135
-7984.66726950368    -5882.925264712928   1         0.6862843229945728
3784.0647242126356   4849.469016463267    1         0.2357932649224758
-6111.39083087467    -3981.8328820584716  1         1.2262639026248878
-4887.877492149382   3773.8075843236816   1         0.9165924040839664
-613.297050926409    8661.491519609155    1         0.193439634586269
-9897.398355519776   -9698.57367304616    1         18.312892137941162
