trucks_count 5
drones_count 5
customers 71
depot 0.0 0.0
Coordinate X         Coordinate Y         Dronable Demand
-7357.313852337989   3072.3573066538224   1         0.2269789301122416
4511.463279351496    -8693.25943798682    1         0.5100115077913702
1640.35376061848     1431.0845889407603   1         0.5800875800908342
2077.1127962054525   -8377.871109133166   1         0.14034566305582924
5144.047837329928    -6000.694498016753   1         1.0996103567441895
-8957.568274656845   -5343.559931967761   1         0.14590690286965158
5600.360397790535    -4021.212265880797   1         0.1403573435616405
-8011.6473897918895  790.2477288369354    1         1.2085883412262297
2700.7506071753287   576.9235177251198    1         0.7434614844695971
3735.180468118998    3301.5202300601695   1         0.8857176386686499
-5137.216915278818   1631.2685620383843   1         0.21495480411198165
-2295.1389017635356  -4336.331153844132   1         0.7041513019955555
2807.8441474153965   -6233.939129128759   1         0.25939951884441736
1613.2460576012224   -236.70449393152774  1         1.1867549444520469
-6739.732166904384   -6658.863293125878   1         0.7142212104826237
3666.8887591907373   -6783.487706070768   1         0.36801062717699795
7759.043797466349    2789.48524876982     1         1.1905555826909682
6335.976643976436    -3097.7531996581606  1         0.8893329823633291
-5517.26983657926    8817.873032926074    1         0.26787731018421357
-5218.306897492834   8250.741917965079    1         0.3846304542395089
65.15667818217253    6476.633107581909    1         0.5935597978725639
781.9937993754875    -4661.486600445305   1         0.22773862724340405
-7829.970682633968   -3221.2735881747994  1         0.19326581687030248
-8823.881977698464   5283.4246638771      1         0.4557976934700998
-8746.904213340234   -5332.136056821663   1         0.6884722516126883
-2664.573000473604   -1795.8612204593303  1         0.8996464671059483
-1110.8390409470867  8288.422547561348    1         0.945735576163885
3313.490417517955    3814.3961622966867   1         0.8047188328350474
-7096.978653635744   -7920.265804544653   1         0.8147226770482617
-7301.944443651666   -7081.454335202069   1         0.3702099678064823
9160.980760367676    2917.548597136507    1         28.61870247147005
3249.4979539671876   -4746.93365604051    1         0.7012599963932774
3400.748884292272    7864.983725255782    1         0.35021174917372155
7382.886312325616    -5392.63248360724    1         18.151402193029238
8241.53628978846     6293.6950434157025   1         0.695004033728413
9215.119763636212    -1736.9228626231236  1         0.11156236178475246
-2997.344855963408   3434.73384083384     1         34.633273967968215
-2043.3191194080573  7207.835801997719    1         19.804036583542832
4629.287310217642    -4399.928599982569   1         0.5106431670049477
-3156.7719414758217  -4640.567664127252   1         0.12524127191978252
6097.338455340328    1674.1571519867348   1         0.725368818264715
866.7668965822352    1703.2922531488277   1         0.38438458096120054
8275.929497286157    903.7922040326778    1         0.8592398794669264
7333.103299567378    -7708.305091848666   1         1.1242746437125424
-2088.114362469244   -1855.092814265603   1         0.9167279314787244
-1274.369573192558   -2521.953953746564   1         26.32572081428392
5669.869951965034    -1923.1481948627306  1         0.5285978394429623
-2386.9448041502064  -1331.213041453787   1         0.9431398629030389
8948.751022629938    -662.8868541195604   1         1.2306400634459822
1524.5583191896935   1060.592582163918    1         0.30536676913118055
2254.9671679255607   -608.3784643545769   1         12.639743580511416
-4120.645050215835   -4883.656426655941   1         0.6533414712053208
521.0698636714278    335.38361928584163   1         0.6773737628725975
1011.4440282819804   -8104.673125908318   1         0.8780409528443484
2268.5493526274986   -103.15762780557998  1         0.8754337500741656
4755.756950990051    3765.358761086469    1         0.5517459807496464
1262.3361232172042   -8467.43644822985    1         44.96147353721664
3965.7780996520614   7935.786642180281    1         0.6996901350096683
907.7043144942345    5157.418485947048    1         0.5414688307309738
545.2512977099304    40.65382116917863    1         0.17899615595803153
-3048.4645954870693  8181.851435903219    1         1.1991192239602102
8011.322785572089    -7493.820795243853   1         0.21037383289621225
6389.616069602       836.5148076337955    1         0.9678795391197212
-6391.494477410522   -3161.8532160751874  1         0.42181473056085383
-9320.359671692408   -256.66645735531506  1         0.3016492682208083
-3425.689424364481   6463.88378695905     1         0.8372836482208762
6539.939128868222    4202.78891799636     1         0.7374685436180105
-2106.943639714161   2189.2750941236222   1         0.3077611212698523
4315.7819030129385   3555.321117720439    1         0.20123681957688255
-2531.2573454266626  -636.3072363385868   1         0.409542919318565
4845.266838531119    2546.8030757882857   1         0.3505052712613478
