trucks_count 3
drones_count 4
customers 64
depot 0.0 0.0
Coordinate X         Coordinate Y         Dronable Demand
3799.190766787957    -5529.584063774454   1         0.5997311848606195
-4517.398650419048   4683.515841331997    1         30.067995838455158
-2395.0440915629465  840.6087409467391    1         1.1949165593215836
-2650.386698984595   2017.0150042212338   1         8.984961343590445
-3899.392420794952   -4641.012569284614   1         0.9664739784094741
-4387.858729975378   -172.3163964559165   1         0.267384637676773
3092.265373126578    4589.561380587012    1         0.1475238516480685
-455.810735064184    1638.691439253179    1         48.27951278922792
-376.48920123820403  -3663.1815539926242  1         0.43218250051966023
-616.0130327658608   -4020.6720256605254  1         0.18807001619581204
2027.9655348648485   -701.4723970910418   1         48.117513916661544
-4529.075895445024   3326.516791843962    1         46.69633205104064
4457.9373425963295   1265.0432405313477   1         0.894246645433783
3406.8629672805614   -2369.256503011293   1         0.12867392807678335
-2368.4296420699757  4500.647327457817    1         0.6096005773052319
-5452.059665960813   5256.824429128291    1         0.5603521991776559
1713.5951907965423   67.85089551217622    1         0.7564168120462116
2250.7434908568357   -1748.6909192590758  1         0.7831198243219413
-3178.4300445866857  3612.9112467253126   1         0.4899080593186548
3440.462324735738    -1430.9076242069598  1         1.048940966513738
2511.9784437484386   3337.1815698372857   1         0.6731298121623944
-5218.309650418803   645.0645016129843    1         0.2971478028032146
-1067.3018760449295  -5383.27757931094    1         0.6622137824296617
-1017.0845179626771  -3881.5832143976695  1         0.7735911956299567
1303.7214111966462   -3184.440954263792   1         0.2214559157105932
-4382.067958885477   -4088.283778885856   1         0.900810002288414
-5143.118285105103   -3355.9889163209687  1         0.1856658157286843
-5229.802545108753   2657.238168661982    1         1.0338122700026315
2396.564376438069    5214.636249678863    1         1.2477446821960547
-2111.0828730134126  -1859.2027347860085  1         0.590136876438981
-5491.802689708797   -365.3779699591751   1         0.594420831123832
-2602.739050108862   -1307.643521477018   1         0.9831833711060681
1983.6427734174558   -1481.2350496696054  1         0.8532438606926187
3013.094360365051    -1864.926131299387   1         0.2709120713191713
4671.3908498544115   3851.6782121993792   1         0.43079047056927544
1778.7342920994515   -3634.4926137353796  1         1.2462446115816304
-3112.5849203840885  -2786.550830027676   1         0.8690434850502059
193.27357952127244   3425.0678325493204   1         0.894520210133428
-376.50710578147846  4176.115969543315    1         0.7068337747131652
-1558.7040177854458  1716.4639603083106   1         44.582619149186556
3262.2944837919677   4751.630893894012    1         26.898908486443258
-2541.364727579216   -5286.657176039285   1         39.03170176543829
-2082.136267159071   -4172.877908493988   1         1.1570487097947482
-1082.9453890382865  658.4499192172452    1         31.91918309528065
-4502.316388683485   4644.918200748136    1         0.13384135762589056
5066.497704836665    1393.5534292589682   1         35.4695426074808
-3054.5868948091297  3770.4794846612513   1         1.0082052825879433
3616.573273961558    3083.456035364299    1         0.1539749846254148
-3772.2975229697972  -4.730018267789755   1         0.49200305647117426
-2732.331025975483   -40.94111721090122   1         16.853145523530593
619.405623791377     3640.244818005755    1         0.47658038995478036
-5024.4376712451185  -3555.8159051559705  1         26.613231184149573
2628.1448722509263   -772.7993621523268   1         0.9341364809226615
1443.550372526769    525.4109094097312    1         13.111698736491892
-4395.4370159887985  134.6081437644334    1         0.879052490188557
4948.86158665504     2101.750512723354    1         0.5735715609977133
3144.156404910273    -1645.722404991182   1         1.0012037747803229
4923.006141238095    -44.90400318921456   1         1.0415800953529295
-405.8309494559766   3526.4621640815253   1         0.18168940866888283
3913.647198167692    3807.180751045752    1         1.2280583122181983
586.5673390528946    -2094.8036984182363  1         0.9272535662598145
-2633.067481308172   3953.5484131971443   1         32.338543806626284
-1539.892582484148   2608.262257626346    1         0.7714159637495256
257.3342315240119    -3984.6985713390263  1         0.9308361035320064
