trucks_count 3
drones_count 3
customers 31
depot 0.0 0.0
Coordinate X         Coordinate Y         Dronable Demand
-9245.640886536365   3347.522318936459    1         0.9507805317171738
4092.6276464404805   -256.7242302278835   1         1.2350571397833876
10786.835719731978   209.06909262434115   1         11.043503583830487
4104.808467339028    -2573.4543102899506  1         0.7216771513703684
-766.2743076491914   -5293.3808748269585  1         0.5341600275387958
-9451.38475645273    -4862.198180867713   1         0.65372904980857
-6801.780555635626   -7950.174823924446   1         0.7762259463988052
-7815.397034337404   4011.057376402158    1         4.448930414193092
-739.7575272712571   -1754.6838484014131  1         0.5210809255880584
-9041.736084145534   1275.0263593061384   1         1.2254661803155338
-8648.992889236522   3850.5135261332416   1         0.5853692973875989
-2079.1979913273613  2283.8951514107257   1         0.19814802006538434
-3305.3451356463816  -1632.5836098401855  1         1.116923579312653
7700.202311686435    3013.7074695321157   1         0.11692209267432653
7090.021929049923    1606.8929153382378   1         0.46705115528698715
-3853.36079319743    4383.171963886819    1         0.3652587591166859
-9016.68783977106    -9756.04012392483    1         36.273448075053146
8456.570022349691    -3156.1532697797784  1         0.8564472147967871
-513.3147536865487   8635.066116459357    1         0.4508010651331458
2321.440508544515    2436.9440358832917   1         0.36044827517302913
2190.408398269885    2090.751448339779    1         0.5393859872923606
4881.702829994776    6195.093081472239    1         12.093174854923836
10118.002813188701   3095.576947267256    1         18.54494686215471
-5657.100445737214   -4398.541749083564   1         1.217538873143262
8145.248483849566    9501.61935210821     1         21.241801348815326
-3424.5248733608305  155.27995914488838   1         34.33967543555582
-6901.690836244865   -3970.573719417969   1         0.2792410334077968
4629.90763840733     -3546.2087111382025  1         0.9478083808271561
-2566.745214865876   5090.433173697105    1         0.8980676338119428
-6711.146258691723   3721.51478510397     1         37.7488674053357
-7918.385754354429   1010.2293488662907   1         0.3620994584099928
