trucks_count 3
drones_count 4
customers 72
depot 0.0 0.0
Coordinate X         Coordinate Y         Dronable Demand
-6602.839670441826   -5575.811546590638   1         42.097591002671756
-6292.976639736582   -8917.922230440045   1         0.5792174120191645
8118.114775546025    2564.9400583822894   1         1.2264316135028492
3059.7605749598424   5781.923333244184    1         24.91814811175262
-3698.5755926266606  -8215.410383901048   1         0.8476020222264549
3197.796828840343    -2980.5266536789236  1         0.13833067924854617
-3694.3324455360457  5726.451034623939    1         0.2821582275424912
1019.3530021758407   1463.3792945640766   1         0.20456587557371075
4347.080225349256    6674.239269578905    1         0.6134101459836336
-7943.071686207707   2785.5560303351326   1         0.7009480465395955
-2298.7469147442926  -7851.120644337614   1         0.4058196159802766
-4183.270364699636   544.7420063208015    1         0.8565988751658229
10888.95137377208    8679.483283359928    1         0.2913912435872654
4383.317528894869    -8724.729659087321   1         0.6263271665167426
4258.087924508243    -8211.70224355541    1         44.62297577471391
-5452.590289120807   4336.496078886235    1         1.2035169193010127
-4027.002815937607   16424.870381783432   1         7.678949864813747
-9222.025334767159   -661.8694153025114   1         34.5321770756718
3246.686845222285    374.45722853465685   1         0.2554043404661439
1061.3750213884719   -4768.740631139709   1         0.46782312274901217
-7299.736888551328   3176.800217522005    1         43.54764846641948
-2801.57834463214    -4137.365557549843   1         0.8195836104086465
8641.703424441639    -683.4197900428109   1         0.7134536518110257
7084.918068238236    -10075.194246039115  1         0.3563070505635738
-4270.551915348059   -3784.496424547073   1         0.14975175166522192
-8619.856002513561   -3206.0962796189747  1         0.19872278041676678
5050.425604665082    -6504.664462254073   1         1.0864911499168992
8904.113616185665    -5929.088614256014   1         0.9872649531457565
2946.557910706181    -7122.689981561195   1         0.716142773925253
10242.445364114286   -3682.6677096032354  1         0.7807648621626497
1703.8584254715543   3007.4940932818818   1         1.1554029930860354
-1701.1219578446762  12486.398643239856   1         0.4756707330351523
-1808.0291181696796  9465.58455742101     1         0.997886040692182
8138.595831019708    -4498.194917238921   1         1.2127983157250508
-4516.479501789948   -2352.710583756769   1         23.56862980776544
-8258.34072765699    -1500.501805361105   1         1.0813048537614902
5356.314389753075    -1386.4209794409082  1         23.521222086516644
2945.163665059693    2854.7877001371116   1         47.87710310653612
-10120.444235428628  -13214.149445666231  1         0.2509383030691818
4070.3407718933086   -1639.3565594070024  1         0.10798946781299743
-439.71871186621183  -7293.467377823565   1         0.5876481423222678
8209.93934159267     2568.7901984253735   1         24.594084646951995
-7771.460086579818   -1849.8091053713963  1         1.1808034797047589
6184.700494880151    -2047.8187508036917  1         1.1512899356017712
-4124.635144558072   9445.480917277115    1         0.9108200656777973
9964.981370477251    -536.5667160116774   1         35.831222767761346
8603.170215353404    -4128.692671672411   1         0.5224081536962725
2589.8123719592495   -9880.954344493628   1         0.33864125555679697
13491.982411960711   6864.459225492501    1         39.890619194864676
-1383.6742356276923  -5999.550722264089   1         0.8687888394905904
8038.21136752157     3281.0994800020053   1         0.7363959939382809
7404.059078538084    2532.301600764996    1         23.973283137708883
-9632.397931011295   4447.391982490329    1         0.654610985676852
313.96086185806485   -217.5643418231763   1         0.575756359143997
1552.596111332271    -4281.901572992778   1         0.3170949982026613
1834.1619915787062   -3936.9001726924876  1         0.3180717517325389
12064.154895257747   17097.527751309877   1         26.8294909673794
5463.259784647669    3460.8328450644262   1         0.7094432893124741
-124.92263234694187  -5150.8567625053765  1         0.28979661113452604
-4109.716213527595   3398.945015292544    1         0.5241019226067819
-5191.224507044732   8669.85798119524     1         16.6687116233117
-623.0812234724275   8620.460147018866    1         0.8595520741543411
-1859.9631799679773  8642.654451120105    1         1.106310700895191
-8993.938429088439   -2845.554041859375   1         0.9677972821216987
2300.745126275729    -4408.30362048885    1         0.4111941353806111
556.7225377871372    10394.567945850438   1         0.22076644423582154
10013.784288794266   -607.8680062033361   1         1.5268721621150751
-5504.53050722728    -9093.700517523617   1         6.653964390939047
-9325.060114917227   -299.25872482823934  1         0.41225630895470733
521.788096516661     6830.321655369434    1         1.033643568374735
8994.547268171576    6091.138807532476    1         44.181676140767216
834.993116195987     5271.611475795865    1         1.2408443006896324
