trucks_count 4
drones_count 5
customers 74
depot 0.0 0.0
Coordinate X         Coordinate Y         Dronable Demand
1832.8532895688568   9552.780831962045    1         0.7050670271616156
-7192.288463629494   -6032.818306688569   1         1.0451195803761748
5974.324225254154    4990.359381447206    1         0.5440498175655472
-2099.5329659873987  7699.3146609135965   1         0.7057352139253092
1512.8235168200165   2667.294762664964    1         0.3755021529189383
-536.5367346741888   6397.5805508472995   1         0.3878928963690004
-9244.946515941498   2595.1598998023965   1         0.4955360051888047
-844.4197179730277   5428.984096841313    1         15.81880981978536
-2831.66264823214    -9596.733823604354   1         1.2147314333042065
1292.7020932859791   4345.168963288303    1         1.2230971994989148
-1039.3639068183566  6670.199134240642    1         0.3134307569256188
67.41541810737908    -6915.442122462519   1         0.894292854377416
-2099.5614875120023  -9763.74836220075    1         1.1343589889379468
-1002.0063485851806  -7755.621646862885   1         1.0163484637487532
-5426.172358570531   555.0089146491492    1         1.107461245220254
-1197.288723215026   5498.1460340710655   1         0.6868469732680715
-1265.872490563248   9290.711466536146    1         0.6429944314932995
-6974.393858940369   -3275.608802922278   1         1.042442228092149
-7445.456927589332   -2106.4600065289223  1         0.6251240048303135
-6079.3721737205615  -7892.189621536819   1         0.8854539693904919
7998.335513462663    1058.6746365343915   1         0.7120407904394919
8369.628443085106    -1172.3187339142544  1         0.46812009241056307
-1235.373838816779   7854.527336279259    1         0.780994918212312
-4440.178151986444   -4138.752819082695   1         0.36188881828787245
-523.2121191748346   -7563.5898917478235  1         0.2623487487216027
3637.404627273963    -1324.006930527879   1         0.20767043439285973
-2970.924598060781   -5558.136620769527   1         0.8614288729978428
-5331.083359449981   -5131.895214261829   1         0.42330343463124975
-6772.658526800928   3298.3001713153258   1         0.5865620499179149
3793.7563039916718   7827.823421600724    1         0.9339641705918889
-8431.567299608034   3494.314441646011    1         0.5179303863540136
393.20293883171905   -3252.613819424429   1         0.7407404659766826
-3636.537504386922   -9602.794334776256   1         0.6160651469799161
8372.47614135529     6900.551959909857    1         0.7918599714703881
1379.0318531131281   6315.397988640219    1         0.5467671504298799
9383.829953563663    4897.413132054861    1         0.18912899917829307
-8469.909800594653   -3922.1156073397697  1         1.1024500801720338
2309.225311902059    -6100.825890810619   1         0.7410824884246203
8268.46320993442     4734.3143222812      1         0.4430916598581577
5480.302265681297    7836.845196660809    1         0.7741871821220389
-4524.605672040007   8917.176418374997    1         0.20199468718179342
-2224.462438150086   -10084.931088851186  1         1.0861930421041832
2262.48564960341     4411.167156137668    1         1.1149645162959056
6065.765906220419    -8963.33890031964    1         35.780412778424036
-3378.490171783811   9744.739118389678    1         0.8623596605355355
4561.510971873315    -1007.3383162869527  1         5.693102125853136
3669.934331231053    9702.035946645674    1         0.34742422716322774
-7425.537256056224   -583.4219315580522   1         43.3518523812379
-8632.43515951976    -2221.6521165800063  1         0.271949102087874
-4122.376554248789   1558.7546084050812   1         0.4985517740299916
387.0873024078706    -3445.3912287904313  1         1.208310909950434
2565.1873953624904   -4513.520215708266   1         1.0011086369394175
-5840.888605026554   -1917.8227259656885  1         0.4881186776635389
-5250.485025680441   -9351.538580901819   1         1.1560365531198533
-4333.83077033098    10020.092595791124   1         0.870680239311174
-1318.2992756334443  -4325.418918612753   1         41.033605414846036
-6547.042734793231   2727.947717483441    1         1.0722265686607397
6676.367619881508    -697.340782937501    1         0.7987027363364648
4210.528449624031    -6394.413760073624   1         0.1063564463752187
4412.465291947878    -7775.314586191292   1         0.13497205255730105
-1951.2146706505937  5873.437371411519    1         25.096409524125733
-7078.9189370859995  1014.5677072513093   1         0.24302854435791632
1727.548817118584    -3961.3288414843114  1         27.92520859993148
-3029.7343551482923  -4090.8786817838873  1         0.34723931272840136
-6892.477639500583   -4711.764882325926   1         0.7922260227767668
-4941.417041532242   7762.2690244722435   1         0.43247324962364464
-7381.733166835474   3695.9729036545536   1         0.9237167832201685
7588.143899866323    -2962.259418596911   1         0.6578371347891596
-2380.7907757124326  -9663.583316890232   1         1.2140232403274331
4311.355145376852    5953.691939542818    1         0.9970934508212655
2015.3486013398629   8518.001844642065    1         1.2171476507847405
-3254.6357193698796  8778.375064933616    1         0.8737081974612504
7562.344482134343    -6852.719709078126   1         13.7474448223624
6547.403362997599    4620.206592547043    1         0.9180546248435664
