trucks_count 2
drones_count 3
customers 20
depot 0.0 0.0
Coordinate X         Coordinate Y         Dronable Demand
-5400.523982660918   3766.6227855195307   1         21.34084761913115
1527.3100612300716   -9376.202116642287   1         1.0229898261038761
-7464.364012740448   -10991.61272326208   1         0.9375457748251088
-381.51173372394805  -11170.202916334292  1         0.49042830555182104
-6222.68898896611    7190.145462950848    1         48.65186546229548
-6061.5493870324535  4378.358951849447    1         1.2312073942680402
2795.5692975240713   1416.7094655058283   1         0.7394814514901321
10496.53673654012    -1683.7341854790734  1         0.6904083795811606
-3632.459744975158   -4709.298663762478   1         0.67114005920233
-1709.419223253837   4942.955516434202    1         0.20256697432380005
-6977.362578548002   11153.441580553836   1         8.772138462406172
-4819.527356758441   -8546.928450943933   1         0.1560643453800945
-9192.144765218321   -5601.942349327914   1         4.745255752120098
-8466.90024097203    3246.4776755183702   1         0.9270906081241658
2757.6284059594923   2776.4950567344413   1         0.8639254120661697
9057.912839546792    -825.2915734146009   1         0.6110334223579014
1880.3150024937129   -1921.0445656072293  1         0.7273977288734575
1255.8937937782723   -3765.2182976038307  1         0.356906580152594
1045.2985502045562   -9024.047874608228   1         0.8961114310039956
-7076.362926005506   5391.520479666283    1         0.8268539030747751
