trucks_count 3
drones_count 4
customers 56
depot 0.0 0.0
Coordinate X         Coordinate Y         Dronable Demand
-533.6282964585251   -7878.833656867722   1         0.5426685832369572
-10495.640050017435  541.5832779068729    1         30.95860991613256
4002.025368682057    -1404.4160383768522  1         0.30131020565679223
-7851.981150320542   -7547.600663983251   1         0.1946791129652144
-12247.758674453307  7596.349229067204    1         0.290329490966463
-6899.986701544479   845.9495509824626    1         15.70116388299496
6646.071370747017    -7841.464489091856   1         1.02865281355412
9282.22468363545     -87.7273093230758    1         0.6889089167596875
-9518.251110949832   -1537.7958092329106  1         41.331279791698336
6206.896144094961    10190.411511099646   1         19.492032479250195
-8362.497259930964   -5543.4967803935815  1         3.325274661698267
-8934.440555764235   -3371.4858653010037  1         0.36045548683436435
-368.4603488571138   4535.254510323539    1         1.213860652560079
60.33803976134353    -6614.808264417967   1         1.1157592996979815
-7108.224719936026   4615.680048077125    1         1.0254690609228028
5551.5469435044815   -8959.366961817419   1         0.2602343260250979
-7336.3731537229405  -7860.916275255939   1         0.845357830386221
1821.2560487150508   -9853.460785433273   1         1.0811139619417727
-6262.517238271989   -2200.462421019536   1         4.162823229905111
1532.4236031820164   -9443.738635962507   1         1.0255319325468868
-9832.06991472512    1861.4818879505751   1         0.4184694094253151
-822.7622655449128   4145.911096583561    1         0.8049080928549609
-1893.6068510602117  4498.081892489099    1         0.3937613613601336
3617.0531262251206   9547.21626410634     1         0.2721259611030929
4693.799820885186    -5033.075590658892   1         0.9694020329061507
-8331.787507370995   -5177.607792165396   1         1.033789904136448
-5470.437392030318   -12730.713373792985  1         24.121324332943374
3491.648352239473    -7977.913985182675   1         0.3612237229896217
3929.224995158998    8385.72866256366     1         0.9298880688393178
4848.054159241729    2092.584479337235    1         1.2474803820091453
-6251.272096692632   -1000.9126299217597  1         0.6425482882265882
531.8413989480802    10332.053504941618   1         6.734244396313921
-1593.4593225607568  88.45169434535832    1         0.7817439269868527
-3171.6102926754306  -8790.045539613444   1         0.40287419229329424
-6368.300817863676   4652.875338048372    1         0.5040532862456742
7598.311994263338    5881.5176996176015   1         0.3969022088983336
-4511.601049678115   -3417.3689959891067  1         0.9932045758831463
1222.9993012579532   2748.732362211152    1         1.1437365232056291
-355.63141116284913  -3541.7388224530337  1         42.84342738869892
6127.691517846299    -383.76019873642014  1         0.9092181845276419
2997.651231430556    10299.873872149963   1         0.7952036311726532
-6994.546466144636   -1271.3400603193638  1         0.2421252007244157
-7603.949540896774   -4320.2892800657855  1         2.708133148674345
302.8261818177979    -4500.342232641857   1         32.36519115811976
-5300.545038279392   2438.1576969827934   1         0.3216750935132106
6476.360371606866    4098.704022606893    1         24.789606919890023
-8934.875792742836   1410.691678798709    1         0.9106087044178641
-5173.356580045637   -3340.808766832008   1         0.6208334704613673
-2361.286422165913   5357.558454339264    1         0.49293084302752355
1981.7863352744373   -124.50392176170902  1         5.039143709945402
10388.767405343668   3430.3841123025763   1         0.5216432072578645
11749.959760906033   -6223.917499541793   1         0.6207559537061955
1390.6072188975052   8444.36846540229     1         0.17140748267672967
-7270.718703136235   -3183.4671663339004  1         0.2681675021639365
-3547.4487136069124  -8811.744981169482   1         19.385375672847395
7306.718961296642    4135.709050396941    1         0.824123646803738
