trucks_count 6
drones_count 5
customers 99
depot 0.0 0.0
Coordinate X         Coordinate Y         Dronable Demand
174.30221617695707   -4552.47627244246    1         0.5295887498268618
-1878.7325161809335  -4098.3269499437265  1         0.46701062987282793
-197.73883283965787  -4359.066339940172   1         0.6619241976593052
-599.4168587540888   5355.357752371288    1         0.6866531594375708
246.22034286122386   -1301.3020494862333  1         34.186156419820456
-4292.869533545672   3543.4622793363505   1         0.9882362965930893
-5052.739592773755   3147.923168735661    1         0.2694309408383708
-3779.9715905716394  5293.237074082328    1         0.577700386364058
206.72752434142998   -5147.0553037581885  1         0.982211887623516
359.0432522634119    -4196.812755452546   1         1.0932130931923882
-3781.5148125834476  7.116919550008065    1         0.41052811937618794
698.3567424779567    297.18791719556884   1         0.4601528850686445
2729.9689738001607   3432.7573897916436   1         0.6346086463358266
2040.9234117820288   727.4165263573864    1         0.2730488030013555
-3746.3718256674474  3089.8520942745663   1         1.1270787601384855
-1083.9716220496305  -1095.5443629177068  1         1.2467965172737534
1895.9450374537657   834.174787345017     1         0.38292580430359324
-1304.8560161645664  2477.4892889739203   1         0.5610338399705921
5126.180247087098    -384.53416028991114  1         34.71405021414218
-711.9416728853793   -2732.5268830340865  1         0.6060148911260609
3636.2472467978837   1838.710271878319    1         1.0596334089062258
4697.567872994971    521.4970875558242    1         1.2469729852843126
2048.925168947975    -2957.719233051974   1         0.18453384298517095
3205.2410713831755   1568.7628293016094   1         0.10112810692681987
-1059.7647156809578  4403.028722217114    1         0.9802417548030447
-113.8022497216997   -1826.1227243732646  1         0.8840430438546145
4720.272931530547    1179.8713858374012   1         13.217697106343584
-1430.5759199686684  1742.0565515781077   1         0.45925183519576207
5431.834637511441    -238.23030419828228  1         25.054456601726372
4662.807956733904    -3008.928812388047   1         0.8467792632813933
-403.7514398702784   -2369.5373029208986  1         0.9365324805763641
1152.7734410915896   -4061.062156906687   1         0.7391042694112531
1391.811464867169    4778.965613252997    1         46.72927605099942
-3299.5023606352493  83.05574117994365    1         0.24422176454405442
2027.599499065596    1154.0159063964052   1         0.9302274070874146
-1395.8739343514378  -2098.809621020645   1         0.5898709151141674
-312.95134777992206  -333.3361928095022   1         1.2272003651287438
-1892.0395545142808  -1543.6164403362588  1         1.1791738595540016
-127.04201847752475  779.5689819464567    1         1.2496946672248035
-1062.9962443867203  -2467.269903941443   1         0.7667772658474175
3601.934116374779    -3381.990505439715   1         25.074522622547523
-1050.1019917189778  2890.6396464815107   1         48.18438762760039
-3321.0500383582144  -1251.3573831299163  1         0.7998374929274961
-1257.6943419604324  1237.9438195573862   1         0.43837768352548034
-3852.3651767686265  3690.7792987464863   1         0.6228690049527795
-3524.21926858698    1336.1378631152488   1         0.7032074004674689
-473.1616734067289   3193.9267771244745   1         1.2487786202925915
3485.660674350255    -1755.4541317030632  1         0.4038555460919474
-2713.415267347957   4868.920683776346    1         9.136076453004812
2186.725833929309    1402.3696019987628   1         0.14433248931762505
2328.09206598517     3292.227584524616    1         0.2651082230009366
-3154.7373041609867  639.5904160208046    1         0.8975540679393662
-1504.2820733222873  3264.199359343914    1         0.12831682008048031
1998.9110769061683   3499.3633961051783   1         1.0889815979537425
3709.538504064145    2540.3178203645552   1         0.4575964564700232
1439.841229678263    -4333.414129465563   1         0.4051377657102456
-4640.823807114787   -1201.6270954963575  1         42.15553223984344
2334.8414778955034   -5527.212952915911   1         0.5360712318970795
-2610.7527281148364  3495.565644201726    1         0.9994243238881677
4912.458088970354    1775.1738597016113   1         1.0789225521058028
3107.039679706319    204.50653130694815   1         0.49645400341636503
-2397.5053323856023  504.7737791153622    1         7.9571461298181045
-701.2486851273521   -965.8120787321311   1         13.840061603391844
674.3837764255404    2576.1126535565236   1         42.819416708022956
-2870.0401946840343  -3709.6265677533793  1         0.6053283775582656
-191.18322958186715  5376.744960830444    1         1.096816657342122
-2489.08891997666    2808.2777910418104   1         0.18516368331247768
-1699.6484553915134  -2424.3184909431448  1         0.5749070349047081
4784.400514633282    -507.8658292453317   1         0.5354407599689056
-5231.610073585164   -4473.353870124558   1         0.9017071370616746
-5363.709855235239   4703.605033345323    1         0.22192888261798535
-4268.151927881171   -3658.3865364692265  1         0.519235415517232
4116.8027859993035   -3117.2710426323897  1         0.1935156318143489
1312.3388611375758   2044.4522354097471   1         0.7303835393421713
-4502.474374928098   2379.4260230655973   1         0.43681813973132433
-1844.4262494473883  4830.5469428577735   1         0.6193393245994065
4224.479824547937    -4084.4809879766685  1         1.1725247899654077
5073.387197564412    2328.6773992342983   1         0.863837897508244
-973.6740373174066   -1894.6692879946302  1         0.2117128781644139
-1876.8608044305608  -4449.197601362951   1         0.1486286029304084
1120.033537779925    549.7903955556441    1         0.12019086064956636
-274.77578628719897  -3846.9270872097954  1         0.3084768978165007
-3669.0060540000154  3927.9094577647115   1         0.417814204516602
3895.611867677878    3191.4357038863277   1         0.9790297979020907
1583.8664439563113   730.4123143351362    1         0.25831403532135444
-5264.418669694509   -2974.964340772006   1         16.390865456159407
691.5624340738805    2215.1772135881984   1         0.8240858083767871
5261.684421826707    4742.940588795275    1         0.3386615848242702
-2073.891722871441   4755.710067709807    1         9.685665443953804
4622.00297615295     1575.4774886186792   1         0.8374206934498301
-2805.98997181987    -2541.8405978318583  1         0.167526642041802
4969.299499798318    -2959.086526207714   1         1.00597769884046
4776.219668918586    459.4699752387782    1         0.41454982063003254
-1165.4206468573727  -2665.000241304218   1         0.6443487936786942
-2107.3579942659294  4452.084410765944    1         0.14261143529896436
5496.384903908058    1919.00755023186     1         0.7738564660874645
4835.378163761502    -3191.506379052663   1         0.6941083116602972
-482.72026145599796  -675.4511205825705   1         0.6881858891756256
2987.1897974452922   -3315.9838757602247  1         0.5184376641121811
