trucks_count 3
drones_count 5
customers 57
depot 0.0 0.0
Coordinate X         Coordinate Y         Dronable Demand
3661.8393442172373   7645.881410918278    1         0.7975951266845333
2139.7535569965767   -5367.991833233704   1         1.2368039968376006
2979.937838989479    7077.15574620342     1         0.52372337122258
-1309.0126273221686  7416.306624224956    1         1.2221051368983291
-4897.91692336978    666.2741399240591    1         0.7566121900163053
5015.713164257233    794.0213513818818    1         0.6825211135026177
-5455.376995859073   7438.479672398504    1         1.007536481981025
4317.363976098974    7514.962593346643    1         0.7682549860715476
-187.24394790578734  -1180.8258834638405  1         0.3052955647796352
-7032.076616000292   593.0801949809296    1         15.143617889125702
-7395.830078060404   1557.7222975166849   1         0.7704330351283989
3729.704688576696    -7629.748691074554   1         0.8181017382922022
5644.39575310916     4651.286683932573    1         1.069102630018901
-5089.411306810914   -6224.704572027087   1         0.36168607168294675
-925.1304758192001   -1497.398776361112   1         0.2823538725247734
7363.469232423808    1725.8304928464177   1         0.8487827069773313
7792.9575317877625   -542.4703856440319   1         0.6087462439812444
-1909.1001098408547  4908.060632575674    1         19.04360031826929
-3146.3425205890094  1159.189697569308    1         0.8379205835017433
-8022.033299038091   7351.226851053035    1         0.3644717431640072
-4881.506274947994   2511.366294403285    1         28.315783363342213
2324.8851037917016   871.7795632073598    1         0.6520860554925614
1444.2191724903976   -7672.138764987708   1         1.1453461252393684
-6273.595712357628   285.7508631703199    1         0.19810814710437225
4888.449530616823    -129.90651896323834  1         0.9892251346112857
1056.615056262728    370.56258167807425   1         31.262597753983837
776.039839193122     -6111.643077106083   1         0.7301567261998365
7499.584089825704    3293.9706882563523   1         0.830910528755289
-3951.7815245013317  4986.645872748693    1         0.21451688417299114
-3959.212319312284   -942.1130137499467   1         0.12334300202126114
4625.677633345613    6633.793275821533    1         0.9306577944169067
-4747.884281377584   1196.9618988129114   1         1.1461195309255723
-6057.111796003177   4592.8858532076965   1         45.06438121701416
1526.3210433423462   -6833.124212395004   1         1.0632494074790875
3888.2694978942486   6278.2853102495865   1         0.619899256845009
893.9477324142465    1593.260817878851    1         0.6282168972978177
-7585.381482600875   -4822.960092140039   1         32.24082908183698
152.1205396405426    -2374.0521894966523  1         22.928797306670273
6424.741664394014    -744.4238578525753   1         0.555286345809608
1647.231365095475    5954.409321397606    1         0.5085977627898893
7836.380955554011    -6645.216747925743   1         0.11171989772198736
-1049.6945615954119  -3022.564445556116   1         29.570393725085708
-1900.073519028787   -6303.293114025197   1         0.49956736015665315
6371.973787555551    -6226.477996397114   1         0.2894707904495866
-903.707661178397    -7464.7019604053385  1         0.21207562902457322
-7314.324434264973   -877.6162961238966   1         0.13625212421954885
-397.13224053564596  5995.581605375289    1         0.29527606088518354
-3036.8637505269735  -7020.479705968977   1         0.7437408158554188
-5088.505423585712   -7766.301114241448   1         1.1124495052151961
-2789.1970818374575  6889.062150093475    1         1.005158843174786
-4191.524421519363   -2211.2254821118986  1         0.457519384180592
-749.5722001221029   6006.230647807677    1         0.13426365101828963
4498.804926759372    1196.0612714626143   1         17.16061824634711
3819.9565840376786   -2520.948917576744   1         1.1199537537125972
1481.9979864552931   -4918.615026712151   1         0.6241161081651032
7618.049698443876    -1863.5679135526184  1         0.4336228511004454
-4639.255435015269   6731.726052469755    1         1.019579350345866
