trucks_count 5
drones_count 5
customers 85
depot 0.0 0.0
Coordinate X         Coordinate Y         Dronable Demand
6563.104613845389    7638.874414769716    1         0.3759354287079739
3793.8413746488695   -955.002296012728    1         0.7627776723633978
9169.609298979693    5532.62640634898     1         0.20385793509116507
7939.929047734734    -5978.270107297835   1         0.9425653879653159
-4920.613741875188   -12462.114523551405  1         0.3369266285315455
3372.4385843800264   8005.014492885293    1         0.6915064148657524
5064.099441936356    711.92499171211      1         0.5610214491126431
14578.455510248692   -922.6221894001028   1         0.3189960506039252
-3240.238139338547   6100.759418621172    1         0.4170984455085438
-769.0913526233217   -1309.990275092016   1         37.09424020879917
-3539.382928929903   10648.369913034978   1         35.14115812217517
-10479.114337469822  -301.6955099464359   1         1.1910454943791602
2993.086928295315    -4461.785003670187   1         0.7095523265815655
-9227.459734576378   -3623.3635088822393  1         0.3079058954807045
4205.631562689908    -7567.76408655044    1         0.800037133234851
4952.960178685635    1962.9309494730574   1         36.53312087483066
-8624.65032464415    2779.2226126713144   1         1.0681600393988238
-10569.236709324901  -2554.6700011521107  1         0.5770911982611542
-4270.745361172412   -6253.347210626801   1         1.1071079500102878
-8453.243127156018   1509.1482964400952   1         1.2329776095558427
-1363.419054374337   -5867.917325723044   1         0.142295493313793
-891.9748523440799   8750.037260762083    1         0.10298790207016134
1275.4636115682897   -8735.710451525343   1         31.282247349098412
1593.935142974724    -7598.239988627584   1         0.9638773513139244
-3043.69788549951    -8849.588854449388   1         0.600973191306161
-1819.0222203131198  9969.96295881131     1         24.295021491198582
-3282.625767852503   7372.81506433718     1         0.330947969152628
7726.808248470712    -13238.823800729897  1         1.2281044193919604
4944.648161014889    8039.188035660386    1         0.47853340485322626
12224.567621477723   -10065.106977066072  1         19.73133293015267
15973.66244301723    -4618.533725343734   1         0.7691210631056347
-4368.648821399083   -8698.144282589683   1         0.12877543995365848
644.6135886874629    -10433.784615964942  1         0.8499291234469534
-6010.366486965943   -2165.7371038926103  1         0.377029573601116
2253.375691515676    -7445.856070436554   1         0.826503642422348
-13815.958452439794  6132.9085102890895   1         0.8418521160022678
3072.9150327068623   -1445.8422810117233  1         0.9891960407476309
-3905.6016057099414  8452.049105941496    1         0.522872750951125
-201.763864072777    -802.6622270160171   1         44.386983875032755
-1673.5661494763738  2043.6604727132224   1         1.0896576724016827
-436.7551171774231   -8669.070714895588   1         0.9504451646100033
7487.342262752226    -2778.1454570821543  1         0.4985246687110718
-7262.226111191955   -6501.790860914453   1         1.0632012069499224
2371.4023138241737   10401.281408883346   1         1.0546599541931776
-7784.266637033451   -1707.9990857518492  1         0.1559509749500095
-6699.514281946535   -6924.437193609816   1         0.42607612462750166
9718.565394337551    -10619.95432420403   1         0.23266744929305774
-4067.2472003648168  2909.3180294519952   1         1.166138896872362
7975.563123951924    -7248.539517595744   1         0.41101056715909023
8817.628213104057    6294.67412895352     1         0.22748102364199194
8442.898402807126    2502.546826260094    1         0.9619157437703312
-2353.2698424512573  -600.7449892301936   1         0.5148897094188164
-1430.2244417442046  -4938.727455402718   1         1.1803161204765362
10682.42232223989    -15708.375597814793  1         18.87013925771302
6737.795805453935    7511.593224602786    1         0.3580485288608446
29.48555891152865    298.0750882562805    1         0.3053783960638232
-1459.8995503632545  -10184.732264700267  1         1.0005499189159663
17257.60694773049    15501.893221489212   1         0.1432940472473812
-6402.60167226751    4950.694558475884    1         0.7058861353241535
7722.346029145933    4290.893558279479    1         0.371076120598425
916.0292389215422    -10673.066257046861  1         12.721855541120412
-6552.097407668551   6581.634717247895    1         0.37188863069811484
6362.776799847145    3617.6026073724533   1         0.7535102730460347
11810.10278109862    11326.340322861946   1         0.7810797992183889
-5953.244065177867   -8806.852649930124   1         1.1941162363573925
12874.428521364425   7795.55597242379     1         1.016132243375576
-9478.68398289147    -4689.604439536114   1         0.9350187905449735
-6333.807753904271   4134.310820493008    1         0.927737468592022
6314.306394677478    12282.006110654129   1         45.81637506397875
-2893.0765533664066  -979.9462102750615   1         1.0698748646312843
8667.118823940145    6441.387421096438    1         0.32286997582836013
-851.4345156486156   1660.1192157169305   1         0.43471428627485864
13121.26694926228    -9284.296859195829   1         38.075686754676234
-825.7726183062723   7213.238053836102    1         0.42958923781014424
-7300.399138114303   5693.94304130944     1         18.298919680234235
4883.462460143313    -6680.166732812058   1         0.5508519260120144
7009.225933169912    -7848.03739170503    1         24.47830057829104
-3176.439057519697   3208.493130216929    1         0.4774105923712385
-9927.852881111376   9967.097372300319    1         21.57429982107759
-3364.3336079114647  -2570.2709424753584  1         0.6428736817919458
7276.847551930296    -6882.048345549518   1         0.2712225529399801
-10301.531732106183  -2998.347083124166   1         0.8192439409789403
8533.830116091642    -1520.6025445212983  1         0.11348020359601334
-5055.099200020274   6066.332569022081    1         1.0898835603706847
4831.557470311316    -15261.43374214519   1         29.380070310851107
