trucks_count 5
drones_count 4
customers 77
depot 0.0 0.0
Coordinate X         Coordinate Y         Dronable Demand
-8.397403216630247   -2472.2376077769472  1         1.1800658702148805
-2716.7563127333215  -2407.2183617428054  1         39.189705025606024
2501.5173012208525   6225.3045576642835   1         0.9228063873185196
-6089.562268955066   -5360.888166221515   1         0.30255153613397945
-4403.299145240725   -2150.220312764355   1         0.9263970208981183
6348.7199404537805   286.7712006662339    1         1.0386127110032737
3377.656746881379    -6059.448335540343   1         0.248724793242058
1500.7743591858298   4757.751312919936    1         0.6707483422864728
-3697.601784527451   4475.229037770908    1         0.5366347721856666
-198.5783075105857   -4811.062873309536   1         0.44555806284796806
-6378.56945281851    -6247.855045109625   1         0.10605201095525982
5109.6504029924035   -6805.687345243576   1         0.15033286683731295
3186.0738139960063   4004.0358743458282   1         0.8535353488773487
-334.7274658776191   75.99292929095641    1         0.8076134330994247
-939.6273340696032   3639.3664946628423   1         0.27193710681828603
3441.54975826221     -6106.927725035428   1         0.5573572565734255
1156.6389473271927   -4392.414184277014   1         1.0321655790874726
-716.2417709105284   -2121.4851719997205  1         0.23441643094726766
3577.3784463916313   1606.4372020426724   1         0.16418103480071505
2307.5997025067268   2725.8492256496165   1         0.5235125662733566
6780.88538425593     1575.6950494998282   1         20.912924538461304
2365.997724040836    -2814.7146230434228  1         0.30065178175321083
-5568.03772117939    -654.0261184012134   1         0.24383178146569107
-2221.7362951743935  3712.3933085124354   1         1.1792529851600437
-6545.551800895814   -5067.337300572954   1         1.0459019704702812
4258.100971252345    -55.26036361374824   1         0.37410544484971964
4288.461695971309    -5665.34503788182    1         0.5863067581666375
537.587510833025     -3373.378659674585   1         0.7881681889172308
-1206.0701826559275  2313.686078199424    1         0.8725793464474974
-2121.574180756334   -304.29942036286246  1         0.2680453538948373
5753.529818774307    5879.17087679364     1         1.2136627760158785
-4311.792442662484   -5018.901855808042   1         0.32060902845924655
116.47530551645464   -1912.8111630421386  1         1.050917839814731
-2458.129546915856   -4768.840359064541   1         1.2162654504662969
1171.5510103299303   -328.9826687345984   1         0.9527431192950679
5040.87779901044     701.0785014501034    1         0.2105549573670164
-356.11984093367585  -3388.740290859068   1         0.8321559723172226
-3475.8846796625326  -1560.7961778767196  1         0.5838658242442473
4927.0361792014955   -5757.484459194486   1         0.1593401468108993
-6378.040498510625   6435.155455345993    1         0.48308932177633146
6765.664886074588    -4753.086164888664   1         0.49999980256207943
2237.8930141371548   -5774.984337990376   1         0.8764730147197555
6206.0572338698275   -1682.4821323376925  1         21.750909356978223
3939.0226477646006   -5489.95637339756    1         0.626019276176054
5496.045060408905    -3472.7216251921795  1         0.5962718410330504
2696.3007221456564   1008.5180028598986   1         10.141083438457255
2785.938234645712    -2689.804538962479   1         47.84435887748622
6190.534995318465    6347.256389907452    1         0.8763644119093836
-5091.586248391718   2710.266991733445    1         0.6103589134386095
2033.3054763436642   -6589.614072551055   1         0.29331633999351225
1005.4406058979184   -2832.311656376826   1         0.351321552136322
4585.738766383522    2037.3850388058515   1         18.414531621626043
4013.4744820633896   5936.219667196251    1         0.9961478412513418
2204.3497746104385   -212.47664777530827  1         0.6575766432427508
4794.538929482682    -5662.145934142484   1         0.8238891640477796
-3992.248648810652   6660.144381875805    1         1.0886608184005822
3377.433208511273    5328.446442349312    1         32.984476905309435
-5193.281992682388   -2766.682718798176   1         0.5158380183609584
2268.9263668100016   2373.837123722315    1         0.978639184021025
-2892.521111994276   -4728.5377915185145  1         1.0547234721336243
-2876.658856921207   -3136.465484272327   1         0.7766556996991923
-5601.238735433688   5920.307561507892    1         0.6297834644670837
-388.8867694099896   -6812.507855010872   1         0.8002515828194623
2016.4457915588698   6592.048101382385    1         0.9548164881542595
3645.261337887108    419.7788129166888    1         0.7583730923641016
-482.7197345420337   -5839.192738585527   1         0.21401652304589042
368.200038589536     -5216.026466410042   1         0.50630353295444
1308.9241749026462   -2206.813152312103   1         32.16526687151074
-2605.692774604449   -5905.706968585135   1         0.21945241953576528
356.6214822395326    -516.3379993407449   1         0.6507778534414617
-5235.442612849991   -577.1451960977603   1         0.8451384114114902
-5056.007388526377   4464.633014602205    1         0.8101667084131112
3095.610397061877    -104.70348656965962  1         0.8579361317930595
4757.0046220048025   -540.7812552285728   1         0.9536553100086806
3511.3332151546365   1549.8588538545569   1         0.3386237765345287
2077.875804464412    303.5582198853245    1         0.17439871898097634
255.6686786275069    -5362.221201635792   1         0.6374946673238997
