trucks_count 4
drones_count 5
customers 91
depot 0.0 0.0
Coordinate X         Coordinate Y         Dronable Demand
675.908604659682     -705.9450723439408   1         35.274844771736056
-4450.7990424218615  4572.355255504652    1         0.4519254651206379
3758.6052923535876   -6823.902009007927   1         1.0307937082149075
6271.581566773613    -5613.856882373395   1         0.8058256861774761
-5626.0068917411145  -3020.8724017651284  1         0.9534640434363473
-6543.836937090758   -2027.3171295236152  1         0.3810020350384563
-3014.1901452965626  -5577.0890711815955  1         30.8499949407346
3655.8228192928673   -7377.693074836929   1         0.16643967666161258
5288.8109165252745   3181.2186046029      1         0.43509538057604247
256.52791040896136   -4266.017632616371   1         1.175144285598586
-401.88264940573686  1864.2010959527229   1         25.836521357272836
2362.9176769025266   -2183.8230227401045  1         1.15357297386687
2806.5447810338324   3865.2859529152615   1         1.0529264477027096
4004.2020692655724   -5147.385185654703   1         0.18007845275064116
-2104.153678434549   -6475.790582339728   1         1.0532542349754366
3146.868185646182    7664.645054000795    1         0.9716811267828743
-7507.113066394389   3825.523836871027    1         40.62826833905169
-7402.775892202935   -7008.914531207799   1         0.7641954183323503
3191.153027422548    5439.041432079088    1         1.1134732457945065
-3309.4169671890577  6698.767860280421    1         0.3257474800548247
6508.915895807737    -3152.3084496489028  1         0.46074357921123943
6573.0962105595245   6879.276001826385    1         0.4071324861300438
-7702.685880909084   -3816.9245791908784  1         13.628957379650263
4282.40953663257     -6695.760124421956   1         0.7702011272256301
1657.3964702179803   2611.030541938382    1         0.5397775746531157
1901.441753248725    1286.660994713254    1         0.35819255641747516
7210.212287796897    -3614.2343726319577  1         1.1870953337841827
-7171.213032548532   4203.795450358636    1         1.2475720843069387
5676.42409537528     -7501.411560842325   1         0.8258419097047264
-670.1451702640957   -6381.5011958051155  1         9.608762722864808
453.01514826353696   -85.15061651501573   1         1.1676318457072672
4807.175396472525    4816.608635787511    1         0.11102686458560392
3738.283482940921    7510.8124144876865   1         0.4799952123204878
3761.9900017948567   -1239.9109609602506  1         0.8299781601786835
2379.6391911023325   -2744.101727428797   1         1.0060336871359548
-3366.1827076757563  -833.5974225289622   1         0.9569731164502793
5674.95206123859     -7223.146816225856   1         0.7364584355376437
-1072.7475765464787  -7013.052215247469   1         0.29764311036549773
3819.4619195624255   -3641.837896467714   1         0.4967584751361148
2719.993889519252    3850.695592207548    1         2.3178068225960637
7583.681871856278    -2866.206573199165   1         0.19320388202215028
-7301.179284205451   6411.5790246846045   1         45.499595884107194
2637.0801896436114   5262.784234713314    1         0.9278602019880023
-5147.971500634006   184.3402448360345    1         0.8912645518419041
-456.6666847321985   6111.66280330882     1         1.057478247306948
3654.7939101218562   -2344.7446137397837  1         0.3246753108041522
-4014.188580511513   -2487.1239996088943  1         1.1137236050674355
3497.6493602919095   6945.2589880944315   1         1.234401779134577
106.81555350375987   7323.10911568505     1         0.8056125940499956
-5228.94230238349    -1905.9719645587966  1         0.643602489112616
1902.3083135252143   2391.4081514051304   1         0.5057422759480852
4743.238564141676    -5649.120594941015   1         0.9890246588019193
-3799.2555520489896  1941.4204160226418   1         0.9867178849204263
2077.089846878483    -3199.128392379964   1         1.1511204382720648
7261.563763691171    4721.562834453864    1         0.35926274087597887
7460.397530493548    -2202.2967831378937  1         23.116208803373347
-3072.292253025185   -3951.551364808608   1         0.3222377191397545
-145.59682790008264  895.2217957139037    1         0.9526618269327141
-1350.9215260976157  6204.5533822730185   1         0.6987350386295946
-1223.7308424281532  6044.430717704633    1         1.0175993085858224
-3690.274388045528   1602.3468827228396   1         0.15392638561479952
94.35239770267775    -1039.4584127493551  1         1.1838282424471376
4057.7182827492506   -5232.31168266281    1         0.9855000887674947
623.1220075314013    -6548.258275438832   1         0.9203447413260896
46.41465028940994    -4705.292126070391   1         0.4561712676259265
-5299.743395168933   -2531.463237210278   1         22.886049784074043
171.1526881596199    -2002.3695303549562  1         0.5651189522506258
6752.388607008165    -6039.056703020073   1         1.170985754299287
-2211.436863274451   -5266.757705684895   1         1.147534116452717
1350.7701997864808   -50.0552729624132    1         0.7489544814385473
-6088.653033650767   -217.49274842091182  1         1.189537764679591
6684.307447020299    -6293.679127987664   1         0.8215616698931124
2353.6324769220864   -14.035328809859493  1         42.9497842421255
2238.2332637357026   3460.3818792458424   1         0.11166146543798718
5776.978107882058    -1224.1239704409036  1         1.0734383078973262
5275.40542880774     -6431.643815408041   1         0.49169101248220226
-5767.381236630357   -4108.566256067357   1         31.66168820545485
4432.790318627093    -3873.038638960052   1         0.5047253856743475
-943.9383723813046   -146.51801399191672  1         4.534058086068052
1373.316107678447    6717.769391982287    1         0.20607081981944622
2124.5776896893376   1351.5078911692449   1         0.4642205960668926
-3549.671340177866   -1119.4546758026845  1         0.7975712768612016
2124.557232739522    -1345.7648556382812  1         0.7768220407526379
-827.7406960381248   2830.3332295965174   1         0.26500814177585263
-7760.282024178417   -6221.238870630563   1         0.3979033209570225
4844.286832375168    -7326.130240626509   1         0.9021180336834755
-1257.566268102874   -1679.980650798471   1         0.2851061825859419
7661.228691993847    3685.4892661045287   1         0.2066810421761533
6185.955996730803    4680.308635325176    1         0.7363885510692322
7015.901515851       -6721.014276093363   1         28.935055117904707
-5050.096949240346   4190.4195925415215   1         0.3996345740347437
