trucks_count 5
drones_count 4
customers 70
depot 0.0 0.0
Coordinate X         Coordinate Y         Dronable Demand
-2942.383883740633   -9494.197809562529   1         3.7255793472214576
-2289.4820144456953  6453.053616120764    1         0.13493086984916144
-7902.878600404994   -7094.40393733493    1         1.2211822921487785
-4066.105108830089   -2154.4226930461655  1         0.8884289672443473
5506.904400714607    7624.48615949617     1         0.9278204247018608
6280.064944428828    16259.238817493278   1         0.611946477555793
13482.707959087238   1173.0478400360807   1         11.287696505815234
-4832.716165283034   -3305.300420527031   1         0.8540834729479354
-9289.655179010368   3324.442949742891    1         0.6792129779884081
168.04362757312106   558.2901630622376    1         0.25850347208279834
-120.21647432578342  8436.372779716472    1         0.10855150101964534
4575.411339325223    10615.539441883295   1         0.8559685404993946
6022.027777889047    7018.232546671965    1         8.497384280995865
-486.1706515393397   -619.7664272720529   1         1.175046882188111
-766.9624490252033   5279.634254327592    1         0.36531096110820294
-971.0038143761849   2868.8960181033763   1         0.24684047426100292
-4783.492527660404   4336.259626869466    1         0.6516816249286241
-8296.453492713285   10898.058171905672   1         23.623243254881682
-14475.148773854291  11834.907683239224   1         8.173523937616535
5736.649063255487    6018.705307651949    1         0.3479150320971041
-7573.9297789667235  -1819.5333152231447  1         0.21425050910457247
-3886.7082941635     -36.25132233624754   1         0.45713232246031343
978.8575811406325    -10656.267974626926  1         1.0145228940839015
-3379.149879328161   9681.083585167982    1         0.4470321275399899
4639.750375306539    -1296.4491996458091  1         0.5400907574071186
-3126.204206918749   9373.551908077674    1         1.1266670467745112
-2287.822214972972   14279.536826039825   1         16.278488220903533
-10544.300589418895  -51.47287951205907   1         43.78178912886221
9202.517498829493    -426.4961081450456   1         4.269494813796443
-6333.878613783878   3758.1083819542705   1         0.3637305168605244
-1029.10353550606    -6876.3540135092735  1         1.2373633372866344
7143.341547587893    -4737.535316849402   1         0.45645133354754863
-3420.436833500117   3413.421649894197    1         0.35148775567115265
-7792.230401457907   6006.690318270749    1         28.427958730661874
6992.349332132922    -6532.2222741568685  1         1.0701237029388868
-1084.0973895214925  -4223.483365138588   1         0.40029578650171305
4647.893556990816    8281.618052988077    1         0.9082849977750496
-5267.366779271929   2600.8886467554535   1         0.964115782279831
-2786.344660159357   5592.312496779396    1         5.11025444312139
778.3895949018086    9631.112164552002    1         0.6601654795598182
-17554.816344236686  -9356.996766870621   1         8.074300257165621
-1215.9463759836476  7537.389196195935    1         12.01816335685925
-1400.5941121959659  1510.4707735071424   1         32.04606044762991
763.5768009485218    -7822.0118814985035  1         32.48201963230915
6130.048920422275    -4832.2782636837865  1         17.002105384429075
5104.422386123265    -289.92583693437984  1         30.893332192707742
-1590.7019162846466  -10590.933530031758  1         1.033205747419469
4989.483695540259    -527.0951091190213   1         0.9579702514283287
4100.176655316634    5046.419745317286    1         0.8652535427017906
2811.0513926121384   -2107.0587901319996  1         17.78584410609582
-5674.417795972398   -9996.470621523993   1         4.957571367271402
3162.433465056843    -1357.389943963286   1         0.8027109241520781
9342.680449972146    -967.0512162267735   1         0.2914064854905799
13079.105181583393   5264.6334212885995   1         1.0211821453391587
7701.346048841597    -4393.42616114566    1         0.9483668200335221
4940.334135131789    -1390.8714770939935  1         0.7181247239529174
650.4689397895968    -2314.6683062376683  1         0.9863461996569718
3061.4932784593793   275.56486890865347   1         0.7340700056146552
10143.407435833073   2783.671074800773    1         0.8539162989049184
7092.117935731949    -7306.563468786767   1         0.5785927405711447
-7836.506846651398   6135.472185577396    1         0.5215239788551221
-4863.815841850156   6346.992337269885    1         0.6784969508851815
7434.453891098034    -6901.4875965863175  1         22.704981371021844
-10372.44338020084   -116.61295951460524  1         0.6112046321446483
8334.483940742219    5985.602269898169    1         0.935201310996925
-5891.974801486149   -3925.8453722576996  1         0.29778380474808086
-9700.072693247652   4353.023592774946    1         41.16613165669098
3387.486769107978    9240.706522188928    1         1.1478974591405668
3588.5410186256645   852.6070782454723    1         1.052311913639194
-2770.804666307876   1526.0657766146637   1         0.9336875854710464
