trucks_count 3
drones_count 4
customers 53
depot 0.0 0.0
Coordinate X         Coordinate Y         Dronable Demand
-4925.97127100832    -2206.9338190358253  1         0.885407799277629
-1260.7126073690067  -2532.5299490905572  1         0.2986766844739439
6327.986086964742    -5414.485910205889   1         0.2756306823146485
707.8469324998158    -8561.969655491637   1         0.1495617378020417
-8670.527455587662   -4311.459989997448   1         37.60517072851269
10683.25878882978    -64.19438210770865   1         0.3728467451294788
4009.700379919409    5296.062068813469    1         0.5320387680813027
2867.6541481245004   -4097.119824282217   1         0.12813574017528723
3352.775144888017    -1.505844412679635   1         41.67251292497837
1981.1238048695038   -7307.118945476777   1         0.8539046675545624
6369.300723046845    -8515.831474455597   1         0.32455414872713517
3505.893126066852    -6589.265619661323   1         47.758346008187374
2789.3949120375696   4343.848321343148    1         28.9689101009533
-5365.537888053938   3950.820610144005    1         12.857475114840131
-4668.094138109648   -5199.675558246193   1         1.230471504533962
-1784.4842189277108  7966.564508973837    1         1.1538042772136787
165.5429568290582    -2786.2809335122497  1         0.9226102661595315
3888.0539488104555   -2029.7201507514585  1         1.0365391705879046
-4658.38883696839    -7697.032040875183   1         6.733739864706213
-9069.819052605497   -3910.1518311477976  1         0.6547906662378846
-5072.022487536464   -7282.634884774021   1         0.11120386627098026
13446.42106007153    -9271.189224116539   1         35.37510177666438
-4557.98093148656    3709.521806383859    1         1.1325080843504476
-5245.331721050862   -3841.5384994779647  1         0.302423434692669
-6267.051765912446   8885.763643266506    1         1.1480890777037802
2886.0973925825256   3066.1472159404634   1         13.572348211397937
-2438.544108174855   -6423.493153581004   1         1.0380400893650972
-9666.832062544196   -1815.4865027724388  1         0.9383175124860942
-3308.184173816442   2110.70688494053     1         0.5347794770607048
6317.4887188665125   -6083.45302158159    1         0.8154166933527653
1199.3861029169914   -3119.522027640815   1         0.25717713555219746
8996.897582705398    -4241.517091652963   1         0.9931512545538476
-3405.244823779105   12789.910675319046   1         19.433891912006725
-8265.807254707583   5170.2236280978      1         0.4764336899817211
-6745.458253209191   -3027.7902876769635  1         0.6359317967005435
4770.5275144322195   -3390.362774777665   1         0.30305478108612527
9845.581598085644    3151.8337401278523   1         14.275963857723521
-4719.972257442179   -12157.628650084283  1         37.18738473913824
4609.357433027841    8359.21723848911     1         12.457970474559628
2539.6504542820853   6372.8281383958065   1         0.42564955733700593
1318.3554289693163   -8818.090099096691   1         0.6539399926730805
-9269.504655443186   -3149.6363604172143  1         36.38215161598852
6621.230404301412    4139.488752649751    1         0.9134104009749922
3907.423931556208    2525.754778250187    1         27.042303929913185
-8862.456599096527   11239.704667402006   1         0.7164805629273604
7539.505447073593    230.36322803339723   1         0.5353419693402797
1422.0719833344497   10671.534857176923   1         1.094005709493148
-8765.554487116347   -3952.711019877379   1         0.3918396906594509
-1734.4753753315572  7933.210464024878    1         0.6860435297554391
-6286.832812652369   -753.0371900975778   1         0.7614633450138233
7407.133222958932    6052.171502356273    1         0.6162391630294978
1833.0318868838017   -4566.662227526866   1         1.1458391636710552
8547.571804066221    5597.975280457931    1         1.006093746300299
