trucks_count 3
drones_count 4
customers 62
depot 0.0 0.0
Coordinate X         Coordinate Y         Dronable Demand
9978.290056716336    1418.6527284542074   1         0.698416203965387
-6615.8906479217285  -5164.267647128328   1         1.0474560368328518
-9052.249911011428   4296.721036058597    1         0.6670511872210484
-9635.807183216572   -2234.655556728808   1         0.26950683288853006
10316.09803420529    -3479.3737125904686  1         0.17949100758758252
-10842.761282832682  -4997.057609969644   1         36.35489845087337
-5291.320669915216   5997.919142604776    1         0.48561238543925056
-4491.203545521801   5510.4084136988695   1         1.2253561198462057
-7052.000604331849   4517.676725860594    1         12.28767541260122
7346.464073587476    -6027.071672258087   1         0.815342418049961
-8902.897707965736   4657.591070104652    1         22.912313623257887
4249.65473233848     -2004.438395181026   1         0.8360519746401566
-2498.534321124112   -7848.050908115296   1         31.033100487562155
-1274.2131161397513  10858.304504938846   1         0.955132231808993
8077.348312890975    866.9653196734326    1         0.4557771919098049
6587.009984441688    -2819.2645267797807  1         0.6145925342303407
-5801.3642470589675  1054.4321170852131   1         45.20312451459019
5998.325706692021    -8564.559693668232   1         0.6946095763322714
-193.7377178539009   1676.4843983397059   1         31.40408777145324
-1543.051536231496   8538.999322855063    1         0.8556901342932829
6858.623827444253    1553.8355768486852   1         0.5032779518093126
7048.376173321167    -2772.931060186966   1         9.051283260246729
1579.168742304431    9241.610255581574    1         3.7832297017440943
766.3300232469917    812.5963861382157    1         10.314955043997967
-196.8621687100963   8626.397738264432    1         0.8296045402175345
-4585.825495985602   -592.1601974754415   1         0.4449696661728396
-656.9219598939821   -8265.645440928361   1         0.1694796175017637
-2239.5430924760635  -963.0998155760991   1         0.9725258543508803
4480.035464603951    -4726.090126637341   1         0.7419490197970181
7641.267344329075    3994.0591218027344   1         6.166603335804949
2343.274371935046    -1686.0056559537902  1         0.4180400509489496
624.3336653376377    -6316.812350154899   1         0.5767194370418675
-10978.827256538254  -2119.386739193049   1         32.29384715827747
9163.128746083734    6284.164975237316    1         1.0484811353546237
-7795.268279991733   -5627.307241445599   1         0.21424217543669216
-211.39851858875554  2609.9680559238345   1         0.5894802075474066
-9256.616837385307   -3941.189376975567   1         0.8457227958579047
-4415.68662915243    -9479.472174003751   1         0.4227283323664335
-7686.3316588980715  -354.38452003215406  1         1.3042168035370725
-8066.848373548433   -5573.02527153144    1         1.152000095312475
2525.6432077101063   -2795.4393447475773  1         1.0523806428764813
-3712.8925778676166  2006.6907078703064   1         0.9730610549993696
8539.534638066674    -8034.465836996226   1         13.132112438046558
2352.0917795581495   -2991.6671689878253  1         0.3659096247183359
-6943.127856225925   -2922.8006912142073  1         0.16438128684013298
3644.9578692252894   -10022.06699210821   1         20.34781347208462
544.1557152194448    4372.563568190909    1         0.9300099041044478
691.1868950876301    -4825.5278222988445  1         0.27202503180697557
-5458.869502248038   -3701.912388198928   1         0.19339412309430964
2952.9143170340412   9055.817831058135    1         43.307680828533705
-6828.178980154481   2388.62143789207     1         0.1704808995852973
-6333.370623289231   -8615.477556122312   1         0.8901670465597703
-5432.600792291401   364.6945328655711    1         26.630731558393347
9655.904149913273    3068.5741243492466   1         1.0258507130218972
10765.073599617239   550.2882749886274    1         0.9087952261738576
6155.272277586209    -7003.01872347588    1         1.186373517839468
1138.9184841205395   -10393.134692288751  1         0.2510844156594946
-6511.953842825458   5509.886025419774    1         1.1601608511984702
8102.313515421345    7306.097743227077    1         0.9313478780394501
-5777.4358907903315  6349.150864144526    1         20.40484425120534
8953.094549653328    -102.87168220248168  1         41.67650652605225
-1300.5240973855398  8101.2687452428545   1         0.25274394356714025
