trucks_count 6
drones_count 4
customers 97
depot 0.0 0.0
Coordinate X         Coordinate Y         Dronable Demand
2395.3239182002035   4337.302114884288    1         4.576330268197676
7128.732048333869    334.1847349058558    1         0.27762425796287415
6695.322485691994    653.6489846536006    1         0.5234847071168015
4641.9820940723      -6867.004711414914   1         27.591464813576764
-4595.183488150824   -2702.7458447192985  1         0.46716033346352603
-4805.732609637557   4316.119044052061    1         0.14513539734413164
-3665.7556663438772  -12625.660781234426  1         0.25528294034874177
-8210.215064595566   -4808.139527234801   1         0.7950862507732102
-7833.150483100566   -650.1051027021422   1         0.27629527709392476
694.5395778888038    -1267.4684401267496  1         0.9159242852137736
-7087.835751738121   -11953.709082353402  1         43.29377148370807
4704.419923580002    -1867.7780613010407  1         1.236508207296302
-6755.761755447545   7867.7540229104125   1         33.30745346535163
3979.8246283811086   850.1468877124231    1         8.689279850580741
-1970.1599126002814  1253.2759133378754   1         0.6881029763030032
-3942.01818487371    -10022.789816505521  1         0.19470343442181032
12991.666751433411   16756.763274341138   1         1.0765737433129774
6544.190069124918    5555.7589200293005   1         1.0857737345435716
-150.85516273818416  774.656772108047     1         38.15906143133039
1847.000994502323    6726.454414912821    1         0.21546232474207572
-6376.064747143554   -6904.172295899184   1         0.11455231843468205
4659.187326457387    534.4975518051044    1         0.34683345568134394
6054.560110453777    -1540.470437739248   1         0.8266064944720657
-15304.882839955688  -3642.722663723531   1         0.18841432523671903
4866.392309356356    4426.120725385663    1         0.6385928934522904
-8658.672815323062   1204.1764598144105   1         0.3077176536065226
-2484.159349321653   -3125.199047477016   1         0.6561166457274723
-2157.676490226107   -6287.9805491389     1         42.61965512944487
-8758.75442668281    -4948.226359911797   1         0.24881553461693898
1196.336682438604    3478.5814939953825   1         45.827787005390675
7133.679259807149    -3251.2529378696886  1         0.64277616719087
-7859.024592543415   6415.159164938677    1         1.134035414655416
18112.47535865003    -15072.979581266185  1         0.7701371576313574
3006.756429467554    -14527.136220929746  1         0.6211719190766097
522.6996939196794    -701.2740076359308   1         0.32768580907355394
-3612.994736832899   -8049.117941385657   1         41.59500531796748
-4039.6739707173533  2878.168534506981    1         0.9538021052378087
6745.249957611216    -2597.8145396033697  1         0.5721043599728837
-4906.124612163319   4143.9010033720115   1         0.2317524921458683
3149.6790459851836   -15585.088082025213  1         1.1058197166748787
13203.321284717927   -3238.0374376245345  1         7.609318292452224
-6472.535779884927   -6269.528364490153   1         0.6768621790135854
2879.479651414549    -4748.645390307067   1         0.35265608249631475
-14268.867686025162  -1702.0512426001806  1         15.370932751948796
-5872.922915665342   -1400.0606670108116  1         1.3997788242227094
-13680.069110804056  2091.1640992528955   1         5.723576148486779
-9399.65289002649    -5140.3423047071465  1         1.1780987756794123
6743.476958258247    -7993.63100947876    1         43.10895461333267
-3540.6667894511284  -4147.872784880583   1         0.9837778284268951
-603.7686542181461   -5153.931100266644   1         0.490027054637005
-6197.582592352309   3369.6564569842453   1         0.3644632395207086
-7117.287999785809   6603.891561787072    1         1.1527253055037705
7672.054474143799    3230.2278414354555   1         19.308393950902648
-7777.345652551112   8453.401904662172    1         31.954834572806362
17801.786748771774   12874.787771310912   1         0.17215472086125944
-598.5196436391035   -2855.2595589867683  1         23.48045443063028
1074.1939288117899   -1393.2903508477766  1         22.237691512971967
-1866.5621154809849  4139.531394769157    1         0.38740084802828967
11737.917453822116   -2044.6341227049707  1         1.2944847771033434
-3782.850072225902   -5339.035669804238   1         0.8483734952013812
1476.5173120626414   -9773.319691748344   1         0.25985538337483693
8082.2059656837955   -3543.5638763167517  1         1.0021511642236085
7737.837235418147    4461.275289049931    1         0.6800515742343123
5617.406687542281    2118.703714014356    1         0.3737685829900462
11790.834906612014   11011.27879241492    1         7.07838255244164
-11604.182938645296  -1232.2796462232836  1         26.929789534284083
-5156.0409223650295  3738.031263534625    1         39.62101489704271
-3816.176572706349   -9381.741464744837   1         46.72012311834834
2569.84498163238     -969.7447850503571   1         0.6545607710672529
10006.053240492922   815.9253767114557    1         0.19913334776256536
4576.858363440396    6753.868929480064    1         23.293218611983214
-1109.5849462021722  2421.7821399038353   1         1.130326738232018
-12337.616165195695  -15412.623116658962  1         0.4013316090318888
3159.311778765495    -5746.7893305551925  1         0.631170356022157
-6395.438239821736   -5356.053738116284   1         0.989174651194974
-1820.2660315917167  -3530.219036682269   1         1.120644607432782
1262.913285501945    -10551.812557375502  1         9.022017938652588
7565.369073380668    3475.1307236852304   1         1.0906047757554516
231.55875636554578   3933.1155163680714   1         0.8949044027909633
-5932.579260730868   86.35476591854523    1         0.14460011478474227
2710.153516167568    3682.397287585318    1         0.5627924855617564
-1852.6157823480714  -867.9941335670269   1         1.1007923241835507
-5651.936544105737   -873.2667490238159   1         0.5871293405179309
-2893.1213174088516  -10403.85160318355   1         1.1269004050118796
5864.078159622784    3650.2318844578153   1         1.2229054390246203
-4711.638868137751   -7162.387361157564   1         33.91051862289301
-1157.6307880206114  9844.673774001934    1         0.6121738559243176
-2714.053531244605   -6926.245301955311   1         0.765412649085598
-3161.5973813701603  -1266.4140288960987  1         0.46759581173441433
7821.806146297794    2769.914173324226    1         0.7948038045481989
3591.8345479021773   13208.331925989438   1         0.40801378252637044
14055.675822405035   5532.193532466201    1         30.11287045030543
-1619.3383223113024  -8960.059603804      1         14.667432847638645
-330.4990162058408   5977.797360150573    1         0.4293151262893027
3706.131355351842    6563.948853643201    1         34.45431236501927
14011.795002027793   18283.84028888581    1         0.7566959002322049
9730.237486614893    -629.9838584074078   1         0.690318012787435
