trucks_count 5
drones_count 3
customers 56
depot 0.0 0.0
Coordinate X         Coordinate Y         Dronable Demand
5935.607915081053    -9036.076673072821   1         0.581602357117139
5603.220604381293    -8564.5481386661     1         0.8403363363242576
7505.0704384975925   4807.616258683296    1         1.2228793800786426
7108.762148268954    -1030.0180670347982  1         35.55603646512749
-2424.9130816320053  6741.421147800288    1         0.7682837613409046
-1440.7836224553155  6859.506201987126    1         1.0279098942151486
-3110.1306618948934  2651.852328271473    1         0.7194222000299855
1456.398308947567    -1693.9856211270317  1         0.9432781920936498
-7061.407214168905   -2699.5512821447905  1         0.5358903407629144
-3882.5922373354933  -11151.2863444549    1         7.030126726366616
8314.41088048436     1795.0357477546995   1         0.15588315322242396
-3825.0214847626576  6826.138634629308    1         7.314456722404012
-9614.899016410505   3012.366061088026    1         15.935858231329668
2325.9910187670907   -10460.806703502902  1         0.21337429702511929
5345.092388997147    -4831.735154628089   1         27.88791428475505
-3375.4365462638357  -8801.75769006505    1         0.8078368370677732
-2997.3660902145525  4047.0190924113776   1         1.1785679593337413
3769.523279517418    7556.161865159441    1         0.44597882691337043
5422.289268817224    5562.526898398871    1         1.2333431986279588
-1725.7005929165537  -2035.9082954243645  1         0.303752702315355
-7582.550418255575   -6005.471113723245   1         0.8593075561909789
14629.356072487877   15949.96675658974    1         24.293312156338427
-7792.100995196226   13890.871880054103   1         24.58820976088217
-4998.025450115566   -3843.640683171212   1         42.824102843410614
5996.933874857351    939.5845324027532    1         0.9284400876709888
15482.070870230782   -8665.224830240215   1         30.99108661612873
-4730.621189504247   4968.089925945452    1         40.8657564356176
-17035.165635177615  7578.365795049507    1         1.041479380506238
749.4772364764639    -3416.4875973871262  1         1.0903717259726746
-10098.91778246019   -4149.6302934029945  1         0.518014612001443
-2879.1110203725148  -16350.213539760807  1         44.80890478086761
-8311.713735990612   -6610.578631245267   1         0.6869694749309793
-704.3961840763607   -3836.6501247990873  1         0.1753445997344056
-114.4257671896789   5136.17500760241     1         0.7349354579229491
9436.611782414417    -8850.321388391785   1         27.622655952452572
-5644.147996246678   -9572.562679434352   1         31.46217347889905
4700.4576140034205   6849.7584315020895   1         0.1536842814080476
5315.329224743036    1884.209010409206    1         36.36385716552265
9665.248551395645    -6395.187837784761   1         44.91544319046245
-4271.743679539105   3004.9153075222002   1         11.49013295826564
13086.156259870273   11691.798925635609   1         6.102315559095628
-3628.0971397622884  450.5680886946143    1         0.9288152929429077
-14693.100588784568  11208.453691195748   1         32.93473761794091
-1422.597873682652   -1061.9351454619898  1         1.0839783023821896
9197.551344571062    5097.2884102835815   1         1.0815408978242353
-9403.902898328932   643.5548237165806    1         0.33618741634715915
-8285.553866215658   -1758.9558067498788  1         0.5374708044089495
-7787.639156687762   5064.022456617197    1         1.7461048374055101
-3618.8880717752713  1662.2793335107551   1         0.38108230459420334
-14148.632084563076  -16997.947305649435  1         0.6329795626046097
-10633.314652006477  16115.037448505776   1         0.42986686454474277
-9018.737305047673   892.7270316401076    1         1.1574772966307638
-4703.664297272735   8974.655314888409    1         0.13793292884085429
8492.904412929065    700.1947731168551    1         0.34447965160896593
-6504.6682417015345  -12762.097788527466  1         17.380733442525546
-4737.885446893569   9833.566743119452    1         0.12313429411158022
