trucks_count 5
drones_count 5
customers 87
depot 0.0 0.0
Coordinate X         Coordinate Y         Dronable Demand
-1844.9306197454698  1356.4162948369099   1         29.809626315829213
-2494.120589226488   5190.975564760071    1         0.5033421862686224
1398.0525021463864   -2302.1566228537317  1         0.8030619720375503
4240.8005895052875   4461.518439822519    1         0.3896845049562707
4324.516318433694    -3310.424470011107   1         0.2602331578902406
-4866.9396174676785  3467.3350932480707   1         0.5344683877137145
-3819.5656531955215  2490.7138620730716   1         0.7868716658965592
2588.614360426304    1079.4821444750148   1         1.0023279675691645
-2920.3535223444796  2136.154979105503    1         13.735057368081378
406.6767182386612    -759.6133150386521   1         0.9292244712832132
-1255.5682593128465  -22.206319160973315  1         0.8536060385160709
-1984.115966142594   2477.6666800857884   1         0.5663348364177423
-4452.120488436383   -4253.185374007358   1         0.5843021993780254
2076.501446397386    -3808.8578068026927  1         0.8902403579707452
-1639.9862789512183  -3545.981504241248   1         1.1825281133231782
-5082.8350267571805  3488.69436751836     1         0.6617421460795125
2353.3369720361316   -4036.8055337666297  1         0.7065295130043524
487.0289618641902    4123.734627257947    1         26.05288864592445
-347.48495082804436  4964.801045614225    1         0.11366217993436654
767.5889854479165    5185.463268183968    1         0.7995864144756293
687.335476846641     401.4179935859644    1         0.8669984399851804
-5057.064886469192   -3260.092901265664   1         48.85896640260475
966.3159822956329    -5164.991851351115   1         28.277277308616807
-2790.2255911355405  1131.2778924057868   1         1.140465126990796
2375.0417233371836   1997.8683399926895   1         0.31313832424672683
3161.7239153098444   5190.25557108998     1         0.6291004754515361
2974.2856126089023   2294.795680587838    1         0.5616503520120454
2708.390896537988    -780.8998715137975   1         1.208958248681435
-4365.411548232848   -919.378446123178    1         0.9670754943010518
4836.923617832268    -591.6347194379368   1         0.9900772709446958
284.3452217422964    -3729.896829531802   1         0.3648747421185987
-2400.498728338664   407.0190861414108    1         0.8151295775641034
-3265.458776674217   1196.630994141484    1         0.8247234822694572
-5157.842369842739   2967.603929106646    1         2.2177610594240353
4751.234765129848    2977.897926253476    1         0.4112498769435905
-4172.570279463736   4036.2659526351035   1         1.0021475752009839
2375.9867813182755   -2552.1644962814353  1         0.3036975499092151
4984.80576697564     857.8303720896874    1         0.8504587817010119
-3203.7321424804786  -3968.882970712488   1         44.692536328346954
-1140.9779859548228  2214.2063282654067   1         0.15812556121702898
-2406.053938710985   3366.1785996435865   1         12.143318194656143
-2745.5466612635337  2542.975382551593    1         22.125036905771022
-2656.7608065869495  -5243.219670880486   1         28.738981064629243
374.96873839290186   -5168.305255326086   1         0.9439203734861914
55.846617767339986   -1642.1634681308124  1         0.41578339856379287
4107.1760177484      -553.7642299915035   1         0.670318451284107
-2872.551409329692   -2987.645126350977   1         0.3517005705103148
3850.2729373378766   1350.8930353167436   1         1.1393047804905823
3890.0639308425552   1498.0616145668057   1         0.756493602124905
1662.7272315948358   644.9806001810286    1         43.56028673074328
4833.880132582197    3909.4785533000672   1         0.10143272993131229
1817.2177814609895   1481.402262534435    1         17.24873058983065
329.2629204447793    -2640.302470821958   1         0.34197710290030414
-4857.122278948292   3865.7728004027126   1         8.169093149885962
375.5841779593827    -313.566329714312    1         0.9942358933636029
456.7135041680664    4651.640785578907    1         1.2476099806391407
2504.4708841691954   1375.782399814181    1         1.1662034626922635
-1931.743053631006   -4986.081936103408   1         0.8012005424498623
-4371.51985002858    -763.7035233954175   1         0.11045138922401308
1174.1925835018355   -455.74832135186443  1         1.4787039255936405
533.1158291357144    -4952.09941805688    1         1.1383538536557087
-3776.3914418499207  110.25506855440926   1         22.76243472289635
-2091.5553056045374  -1488.2994145513499  1         5.874342552204708
-1070.9993326951883  4369.706907022159    1         2.076276273028018
-1114.8350174705456  1212.8113970348359   1         0.8883575859990968
3039.6666013373424   1048.8807308868893   1         1.201447866040971
-4089.0982077081826  335.9227987797024    1         20.423135294301186
2367.909826002291    -2145.933552188313   1         0.4385332458375214
1670.7121702203385   -3488.352846561395   1         1.1872348399742665
5169.568609512056    3779.017451058298    1         0.30475055742633406
2346.2650792174773   -4317.143272574793   1         1.140627005996563
-4237.06133978612    -1444.5372829185108  1         0.5819812999018316
3857.0182019685667   5023.033202511993    1         0.3228538235028109
-1663.4370363064122  -5175.511844185151   1         0.14808059812391097
2189.8573317567557   -532.2898770691678   1         1.069177287589725
259.2994210966177    865.7030080022737    1         47.50558682443711
1022.6211218874644   3042.3821678308695   1         1.0289020495990353
3588.084379054778    3298.3715650525037   1         10.166509286269427
3763.19766969129     2194.716905440405    1         0.26844811476935204
1827.2864693568445   -180.85785160369505  1         1.0064039850697546
-792.581060037441    1820.1688573678814   1         0.7477190439132647
4325.325856938706    -2329.194304937183   1         0.3977013177346249
-740.189259280965    4195.227362356565    1         40.459040760601
-4442.571220219869   -5011.303482527319   1         0.15442665824101942
4120.604947628535    -3077.395586277736   1         1.2469468940325499
1327.7301861304713   1159.8895448148644   1         0.12755014631657202
-4773.3261350210705  -2071.799368220563   1         12.220272085790098
