trucks_count 3
drones_count 5
customers 51
depot 0.0 0.0
Coordinate X         Coordinate Y         Dronable Demand
-2795.1953488763666  -791.0231610877381   1         0.22716463594292094
-3957.424655018444   3136.0694562505587   1         1.1877673977948826
-2223.708845595547   -3101.900844946434   1         0.9839694916744437
8584.234279795397    -3377.1477456557986  1         0.18897298215695624
-7523.741558140701   -4065.825327079628   1         13.322826074271948
-5367.363169728814   -4781.175826470743   1         0.30359747414774096
-4491.452730428489   -3028.7383915902064  1         39.15520919752383
-6625.446860225697   -7271.836034016038   1         0.5314622511087927
8055.193199780488    6838.110798402215    1         0.18140911971828608
8185.214097670913    852.4043739307717    1         0.5734490884255828
7074.4157951034595   7639.721988217164    1         1.0549969065158595
7997.198507604656    5092.357383046004    1         1.0224102495607854
1998.045145514997    131.60564630621923   1         0.7127460498804811
-8183.638803949627   1057.7687285903703   1         1.206395142041523
-3831.818729137298   -8365.43881301717    1         31.707103389151808
1880.352938681075    -8354.236300112041   1         0.32316708754568796
-2430.525042536832   -8041.301803852906   1         1.2023332224752803
3212.049002540267    7290.709698090154    1         0.7914749739744569
81.00112070934576    -7518.423397926372   1         25.858338558470876
10482.089749875164   -1829.2556864902738  1         48.12997694970337
9283.84241846597     10467.434443336759   1         1.117526738670226
-9711.226315931617   10029.589980378896   1         1.0496287509152638
8304.524481269582    5393.747707378403    1         43.22675696517341
5684.989627663479    4406.095228865597    1         0.2565346371994237
-5828.583095406573   9063.420061945113    1         0.3107826650230253
3186.2625814165185   -8427.81853873541    1         0.5723020336809429
2691.7498935747844   -3498.4725180952623  1         1.1093549913722618
580.5091172178817    -2676.2576292761146  1         0.5952620577167592
2690.795868952016    -557.9995990136886   1         1.043791293075953
-2610.67647740043    8235.905243324167    1         0.7030900491714187
-10107.417453711309  1092.590056379209    1         0.11215820735091879
4753.843029511228    -1140.5077633820893  1         0.3340250074696358
-2056.56465112072    6292.797115193151    1         0.27451235115100925
4737.361170018415    7107.571851056079    1         0.821109832605428
-2261.0933018155156  -4346.59069457079    1         1.0032638413835595
3284.1562161185125   5286.522071147292    1         0.1609772930898266
2327.7592639562513   -308.1764385673453   1         0.1494007237221252
7429.235989362893    7214.185117886314    1         1.175049166213782
8594.142266838631    5573.546970409782    1         1.1988176655909728
-5370.381543634223   -6732.0568476803965  1         0.16185111255256224
-6795.236470798877   4220.603182917926    1         19.1915368893118
-8122.328732525079   -248.5783566816588   1         0.24967522725534405
4254.638965200001    1.1133748601571731   1         0.30710170853317054
-10515.50304209491   -4754.256325706049   1         14.060069914491292
-9545.433094652828   -2641.830906856713   1         0.7490641648183872
9185.603965093022    6849.833244176116    1         1.1119480208447676
5509.458450801536    1940.6192498759858   1         1.1173189417706977
7760.996974304768    -3925.932803942796   1         0.734690257860345
-3640.381140221797   3590.9457281129557   1         0.2788834846936499
-4541.674931134832   3531.845412844894    1         0.7663423842558109
-9450.465434777558   2069.5690114210706   1         0.7804767248364445
