trucks_count 6
drones_count 5
customers 85
depot 0.0 0.0
Coordinate X         Coordinate Y         Dronable Demand
4215.130900511899    1495.764324695122    1         1.0570971204669446
-4970.3951340535605  -2485.604949807883   1         0.1450334510551257
6749.787443840036    2941.83023344716     1         0.11395622155102297
-1524.452158406111   -1394.6809123463165  1         0.7135701007658158
-3521.856823660848   -255.0779088015314   1         26.906408491046946
4412.8853424390245   2229.959110546181    1         0.8382002198568187
-7344.3230575236985  1180.0885289478565   1         1.2291140250410832
6909.374912524845    -6587.291339006299   1         0.8178485119615511
-2580.5249027321724  -4635.234340734633   1         0.13289242628542985
4073.986304793946    -5139.433000010887   1         32.72352736455375
-6234.548652816872   4259.486194045201    1         0.6210546986238512
-3067.3879985348385  7418.744765601299    1         0.46936214801790266
-6251.721480808093   -7096.269831207928   1         0.714426393405553
-6344.96354585799    -1938.7070463751297  1         5.99805155922852
-5078.931632150996   572.3869146631478    1         0.19684544464014536
-7278.452829972123   84.47878419426442    1         0.5046851189963104
1995.9884852225885   -6198.44034692356    1         0.7622274959048186
1768.05989190066     1768.8466294555408   1         0.33116074662662587
7733.848907099414    -6682.030999790374   1         2.9237719922489998
7482.661101893892    6682.177268236012    1         1.1771653479807362
8028.862811461266    2982.83367372642     1         0.5612486276420197
-2865.798908823912   -59.00193924885362   1         0.9264600867152288
-4933.554575728557   -8064.283348072731   1         1.0130117733169028
7088.178846309844    6850.5968734681155   1         0.9628997951591113
752.8481079951995    4714.898643993848    1         0.46678783160175097
7054.702778319282    -2159.863574641848   1         1.1694288118662348
6629.155774766283    -6769.847840034001   1         0.4214050787774789
5684.645015336039    -2183.3574710912926  1         0.6716599245867365
-3803.8667661041995  -6832.423335758283   1         6.4800097063573805
-5504.378105183241   1263.2329120642112   1         0.7369659207511479
2168.0282731260413   -5164.168389338346   1         0.6763590448550172
-7229.0943250974615  -6434.994437129691   1         9.967166505794673
-7751.063663821043   -58.66177122858306   1         1.0466657010984453
2372.027512471209    5287.994973010427    1         0.6104455037515698
1345.9092631789006   -6544.8518707641     1         0.6547211758182165
-3453.087375688702   6666.834864441592    1         0.9145356723226473
7919.783271037888    48.95789556940456    1         1.1796494295717947
-5453.138323584212   1776.9942455889086   1         0.7950322787279632
-6033.9236047143495  -4938.670657015424   1         0.11926866102728614
1577.499543358643    -1774.675471002281   1         0.9662333920548912
-7299.563365634927   -6930.157230029703   1         1.1784274264461712
1615.1919461718585   1018.9809006797553   1         0.595496292791772
-1953.8217303616368  -6615.103600444337   1         0.2946855592958012
2441.646490254343    926.1906433211491    1         0.6722073644005316
2427.5085966334736   5307.174752685813    1         0.14162032737795863
-6591.4336861033835  -4763.024539192526   1         0.7975613972627859
-7053.269935408374   -2592.751338208224   1         0.9951840773337833
-1604.4859985324113  488.5328007080272    1         0.5885510810279525
-4079.777846613384   -5482.877246087154   1         1.1073567374816053
-4052.5866839947835  -6503.303945849304   1         23.879390093646702
671.4685223968454    2809.206793409037    1         0.11947355548004973
2134.408070474441    5313.906611422675    1         0.10633671946662668
-2268.391800916104   -1945.7395414681655  1         0.16877856445819023
3521.3750819433494   -5116.938786031497   1         1.1814075377699738
-37.763511251081034  2764.223563067145    1         0.3886874953728079
6365.077176586245    -4807.790242758515   1         0.5067072957967839
6131.95563960952     1452.2976917080962   1         20.035476560122202
-2882.952079538885   -6040.590021281883   1         36.22523688564309
1355.7084078385262   -7734.407982691542   1         0.7750563278712804
2919.8925474946664   -723.277044963109    1         38.803065589877505
3118.148754789245    -5768.1462397953765  1         0.26019813152825777
-4853.594639346061   6594.288004669992    1         5.264638990719301
-5166.115483376381   7738.2342793206035   1         0.4690733765537629
5583.99470702434     1683.993141874846    1         1.1717863263592632
5492.01765560985     5093.892222525751    1         0.35311486735659214
928.1329238661247    -1713.553388387178   1         1.1565070766346497
203.416908735074     7731.359421242006    1         0.9233317899666501
5091.7285530284835   -1113.5404947952004  1         7.005721701174046
-7273.741051289486   -756.9882113399401   1         0.7852909370179221
-2196.1096597162446  -7944.636426725469   1         1.2407930034979557
-2284.5900479481006  1366.1464290615568   1         0.7339167350841802
-863.5282810613832   3425.6160484319726   1         30.79541161677686
2962.774700377829    -6437.716090359902   1         0.3124495362669514
3062.3463659709996   -7398.917718642662   1         1.0922166365379622
-7135.996528322592   4868.545117174561    1         46.64011580838313
-89.92849259520825   -5220.043276301487   1         0.2837573214063919
489.85742743871      -7326.679360966583   1         1.2305049383354423
-3572.6611950930137  -5221.252406481132   1         31.55826563514365
-1111.9397989785155  1477.0307583562274   1         0.5920735469800157
4532.836164200378    5930.05411605507     1         1.0480171301616186
6432.691041365369    -4515.909976878644   1         0.7533472724209049
-7970.608715264549   -279.97604891952136  1         0.15694908047614742
5410.496586246217    -4140.895402015997   1         0.3905368971317139
-3711.4990312345253  7493.221781527445    1         0.43305052453515425
5341.146543592761    -5879.483146120486   1         0.714733145491784
