trucks_count 3
drones_count 5
customers 75
depot 0.0 0.0
Coordinate X         Coordinate Y         Dronable Demand
-8447.531371582936   -2683.8361158170633  1         1.1320256862619476
1278.62529177374     -5946.636434337228   1         0.9430310499484359
30.84498412517602    -198.58466331312806  1         0.25487105932637855
6437.0500650064205   2900.633940863496    1         0.4287327460797279
5202.903644017839    -1358.4121392616394  1         0.7513085708572736
9230.478517302305    -1971.5265931357908  1         1.1366661497637913
7614.56582720161     1136.361651927985    1         0.8493137906358037
6643.602241657679    6368.7167310729155   1         0.44024515646468887
352.1480613909959    -10346.720515763182  1         0.16804623701734886
5360.6259588106295   -5907.787228869244   1         27.590603829581305
-7251.592304731305   -2808.5783515127896  1         0.7178313026615211
-3848.4595262146036  -526.7441925956448   1         0.31853725476026784
-7626.432666783851   269.7535542108135    1         1.2168921503841856
5854.34377461031     -191.28914696440887  1         0.8156642577702351
-4462.168080191376   -4228.778235853657   1         0.42214228573518975
7083.932095007476    -7202.350301955005   1         28.564587142506007
5314.217102238069    3213.1247726907377   1         10.681622416036154
6386.940094841255    -2148.3104869516974  1         0.5536561835835221
5568.925611098763    -9785.161150384001   1         23.374269080649103
-6614.447979772126   -5372.579041381714   1         46.5775613442144
332.2883299382047    -4324.317648366692   1         0.10554541273039038
1246.873247384305    -3222.490407291471   1         0.40874745216736785
-8911.73384383576    3779.116154540809    1         0.962035726451968
-4324.998880099839   1709.1977218247873   1         0.7841048519155843
-13023.348267626086  13146.164986409673   1         0.3971320166679837
-9309.267267675417   1273.2500556088391   1         16.35467358055893
1814.3998795151654   -4864.831206331536   1         0.307227651454853
-1165.417251915266   10827.117157542256   1         0.9094921681790084
10.909831554174161   -14924.8774998622    1         0.4231438044684357
-7946.5770754865725  -1373.2127141100154  1         1.1842152368389793
-8306.619780158902   -6305.691776292908   1         25.17501045944793
-3342.2475200994572  -2753.0368652771544  1         2.4598381471397284
-9492.013572550768   1600.6625375409212   1         45.93096214337307
2613.636778994667    -8208.151883292096   1         0.8983120553644937
7512.588112368879    5894.924339770609    1         0.417120053828818
1041.9187714348388   7265.051417725282    1         1.0297678917191526
593.4785810246867    -7587.4952558251025  1         0.42724616895134027
1404.8486124612602   557.5095040364424    1         0.4166553442952362
7742.897721179316    -521.9801433913365   1         1.1449440932979602
217.8261669586764    -1094.8950656208378  1         0.7607201020949528
5724.985759543549    -1873.2532922164885  1         0.15160358802423896
-2152.769266222658   3204.9003035631868   1         4.980729292956172
-3173.019255770992   -658.7988491715683   1         0.7997844196004205
-4544.128059376108   6126.019333557314    1         17.75220713405053
-208.78230600229386  6487.704584471172    1         1.2441113890264606
258.7753204108481    -7472.952691242716   1         0.39520799148328145
-3047.1351626931205  9871.318588159607    1         0.15465643258857834
4804.17499593641     6527.904378602212    1         0.4896148260076769
2209.2192411272463   10438.359754290821   1         0.5834139155730484
3111.4592268526894   1397.848308694799    1         0.5149499917053368
2038.6232021335106   9061.283260550043    1         0.4514464619515547
2155.2354961424317   5198.774869083489    1         0.3307295243267181
8776.36770823257     645.341850786638     1         1.1468413679960203
5382.674525063923    -5200.644099628006   1         0.6910697756927833
9082.962131488228    -2253.7156090175113  1         0.8985574119858634
-8283.819687073194   3075.54030142414     1         1.093569483490754
-2385.1397542449217  312.2478119315891    1         18.578539038426513
2886.5348488209497   -5997.655366918369   1         0.1423433920533005
1680.8095773042144   -3660.173622383909   1         1.2417048860196298
-6543.580304297525   5941.123160294131    1         0.2986641309506013
993.8050333123746    -4985.294141410389   1         1.2062626934969838
93.6743319690295     1837.852290550894    1         0.5726156595256637
3891.5734555477384   -832.5622132448897   1         0.7074788362113354
3552.376501552988    387.149102957774     1         20.140089040595832
2704.658576950155    -341.30785081165135  1         0.8901210491312905
2762.498741361134    -6084.42929053189    1         0.5806547671951502
2820.1378522601863   -182.30994128549094  1         0.633797745941506
-9155.12965739965    1915.0104520189868   1         0.14616579919643286
-13535.20198423683   8820.287033700031    1         24.37222436122677
7716.690403166779    -3238.882977070668   1         0.7316983143660841
1920.483925531517    9223.872809749031    1         0.25857818084254264
5489.8204358424955   42.14301796122448    1         0.8809434233048045
5268.2576720810985   6439.819936193327    1         0.10083834525156338
3721.059833465061    -8913.663044398125   1         32.48644886128546
-2913.640604088321   6226.264778301665    1         21.52080875793467
