trucks_count 3
drones_count 3
customers 21
depot 0.0 0.0
Coordinate X         Coordinate Y         Dronable Demand
7712.577888120198    3588.510010993282    1         0.6883970592817893
6775.856578415978    -3988.387829298832   1         21.175414685305817
3233.289736022284    9448.811711917419    1         21.0636984935238
5095.780851502598    -7418.271074947612   1         0.4521275284316527
5550.71542002658     1095.3201662208676   1         0.22853124967550673
-6193.722006152983   4511.73961410933     1         0.5507999659631275
-2392.5523425091887  -6946.944019608443   1         1.229958997558255
-9505.823179798876   2719.9070978792397   1         0.997193423363482
-2359.356670374812   -8753.680427155996   1         1.2018183590513676
-2441.1044949868246  -6751.714403469364   1         25.02873820257027
4530.66232052823     3212.9890221155547   1         0.287838656250578
2602.078847084757    -9313.529024167814   1         24.221430020922018
-8009.867011980855   1973.7535150659414   1         1.1886981569679957
-7002.699235283006   3198.120475015315    1         1.2041848213072255
4704.8058378208625   9871.128695546944    1         0.9342565226130368
1740.6416267115023   -5187.161826413315   1         0.8997415684536122
31.762514907801776   -5082.477093894314   1         0.5866113400390345
-249.46950983335458  -5871.398006197765   1         1.054630241612314
-2495.425694488337   -6502.017174007486   1         0.8516430098745015
-3001.035262853461   -3129.0170998670783  1         0.37900673007138885
4288.481559042212    -1154.2156404388847  1         0.9974907853474625
