trucks_count 5
drones_count 3
customers 78
depot 0.0 0.0
Coordinate X         Coordinate Y         Dronable Demand
8937.503273972561    1212.8101021550542   1         35.13973552549341
988.6605208771061    -8385.372882801279   1         1.2229029676732273
5116.000172111316    -8863.571684875647   1         1.1635198623585117
-4473.202132018185   7957.809570593045    1         0.8746476221947814
-4647.295248410404   -4178.244198787852   1         33.73349160064872
7770.50424463934     6026.6812559392365   1         0.18298660936307654
8839.016562836036    -403.3698714023746   1         1.064632863934768
-11983.241379192184  -12101.138420277934  1         21.67264010060887
2065.6360240023373   -7266.354206984123   1         0.6517365419265254
-513.4936658616119   -1702.7592463386588  1         0.43061777346588814
7136.232267694987    -6199.664353947184   1         0.49122330947217163
4469.558718735696    -9768.592227171732   1         0.2619257641324134
-8371.587331228073   1962.3977680787864   1         0.24067020626297086
2349.3966970240353   7840.747266067489    1         1.0246560867886583
2139.8429618494715   -7416.560405015413   1         0.9613704495632668
6874.036432361319    -3440.0226572346996  1         0.2979818238241415
-4974.069065252241   -2009.1036576290733  1         1.0820279628713072
-7912.767384094617   6151.275265583254    1         0.12206114591944109
5204.015503461545    -8364.290790286223   1         0.42671781320580193
2093.653782896178    2367.3068392946116   1         0.617303755150407
1087.608950013271    5938.70526079878     1         0.6510837056709019
4153.650903757477    -4894.307936016373   1         0.8719940511366342
-136.24457300802825  1971.0128842008155   1         13.131289879846696
6452.441596835313    5831.2912860713805   1         0.5211472200672462
-659.9065445650186   7237.613050382511    1         0.3389404736080243
2911.9596161789973   -8275.190907748198   1         0.5337046753526125
2814.1226070192224   -286.44912165524227  1         0.8819816873924102
2673.6307168925      9546.12205211787     1         46.70659675198659
-3730.126654950244   5857.466354932731    1         0.6181668825474468
4309.338615081166    2971.877388804155    1         1.043661910272332
3389.9060085230612   10196.81285833136    1         0.5809801799048214
-891.3156718016903   -9066.402996259607   1         0.3450721054556059
-5509.116868845734   -7242.873250874047   1         0.9799018573789099
1433.9957038951607   -3562.136364315144   1         1.1560457861411078
-397.1290960084912   -5460.901008705503   1         1.205819248140347
608.322083010169     -9249.167677976096   1         0.137130148946985
-6004.8193583861075  286.0316480080845    1         0.10609853112492923
-7736.193905861701   -2160.3066661941975  1         1.213068801831221
10237.70941129828    1419.230166418477    1         40.43491324625499
2209.964814257146    1507.6126476499358   1         18.830400581197736
4270.508449082903    -326.12915985401344  1         0.5387229160267223
-3960.6783038006943  -7286.382090117627   1         36.0893010593718
1110.9271236728532   5402.4662903945855   1         1.1423760149567197
9599.551066152571    3889.6864578314626   1         0.9914357786653389
-4832.014835318734   10103.951635296698   1         0.13915464256496857
-5423.332429218534   2180.7629261150287   1         0.6011525141645268
-6744.665329579953   -1201.1927014742273  1         0.7876456271939515
-3229.7820909518045  207.08777453337936   1         1.0476385259802
-6642.881672242196   -1016.1038255012403  1         20.85219906875001
-5873.259156371091   -76.5389530317238    1         0.7591771266567885
7891.34236701422     -2674.291177259536   1         0.9601857287478721
2929.2783831483957   5584.567122963516    1         0.41565940032899806
3270.468885990328    8495.950715358244    1         0.8179706249315988
301.354074170737     6507.059073142152    1         28.573177380091916
4976.913213214894    3159.8720722435205   1         1.0988895008722528
75.52680487631208    -6975.448060294476   1         0.1391783173348405
-5956.411787185988   4224.863433356048    1         1.0437353608529945
7529.345207353893    1542.6193047335541   1         1.0243361218984004
-386.311125035265    -2974.6592321494295  1         0.15771576131116422
7683.266558475841    235.6851196137335    1         0.8939459715641023
-2747.5246673703873  3491.586193430369    1         0.3685473598636849
3042.094728504256    7329.357772579347    1         0.34241293325728966
-1256.7123378742272  174.73929117525614   1         1.156840288701797
-478.38566778715983  8436.623569823203    1         0.8819809585849665
2619.198452951625    9970.900214714331    1         40.99656492880886
7058.737410836127    -3472.027022111144   1         0.914456852409851
-4583.729951095257   37.45944781325327    1         0.20219152307765847
12487.919187774953   9092.449917635748    1         1.0626577049878472
-764.1263509309597   -3136.1657344231376  1         0.8837475167378966
7056.12495457201     -1287.9334394197056  1         0.948119368160381
367.82905810523135   3550.543185775478    1         0.7859567952255536
6120.6821544669665   -778.7306655049874   1         0.4278757109340947
-3671.8536705191036  -3681.729007844684   1         31.12946414776573
619.7472363315704    -1728.653295241837   1         10.054283807079724
-4081.5738810518715  2835.8624562678137   1         0.5211113406790996
1087.7577155275872   -6059.042645129182   1         0.5715543755266537
-10937.909524147202  3783.242538654804    1         0.4443616937167677
-1456.146097498946   -6502.734863041608   1         0.46464577062827517
