trucks_count 5
drones_count 4
customers 68
depot 0.0 0.0
Coordinate X         Coordinate Y         Dronable Demand
-2354.04954172881    -2087.109732921968   1         0.9131103657626907
4291.670595585238    -3700.6825841707328  1         0.28148987081762894
-2885.2437095091905  204.59646428485186   1         0.4504737817096689
3205.14112882858     -1381.567361676895   1         7.21488506633194
3715.268475159497    -3700.1701547465213  1         0.2054203460373577
2208.9511524121945   -3140.9400086818687  1         0.2895783446255831
-1697.7773636195393  -1563.0073035059077  1         44.28985588621389
3239.143072757254    3622.3663280401634   1         0.992543091259087
-4817.637750626154   -636.6539491676375   1         0.983281045643082
-3348.5368463487566  -2719.7529918508444  1         0.683907689034617
4022.552302686677    -2691.53545340467    1         0.49134106045026305
2987.6967891471677   -3972.3727190392588  1         0.7042620959799144
2206.45573422803     -1571.2585551764575  1         1.1545922253143999
2364.9468818926007   -4024.576119330752   1         0.2118477981715699
4184.430601064817    346.28946006315977   1         0.14165122415705209
-4145.678976056456   74.86792130913561    1         0.5694497700909951
-3558.9109557471293  -1002.4794293486506  1         0.6250413634886417
4171.175529819369    3583.141791401285    1         29.62586547148376
4382.970337258222    450.7725089764916    1         0.6680925568197406
-3763.5084288583394  4101.585299234082    1         0.996637243272263
3855.1646871839826   -4147.537762969108   1         3.371182526436081
-3753.578235432946   -3363.9110959977775  1         9.077697207185675
-1159.3477816526647  3533.267562349257    1         43.18183521991493
79.95055719493351    1680.164788266166    1         47.179064660940845
-1627.4944732484287  1914.9353790504726   1         0.49303002184668154
-4268.812588674148   -2289.9414148369087  1         16.51381541292976
-4001.349395201549   2502.6472154322037   1         0.32931643978486036
4054.8062041741105   4244.303346620274    1         0.36785401569917575
-713.529294014011    4740.621500654272    1         0.24225992512554761
4931.561215520342    871.273722486676     1         0.32865206543545966
-1114.1703535737702  912.802300047979     1         0.11369379221962024
-1026.0977164691712  -1026.973553391759   1         44.51407887814132
1996.4183865400735   -2191.615486810143   1         0.511563868977715
1145.7139057363077   3615.344408203338    1         46.90419260957633
-3413.043546630608   4737.134020613097    1         36.879167601235935
-2411.834166672623   -4582.7011564842605  1         43.2889610166934
4375.946771099302    -4300.360164541106   1         1.005205739998634
3939.0433669298504   -2770.4524896428243  1         0.4323352976925021
1892.011764161825    3672.4088755179537   1         0.16879723420617204
3165.057083648082    601.2904492461466    1         1.0697921598436566
570.5948579440054    4109.875707266376    1         1.171963099764162
-1630.6379970446844  -298.7540161508434   1         0.7551522109683165
3104.3523142929735   -2464.1073706051566  1         0.9780459770254515
671.265668240309     -1431.1310244567371  1         11.74846869783209
3272.8962330498994   851.1195197681383    1         5.4028357343757545
-3722.4448529430174  -212.00708114517445  1         0.1775083190590171
-2391.7187790325574  2864.4996710547957   1         0.20705824692125527
-4996.4303115454995  -4966.767984439247   1         1.130132373965449
215.984843186597     1132.9852242432598   1         0.4409794138665104
-4970.494039824906   -3592.0019429016534  1         0.5503862051173496
-4768.7957157698565  124.9254283778357    1         0.5757184568947308
-3360.611884128346   -3210.602389457278   1         1.0214230243436373
697.5605335935084    738.857274362116     1         0.4064217666912704
-4485.697291410684   575.5978095191671    1         0.16794641225154103
3091.969117219727    -2028.1419442278554  1         0.9784289956743231
-2859.254908098618   4005.9508017172147   1         0.43703934990561777
2766.1028222644654   -4305.150352453848   1         0.93093793388915
1109.780355508077    -836.5028388535974   1         0.36442859057670074
986.5179777440617    1801.0234870972536   1         0.6005207225559829
-1670.1752080510137  4981.886292981947    1         0.22178255307591715
-523.3813738695302   -4469.458195801463   1         0.25764808914956727
439.81294164649967   2658.3524996681595   1         0.35568485725413745
-3337.2111751418042  2707.58869936909     1         34.47719118532947
-2745.834927827953   -3817.796173968209   1         0.6109486267602791
-1343.4258333137727  4621.725124297951    1         0.6333111998852908
3222.0516582168902   -2029.1466181348812  1         0.4023295115168827
-1237.3832432722952  4213.274412322075    1         0.290164222567857
1211.2117842275552   -2589.735474367233   1         0.8288828976885657
