trucks_count 4
drones_count 3
customers 52
depot 0.0 0.0
Coordinate X         Coordinate Y         Dronable Demand
10210.008942361004   -2549.6033167612427  1         0.45865157552926605
-6701.889108638123   1973.9472512075677   1         1.1131580942137247
9777.47030652134     -1272.6630883779499  1         0.4230782212518127
9229.49122454073     3866.085129302138    1         0.7949683798635011
2860.568365673112    5018.044174605977    1         0.8838882158899654
7944.331307695854    -4840.861260343602   1         4.187315544351124
-7537.479126953851   -5409.89582758671    1         0.3533557579720009
-175.08539670408433  -1777.5714617519764  1         1.0395261013572756
10343.308125974332   -164.61869261317295  1         3.054866133146522
-5808.916833301786   6166.689747180452    1         13.466848643773627
866.067706311133     10674.60156843842    1         0.6325042149624451
5540.475562717864    7558.602235866797    1         1.2243496799370448
6921.848557611508    -1679.3054203133017  1         0.6866187062808357
-188.85780732071544  1057.1978350105874   1         12.767783568297686
-7037.052891120196   -1803.6344988183516  1         2.071450028295541
-2491.4246828621453  -7326.292414314772   1         0.13880637568253115
8422.247865126345    7062.652406887035    1         46.02764787143965
5395.9271912775885   -2031.1035556691602  1         0.3469186339247927
6235.142711416133    -8855.689199986658   1         0.8085398574696154
8049.066072840591    6497.353806798986    1         0.22998242476574865
9556.117754052642    -623.8485036000662   1         0.2587163285352213
7968.312145856904    -9354.224095954176   1         6.87362305008311
-4567.488135850684   -10979.260050964902  1         16.405914581935882
8142.244808582825    -6317.776577174699   1         0.2490561385632972
6584.861835500536    -5474.8587882873035  1         40.45476340374265
-3448.9210373649767  4927.605888157548    1         0.192187029999018
-4142.789875760625   1720.5261935545204   1         0.7378549779969912
697.305510037264     -7405.883143810031   1         0.9209514854446164
6139.553339089171    -73.1708044528851    1         32.40848124380753
6750.649241083593    5199.847271356825    1         36.31434887751732
3831.2341203390306   9647.267714185684    1         1.0544799874922117
-7349.948638993975   5542.873547304763    1         0.9591167605049233
1777.108092763208    5243.739641564291    1         24.67734389657048
-9796.147823800136   2250.5871557650826   1         37.524862660496744
4688.211824374674    471.14243591579907   1         0.29051035712855233
6062.433161170542    -3389.5339804986156  1         0.35597921515064057
3016.1585627884633   8511.597322137564    1         0.16312480356823095
5203.097805112693    2047.8448627789155   1         0.3203292504250719
6491.536826859705    -701.5495761115494   1         0.9281176181788422
8037.8384465660565   667.258399615941     1         0.32899976020322
6239.791346081242    -2412.8920014312166  1         1.1881604835674704
-173.7973806274913   1576.911468600305    1         0.9150076917537909
-2848.245667673295   64.5462449054789     1         0.2726815786408039
-3585.380598208635   515.3697334363667    1         0.11475052559375787
-5087.290798871245   -8036.634807799186   1         0.3238495038807991
-789.0318182167722   -10370.931020741244  1         0.9569646405241781
-4423.815661897496   -1484.439843774854   1         0.8141663641339468
1317.0344763074197   -9933.061720322688   1         0.3976484506603485
-8126.599538323619   7327.944907997128    1         0.8808699694484667
6663.034333374292    -2459.1104059564427  1         1.192563114146489
-1840.559414347404   -3541.729047655183   1         0.5731499224426175
1955.5995071716761   9526.21910473026     1         1.2426968158917484
