trucks_count 5
drones_count 3
customers 76
depot 0.0 0.0
Coordinate X         Coordinate Y         Dronable Demand
10437.546545107287   1657.357810853519    1         0.7156727081964926
-2068.1165097369003  -8829.12503040474    1         1.1025003543566327
-4969.58624214455    -8989.28488409624    1         0.42227217285085783
-3204.325200311636   -10321.352221874216  1         1.687342090496635
-2424.11037729256    -9994.589412585034   1         21.247666771691073
-1814.3459197035352  3789.333216437746    1         0.10733325462900588
-5941.97377694999    -6045.994587664905   1         0.6995535738126321
-3514.9602145770427  1599.9295781031772   1         0.8450262093960887
4211.1346932508      8253.184297923615    1         0.6466765657816477
3546.0579185619554   9976.25016419577     1         0.5902911205612288
2000.58581894477     2227.085114549094    1         0.28754571372136417
-9201.114521612113   -1655.5838520084308  1         0.5285217467724928
-3571.4055753111434  2776.4064058720205   1         0.7717285718099838
11447.780772074564   -9496.555080111611   1         0.772831488092575
3544.5540163940104   1926.7107011863006   1         40.33616377250856
-248.22892394574592  4104.384311290971    1         1.635313872319782
3977.891894095746    -4211.0354298447455  1         1.063054264020149
7516.6508265404045   6767.934803090149    1         0.7195023470370835
3978.9987082792886   3608.729805140351    1         0.5705911197855956
7459.9169462803775   -1347.9783788921945  1         37.28557768959345
7156.58975791499     4744.21898065333     1         1.0274986111854323
9870.532248452597    -2910.4997431582524  1         1.126248867673998
1099.0797531748888   -963.0737320707452   1         30.704659889304672
5975.603649836512    -8584.298555930118   1         0.639427047531575
-3487.045412688565   -2419.0783038363584  1         1.1687427618824031
-4601.904199582258   -4958.5815583753965  1         0.7756002961866034
-982.9809858709114   -8412.08949943358    1         0.12129088240039647
11263.446104066652   5525.839574899006    1         0.6003052974016431
-2557.9587777782835  6861.943560580521    1         20.87093932113983
1926.6361195481934   5381.592443326393    1         1.0420418194742505
3610.9839557922446   923.4582205557571    1         0.4004664058193316
-229.4526622820796   -1759.631109572822   1         10.046010594758428
-1042.4064636308713  -6629.7993312455865  1         0.9168112077367864
-112.17343234532292  9804.554359792024    1         0.1608798894265634
8941.394626237425    -6005.297068501948   1         0.3931739070301179
4496.555388208652    8548.565204541927    1         0.6467440443434986
-8724.18771063607    9765.1025901083      1         0.4858893766775708
5232.042519955653    -2954.912800485947   1         0.6823760560083495
-4146.1123623415215  -6655.646882041229   1         0.43568971060108275
-3904.3890982685834  2396.2265634992764   1         0.23526698335154167
-8995.24040029583    -1424.5927133218827  1         0.5528765103138654
9225.168868951538    -1498.2549618861162  1         0.5372827872785079
-4080.5557787941298  -1214.8228642121796  1         17.97605939757557
-3000.2506327098736  7548.10195181355     1         0.33642332371782924
-5972.423424176983   11112.503947415547   1         0.909728408752255
-1301.3434441900176  6901.575020166559    1         25.32889957320601
-4859.158795252431   -2424.4332189434235  1         1.1285687145416567
-6829.01108018268    -3864.2670062311417  1         0.780043712128865
-4121.190143260471   5940.512720940396    1         0.40120744784611917
8650.991845901955    2448.898598657126    1         0.5762907221426837
-3139.2877057726473  -9349.90129321188    1         0.7304998845827176
-6550.027700175231   -3704.271225568685   1         0.20562864429141064
-2904.8931642668076  2368.569264080277    1         1.1392549475544222
-2377.0005283244304  1343.5034465044419   1         0.8314441676341402
-1186.8988914656034  -1638.1156276680276  1         0.6435151044295421
-809.7084873782336   -4249.035567279493   1         0.554382868461548
604.3790793849246    -4460.873243095706   1         27.75930513957638
-5044.774503836552   6443.025339703083    1         0.7561250233552949
4349.333774924269    2914.6861600131483   1         1.2188408959517085
9574.124203411691    -4926.971133636203   1         0.4005046307165352
8317.99866389258     1201.4562889128604   1         0.7887793245886122
-8457.558668110394   -4777.54096223002    1         0.8430975793394455
5502.905560931349    -7202.404747172323   1         39.531462612203384
-6341.484007219412   5991.9322979713515   1         0.4054095479710421
3442.0256352060883   -5091.204230394723   1         44.023565275253205
-9612.560382553025   -2373.4223657562325  1         36.01084360887682
-8515.38358069662    243.3956678606344    1         22.943185839758133
3664.6486327446364   6835.386335079183    1         20.338449256171724
-4217.476410110694   -2416.584028250738   1         1.8101506097792788
5765.919587338447    9323.369671712322    1         1.0794546404685812
10136.447105079633   663.5238327194304    1         22.691280783215955
9289.687782891964    5547.696033421472    1         0.8207428373376604
-897.6479321358186   2673.2454766174646   1         1.1822667102457503
-8815.784992439685   -325.74631638925365  1         0.8916040570598295
8556.051662280825    -358.0127308650785   1         20.007265025929744
-107.74235256976371  -10390.009796714185  1         0.18560754213862538
