trucks_count 3
drones_count 3
customers 20
depot 0.0 0.0
Coordinate X         Coordinate Y         Dronable Demand
3551.1567470681384   -3981.7044875531556  1         29.26905144653065
-7558.562906937925   -940.3154604772672   1         40.40594910125693
763.2627357695255    4273.981042249323    1         29.0599890532327
1924.3651624387064   7640.1540680648495   1         0.4048864168282277
-6874.390128119913   -1601.0007779531466  1         1.1244492466457816
-3304.665821579628   -9074.625326253326   1         1.0559463981967225
-871.9129410348015   -4677.723616263387   1         0.5286819469201758
-1347.7396444822675  7491.3845231089235   1         38.74943188547168
-5505.633904365216   -7456.700948410376   1         16.35516746993199
5708.9551807883145   7239.806144412436    1         0.6828864982815731
-6252.936514525165   1438.5781344013676   1         1.2460903884819061
-1929.323116358308   3627.6463074823687   1         1.159764357535183
7462.120661166453    3533.7657264725876   1         19.141826618517157
-3080.5840673057896  -6066.98300131227    1         36.672550090055815
643.3772837421486    600.2873219715435    1         31.98646203151506
-3630.8969644619506  3206.981662972029    1         0.2309358177553934
1554.3764803672457   2751.824233789099    1         0.16011411172867576
-1328.211478856043   3325.3215910123877   1         0.31906107898572794
2625.6268493338453   -2428.943595489276   1         1.1453066349792107
513.4839846552641    3682.5031008728492   1         0.5814997438082635
