trucks_count 3
drones_count 5
customers 56
depot 0.0 0.0
Coordinate X         Coordinate Y         Dronable Demand
4176.120445890462    -7154.669133196737   1         0.8009019496017382
2783.621510575616    6595.538544755482    1         0.907069813293904
3916.5204648138188   -1966.1793593344573  1         0.5441220367502937
8642.279769900868    4793.851464476605    1         31.599024297192848
-6143.585210932869   8456.54344220443     1         3.889411628403863
-1290.9729584095574  4154.932351791539    1         0.8544031453107007
-6561.268368279277   -1664.6749063340633  1         0.41269561872991567
-478.4415239029913   -4140.1410035014815  1         1.0474799625057176
-5167.8978961698485  -2633.608303616451   1         35.13062554641973
4234.717331799336    -8042.06570317444    1         0.9713090284403739
-4943.854935022982   -5927.236301144224   1         0.7803513480633855
4079.1981099564823   -5457.473241403429   1         0.17675705028100452
6501.751557808323    3156.858066968775    1         0.6961072250865822
-6597.288420134755   -2350.3123204536505  1         1.0845175659004775
4842.771249637518    2545.7712398907906   1         0.5125828978240322
-4953.030717125321   5265.8680716809495   1         0.43482629778980886
6038.535582452452    8209.831375568589    1         12.65510186015007
-2308.1127674537865  4231.964533761216    1         0.8015282141923844
671.70050466826      2240.7066502583484   1         0.7946415268161157
-6112.8949835130925  1055.00093240831     1         0.7910542337362635
-1340.1239824588204  -5139.571403662048   1         0.9862969843528098
8311.839606334059    2417.001866762768    1         0.8932491195201743
-4029.117959345623   4285.18460865655     1         0.9318829684038268
-1473.8476776358018  -8609.487058624287   1         33.69622126469522
-4292.367818687348   -891.5484318071327   1         0.7981798845284981
-4352.099566050233   8811.29906904613     1         0.44511251198639823
-6139.514000343699   8318.433925160949    1         41.51350048970321
-8650.20779424386    -1959.5637224286581  1         0.491172839556943
-5160.917656639216   -8287.015319327224   1         0.5167912353775802
7159.090941171776    -2771.0928164400607  1         0.8595655795193846
6746.529074998853    1214.786648956245    1         0.7374488533202924
2774.3212423805658   2999.546685303896    1         0.5336911571182945
-5524.189808949271   6547.073519939447    1         0.9548337337479967
-4593.506378432067   1061.3517086251143   1         0.9571147814982405
-9113.5636333932     7527.129167987361    1         0.8590731830203306
-983.1560496490049   933.6202225819143    1         1.1478192510676224
8200.667932544624    63.12646969308088    1         1.212864669653408
1870.4969873942819   6970.734191650392    1         0.41953435952615126
-3702.9252281679537  -1994.2787873340403  1         0.5346546122801539
907.0416627732884    -1202.8122367440483  1         0.632444858807178
1921.066649239337    -7067.735328000147   1         0.128808611141981
-7943.592591764148   9499.451721366138    1         43.285782550289355
4994.551801831089    272.6316126316772    1         1.0263485402436896
-4653.57190430319    5321.016995904734    1         0.6965219288039873
1150.4765963980515   -9028.455109394454   1         28.27676255839179
3346.5799277346687   3392.5239982180865   1         1.2114851500217212
4081.231837743542    -3561.769858159206   1         0.5133775788954114
8480.661228114699    6177.658456826523    1         0.1410463318947807
4404.218534416138    6673.676607893051    1         0.4096471375642954
3602.190469276482    -5766.1860923961085  1         17.062075790534415
-2751.0409497929422  4571.276161513635    1         0.6164118241455343
8427.525934781826    -6091.766436801222   1         0.2522262861745677
-731.0364008227729   5407.699977696431    1         0.22847758051560393
-4711.146063323498   -7927.489282298496   1         0.3512965148912224
6628.962116460785    8787.224144125463    1         1.2106556657995209
-3214.724360548246   3621.355278710992    1         20.334474252434013
