trucks_count 5
drones_count 4
customers 69
depot 0.0 0.0
Coordinate X         Coordinate Y         Dronable Demand
5514.870656784298    8217.181282474166    1         0.8145883949453575
3198.362979584387    4766.948465194542    1         21.58704463330758
-7236.552843492896   -1806.595757591587   1         0.15178676723310747
4635.706715405799    3568.453240911387    1         19.75845961356819
2112.5259253757667   -5204.378438390934   1         0.33469302091763575
-4639.625854915881   -6178.9687003341405  1         0.38479365314303415
-6662.821220996221   7844.658233133985    1         0.5906143587905589
-4375.738102153498   5816.065690410952    1         0.6960702244155978
-6584.6727791504945  -1033.1645168936254  1         0.42300694905473957
-3496.0376820263496  -5714.509000546969   1         28.161217929652874
-1201.8025062441134  -8237.05666030859    1         1.0983377531251475
-2298.3998295797296  10102.190708845055   1         30.95606665247689
5693.996884550052    8688.41185363884     1         39.01100032115991
-6000.022152668681   247.67744054316813   1         0.6285997038360291
7925.564867506547    632.1942711521772    1         2.2029979111047324
-5605.935939512583   -4377.513294312085   1         28.019888422590274
-8638.068184048927   -5949.802263885359   1         0.9728856671915719
-7335.285064607346   4340.89194976343     1         0.45324406376829796
-4675.214602686039   6641.648945190452    1         32.65756425479766
-1611.0569351845133  7915.095686643668    1         19.121247419144577
1352.6376482902149   1739.280015841713    1         45.87608829721221
-4511.933853405686   880.747108152108     1         0.29490705051038146
-9167.486294293562   3910.1243999505764   1         1.0562667252721853
-2161.3081202337758  -4565.681669564341   1         1.2077758754038128
-972.5853918434012   6441.752570480037    1         0.40351789472500255
-1369.3766420037675  -6439.490725765918   1         1.0190827923734471
7092.557309756853    -7525.080017379534   1         1.080039319001809
8771.198874506255    1873.945939938548    1         0.5595247805103001
1545.8603344659546   -2319.0522470080814  1         14.477741505053368
-3326.8840978472135  -5738.0024541697285  1         0.2758521931953798
2214.7841158132046   1507.1795796148533   1         0.9004657195720963
-6426.437666319794   7485.093711213275    1         45.58142408365099
5543.985283374398    -7103.286092300551   1         0.19238953316412727
6590.934776639894    7837.277240656331    1         1.2251997850091954
-9550.141938025483   528.1763638315327    1         0.3463680208731129
7618.9963201943265   -7699.35287715281    1         35.5016761878868
-7149.962578657468   -4599.912260279792   1         21.721267075588806
-5735.875792842301   -7741.19697880869    1         38.687710248868164
4809.350015673486    -1177.665823577142   1         0.7658448851742982
8071.87598976645     -3263.0797968463453  1         1.18352323097185
-217.01090455902886  -6587.6289485493835  1         0.645589653638349
2167.3437138228815   -8591.580596925194   1         0.2190218213946097
759.5902147543901    3904.417118498934    1         0.7456707451058501
7775.421785123412    380.4715608632656    1         35.936278046287455
-5824.93416804782    -5321.916245794503   1         10.369973320258067
24.465561922679978   -9343.520584067577   1         0.4827754665467088
2660.851403028224    402.91552617288204   1         0.7771466891832766
5659.407989876095    -1534.9121356829276  1         0.5577390557476236
-8779.492110519428   -7311.707619906399   1         0.986030732996421
-1740.3633315879576  -10455.68284766594   1         0.9168253168258436
-2208.5418125417573  2628.497032410071    1         0.9317442950750259
-5408.179935538769   955.6892511222082    1         0.5871937096271233
3867.7646545427583   6134.709538775477    1         1.1388996431383906
5771.870546932723    1131.387492183635    1         0.4734315319702711
-8684.12652641045    -3161.816437770351   1         7.7584157104063
136.80704205274833   -3229.5453722953525  1         0.1676389740420337
3580.1287779521476   7921.249189840659    1         0.4737720555110325
7184.642978750686    -9951.076925292382   1         0.6401588425240108
-7424.307944474355   6481.361374468838    1         0.9964938447817938
2457.5710790848866   5832.893583493182    1         0.6653760248849951
-596.1193831444648   3045.859025511145    1         1.217768014754426
-5491.039018838359   -9184.12993175196    1         44.42818752403915
3046.6737509001814   -3130.9951642450333  1         32.76238082063597
-8937.216251660571   5871.870893882626    1         10.125805633163468
2876.7574101306013   7171.644297617956    1         1.2074810340772306
2159.846941413421    -7908.018979146913   1         0.738753263578814
-6799.939770900913   7446.46205500214     1         0.6793530754345545
-7964.077991214086   -6599.110553921965   1         0.8169448081509513
7101.742778930163    -1234.6521311307015  1         9.517268816208578
