trucks_count 3
drones_count 2
customers 38
depot 0.0 0.0
Coordinate X         Coordinate Y         Dronable Demand
-8674.743974244602   -1811.2833177405341  1         0.6729768704913514
-1331.927730169069   14465.427479629081   1         26.772663275306787
1672.6132017954553   3558.7563168047323   1         0.7211854394814887
10189.830921595236   -3187.5018892089756  1         1.1614088534627802
-51.02447952273361   -3651.3501585183703  1         44.96228548077522
-90.73339557071841   7401.365971500343    1         0.9318087871234306
-8779.66311863194    -3314.169404781115   1         0.9749550714401477
-7265.281571200321   3041.40472519218     1         0.9096041406266158
-4394.36727441959    -7402.6424676964025  1         0.2952611969924123
4432.598637732008    -8898.008590658916   1         1.022282066444915
-4712.428496851236   -6924.896650538837   1         37.69941755000618
-732.8117127152814   -708.4061134769612   1         26.415364772659572
-7574.523505501035   2650.2505918554234   1         0.3375852114774562
2635.123569668713    5235.720490673827    1         34.33127377765429
-2205.1204919753523  9043.418380591722    1         1.0204027906935231
-4767.651835556969   -3143.1374654889846  1         0.7091533338478403
3561.7819388038565   -10088.402567572495  1         6.230317423319968
5838.163753436477    6872.0769673425875   1         38.62234011208115
3846.0256886137686   4861.320108493328    1         0.620630887010196
8536.762498339387    4656.793332520135    1         0.14456501307996544
5697.19026044275     435.0300035628029    1         32.104520711950634
-4674.423346091873   8186.43835059728     1         0.8690729976390996
4458.753492332704    -2452.901592321494   1         0.5525737796117423
-6681.374527356509   -5490.238820533427   1         0.6912447075147689
7229.347529525315    1501.061097094967    1         39.15374572905289
6434.702733993287    -7993.823683879485   1         0.9414811830566814
-9433.652271577379   1577.165007706917    1         33.23670716338871
-4316.430223157324   9909.781538902944    1         17.1707670688479
4929.457414448394    5542.358519864239    1         1.1664821361100468
-1280.9011539286628  -6250.701201940879   1         0.5725857236559202
-4410.438648206785   1755.2673620227176   1         0.41792003999394955
-1574.8133975345283  -6813.520914270416   1         0.2921615391294763
9519.163975609545    2414.575329486034    1         0.9386693381886192
5204.784413288253    6268.93797498032     1         0.2647405165722975
2629.887809497358    5076.9068141800835   1         0.4195666464826998
2624.3161611345213   -8685.515602101304   1         0.259706060576287
307.82582476211473   -4705.287242589994   1         1.0767758640468952
3739.848751804922    -9705.530551323802   1         1.2466578546602642
