trucks_count 2
drones_count 2
customers 34
depot 0.0 0.0
Coordinate X         Coordinate Y         Dronable Demand
-9066.135747602733   -169.3385916784642   1         0.13383343877581125
3094.636035162748    -2090.1542048707875  1         0.8857395924858131
-3684.223714945067   -8005.120162068838   1         12.90384342061347
-2398.5012032457403  1959.8427371675364   1         0.9224821286380911
997.8565097704242    -6467.105947027576   1         43.37360988509822
422.3342936157159    -2967.7534160452406  1         0.45998784838485207
-8157.6469526320425  8089.04447449345     1         30.527549492162017
-2792.9076439768887  -10164.552052801475  1         0.8683327779767304
7671.749088583012    4493.329584244132    1         0.38754815785101604
299.3669108304582    7760.440376393895    1         0.7119876460152437
6490.41027994357     -3262.6055815062523  1         0.5712410181293943
62.83464575226652    1739.4858756547428   1         0.23923132293792582
4060.7390069166336   2464.8817855271222   1         0.8994662346278057
1851.1299543532682   -9068.558159685623   1         0.9053150132948496
-5009.36723711623    -6684.846820147782   1         0.666330894207716
9143.857030382698    53.554074042219455   1         16.000590595547713
-29.834637220859804  -4759.459096483868   1         0.1499737973199263
1645.7573217089678   2863.467809838333    1         1.0565045051712052
-513.2026878195655   6387.238914702242    1         0.37978304631517
-3922.232966168272   -10143.455302558083  1         7.101692116757802
-6909.96755115081    7574.629031227404    1         9.514317473427871
-7220.206302011236   9407.847904652346    1         0.8801637290554408
4649.735137924703    2665.3871269583897   1         7.306491563721052
1935.175941888387    9921.514760248898    1         0.4554392252640971
787.380626961191     -7161.168671516981   1         0.9243724336072139
-9242.628327330814   -3217.710274440189   1         14.056853402450708
6922.248402241596    6030.39800436911     1         1.055732686875777
-3639.845477580737   -2330.5193048947435  1         45.07642912780965
5820.311877650321    3638.667846337021    1         0.6854620416570781
5247.383933245371    -5456.037038239069   1         14.651404651807933
-4367.404234566927   7120.045260676672    1         0.34878569424997824
3684.03923389149     -2881.0454245678065  1         45.61127725241931
-3037.2773251412477  3154.502294586471    1         0.43979299137525296
573.550179395773     -5179.416611311866   1         1.2215952670152084
