trucks_count 2
drones_count 2
customers 24
depot 0.0 0.0
Coordinate X         Coordinate Y         Dronable Demand
5951.935800575131    2145.480161054639    1         0.5665332690381201
6308.68856755755     279.4401362245808    1         46.384484963989074
6796.38088931031     940.6973545137079    1         9.633012320649291
5232.157374737825    -7772.198362816016   1         0.9523340413514219
1033.5560682701134   3350.040559584282    1         0.25874749529035
2552.728818998822    -107.47331096330291  1         0.9004509463453794
4191.421418157679    3426.2034732466705   1         0.5167574288763126
7805.997711058691    -2134.40072647164    1         43.71666226409252
15710.088334559849   7484.745546792321    1         0.49438317598588255
6552.852690174861    -2046.1138308797802  1         0.4037253527557153
-856.7399653096592   -9696.049937599648   1         0.8320334137283022
6700.379339664001    -6943.976849624746   1         1.1073993443108197
7942.602999514102    -593.7097762732063   1         0.8551272020400704
-10925.570861698588  -3934.0088610529347  1         41.74069151329842
5895.758555740867    -3121.394534262723   1         0.8062746490816629
-2066.595697570894   17079.548906036478   1         15.818319394818586
5411.37756238541     7254.403375388598    1         0.9582497844104674
2084.8205320289135   -6988.766358454105   1         0.11502138741083441
-17367.669594891307  7078.859943384181    1         6.588827583013849
3615.5954862366816   6345.657101171518    1         0.28068338354886535
899.3815576618706    5776.096225613417    1         0.823531465029607
-8693.622694840948   1559.447839684206    1         0.3784089100158956
-676.0403415468514   1120.7817798253116   1         0.4677046437128125
4476.799460953476    9897.61593816936     1         5.145644184648542
