trucks_count 4
drones_count 4
customers 88
depot 0.0 0.0
Coordinate X         Coordinate Y         Dronable Demand
-4489.5433788831     1433.6283077147564   1         7.984525313578559
-3964.5078468589154  -5707.483597431991   1         0.2619832018954653
2313.0580341742348   -1027.3460712019437  1         0.23340591836285512
-15.695015902097197  1511.118592704228    1         0.7864288936674687
-3993.8617714691286  -826.3260877165475   1         0.5256046526168362
-5398.3467331742695  -2083.14442760307    1         0.12078077604900844
-4831.2178033421615  553.2303908192551    1         15.31234217795023
4545.748969129972    -3623.5949395151983  1         0.858437468928967
-3167.5500553094257  -4658.389922608027   1         36.86300562474795
3950.133486019995    5039.029637037154    1         3.4925586767050047
-4540.456188649284   5649.20765856212     1         0.258581446581745
3930.597963203715    2227.5573667929248   1         0.19206856745604595
6560.321165514152    -2254.0625789164787  1         0.9291583877976095
2906.5872099795324   -7462.305221597454   1         0.312670376661753
-5583.219948561319   2423.351676485928    1         13.811314558435807
-5764.94467792093    -7157.361445392556   1         0.15360050470213074
-2985.7427093682686  6359.831519833044    1         0.6399507009627099
6602.609173283592    4080.373417911919    1         24.69553173321153
3231.4489332661283   -1043.4912560205619  1         0.46607078061005813
1116.6465258702578   -6280.852892534423   1         1.1692275021051075
-5147.832433373441   3010.046462566737    1         0.38169153378821186
4260.176924084977    4389.5439229157755   1         0.44534018821457366
-3486.7903168573994  7480.015210022103    1         0.4778119089651942
3802.3653406704675   2412.2794195755364   1         0.44829628444213965
-1075.5477019141977  -3861.5330472222877  1         0.41896516809794515
2304.987763127824    -925.0574089741392   1         0.9213224766435227
-5284.617140602479   -3822.6694369663087  1         0.6312726299975421
1642.0853135611733   -1855.3394234429552  1         0.13579534989513065
3331.08057500878     7294.1724087723505   1         0.35717568252176524
-1205.4125797229162  7559.601372813399    1         0.8701940423508314
2466.5340762132273   422.7194311109015    1         0.5021915136469455
-813.5161821162194   -3241.602803595033   1         0.9676253743931275
7276.748108203071    6165.678567739602    1         0.45646560158682736
-5534.077393550956   7549.089387621456    1         0.8847231524790353
-4691.136302264162   242.6008477884344    1         0.6733853213743907
3599.8376116165414   1283.6142809397763   1         0.2682155412664988
1385.8831267797107   6995.482161894451    1         23.266574294347194
5879.076171588516    -3559.191146779608   1         0.5912091880001844
4106.681450444992    1762.2663061635005   1         0.7394622002275111
6942.987586194915    -3467.6590373834147  1         13.765277861804636
1678.4310011247835   -1063.4762212023934  1         1.245149956434692
-4108.294839014565   5398.243039832443    1         4.173448285183152
-5133.539661510855   554.5710633991465    1         0.9850382417656812
-3458.992001888154   2658.60503558903     1         1.047093086730954
-4812.110865482739   -7087.284056159379   1         13.91138808216844
3274.8483297442804   -3743.6776881781902  1         32.203458908652905
-3964.361188489755   -5547.7191341589305  1         0.12319178543734012
6122.455122835896    -6529.359479675384   1         0.11838109174447538
1684.3734079200258   684.4573638083548    1         42.659463154515024
-3199.5165062869337  5098.2329691036675   1         24.704951001888084
-2092.851004599437   -2178.5351041923914  1         0.7528296403148704
7080.663331289541    6549.273996207807    1         0.3399424796414109
-6728.076582093923   -5242.528191118532   1         0.41014411864965694
-5968.485821408259   3101.538026903515    1         0.3296398503038891
520.6356145949635    -6886.470552532676   1         20.362946530604578
3955.637653816731    -1826.3010091852334  1         0.8488382962816801
5025.152981908816    -5918.74111355948    1         0.9321956647894567
-1853.78472703173    -7004.472283382739   1         3.994567201263789
-614.5165585651923   -1826.0492385938535  1         0.3296976545656534
-6476.069656766392   -139.86283185277117  1         0.46103677796520526
6224.0716752021735   7717.770068840174    1         0.1773880009169847
5133.249531865387    -5427.923209839801   1         11.82140963330245
-1375.5725872032951  35.93714430276962    1         0.1788892410011768
2480.4865464863633   3007.994136439749    1         1.1608330756120475
1827.0797840629384   4836.777685007375    1         0.3899926384058432
-6327.862180720232   4022.108175309165    1         0.28971131873244366
-1424.9358089538055  -5576.0889281135915  1         0.2778165005062482
612.6990118387403    3079.8258161036683   1         25.25238633256272
5698.066104796857    1581.264079985389    1         0.14217457886178544
1300.087358001866    5808.903319504078    1         30.838987594073473
-5921.163262854512   -3028.547774954064   1         7.248172335949521
-5447.743335489886   -1399.5344335658556  1         1.047019453683086
2507.670877873889    -1122.8894686258297  1         0.7772168766725364
-2324.929717965839   385.17500408345853   1         0.22085517310102698
5430.936237524609    -3827.7740043990048  1         0.5478976989267739
5145.0830793829      -1571.1744694779968  1         0.8076544651022414
6996.4031498652885   2295.2242395308267   1         1.1076613895750733
-5869.821124096806   6430.003146551068    1         0.9031604831732417
4944.735049779132    6607.840249383235    1         0.11520047564046365
429.0864137168646    -3739.2327483138533  1         0.18265567998369348
-601.6287455332595   -2051.3499951000663  1         0.46261207407819527
-405.6415154067681   4900.9709314481925   1         0.31752120014908414
381.90829224133086   -1497.7497049064625  1         0.23451167879525134
-665.832445688322    -2805.5784978106403  1         0.666090751715843
-1294.9308717826636  7147.604414955174    1         0.44207323929699294
5286.51207038651     4700.951565564186    1         6.841778562202934
-5898.422715793038   -2765.0347205774533  1         0.44066959503182623
-4402.213495975325   -4565.948238134457   1         1.0983103061799948
