trucks_count 4
drones_count 5
customers 58
depot 0.0 0.0
Coordinate X         Coordinate Y         Dronable Demand
-6770.241311407725   -6747.157558896887   1         15.664051925480786
6050.834722443888    -4976.887813536428   1         30.93130334777067
-7801.799590964783   6308.927234248218    1         0.3056634848378276
7886.73403266038     5036.953369728199    1         1.1362035288387642
-11612.562719297253  -1093.894849143815   1         0.38709563872292474
1089.2592278173734   -1964.1252614974542  1         0.4742212393890005
-4554.70298067457    -4215.8626321292995  1         0.7092182927111748
-9050.744369968463   -2082.744383109704   1         20.179379485838144
-1527.062578836337   -1221.4421892996259  1         0.7802350482445544
-7873.647312379073   -1775.9488280708815  1         0.5005930784370672
-767.6596566971639   -2146.198834984327   1         0.14761114756685328
8145.32853507325     -2987.826733551747   1         0.10954132740027832
-2463.5001452246406  1097.0191676144318   1         1.149246055896117
3495.5841423427696   9081.962336316921    1         1.0865617536912044
-7189.088807178057   1180.9708145488669   1         1.1536927220217252
7818.977570268564    -271.78219274375925  1         19.0997948403637
-1112.3501365728468  5533.956215498285    1         1.1724976432130152
-804.8853378048888   -6967.405333904513   1         1.057710339741212
2728.0200876901886   -7380.350780702668   1         11.210049463447676
673.6129546449419    -10665.518594005796  1         39.12860938897935
-10481.239829508904  333.1349762645761    1         0.9673865457248526
-3015.6182633010903  8316.954417222712    1         0.5669966582187632
3773.305129671782    9230.33645684952     1         0.7208041794949962
-2325.8258308867266  -3734.2156747928825  1         0.882049556801382
-2469.473203587893   4671.056407739198    1         43.68367876961672
3775.547667733685    8362.285546823445    1         1.7771873643750418
-770.3098376274359   -10046.37644845167   1         1.05340196940369
2978.5414538198697   1495.6775588084352   1         0.5287468477570644
9532.775791229347    2024.0552877181588   1         1.0759977862653383
6893.190649538419    -7281.732786008412   1         7.360933334793544
-5692.445387748195   -5680.044361396882   1         0.9517859220161695
-2346.6890837352857  -9447.022400863998   1         0.5676230445147331
1426.811056518511    -10664.23087193226   1         0.9787923939208367
5014.816879981971    -3915.84475980002    1         0.7189305825944103
-9965.054723709933   1189.2218229662467   1         0.34704234206122786
-1101.2386853822395  9569.605145963285    1         22.83771841907235
5174.113898659133    -9128.878253478133   1         0.9129457779596366
1744.4248152038688   5337.808184499087    1         0.5485919447406619
-9804.91778442285    -3436.403743086357   1         0.7217081441447313
-7238.5251155805     7678.446580835774    1         1.173132172627571
-2036.7113714361183  3029.51949265192     1         0.31753093118767406
-3392.9661160400924  1749.2368570752828   1         0.9782227091501415
4862.183447434891    -8804.098496323086   1         0.6773128035946367
347.1255761248469    -9453.530075323633   1         0.6583058124233649
112.79890347016772   -7999.455959174468   1         1.063993487564509
6792.950577978068    -4224.182999856999   1         0.6113812455679922
5436.645695800529    6392.5092570332745   1         5.801294362957301
-7854.053951567167   -4876.182331629791   1         0.8561635242888499
-5162.587793924723   7600.033024440246    1         0.7770082628842867
-4463.07517216302    335.80630146414404   1         9.784244258818848
8581.572122081769    5638.64902442402     1         1.0909371886757453
3432.5691747598494   -4813.651485158908   1         43.485186939394886
84.46805918878216    -8125.609331936872   1         1.2280399750175068
-9570.080847985413   -508.5210179053267   1         4.651901414653432
4820.634151306723    -3003.2564536565083  1         32.13913075973356
-2006.469833803589   524.0209279358556    1         0.36858114742406
-10047.985169817115  79.8068136684236     1         0.4573724062385549
8396.701698049823    5588.218119420884    1         0.22489695211716343
