trucks_count 4
drones_count 4
customers 65
depot 0.0 0.0
Coordinate X         Coordinate Y         Dronable Demand
-4236.8931883151145  -2403.7122744824974  1         1.1170917889396372
-184.48971138578887  7291.6408833560545   1         0.5605224735706131
4616.994464672889    5871.941196590209    1         0.9323103232452815
5579.230558412346    4709.620219846291    1         0.6780242264866003
3130.1171978460056   6296.942683229093    1         0.45166424172007424
-3209.4202762566983  411.6210612178978    1         0.8713263071808294
2162.489801624995    -851.8146836877935   1         0.9610473410798278
3339.0639146532094   2577.4667686194257   1         1.202118919861645
1775.6522095269122   -7453.334604351975   1         7.773012517252581
6776.413629669505    5643.916598131747    1         0.3635414422599804
2312.512718991337    -6575.193842240687   1         0.5510861308660326
-3157.4457111614506  5043.815222778754    1         0.4823629179843415
137.64437052781614   5991.11956128334     1         0.8553711067319084
-6314.795500004283   6315.078834293169    1         0.1431517776237647
5778.90700147358     -5892.719582772356   1         0.9911386957285907
-890.2643725611456   -7193.200888299052   1         3.7145352487263423
-7226.323179370792   -1762.2403603709927  1         34.540103261995625
2111.1704063914945   6973.1276770621      1         1.0715591891248644
-90.88737784437944   4272.882908280126    1         0.9849198262776745
1497.540679037625    -7390.098284856789   1         0.6680032380032734
-2440.173938954554   223.4093669499946    1         0.22466923313741163
6432.609611717178    -4026.6331752524197  1         0.2697410898407077
7524.248138664315    7511.533399852431    1         0.5011102960684312
-5454.348076510294   2024.213013841094    1         0.7902433180087846
-2244.250502786722   2220.0741139126476   1         0.7661401133990084
-1114.5404365070715  767.9989670910564    1         0.9885438399678544
-5789.800582250925   2777.8438007187897   1         0.1277341555079583
3596.87150263416     4031.6348165550266   1         20.23964061835586
-3942.778613027205   4725.301140155464    1         0.6642894550633315
712.1518178998031    -2731.588962204056   1         5.7101540383088825
-2031.9384614637286  -5717.5144135584     1         0.5980696671184055
-4089.4859777811776  -1466.707201750068   1         0.5345865583147482
-4197.143488792161   384.0147001349183    1         1.0574769775254202
5085.825653063611    5256.481076466728    1         0.17450489585631393
858.8241357802904    -3782.3794646505735  1         0.6826453904435135
4775.548626738848    5764.736839696647    1         28.718707355222413
5213.311167570745    7015.347250626676    1         0.24261087377302168
2152.7232851689464   1047.5573458774197   1         0.11552289433936182
2098.1061952234795   345.3708488754335    1         0.8966441187521819
-3163.6459580931637  3612.275346067823    1         0.9062402760721323
-809.9195782265073   157.28908636537435   1         37.389520737933964
-5433.62259674298    4776.701878117938    1         1.1739904177680243
-6490.253004485533   2182.1289916580963   1         1.1088692850023236
4024.342322179731    1803.9072644556338   1         0.1988027270694115
-5274.707676952007   6697.577511020757    1         1.1329253328065345
3908.7739008519843   -4179.987853128063   1         0.905502796915091
3908.146897943707    3378.258773268508    1         0.30809753246471794
-2950.7939514628742  -2431.070815019686   1         1.1553809369230348
7587.465485273024    1338.0440539193023   1         1.2123177109536993
-6351.810811637794   -1133.7903359013872  1         0.51684943202905
-303.48909056835964  -1781.2386179843463  1         0.6567406064750164
-6175.740870588042   5131.126356175979    1         0.6735363792770483
829.0999790295136    -265.2176385845951   1         0.5173773315865158
-5615.361247405127   -3805.341407246529   1         0.7265407129715805
5290.3324326652155   -6689.6809689052525  1         4.871863098029515
-6732.996667552836   2174.3023635665713   1         0.17705097328734418
5900.917484754751    3399.027888430283    1         35.5729109099314
-4410.725129436551   -6773.80735402903    1         0.6078550703992484
-5021.674865901051   -7325.06226921469    1         0.8739982497354878
-6167.979017959818   -1193.9162187936224  1         0.6302148748650582
-7055.086892378198   6847.584300371508    1         0.6304932231481989
-5242.268393716961   3165.982116516691    1         0.7160522631436101
842.7988347524374    4794.148239398099    1         1.0486735645626382
-3060.3723573096768  -664.4009635281722   1         0.7184073278001694
-6328.158575184122   -6467.372362280505   1         0.17416296082090457
