trucks_count 2
drones_count 3
customers 36
depot 0.0 0.0
Coordinate X         Coordinate Y         Dronable Demand
10220.957590317837   -3067.814619914204   1         0.2945284067158234
-2693.189149878443   9462.746234843647    1         0.7118609746974125
-2501.131842201297   -7519.604695523456   1         0.6568652632632017
3486.5682704018236   -11234.831625951014  1         30.878601811661248
-3973.941278594137   3239.246439689576    1         0.3408332765129557
4988.371311301813    -2245.987500422929   1         0.3692059867650127
2472.927768908984    -7259.980753251238   1         0.501051812443516
-5998.278278713584   -6814.376204142487   1         1.1355362719717135
-9202.600349378727   1840.4248869552457   1         1.223564588634789
-2351.378725920856   -932.7657004779918   1         0.1445385726077451
8030.6238150779645   2936.248747655742    1         0.8329927065518616
-1288.9222657097325  -3700.7734132782507  1         0.16669208393771429
8831.801866857575    1943.3572766837292   1         0.7270145938460758
3284.3276531753872   2550.1432249608256   1         0.16530987425066873
5517.253959521355    228.5946679191555    1         9.916741517477183
-516.2490895371116   -5576.643146453622   1         0.21893157616947462
6829.521170494045    -6573.158484140645   1         0.39171793166195135
5091.81962096213     3414.787799539058    1         0.16070807678767557
-6546.000287662333   -6454.618627252182   1         0.8852711201730523
1776.3300895321313   -7027.003805003778   1         0.12157225825565417
-10129.985028378169  -1472.827417531532   1         0.2870534709260957
-5396.717432956579   8040.011240661262    1         0.7851847746165215
-4445.38377350017    8547.387822807817    1         0.5319566390188426
2362.4862505573983   9520.426942369355    1         0.48972257436093647
6987.289905744611    -3988.5936646816963  1         38.658902494787576
1510.098933071691    -5163.707209199677   1         0.20541703496719926
5218.864724343065    4760.8035247857815   1         0.3801271306367324
-1718.0252574104138  -6335.294350835399   1         1.0716633707517154
7222.006864939985    5452.128648425555    1         1.1155631750051733
-8281.437372806146   4441.617888474135    1         0.4082627945403061
4478.483150860401    5505.778996269759    1         0.15329683727858867
-9437.630753988722   1905.743909042534    1         0.6647682473087332
-6139.184920635919   5362.3902258773505   1         0.4046100963931969
1097.150741166122    7848.38353075659     1         0.649441042964261
-7783.64956820469    4630.661709175421    1         1.1915186999977339
9297.690446182152    -5052.975035097205   1         0.5452715651340844
