trucks_count 4
drones_count 5
customers 100
depot 0.0 0.0
Coordinate X         Coordinate Y         Dronable Demand
-3092.8163129070767  3203.8265157441615   1         0.419986459798961
2949.169181410591    3736.0309086962593   1         0.7680173168157526
-911.121712462895    -5857.185356598833   1         0.43741680295515584
-3442.4991231647887  4677.077138614111    1         0.7535632141296297
33.06996895586326    -5654.382117729847   1         1.093649514307939
3015.499466817221    5718.233602800215    1         0.44353113327257954
1607.0680759156205   2986.772464608828    1         0.11911647572503528
-3721.5913133340505  -2984.8668568627     1         36.810349607403865
3300.814019372044    2615.430121483573    1         0.2609496397256816
-3578.05964750098    -2579.9158561725053  1         18.113954214737415
2862.819347828463    -3223.6880378178157  1         0.8841997686695887
911.3034826616894    4492.96199320561     1         0.3744084082264486
794.5234837292434    -499.5365242381087   1         0.8126869177913856
1183.4112580930398   -3030.274275502828   1         0.5918413259612473
1409.485963607637    -570.305565950086    1         0.2849881126417849
2750.9887672093937   2054.4380967937377   1         0.15378906101158846
-3804.3992654505946  2288.864945570772    1         10.393767362048305
2972.381103708975    1314.1092490844048   1         0.18594753583408052
-2135.4117146228928  4631.277249083279    1         0.3042875777697062
2485.5023990988952   2794.1987384857375   1         0.39775001911913677
5390.104189037369    -1630.7300333650874  1         1.2444748429661479
-3029.570074520668   1013.637759889246    1         0.6182037214775609
-5747.233207222207   4385.283879377243    1         0.6629058334568492
-6495.363245745659   -738.706982405044    1         0.7888525021987105
-1095.7439603493576  1285.455103044278    1         1.195789786625349
145.80259466091366   2814.027674185244    1         0.8861674154032015
5629.918128652198    5817.8831465470375   1         0.11216867475876224
6595.697572996463    -5443.9566138021255  1         1.142672428234884
1317.1514535841504   4203.002425317356    1         11.353228378299425
-5717.818822693003   6605.183219786162    1         0.9520082720008303
-2810.57583099398    5329.738419293099    1         0.1485438088533862
-359.3211332823346   -1434.0155320460608  1         28.44051951916709
6207.662570276104    -6143.226570728535   1         12.604097470404325
-2675.529475066435   1369.950573412083    1         47.01679930589218
6714.241834551654    -3352.9288192073336  1         0.611969670885145
-2481.493902207777   3090.5443691222367   1         0.2786833853153393
-2249.215055716292   -772.9353063744179   1         0.6898395230140631
-4181.817050328501   -4253.349705625519   1         0.9017797452067918
4465.643014534669    -5768.948983550574   1         12.201224555763432
-2415.650312228052   6339.779207799398    1         0.7298846220739409
-5734.202720763299   6621.340959076936    1         0.8693521229251687
-5379.185838978332   4559.684601756552    1         0.446305990348267
-3286.4511684614104  6163.589263174441    1         0.2405357670898327
5908.974191612642    -5257.1476632720005  1         0.1851563894106634
-1111.79839758593    -5893.813585094039   1         0.45673153478382433
-6632.695015867656   6385.341776830806    1         44.1468052664779
-5282.423409487155   -2616.0104437640553  1         0.13293463805065792
5266.576159714499    -1963.7672191798983  1         0.18017036891861143
5387.776684199095    5604.517167958353    1         25.873131499636518
4740.669556456513    -6962.935412762384   1         1.0065802939439545
3529.950177089444    6887.7057726605035   1         44.56246689886473
-766.140085864221    -1216.3939885338768  1         0.6779979153479245
4902.147127457751    -3299.55995614309    1         30.76795773605716
-799.1908075942567   4468.213699775463    1         0.3774754154062986
-1781.417311757062   2381.5934963763884   1         0.9269233779239846
-2520.572658834064   6351.0996866935875   1         0.6324867501025858
4239.796797545339    -5654.269229874166   1         0.15619212651301
4118.94521681224     3495.75814286767     1         1.2211371380100329
-2636.434858745114   -2035.574710777792   1         0.9606600745146097
4807.42469129859     -5915.836772367612   1         0.27064139683915167
495.01616821847443   4046.8950858126886   1         18.435417134944473
4445.955481204634    -1542.5877639340608  1         0.7879885211395444
-3449.8316651439077  2636.1541539135724   1         0.8743677179633197
-4855.792619709425   5191.239445428764    1         0.38831128542100635
2618.578620658751    -6607.406206643713   1         0.1885962239506521
-5277.9060998113955  -5093.662968692218   1         1.2039019987531947
4569.7170590598125   -995.3590721860489   1         0.2614407114999011
-597.9611738700763   -1515.424114872051   1         0.3336840387083693
-4847.639069694389   3954.5604960769633   1         0.349015085928736
-1269.9487714664667  -52.02318937589436   1         1.2161737459351576
2066.869202851145    -5600.485551305114   1         1.2204528337441805
4928.745507210478    -6253.225251942931   1         0.9430498847626827
-5947.901881844122   -4392.8486418728635  1         0.8888508545615676
904.0826741235815    78.94879965689165    1         0.7810478769101836
2511.835534385419    -1197.0017737675525  1         0.7532096568265683
-4672.654857287322   1875.302376312205    1         17.426001616057878
-4853.513072471604   -2523.705956363077   1         1.1981731614615594
1259.964705044323    6639.406098108443    1         0.7512203970125589
-1340.31433186046    1680.1056393469073   1         0.6689794182591063
2535.465101439223    2484.4069225448075   1         0.8235202097730615
-6960.7183940621435  2201.809196999857    1         0.5797467320296186
6685.429412791726    5704.015161591358    1         18.5281438833602
-72.84293912147234   608.1413813516467    1         0.782089985694675
-3428.631608107603   -2989.6200006011404  1         0.5134113231497069
-5796.21796003275    4040.010082402709    1         0.30531304892207123
4896.8491405740915   4508.858451688981    1         6.544980593295719
6859.19808540401     -999.3424759946759   1         48.38230166575093
3062.559358513172    -1771.3237746998736  1         1.048909346158068
4991.040069506027    1214.9461851533324   1         1.098979682338169
-6934.028992389352   -6118.765810634211   1         36.98602155455734
1121.1843489889739   5551.301845303741    1         0.6966605133878738
470.8843506585168    -5609.550254784121   1         0.897371236387947
-2126.9395369429567  587.8171378690322    1         1.0591462726628649
-831.8029944875251   -5273.093255687005   1         15.924916987380913
5227.622365883079    -5087.469398488086   1         0.2511935418972141
6930.301267203431    3787.1336035152644   1         1.148078089571866
-5964.566469188529   -4121.389449778894   1         0.3931591824880971
5857.525102912917    -2732.5282023000045  1         0.7115396435049837
2006.2892009575098   391.2332678672956    1         1.0066754121503074
-520.9464680872244   4340.249539222449    1         0.539974371547093
