trucks_count 4
drones_count 5
customers 43
depot 0.0 0.0
Coordinate X         Coordinate Y         Dronable Demand
2560.319643774807    -337.1607700903757   1         18.655071318047575
-10294.303452765438  3140.1378808432532   1         0.6550628021007691
-9546.90161246353    1096.9977780569368   1         0.8890269220313959
-5032.523902444733   -672.106407850395    1         35.523731044157294
-1511.1182409991168  -8109.818141311889   1         0.3157213424725021
-7243.492482833295   -2326.0968123552425  1         0.8412520656534725
-5521.819321842846   3671.115173121853    1         0.9871570891068453
-5718.723256224976   -3227.9633373063593  1         0.18450133184438278
-8601.637513959471   3778.6330100321215   1         0.39746716752713684
-17727.005860227775  -3040.29186117923    1         0.8901504082976276
-1011.1238524663564  10045.822670503607   1         1.1242912589153513
-10246.466388956816  462.72806372133044   1         1.0095250656107084
4296.206258356233    -6978.929567715504   1         0.5307423624979671
1546.6241310095147   -2692.20015249964    1         26.533002005291678
-10163.33958193103   -482.7888325239971   1         1.1724327973710496
7427.100000609232    3063.1945050712184   1         0.673247798030442
6142.389321881753    -5495.881219641536   1         0.7488965009921774
1888.8427227142645   -8569.32927106974    1         0.6670103492983752
2784.9225168045086   -9268.376554315872   1         0.6542750499769313
797.8727757473912    2785.4213981949456   1         42.88635154827706
8738.101536199734    -1124.3677212723512  1         27.084262387879107
-4044.2350511403597  -6416.512704287101   1         1.0079381301209973
-864.752060271348    7308.909755618956    1         1.2475313763472524
-1225.5920892830266  -8555.64047327267    1         0.666745372014995
-4028.462569964873   -16140.93851309606   1         1.0721030165652379
-1315.1619233229503  -7178.582365280741   1         1.245508772464019
-3672.3429559699766  -539.0881394865797   1         12.031719325238365
-2460.9639719446805  -18396.572312567154  1         1.1859497523345992
2936.6192495719247   337.94992949431844   1         39.697615352011496
-7143.691312336019   -7041.94231797235    1         0.35935126700844766
-5445.0747559880965  16351.72541511208    1         0.6613965253437762
1507.5731082185746   5692.178387798502    1         0.22238817131101826
-14786.537781721125  18410.664257351127   1         35.73679114744915
-2736.7833566623376  10923.432909498639   1         30.625218815159894
3162.841380138768    3316.270437611242    1         0.9915944068138983
-5923.87739850827    -6084.125886903873   1         0.8981533458839499
-5365.935231390234   7343.770520506015    1         0.7878694574125923
9392.52230524686     28.42264945883708    1         0.2684335336275265
6452.004868787435    8173.734440160874    1         1.0695759998400487
-4139.528726295563   9955.379518815067    1         0.4771461395745259
-5497.605137379541   -5734.843024620731   1         1.194967642766618
-824.2847083871401   674.3113667551163    1         0.4202612985588777
-1523.182328205917   9855.142464582223    1         0.909612537420975
