trucks_count 2
drones_count 3
customers 24
depot 0.0 0.0
Coordinate X         Coordinate Y         Dronable Demand
-3285.544340833322   -885.5396509239644   1         0.9689649487777773
6815.345931582744    7527.869269579341    1         1.1246269119686845
1365.3642024533815   396.36355406334366   1         35.23937935821509
5257.749641773521    133.4336407514556    1         0.6310762118564335
-4485.198743808006   3457.1004197123825   1         0.8105986302517195
-1869.3810125828206  -3357.892303586206   1         0.668345056839708
7704.378172198499    4131.930720177335    1         0.9994835589660818
5921.6864178310225   612.9268032012083    1         0.2898781993920383
54.18727609036978    3659.6622512376307   1         38.425158907752326
-3386.1546382560277  257.03982946981665   1         46.40902607736948
-4145.160220465204   4162.036926905003    1         0.17310541650756767
-7201.065754100035   -3331.339372437245   1         0.3085788621743487
-1410.9742677745228  -7167.67465092479    1         48.981387160812744
3397.6546569438465   -5591.761113135352   1         34.34597833440979
366.38149083852704   5359.1265171258465   1         0.7141139412737021
-1779.1564731220133  -3809.2016892157735  1         0.3880709046377262
-7920.711381570263   -3188.1652740976533  1         0.26997901822800685
-799.8707098915085   -6163.392909775528   1         1.2048854805874316
2150.7667687164794   7774.470985800022    1         0.204764189519263
-4416.761846266213   -7056.5717326274025  1         27.209230285880267
-548.8690731907981   -1894.8519205240962  1         0.14318909810443498
5609.99723758107     -867.0440386079454   1         0.963536081349722
3295.8783545032406   -6795.798255264092   1         1.16619247891189
363.3439601161925    6751.996787444781    1         0.18679809898351854
