trucks_count 4
drones_count 5
customers 75
depot 0.0 0.0
Coordinate X         Coordinate Y         Dronable Demand
10183.723733012277   1878.691633487275    1         0.790871894359389
10714.608042201053   -151.1465992254781   1         45.682156151453725
1335.9880761619145   1217.6714001907728   1         0.9300616655790757
-12965.715571632922  -855.8597302695998   1         18.68483566233204
7127.533532942863    4143.075872471617    1         0.5369000548586214
6111.783479950696    8140.468268898103    1         0.21918150136247994
-16070.274843372832  -17075.563765957875  1         0.7123947273513185
9112.059981352397    1732.6285143192833   1         0.7536702321568207
4198.287457367821    792.9598105852594    1         48.06507011603454
-3616.719859196696   7557.672685920243    1         0.14793246415923272
1124.2228256044352   932.2744576581606    1         0.23842675015979492
-4312.118878720259   -2806.774579485392   1         1.0043906159803233
-4018.417082479344   -4152.584867049716   1         0.525539100239356
-3350.604918925436   -8444.934172077006   1         0.8331766770289946
535.0229547438797    7914.17062818537     1         0.42159092423597966
1103.5640732919271   6214.881561604218    1         37.98134194485815
-11088.861336238504  -11844.006832343242  1         18.624062523247062
-1392.4580548201739  4934.271348150671    1         0.42901584465652876
9799.467153711157    281.7373745024221    1         0.44407073083411697
-1363.5978835880671  7183.133507508905    1         0.699628919518976
-3399.364264989645   -9951.03034518039    1         37.742955981625286
5050.654071022941    -4828.656806667024   1         1.1737351065388932
5772.82092723849     -4843.2480729117115  1         21.91179724196701
-5836.450683804675   4059.426614973514    1         0.5958141812372437
-8866.232341880188   -422.7598803904814   1         0.6832861466847017
515.6063012176448    5202.183650798851    1         5.900271323749628
-1972.0328572327019  7050.743491750419    1         0.3726459546609573
-10184.059009824798  3758.47843919337     1         0.2996470213115616
8837.958986128535    -1440.1759537964872  1         0.31103102958461076
-6326.639328558854   -1438.754789333162   1         0.2510505950988457
-9504.883674739704   3700.4481961675306   1         0.807668743239386
8204.487589738055    -14315.12444073508   1         0.5874755190255112
6912.620293736704    -5984.421187199661   1         0.7522559971202367
-2457.2154469903803  8882.39250470483     1         0.1133488549810915
-498.7318077215823   3562.0315195720977   1         8.671904554967789
-2933.4086822460768  4593.915517028548    1         1.1380482533406149
-2186.860012248771   -1785.6236308734187  1         1.1833126130692782
14729.327851163795   1449.2197484790886   1         13.385308773046416
-27.85194647306849   -4792.243968216008   1         0.36706774419816657
2624.1226339136247   -5200.762045942799   1         0.9519364493726226
-2751.24399926694    -8851.689382643883   1         0.926376571075771
-5408.191221134943   6874.4725555372315   1         0.8970244128055034
1926.8909785243318   -1705.4635748801654  1         0.7224261115656536
2647.242126342553    10512.127034288074   1         0.8135330212462288
940.2813862616104    6459.642313311555    1         9.100909838360137
4035.8243003942925   130.63729661226077   1         1.2092064706637553
16151.900821193343   6613.780406888927    1         0.3903682750510028
-1965.267795349719   -7488.256358474288   1         0.7128742408062346
-1399.3570228720346  -10455.325286564816  1         1.2437417586948623
-2228.5173466865267  -179.16568681381733  1         0.6641461773302224
649.2186215287303    10268.423270614636   1         0.4538596556168011
-1675.915905716773   -5817.067785913504   1         0.5054448659489539
-421.8858659026458   2113.119270882028    1         39.6062115858536
-13120.745819753527  -8284.149853691744   1         44.742477789556425
5217.855879879975    3023.290784503961    1         14.331877146122709
1137.3683871468368   7161.494342890774    1         0.3617156963090904
9511.74495492896     -5326.570979959733   1         0.5957088074096728
6706.118171184827    -3668.9810086565903  1         1.1236595656519475
-7951.867971104506   3305.5263967236983   1         0.7070240800263685
-4622.898251545014   -6418.29301406791    1         16.310302097747968
2516.8112688281967   -1410.015175094025   1         2.3875341477352285
-2463.3394838874883  -6858.689270220578   1         0.9514197591248733
-5804.331118991874   6394.858129700284    1         0.8977001320037786
-7056.1455095326255  3286.0991235956863   1         0.6243026359756061
16761.479005533834   15932.614743518392   1         0.6910651020356248
-8799.78914771381    5617.012867185604    1         0.2185185948699624
7212.002259279813    -6421.18282671635    1         0.9921002684897843
1449.7330610163472   -3159.418633581383   1         0.8704785946779277
-8220.273365798517   -8579.338092096872   1         1.0371103087999676
-6147.863149802949   -7059.509594157591   1         0.9147810204740826
273.7195635909059    8410.812615975934    1         23.241572307536604
-5839.634987618506   -2589.3469406159657  1         0.35767292479187585
736.1911066874575    -5339.857824588145   1         1.0202079521743184
-1764.2091909699848  9309.831102566885    1         1.196701733528202
-5626.323356690118   12538.59093705202    1         41.21114565283639
