trucks_count 2
drones_count 2
customers 34
depot 0.0 0.0
Coordinate X         Coordinate Y         Dronable Demand
2119.8878928089093   2492.227902802463    1         0.10428622964744787
-7649.728125573151   2602.3836927754683   1         35.276176044229324
16030.96439212644    6889.581808849634    1         7.2888675461629875
955.6603932095118    -2865.652693867432   1         0.37033869398491104
2776.8259636606517   -5842.647481820697   1         1.172073184285268
-6054.027639628839   -3757.4934213156466  1         0.9808364619597236
-2905.242745011754   5543.583407188487    1         0.15745407135481604
5983.315763096838    6495.730394353042    1         0.37660077723911534
-384.17442366525006  5221.584198486557    1         0.8544115051500853
2689.386811044853    9662.686062727988    1         0.7125889677531642
1100.4038170809945   -2450.330875175254   1         37.44005010515855
3209.927537887863    -665.2648730203691   1         43.270763864043815
2333.3436961340976   352.8102436407446    1         1.0831513524154897
-1469.2810618491771  1759.9701286388395   1         0.5682748830618874
-1319.5409606733217  -2239.1903869385214  1         1.0497283882040958
-1955.2009719749578  5071.86032224834     1         0.32967963140455736
561.5037445988762    -1397.7813843390102  1         0.2723979434094769
6763.052557325002    2870.3605846025225   1         45.66416754481398
-12649.252623001616  6240.072500742601    1         1.0466388170389571
-3104.905805190482   -2354.9503680466414  1         1.237139314076069
4411.631823880461    -9856.503554398989   1         0.5609751877762174
-3347.1589096331045  -7346.495276280015   1         0.6846698190674514
6138.581086423026    -2988.612541845885   1         0.6436344681082402
-6420.886676345186   -3871.982298477791   1         9.750996537924866
-4224.0415737639105  -4313.071906286636   1         0.4838874017570587
-7897.664342803959   -466.4440371159043   1         0.8771259019745583
-8450.527683086075   -1882.2118836350548  1         0.9906323582689902
5393.190741418759    -4842.971237948293   1         0.584318484971505
10086.91952102157    6261.54546120303     1         1.7760549357011044
4651.171509844314    5229.812089602295    1         0.9806213033509745
396.4572651168481    10637.221483325027   1         1.211998547186679
3283.932338904044    8687.360593613845    1         18.95562563921433
-1282.6993818305696  -7617.047199593388   1         0.6784192816263372
-11374.936097321752  6853.744179957594    1         1.1375343649331289
