trucks_count 3
drones_count 3
customers 38
depot 0.0 0.0
Coordinate X         Coordinate Y         Dronable Demand
-5686.843318334504   -4624.488550944835   1         0.24610459684976455
3222.0862890963863   -2835.3999940231656  1         0.5106376041137531
4168.880292895248    -689.1972211756034   1         0.8543838998488235
-8151.341245480605   -4053.213590519028   1         0.534678158634863
2940.964884634264    -5609.9407730068715  1         1.0951204172208056
-5885.096807151624   -3260.0714729416004  1         0.24857223736828984
1711.5635008149288   -5704.6519097279015  1         0.7325771672714083
4377.727214558606    7017.283041160797    1         1.1573133047137631
483.900003203488     -5896.434975266155   1         1.202443973134766
4050.0520661112623   2289.741444405448    1         21.457799391541133
6583.829683993277    -1904.993477003116   1         15.761028620509675
-6846.616493339633   -2014.1384013250236  1         0.5992010513684797
-5387.078796881713   3423.660284173933    1         1.149668894490989
-981.3344644005336   6330.491544835766    1         3.0473510755979065
521.7949122581261    3004.9101531096553   1         23.995832561278135
2501.005604423152    746.4529621813053    1         0.18691551807919143
3721.1686532269855   -584.8536767727085   1         0.3921391823047753
7487.887458936191    -885.783806328561    1         16.144330478383182
207.9276055821265    8469.099055745944    1         0.11193375233821315
-2791.355264516425   3622.3983529556926   1         1.0060820475706331
7100.357916476774    -4568.76315040061    1         0.3987832868446196
-3346.267974255269   -7910.074000819814   1         9.948345251334256
3987.3904691057496   1445.9200584507425   1         0.23498259634414337
-1965.1054164795862  -3560.068917937458   1         15.856225650660999
4386.1171390206155   -3790.9498402473914  1         20.164270683189404
3991.016367708058    -8192.653712883714   1         0.3366924722308888
-4551.891245018243   5117.2563219779295   1         0.25328208775837713
3189.198239290433    2236.470072985956    1         0.8029535596073759
1736.1557748667847   8121.71217000564     1         1.2159307250458882
-6202.000240870818   -1136.1282980346411  1         1.0669807027737133
-3981.8833654858963  -4259.813387571155   1         0.44750446804409716
-3941.6626757996805  -5101.110070489919   1         33.66024349943412
3810.668871012277    -7611.79786329964    1         0.7794216092906868
129.7845057813881    -4291.978740706855   1         0.43412501229682054
2772.8312976753823   2734.6670494186824   1         0.6465397740903162
7511.000544444366    229.9669599143365    1         0.9345271657246733
-5827.7959581664345  4165.502182831546    1         1.002669984044922
4969.0831951929595   -3914.9639388114633  1         0.8979764858541979
