trucks_count 5
drones_count 5
customers 71
depot 0.0 0.0
Coordinate X         Coordinate Y         Dronable Demand
-3117.6721718832414  -8615.94525174544    1         0.6091575877336685
3442.039827580384    -5335.394778251649   1         1.0082597696910165
6478.456718262943    -2273.215807292407   1         0.3909461930464835
1646.7923239247684   -2453.4347854676826  1         33.82307363983561
7408.002367861139    -7956.197883756338   1         0.6542747259439436
6292.729277432993    -8721.701707261092   1         0.323291040141175
-2352.024212723995   -4000.5165402178254  1         0.6219036871530247
3117.9902571031107   2156.617375203312    1         0.8130287865715751
1565.987941908052    -8402.85197625513    1         27.548574089850828
-1665.3740348282254  559.7773574141102    1         1.00521234661304
2940.212824865812    -7725.3249812239765  1         1.127428563585082
-7070.126955860852   84.33236116861752    1         0.9859949628160798
2340.659799000021    313.44911587481636   1         0.7082946709044191
6102.630383564271    4222.117997797337    1         0.8499604975111075
-2729.1895765363074  1652.190356046401    1         1.0413922654703107
7814.017223206629    -1142.0082888078696  1         0.2921373395932869
2382.3136860690665   5271.943226035559    1         0.8487826649821748
6243.169172436706    -3609.027003002902   1         0.2326970526163511
-2605.851299824304   -4408.132081048993   1         36.8969934109922
6144.138810950155    -3752.806825602641   1         0.13602857292878925
-957.6996696357778   -4385.694672592365   1         46.18298930522464
-1964.003767896621   -2898.704760574292   1         0.12293967030440263
2943.0592045319963   -7357.057079094993   1         0.4253617599426557
-2067.536249668041   -4054.372232682478   1         42.171786548863494
6564.193188537262    -2398.1778867363764  1         0.2727570058065141
-2836.6304812479093  -8598.113785870511   1         0.9488611124152556
-7462.007994188622   4850.243429020722    1         0.5821149491664795
-868.8912528345039   -1439.2338937512418  1         0.9031296401263845
-6750.979453440986   1650.4900888228617   1         27.649243697386623
-4439.630125876635   -1136.2911186505908  1         1.1447631123852933
5737.066591519633    661.933744573924     1         0.5093601741136582
2723.4194530474006   -3635.9558550600964  1         0.3909366103260441
3096.4794777581856   7874.194557090799    1         0.9470016132490405
-7653.612141868846   -4801.599300754972   1         0.7415786060455176
-8291.52243177931    -1627.898838675743   1         1.228305207923011
-897.3513911669492   6699.986175999773    1         0.5158153365488457
-2300.0369649909535  5549.730142165163    1         0.3816060186912432
3391.9610270977714   -7420.534999651158   1         0.5812882766950386
-2089.88470454809    4252.928888905438    1         1.0115377379744293
-1755.8587376438657  425.12641566283      1         0.34590250689168855
5053.813867449869    7503.136397690737    1         0.18665298324405152
-7183.5581016055785  -3695.5922289842224  1         0.6749047749603665
-5249.37731882257    2014.538253232557    1         1.0809836627726594
-2303.658076352648   3086.7396843412716   1         1.0453575695203075
1623.2221291244591   2898.703946850706    1         29.338158248642436
-579.8044693312373   1439.2792782980628   1         0.8563388026662464
-7557.2562495712555  1845.7196712099621   1         13.113984327177548
3335.355478593534    -390.59091346770583  1         36.639044404622034
-159.3767832481486   -5425.86303671601    1         1.1004563494878625
3532.1774989644146   -7859.425996903994   1         0.9276476217810765
1652.6540980203026   871.725663032561     1         0.49767436763443484
3493.063996668058    3366.303413330079    1         0.12707591817474284
7541.33821441641     1780.1958696204383   1         0.140833481151421
1071.7550916770656   6673.05409187061     1         0.844279464981505
-424.9719429536966   -8218.843559034227   1         0.8109243540178226
627.527333483048     4128.999441069691    1         0.3770013405187187
-3514.459539839517   -4159.2155435775785  1         0.20131636578018486
-1018.006544944905   -4845.523719200645   1         1.2312330788249184
232.74283122335322   -7333.460486608952   1         21.022065376114842
-4164.455629672051   -6800.062136011656   1         0.2774624097992799
-2993.90099475186    22.513387669569756   1         44.455911510812015
-4556.343795722728   -4531.509785016097   1         0.793605186753036
-4889.223240161414   -4396.563558033133   1         26.64617831262614
2782.9575500501232   -3808.1260256611986  1         0.8043362367102848
-7468.678707582382   -2482.9581199281224  1         1.0692130641493407
-8845.22635129044    -4067.9129763618707  1         30.642830670006404
-4219.166869322102   2175.0475878294196   1         0.358995020716253
-3991.252324411751   4980.819802416026    1         0.9200240654097629
-5456.213972870954   -5658.426917216624   1         0.3641817942157749
-7617.897657127937   -3630.651047738441   1         1.116964795121555
6884.814250004714    -2488.482532817123   1         1.2483050679707222
