trucks_count 5
drones_count 6
customers 82
depot 0.0 0.0
Coordinate X         Coordinate Y         Dronable Demand
1503.8350751714436   -5445.187803682148   1         0.15031700834800565
8563.158530481713    220.34246080475933   1         1.1666878434883454
-507.9009398568117   -1788.9336792993947  1         0.1663888211443624
-11786.59410753896   -2088.249182563917   1         0.8536879397997277
-1287.3642617613166  2974.7388622883363   1         0.7970546176102985
-8842.147621039081   -3847.7108564285177  1         0.361538597793857
3794.0408946764132   -2139.0352893701524  1         0.346082845222616
7235.264397329179    5367.012355653606    1         0.12649176514497487
-1525.7119002666445  4356.549507255259    1         1.061671329907932
9164.479281154581    598.8449965352332    1         45.24707069007673
147.57779393137426   -3769.966899257569   1         0.23731774046859766
8538.678453332535    6321.414890470266    1         1.1732600006427933
-3863.8143029190137  5651.634811095644    1         0.11265446515509249
-2686.0275680000173  -2922.3033220780476  1         0.8572631240036855
6697.145942386968    8481.785479998713    1         0.1317999203584842
249.22812040403696   -9033.777265158675   1         1.041082008398321
6735.354351760289    -3585.347185808862   1         30.570382460075656
-7270.809395198633   5642.837935985516    1         0.25620362034750954
-13498.973536577954  -9243.368382985649   1         23.256633562917646
3981.115545516665    -9190.66323221818    1         1.13519570219219
-1255.7093166330628  7837.04046108199     1         0.4289933959122836
-1828.494570282251   8820.87898310961     1         1.2090412027340474
4298.964836346789    3817.6952738562322   1         0.67998216367495
-2839.6002091154533  -8323.420460895124   1         12.74348295448915
-1115.2995110498657  7486.3841759163215   1         0.7364335378711814
1195.8010910935973   -9117.42245711969    1         0.6427447076129548
5521.407138777162    -10397.29995122805   1         7.472730722789174
3028.6825183268566   -5164.518552956461   1         1.086990344140752
2087.5174021228754   2615.2842383515713   1         18.088502539765418
10684.272035784954   -7195.584044423607   1         7.079323761232354
-12041.205370959875  -6189.177148005232   1         0.27809978088232523
-393.82503955489966  9246.295013736393    1         0.7563740191734745
-152.14615448412087  2674.661129608754    1         40.722279280117746
4447.197395681143    -8507.755571753723   1         1.1850844900776476
-8200.142077463506   -3024.6761649386885  1         2.832863369497118
1340.7757773915614   3084.96646118175     1         0.45681937705048536
3447.172435739079    -4837.632028164101   1         0.6986330936026551
5307.531986425197    -4475.073964922515   1         0.15856145411611738
-8958.922372921126   9587.94804294176     1         0.7164074972848873
-3145.4572270705576  -5610.8873866611575  1         0.37648553914071636
7581.7060751560075   7315.427887845984    1         0.8556732338467847
-6685.451649135401   8564.215465346895    1         0.6870559559604682
828.3514207766149    8501.814116028881    1         0.43400834124103604
-850.8407542392742   12784.239177902222   1         36.36326119837851
-8548.362313112137   2763.218358990579    1         30.37363956595629
-7251.826743513624   -128.4361196506267   1         0.4914534217069969
-7009.211487261663   11672.846682032145   1         0.2678700558830731
3523.82318224414     -1114.7736676285112  1         5.646283195021158
-11549.207263051254  -6669.067774470038   1         7.270686955618821
-2280.008595287667   -10991.409111121666  1         45.2107326607499
-6872.865809010497   -6177.141959400222   1         0.6445119630024271
6296.196432310258    -12237.760716755189  1         1.149599722682179
1521.042030261171    7957.354509201555    1         1.2054704409583914
-1702.2708558735899  -8235.960453616835   1         0.24798559809589507
-5741.943509182917   -8005.00639983922    1         0.9251495988497678
-2134.51510739087    -9417.314230548722   1         1.1462396508978834
9587.894545815187    4403.067470168527    1         1.032355705238264
-4382.227694504594   4656.776276432038    1         0.22552196790776843
3073.0983273559923   -3911.1076773546433  1         1.7216839471597625
-8560.535281914292   8669.15619551692     1         13.320925625038067
-11171.825798550226  12637.862606508646   1         0.6950623038074087
-8589.862505913738   -3988.7469472735074  1         0.7699192678701975
-9960.402056758152   3914.1291417579364   1         0.4439628320177179
4766.958322734379    -2268.0662985344056  1         0.3297129207423962
7211.562411360747    -2352.048864563191   1         0.2846859651138522
-5008.104869084053   -547.1894010908745   1         0.7129177878527876
6388.990456873497    -7891.000104210183   1         0.3318184845818678
-7493.291970604694   -5155.824749802079   1         1.0302431047571419
-1440.198856449461   -6756.125368597307   1         0.7715677203669167
-4759.887259808313   -8272.514308271891   1         0.1369055652130018
-5594.849330152083   3816.940622257018    1         0.19872480997240938
-1614.6359352253453  -1724.415970400715   1         0.36541638216610617
-7098.196584388852   -4567.586577342744   1         0.9943943085616521
-2973.1528929781207  -9440.063445315627   1         0.8293142010309509
-4954.056370622539   -461.19027890630986  1         0.8491990702509339
-3355.7444951200564  9595.0666415262      1         0.31545140000623684
6457.270988555513    7465.980180406655    1         1.083708207177277
-8811.61606434705    -1352.0986878060774  1         0.8293849634908633
4199.130154574126    -5460.651974509547   1         0.6218288146640409
-1230.7392586514115  10183.992625840523   1         0.957909263829443
6510.331959414081    6237.675229827244    1         1.0738899490751534
8564.159405260643    -6219.4245199105     1         0.5178615586370202
