trucks_count 5
drones_count 4
customers 97
depot 0.0 0.0
Coordinate X         Coordinate Y         Dronable Demand
3617.426102615348    5441.401808810444    1         0.57591987490499
8160.989682750597    -2267.754800946131   1         0.9331181167842052
-159.9073151082067   -7859.3578170654455  1         0.5912690992980497
2355.697278661618    -7700.615224816079   1         0.9504620690429056
4993.963929312009    -386.0708940063359   1         32.54428750005046
6115.861490839569    2113.616958527215    1         42.243365168135156
1109.757607068057    -9923.016169501305   1         1.1923019069093785
10705.088134707503   -1996.9660601086468  1         0.8598487209208429
8210.45883685844     2638.666415995852    1         0.7148047310608213
-2947.3454890087683  3030.4805553054694   1         0.4638607763499587
-2782.292799019363   -511.3290548298359   1         0.20293820278212937
7907.614490582603    6257.5595684626305   1         0.4660020280054521
956.8533176452027    549.1375302698737    1         0.7803613095112663
-2591.8883150045253  7323.019118296952    1         0.23047102869138064
629.3464783555562    -5515.549819760798   1         0.3319070892788626
8335.52288172076     360.93157257817734   1         0.6780946438675998
-4009.4933382026393  10014.16346864017    1         0.9543356448192757
-267.08113344653185  -6157.618230147075   1         0.6680353970510965
6869.5348266293      10968.229359931018   1         0.5688161855288462
8358.795007859622    449.34376068166125   1         0.20866417926041986
1915.274911378149    -6518.510730164713   1         0.6836497913425297
1850.7231244846953   -1997.483801328872   1         41.20396329847174
-6893.792281241706   7060.7289615068885   1         0.21425856472808902
8362.17788604477     2071.780382540069    1         0.963255160578749
10208.622200616033   -2221.0374389743956  1         34.03753854010012
-1391.1255143527258  7191.506906696844    1         0.7259234678871497
4945.418174764983    3070.2153272954156   1         0.5563668063502714
-5395.165306339788   -7363.78740553328    1         15.580787233806328
8181.471338230626    374.5956340993272    1         0.5774344038460932
23.575322919085416   -10676.535396929068  1         1.0777286721535133
-819.5502993843256   10852.616700810016   1         0.1712947005452229
-2426.1561848159713  3795.2042875278134   1         0.2264512247670893
-5045.061598020795   -3624.6328805272547  1         40.682032359143214
5715.907742162253    11057.76025439617    1         1.2054754188156325
-3923.63509751302    3579.144990231068    1         0.6921779488564543
-4692.652194126377   2229.2441548325805   1         1.096010765973804
-3521.6899731334956  8279.74246583967     1         0.1800834736780979
-3197.448910677247   10237.831924309688   1         46.63207810177167
3215.3683168180555   9526.523920623802    1         13.229621186907254
-4187.900024122627   4171.997716886874    1         0.24461856733385165
-3750.3922628101536  -1275.985518614512   1         1.1451113600579035
8045.900951566881    -6725.761147209897   1         0.5989681367533387
4655.847824295339    7181.101910232817    1         0.24024661884059448
6470.8779542473285   -1118.2587432129455  1         1.2399864962995237
734.7590621417536    121.25931678908164   1         0.35694124188115517
-5767.344270264933   2733.210693322411    1         10.848503813927424
-5582.659655460487   6981.754796889334    1         0.5030187175462749
-6661.896784671055   -8245.25625394887    1         0.7128281179767019
-9835.948174071911   3074.655278868385    1         0.4489304990197558
3126.633062328363    2013.796865522377    1         33.660614439385014
10853.335060154212   -6119.287213500743   1         0.6224238960945124
3208.000244387461    -2190.387006705182   1         1.052500681304207
10198.707791767712   -3727.842691325356   1         0.9500271737498188
8140.9648462907735   5077.765989146465    1         0.5617202023350064
5212.258392673925    7797.856137439829    1         0.5222552388467414
6869.716514993544    797.3982608328566    1         43.45642103388093
-5697.017640842284   11674.902492872898   1         35.868306619319334
-8204.586974560718   5749.061726476285    1         0.4278988109852102
6074.36543317344     1934.0664742237568   1         0.8365802401877902
6448.7144094235155   -6985.71581848073    1         1.2417105131345467
-1285.5103933801604  -9804.38348652499    1         0.6361343684832172
-4421.359053105767   7987.489688913634    1         0.5336949188550338
-5104.601215758056   -7763.997523383913   1         0.7935513526744981
-4692.627027587816   -7095.419912738237   1         1.2416832429443603
-2786.103923072933   10065.823376325083   1         20.313123597404847
-6851.342469918147   -2533.5603554981935  1         1.0828707153158128
693.0724677449475    -8300.96431911229    1         0.5926062090184625
-1996.5872708667969  -3058.471789373905   1         30.909934252384044
-2619.8254056502883  -3625.6932035948507  1         46.68620533100809
-4096.8759522792425  -7238.062683021935   1         0.2986677211612785
3412.3607858457253   3753.0144178047076   1         5.139524538136987
4643.826372559799    7884.401987393711    1         0.8579512665848587
-4443.634918175344   -1265.466830435749   1         3.543251016302049
-1604.4364065341886  7701.627546670182    1         0.4112779125992654
2071.774085410769    -1331.8854136658013  1         0.3944885009154926
-4782.808866707686   5198.931853034823    1         1.6304025845981083
2993.4181692961297   -1083.420954965023   1         0.2967090728565006
-9388.38399597835    -5183.072957943256   1         21.654441110984134
2576.124481147041    -3631.3478301068103  1         15.94712416956775
5428.003653561482    -2500.1139899293903  1         0.8225050691884644
11343.335708158938   -5964.560477822903   1         0.2345304795727152
-6540.182010160214   -4825.827969401387   1         0.284636139710142
3944.1091040217034   -9793.926976219374   1         0.9402723811271788
-6849.19918309231    6988.480427218898    1         0.2419477068967914
4245.652276485876    1229.3109959874873   1         0.3136961633015115
-11145.046904460456  934.8232372047623    1         0.48222603735142655
-1019.1323700628709  -4708.418383676926   1         22.05908317321244
-7938.958044581104   4368.47156493607     1         0.9678676730356884
-2223.0519320866374  2473.266795975136    1         0.5674603077293169
1747.4197696866268   8809.191834608577    1         32.8709192502143
2056.0173103478983   4198.7765455232175   1         1.106059346707471
9057.256678356696    -1073.711048705539   1         0.3436950795535206
-8580.528420405053   -3382.057737086994   1         0.9059711916675164
7590.963917142438    -7229.964970461592   1         0.15531231726793757
-3017.478379230598   -9920.895913908174   1         17.89539925569509
3091.1395178477287   4730.993546598467    1         0.15910880993628856
2338.1655896712755   -113.0612490816712   1         1.0488637048074094
