trucks_count 3
drones_count 4
customers 61
depot 0.0 0.0
Coordinate X         Coordinate Y         Dronable Demand
-7210.9990679169205  6336.286142407281    1         1.2379770523376104
-5368.496815798585   -9033.915984481451   1         0.5696544651376211
7338.9960957297235   4569.283061801299    1         0.1497607112853272
4978.000176789786    9022.039841209875    1         1.1978063799783134
7534.100512212284    -917.70541104337     1         1.1077950381347033
15434.856796542652   5061.727555766349    1         4.425628804008474
1278.3885409871216   2993.4387099847013   1         26.041898305538158
4688.532130716661    3744.4936215291505   1         0.34897328140678957
-5412.302577081182   -1626.6466855720664  1         0.5008675298608619
7449.775764919927    284.07541386943063   1         0.6318577737219916
8037.304493236262    -1481.3006567091115  1         12.316672061836002
8986.088339763795    186.73543218373652   1         1.0045420877947207
-1881.2146326589525  5593.665330772035    1         1.2111595626741434
-2214.3061360912307  15067.551899324044   1         0.11617242783967838
-505.4432638944137   -6118.28849623704    1         42.47595492494555
5414.553920390875    -1786.0685308628645  1         0.344823336270484
1410.654614656132    7874.791565709176    1         0.7359963404483542
-1721.7834978166325  1444.7119675586525   1         1.1018605199204075
471.9621457386998    4414.504937954752    1         21.480159824268895
8793.332336228359    -8877.812118182945   1         37.76999687762459
7405.15580893086     -3896.959833462519   1         45.37141228582036
7119.779017936504    5867.032133526249    1         0.1831827833164665
9025.910247967127    3153.1381661106693   1         0.1605363566833383
-14339.885196241834  3819.847721108279    1         0.52175316892217
-6349.985518361228   3568.353957198437    1         1.1320761760721614
-5492.421503677552   821.4814151198082    1         0.9083794113392548
266.18142499469513   -3231.8494615491068  1         0.7178431210430338
1722.4644890669892   -2177.127282667262   1         0.16850073346098082
3988.051363776546    -5287.760772233646   1         34.43140232835429
516.5074236880955    -3634.1201461462674  1         0.8378817444322206
5751.52017453326     -10382.151013275514  1         46.99263750245569
868.629659321397     -4782.454488655446   1         1.2259361024648263
-3473.922472936753   2627.5601371058515   1         0.12155258273281254
1316.4610627805932   8575.005723673165    1         0.2257935316871434
2511.9755829917112   -3390.8048662753604  1         1.0204950253702223
-5534.959720888564   12551.209771464244   1         40.31051934926156
6002.262065514411    8099.512309206028    1         1.085689880022826
-6497.0577811449675  2495.152240053896    1         0.7138554815180717
-4739.7189394678135  6359.903156771743    1         0.44933318633447783
5269.335671219641    8440.792926266959    1         0.8523369783655723
3534.277582540056    -4408.897904810995   1         0.8005109789712913
-3344.1188323843185  5391.700428024789    1         20.359864328364136
784.5605696885765    2604.891871180399    1         0.91943628269192
5684.730736953689    -8967.514093463611   1         0.18171939414207885
646.6069142660599    10616.709991374051   1         31.69701175522096
243.4882814918201    4298.042041200111    1         0.8540007349744724
-8448.865055165705   -96.32952219858693   1         0.5402335684451374
4135.037205169411    -9090.37217381236    1         1.1796059583987166
-3504.297269347135   2294.6450677888947   1         44.197725916408196
-2536.1546542398114  -2501.986145384878   1         1.1017773617056612
1339.1561537991154   7917.50190137383     1         0.581537155278421
-12326.951155783783  -10820.239141380858  1         0.18356008830736442
3575.7839842849003   5076.759243637569    1         0.9765692597020075
-1477.92352490221    4925.356426414107    1         14.498444928327029
5353.383027404246    1741.130156419261    1         0.14038493631134036
7339.383848455938    1632.8419035346624   1         0.21579449720939098
8276.564410720339    155.64171258801784   1         17.73610409848883
2867.95134215484     -2554.351468318786   1         45.41329438291675
8626.559557492128    -2359.0491772538526  1         0.6340139910271173
2575.348245941168    -11585.827638094128  1         47.15130659319579
-5723.159083047277   -8568.703694367832   1         4.619889629175978
