trucks_count 6
drones_count 4
customers 100
depot 0.0 0.0
Coordinate X         Coordinate Y         Dronable Demand
-7162.298080354471   8057.075122660884    1         7.781965808702881
-9029.0425563602     -13119.903632470912  1         1.080655567044632
-2969.7111339493317  -7280.875847995395   1         0.13428487178337398
-4081.460410573767   -8180.133763612185   1         0.900816441011527
-3876.832876162686   -1430.8570701132664  1         0.450012628853378
4508.883118377883    -4700.486488867312   1         1.0193151985313331
-9782.3321223434     -1228.180295369775   1         43.28150627727009
8854.511456003642    6163.209257998502    1         0.6259203170321515
834.7547292167427    5249.81772352733     1         0.7402159570069926
9894.637323906214    -3343.1670064303494  1         15.494063370179278
174.9234762633896    -10472.5599461153    1         1.1034055658800201
-4447.732343545071   800.9553895743537    1         0.979429049030237
-6138.947453897399   5429.661783068175    1         1.0255565354451661
6224.978371190796    -2766.739949439338   1         0.4412034734223206
8449.419696527486    -1651.1938768554357  1         0.5014270847341197
-8543.926467778392   -5243.53952180636    1         0.8556088051025934
-9647.281711765223   261.66956646941503   1         1.0043840506941517
-10296.198931807685  846.7341160677108    1         30.053119577424326
9217.69902355857     4608.115683930195    1         47.70097718051065
298.18631667808853   2194.9354039001905   1         0.8269610876142814
-3663.965198713525   -1617.693564672226   1         0.617134503080394
2991.38908395343     -2486.2158475361502  1         1.0098213718660567
-9100.79872134335    3205.23984037109     1         0.5979230235740146
8629.382340406075    3656.9426078223696   1         0.7804963802349679
-10135.009463523207  -139.38997821814704  1         6.835861794343038
-4502.1051869910125  7154.493297422418    1         0.5785040356279901
1993.4301026224211   174.62227901691986   1         1.0283376938389632
-14146.458339130566  4978.805003861908    1         0.7567503865064623
-13802.506543716177  1497.2367137718247   1         0.2863463625788335
2992.1147776043877   1819.5440481645635   1         41.05692341775648
-1251.6186147260141  -9160.843259619349   1         0.7189011297073875
-2421.6854261341423  -3534.6057305454015  1         0.609359173541149
12520.092172106393   11665.630815951205   1         16.930549577077826
5698.975906614425    11305.294858863417   1         7.80564285415783
-5617.71775636529    -2899.3218406773603  1         0.3365390668910371
2354.8702839889665   8890.833381919576    1         0.898747460386698
-12572.66565251732   -315.03854055811826  1         27.221666918649063
-2870.548378142509   2734.0901909613203   1         1.0427647214077098
6448.372304483187    -2317.653699846335   1         0.7196260480178732
-479.46352476998493  9620.835895612518    1         1.1879570586682378
-6550.524469983462   -3153.9470550614783  1         0.4896162683656923
-2277.5391785743072  8528.01412036857     1         0.13221695714651588
531.0747030305993    -14424.71955637992   1         1.1581610531295177
7392.877799978784    6304.304126065965    1         47.862619006799434
6229.206314491933    4851.785880218771    1         0.5199332495447226
7699.00876182994     -11002.381959013135  1         42.49266040922254
732.3519237855697    -2743.1281521810324  1         0.997621332400436
3419.7185537801906   4838.676836246602    1         0.7853664195017642
8276.497338979269    -2797.4774316252874  1         1.0131529394364736
2218.198706716219    8746.085056008023    1         0.7889983879635438
-1454.2114056237397  2228.453637272859    1         25.384561594816937
3533.5401864822243   -2690.0312406020407  1         18.605481083643095
2026.424678649526    6948.556343048083    1         40.61028376034884
13451.196521786369   7348.514098368214    1         0.7093065973708668
-7271.643481649255   4272.087848837491    1         0.5133499426459682
3710.7288946340805   -6602.997049661584   1         0.6115072698311429
-3527.874875554323   -6744.289047520706   1         0.41528113912302544
-6365.302035641886   5718.2619076771225   1         0.8614209580691976
1902.9761007868508   4937.884531774184    1         1.0577900262222302
-7982.620291470082   -1326.6204481257091  1         8.849974638204383
-4435.060920047587   -660.6263679656793   1         0.9118474559498488
4425.498563888835    3892.753310876144    1         0.20932982513845877
-9627.821481485737   -3465.114966655321   1         0.2281525744322173
7261.144492741634    -2719.4046150377803  1         13.427224084313915
8030.317471276093    3047.897928770578    1         0.319071860774248
-5617.498671672226   6142.54250769518     1         34.54039471477947
-9744.339334582854   -3587.323609250036   1         0.5071080700994006
847.7546781763826    7631.5710057097585   1         1.0387127253185113
1003.8172547134587   8803.621799793747    1         0.8868357034311946
-2332.208438477935   -1535.7836226111467  1         45.48869753322215
-3775.708091570637   -9423.579820540843   1         0.22792006028028705
2146.4528018407127   -2975.488031175895   1         0.15517394798374914
6956.956841546903    7603.167186527711    1         0.4890774876781715
1496.417341040051    -5795.115669148251   1         0.4729029090489646
10141.944788090163   3721.071483273289    1         0.25925585375725213
5069.288279891039    5261.561240929565    1         1.0241288179492536
-7586.68615611553    2925.3203531429976   1         0.8919306854397625
-4861.294186819778   -3658.4649559461504  1         0.4445276981882864
-1084.6888118572247  265.3603121861094    1         0.35238278021980396
-8790.713285317614   -6497.2828694217205  1         0.5113147149930689
7787.494256186408    -11210.36281222129   1         0.604887884251995
6904.663350679722    1129.7456177652878   1         0.8097494470142008
-9962.964275302862   -2016.4272669735908  1         0.5938457774079962
8360.87522437555     4189.0470363367795   1         1.0738085011847271
2179.0320825133367   -6845.233346397096   1         1.0713634835577492
-3510.322907758749   -5710.220761102711   1         0.4526139293557989
7199.735723892729    -3457.6102099416603  1         0.3242295201038904
-5605.985532993422   -2627.4823520836517  1         0.9761796652694027
4703.294747662014    7764.324775982526    1         23.889633601814953
7104.303140528755    5602.597510599455    1         0.7243520326352344
-6003.967804201284   -2739.0865153841683  1         0.4942535995528923
2611.655683417957    -1286.8335629791268  1         1.1332091026406248
-4663.003741478541   -5769.978212060341   1         0.4822904120340781
251.279108404832     4918.333231235108    1         28.804784271488952
-2952.9413599411128  -410.1389193486892   1         20.63379650728284
-3068.288427155947   -5885.428334248297   1         0.6515762988232022
-6185.136039447561   -8982.638213537786   1         0.7246681896862458
7523.605965423675    -4527.081520879352   1         0.23935724349213872
8525.570163616476    542.2121225808904    1         1.1113348776953786
54.75870201035197    7793.717074517954    1         0.5371244959861764
