trucks_count 3
drones_count 2
customers 20
depot 0.0 0.0
Coordinate X         Coordinate Y         Dronable Demand
2989.2163717538765   -2916.754727867318   1         23.240764205274477
-5783.018427223886   2215.075959611327    1         0.30871439291884417
5803.475656174581    3497.629629594269    1         0.4489609434535454
-272.643353252045    902.8527370988728    1         45.30470435510677
-2989.075648443491   2101.432767588716    1         0.13959961649863173
-4153.19745782719    2881.166723959117    1         0.7535636428619592
-716.4530510082839   4994.9119012251185   1         0.26687517057885335
-2697.805257092844   -4000.8986924205396  1         1.010774667164418
5405.420854963582    3205.684827021167    1         0.239990385609185
1789.0320260712986   676.099987152407     1         1.0808943574002563
-5054.185218616096   -57.014483326471236  1         0.36128993835014245
3336.9873681008667   548.719379239531     1         48.337742396457564
323.48395196105776   -1071.2410460685032  1         0.20451178599877212
5454.1371115411985   178.10399429361883   1         1.2925033058323625
4737.657989589107    3767.952018080724    1         0.24126595400607093
-5668.756038513297   5570.784207184884    1         1.193384182055991
1622.065968267223    727.6599214530206    1         0.4665748181454811
3715.1495740642586   -2725.082550219397   1         0.2696544191554724
5734.968864925521    -1516.9278018549787  1         0.4745990185813682
1283.2800303187391   5432.092846761718    1         1.154851121474987
