trucks_count 5
drones_count 3
customers 50
depot 0.0 0.0
Coordinate X         Coordinate Y         Dronable Demand
4516.495483151704    -3607.535369832961   1         1.1951748177941548
-11612.694310031973  -4522.934275929891   1         27.625798111369825
1667.5652045148927   11513.421674941363   1         40.039044483626796
-9699.688351294386   -3093.653902416469   1         0.6749409040519947
-1253.3205912866808  -2364.1504903654723  1         0.5411247106278071
1956.5871087618143   8714.152138769745    1         0.8854843630658003
1618.7635333589117   9479.01545746955     1         1.0745225307302457
4747.207334628552    733.7652683504211    1         37.46355094673827
-5217.968572928905   9482.835176101062    1         0.8821573391403336
-2823.5408608694224  3595.5722849989475   1         1.1271145319147111
-613.9086538645411   1028.0717623800992   1         0.15849277041163368
-3399.6281205259347  2940.1922833013787   1         0.3311494418246837
3211.1766126698367   -2072.3613117176046  1         0.3222594372115948
-2629.605168893854   -9704.662291489185   1         0.5386767817655683
-5971.240681293461   5711.754595196445    1         0.3547929990211178
-3614.6244751769245  6089.983379272346    1         0.9108040124947988
3066.4164921361703   -6716.350708150788   1         40.656014671045796
7321.547858424579    901.1363726719427    1         15.459523073324718
-1798.534010200536   -3272.492075950056   1         0.43539510048116603
7234.487419190289    858.2888081937484    1         0.8847903806415064
84.42564122330688    9922.450859900135    1         1.2387288897287387
-4987.584744753623   5619.027255660245    1         0.9573612963976498
2196.160387072019    -1956.5559820849794  1         0.47543544299010165
-1714.0850784471854  1929.6823301862823   1         0.8708087615987892
763.322616892686     5187.124957746479    1         0.712508225655166
-6049.979532952757   6238.538582602355    1         8.12312390955725
7942.626243872284    -7497.330668722927   1         0.22056416635167847
-11250.040602389832  5092.28519612639     1         2.910853544315866
-4110.178498860463   5682.352980687434    1         1.2106310492097172
4190.035294608439    -2858.1347632182897  1         0.6884738546428524
2348.029952478768    6501.492388486213    1         0.8952950564281785
-127.88838980180844  -7427.948868183519   1         1.1125337830786532
4065.748507755219    -1861.7840880922492  1         2.275409279337212
6206.588821810806    4552.459794257968    1         0.9561558924375276
-7390.518693275846   5956.927104305546    1         0.8586110067722538
2614.3879825069275   981.1638849832037    1         0.8746377168325148
2470.881166706395    9401.996018454507    1         8.930282771786466
-6355.493940370932   12873.899989846605   1         0.13825411633667797
-8621.744103106117   5333.448999772392    1         32.59699706765928
-3511.589161604481   -4382.358928221162   1         28.893341564605866
-4935.669154648254   -6788.319170120848   1         23.848818859433063
12865.199119562569   -4949.59916579399    1         8.335471010706716
-4206.5584514604325  -3197.6145660020156  1         0.7228895008122712
-8678.902550381335   9200.65768981448     1         1.9691127163889857
-4494.379132795379   5082.577922674669    1         0.7773994757039038
-137.6131531856561   107.72860467920614   1         1.2251434702540056
-9432.113202923263   5236.424492643977    1         0.6717555828494821
98.74302488258353    9700.090639216396    1         0.8049917064344088
3865.9682927937097   2162.1655350428473   1         0.9482485892231434
-2217.166770513048   -549.5560685691271   1         9.262221361425826
