trucks_count 4
drones_count 4
customers 87
depot 0.0 0.0
Coordinate X         Coordinate Y         Dronable Demand
-10256.165683466297  2785.884331641961    1         0.10015355352207787
-762.8886953577581   9188.084063008377    1         1.0160349012352716
-7692.646809111608   -308.7185719803403   1         0.16225457905235288
10296.357073349223   -2003.7646348566009  1         1.1817281510557323
3664.7636600322653   9864.051064253004    1         1.1671609740734674
-8054.8946779171965  -3409.7144408606105  1         0.12676603137038112
-4093.192104041319   -1273.9846548507212  1         32.97057754031593
9376.065453946308    -3207.0846675670487  1         1.171348209620847
1419.2894607488804   7676.436715755017    1         0.183030901404276
-6791.0658553631265  -792.133587569481    1         0.6403698660391747
2499.3627541854607   -3195.8568701078393  1         0.7107229665829337
-2548.002116776969   3169.4973211453553   1         37.99541801713497
2944.5404866935064   2864.9253028410694   1         0.9230340029495183
-429.83533750650116  -2576.3338798872132  1         34.03747372462574
4522.375392884582    -819.5948043758071   1         1.141478073060039
4994.960151769469    -2372.911208907989   1         1.1722099164381938
-94.01106788678388   -10007.219519236058  1         34.478803661446676
1284.177860085432    -4599.900441736106   1         0.5627364439055489
8745.214044297101    2458.7918216611665   1         41.916172498443885
-2599.4892475613865  -1039.7750735589534  1         9.460508781647345
-6450.762161397461   -1440.2197420858956  1         0.3127659303329577
-4345.095252559158   9440.020104634747    1         0.1329530633780411
-4139.573315279369   1683.760202565395    1         0.7808443703561179
-9608.763182484541   199.33495285548517   1         1.0070289845133282
8122.654993045395    -770.4686548675713   1         0.4852533291920633
239.4782022219262    -6159.578049135671   1         0.9417553644499063
6622.256715489872    -6172.493121204822   1         0.8375036409389672
9505.647621125177    -3633.896400038585   1         0.4032642813761492
-9577.292729753915   -3529.7012303435513  1         3.2079978902253705
-6849.3538133659     2543.3678162702454   1         0.2818285022717551
-5041.671698151495   2843.8529821482357   1         0.9298162255658705
-1624.8570664981603  1023.8985938012362   1         0.1370410689367997
-3021.3495224350663  -1396.9233486606201  1         0.1970173982145625
8532.102592365025    5097.80112623899     1         0.6060179049225968
2284.618437398232    -1141.5956926057474  1         0.6106421580162021
-162.48040244662076  -611.4757718706422   1         0.6647534015412083
3295.3729031664825   5109.54019439084     1         0.6471751530217537
-1165.3834209723204  -2265.3662127144903  1         1.216579045439224
-3996.2519861561314  3254.5061340756038   1         0.24141171735745948
-2488.085187168861   4870.261253339037    1         0.46525216137795145
-2836.1801772805084  6180.765821986144    1         0.5479355808194484
6607.4528359095      -9008.491240752108   1         0.7645107095127825
4592.454643641222    -9613.26663340023    1         1.2087838300278562
5599.981393721195    1473.513455396526    1         0.4608123346667462
-954.447912632203    -3968.351187419106   1         0.46838795648494025
-2320.8709400345288  -8380.859135730048   1         18.73580960418641
-6465.7602707743345  7602.87013111017     1         0.5863945364112894
-4543.0048483343635  3688.2002501008205   1         0.788482140395717
-8062.748114549888   -367.2980626104416   1         0.2671055781542172
-8288.512570113196   6934.323880794931    1         0.6695290868090656
-7631.832007228164   560.5696985623163    1         0.3345175424267525
-8336.07886992849    378.48291831630706   1         0.25489782239320424
-5755.493762917242   -7111.330135366283   1         1.0673320974621063
9820.248803969853    4061.0233005388473   1         0.4286043790742047
-2477.051059115568   9727.481898129208    1         0.2791132592288246
5582.312048498832    1604.414718713966    1         0.7062445580343767
1684.0712913907826   3481.912102016173    1         14.720701092902027
-614.5697711532607   -5496.740672825367   1         0.20037527998708693
5877.232140129376    6728.218103567933    1         0.6133011229272988
-3596.37752995614    -1.7414075020514095  1         1.0730937368978217
3120.3496878200003   -9724.49940779915    1         0.28265232112979366
-11.532133228081001  -7157.443121924411   1         30.013614653223755
-2460.389868720407   -3084.4468797079858  1         0.891888641500945
-5539.934784479341   2218.9821084393916   1         0.5343570928675915
-1627.9064815782333  -558.1676664352834   1         0.6875744710379419
9912.764660232662    -7601.936713095496   1         28.982207121331022
4425.630428066285    996.3138641775712    1         17.283614268284605
-1212.2848891582573  -2974.243178389503   1         1.1638321803787286
1875.3215920934856   -4167.4689600943075  1         19.12092095499344
977.6066920939146    2668.9137848959217   1         15.768332346258969
-2081.2274766726796  7864.7720315772185   1         1.0988154724187675
1688.6313650522081   10225.10676446121    1         0.47728312383915783
2379.1432382600365   9078.655131090994    1         47.01300886738049
3836.0951666608007   8546.431231752067    1         0.42215147862181734
-4431.872290284902   6827.955946324512    1         0.5927686729430808
265.64506603098636   8982.61236767869     1         1.1042709418150565
6816.700968366947    -513.7059209844367   1         46.13479761998997
10325.622468134152   3559.007557121574    1         0.312437028453941
3862.2932744817035   2642.0095010825717   1         1.1111208929275649
-7743.327003857537   -5579.563286355575   1         0.22390932113640433
318.87869515442054   5579.802466227361    1         0.7376898119262328
3107.1111890424627   6793.783722012499    1         35.020781013744234
3975.721771417022    -2036.977123002871   1         1.1933618048173484
-8930.169625996099   5336.253200663877    1         0.9321375859132337
-2262.9040654963055  -4095.1852404327433  1         0.31420223763505184
5062.6316614492225   -9149.952660886438   1         10.975325779553518
-3401.7050310966224  5916.171520951544    1         0.791271066593953
