trucks_count 3
drones_count 3
customers 23
depot 0.0 0.0
Coordinate X         Coordinate Y         Dronable Demand
-7334.835501844066   1522.4085166597322   1         41.46970917139699
3270.950111183438    6676.3075717613965   1         0.6829292938274879
8255.212150123261    5027.553601744127    1         22.0062869861899
-3529.9251580130567  103.61841988174092   1         30.421741346792388
4303.522677498496    -724.2845091856818   1         40.401371802498396
-1084.9027646788786  5555.652980376925    1         0.6375022321801774
-724.6091604784906   1009.608422769752    1         0.6647239786765337
4164.535042933916    -5713.6321874416735  1         0.31468447178916875
-5793.139856069189   -5584.837315028695   1         0.4138847610147198
-1645.0280519753114  4255.398814341389    1         0.7196667643280795
-1445.5539978200457  -371.62229752720276  1         3.0257581225281953
-970.8349263771906   926.0282659650384    1         0.6740722005634866
-694.1289679802637   -1277.9319894726543  1         25.1247097354638
-4321.574991654273   -4848.335028516255   1         24.894500403251996
6768.259257257301    -7525.966526129964   1         0.20202309742669916
-3089.451198565727   -8132.299923693253   1         0.5035474667625288
-4182.066551022447   3617.376959484238    1         0.40456102041646813
-4516.82256137305    2000.4586971164372   1         10.312107620649451
-8916.573460191521   -6362.006089604205   1         0.6797512839199437
-9644.831121120038   2354.797821355216    1         1.0502070907368173
-5163.56261113779    2458.539096905291    1         0.6658926170633339
133.89654803296165   -6033.462439371285   1         0.9436618727548531
7608.9935103803655   -8181.71221597087    1         11.470377308939803
