trucks_count 5
drones_count 3
customers 50
depot 0.0 0.0
Coordinate X         Coordinate Y         Dronable Demand
-1139.5919076015052  5548.927152140743    1         0.9146934353806011
-10816.706722189669  1055.4070199977286   1         0.781720362476784
-258.75988104188855  -5188.967596811986   1         0.5679471671239669
1036.8768385367691   574.5423445250073    1         0.39244272417428083
5910.054966089736    -615.2791214554004   1         0.5647604015050834
7615.315959604434    -2107.5030040671945  1         32.230093891434244
-10421.557913643648  -3219.9558565106527  1         0.17170457973530284
-1674.1506729659843  7748.172885085738    1         0.5634102646007821
-5210.208884318963   -3340.887020271189   1         1.1606520325104015
-10376.638228289088  599.3819436762012    1         0.3112210575016595
3187.913321354857    -3229.924515494861   1         0.7900955666481404
8913.748308273633    2631.6513557231124   1         0.6669958240879521
6747.10599740192     -6074.407138286938   1         0.9658251437406182
4671.160338015475    4593.161870583813    1         1.1421645180150186
2188.803181290403    -9846.512782752741   1         1.0401216766024468
-1685.5341411704414  860.4966391447882    1         0.370504239299841
-16641.595481992317  -8587.50786759778    1         40.47157026983168
11421.481263754195   16882.279963258257   1         30.085499460280413
-3732.272027541414   -9684.609684373903   1         1.2046160271461448
400.5618175605885    -9220.97827336273    1         1.0845778988921086
7010.855071057974    -4162.285148126946   1         0.27737412697069097
-6987.00579804983    5068.2870781750025   1         0.41125391041087134
5813.006021469864    -2366.689703687058   1         0.169658980051007
-4203.945554486056   -3544.6224564684408  1         0.3410854855163554
1221.2917836474378   3371.1953200463977   1         0.1465384953519983
-4326.412065206519   -1907.467653941574   1         1.043007464772649
2107.1372622213835   -5142.964564131337   1         0.47731478684841966
14460.76462958585    -15532.625489859303  1         4.476021940257476
-4443.516718033067   -6210.480280135916   1         0.9481567575259683
2715.4668808087913   246.88793010865967   1         1.1946538910645679
-879.9865206247283   -8594.343734082851   1         42.13390541811309
-8591.5492904946     13475.601000243645   1         1.2142385472680974
6533.8448301388125   -8755.618904025006   1         0.7516478438894162
10909.489133453482   -360.89635451196455  1         0.711076565999053
-17234.74157198155   -1198.908168617776   1         26.634208905106007
7352.82751206166     707.4379953334604    1         0.6099468846814916
-2997.8844193556706  -9718.007012164631   1         16.568188275039468
5939.40796412007     17328.98471296753    1         19.696094513359988
2799.198082984394    9520.969461688941    1         1.0686910190438321
-38.00908342460235   -6900.844976786325   1         0.9066306651520655
8385.083771337562    -5389.092457278769   1         20.33914931810508
1013.6683475202699   -9617.475920702971   1         0.6533069318848733
404.8148753090121    249.56185657904047   1         22.515948961293333
1402.3930350632254   197.39964968352865   1         0.43045397410064534
-1486.8746574814495  7928.8472795797825   1         0.5244131855797803
-1693.4159075224115  -1605.5766545128984  1         0.40456971586031654
-772.5437560567188   4334.745860684587    1         0.7266480132554065
7928.125361691095    -1013.2902595373924  1         0.13335542773845374
-1607.1565858783708  -6014.6199956808505  1         0.43135913087205346
-10358.394357636918  1619.9071393827194   1         0.30778819071186025
