trucks_count 5
drones_count 3
customers 42
depot 0.0 0.0
Coordinate X         Coordinate Y         Dronable Demand
1425.576476557166    -5159.088285816031   1         0.5968856669334552
3888.766847351746    -2575.5274304241025  1         9.905951274630963
4956.220139092083    9049.808309527758    1         0.62917785008671
2290.937084497822    -5820.231146354264   1         1.0431716457843643
-9356.35148411239    -405.1047248957735   1         0.5652503245708173
4625.2659918168265   3748.6975562896805   1         0.9230263478094575
-4936.003998093725   1727.7827429828988   1         0.8545067566140783
5659.688805799749    7863.1709836219525   1         0.2547127443066173
1986.93325499434     -8464.635287997387   1         1.40052776446607
-933.6944161497507   -696.3463620230251   1         0.35709898424090725
3059.32066694661     -8805.001441507531   1         0.6375562095607781
7828.514617212138    1014.5241507673871   1         0.8497928193899126
6987.219744995755    6892.494180944745    1         0.4478691103294551
-4551.055909045171   -6553.82158399609    1         44.29023646492839
-5029.3750623616725  6883.144183530759    1         34.6634643195529
-6425.97110119834    2844.4250992039847   1         0.40982496103874
804.3282474876021    8862.767108649547    1         0.9508223392512324
-3186.0583819298445  1612.7049710579372   1         1.0431076753571533
616.9456243249359    -6782.961862484088   1         1.0520997622812815
-4804.456200431161   2392.351345092683    1         1.0900209269909034
2377.767882964037    9055.14104149937     1         0.9734800380022322
7470.159133031089    -2642.2964092723837  1         0.4610868228107755
-5278.3837308747925  814.9118882196258    1         0.6782053625526343
-5475.240248656291   8012.1621472361785   1         0.9017451784799908
-6031.806762004736   -4080.483165777746   1         1.105987948404227
4282.770064276048    1485.1693871278892   1         0.5258102692775147
-3992.7245828292957  6527.671218273004    1         0.5271649545946613
1488.4983777942434   1946.4009368329262   1         0.8460789594080583
8131.5833193489625   -3384.6281007000475  1         40.8071573232886
-5920.8093790597595  5218.87526749544     1         1.1081034561786258
-5539.395490011351   605.5061071708716    1         1.0583864846379047
-5583.4560001518175  8700.903253028979    1         0.8662610178656139
-7981.284758751631   6553.038084231033    1         1.1723470031770806
4767.100734351685    -4757.04485900017    1         0.16106718131163686
-1804.0887935753854  2390.5903033545646   1         0.38456267087436136
-501.89855257103955  8332.295641529323    1         1.0613464454120665
7351.473621664091    -3491.408616332811   1         0.1304185083557154
5103.631290815556    -5528.9872697382725  1         0.9737661760389896
-3922.7155482029716  5779.3341405336405   1         1.0467498737149556
-7815.935852445      -1138.9578140715378  1         0.24550508090819942
-4324.167310585021   -9104.03692232634    1         38.53165980654671
2462.8394025388607   4752.088065000322    1         18.78997849193036
