trucks_count 2
drones_count 2
customers 33
depot 0.0 0.0
Coordinate X         Coordinate Y         Dronable Demand
-3978.244192716499   3449.667232965553    1         1.0613616339499372
-6775.429856580543   -5308.551181688655   1         42.36948518894937
1170.1174455786593   -3046.5276419323695  1         0.3625224202231462
1097.564806611419    4956.761925941475    1         0.6843817870061886
-6608.578799818145   6253.448133572953    1         10.955584853612924
-7240.271218151304   -2659.8038445440206  1         0.30184373896187305
-148.6435101592793   5404.145826967981    1         0.9019498852689821
-6486.38342762       -10051.170064866848  1         1.1228071222847535
2716.3008396156997   7445.884648668026    1         19.4338288781706
9098.178708766394    -3057.738450639087   1         0.7850560670288829
-7978.408022781726   2866.1945920002804   1         0.24723292624686738
-6173.710042273028   -3578.4295713832726  1         3.0379911303634977
731.5708051498511    4892.775905861323    1         0.9206811148111044
-8509.776465830304   -5927.729116186821   1         0.13107793723053082
5404.803888008288    -1925.0939630488729  1         0.49521018717434684
-9693.041168822594   -2024.5966673946712  1         0.1955853236161751
-8740.017950019032   -3442.6897560662233  1         0.31626451090419505
7815.569472220821    -2912.2026942065168  1         1.202429538644146
-1116.0211424666613  -8182.087977689893   1         0.6506709148006582
1307.0339759318379   -3003.6348268186857  1         0.20682590672000944
8467.734835649866    6736.889026594918    1         0.4780730593422421
-787.7251503097141   -54.306624636923516  1         0.3412936341397589
-5894.341929995279   7646.0299397441595   1         48.57142391297815
1126.2916713835873   6483.475478711673    1         1.20583646940122
5653.802520566195    -1610.5698602559892  1         1.2054574967908025
-5177.2393066544755  -2783.2286275111014  1         0.3287218973320164
-3421.956837458333   -5944.621003948135   1         21.716230147930688
-9059.381137939647   4072.0609738236467   1         0.9630943306318793
-7812.654132059806   -12430.609009210857  1         1.1947643900894551
-4469.556236027185   -8617.463273187315   1         14.757746048655594
-7386.854262356209   6600.581546731037    1         0.25537938467615917
1166.4984128821366   -4567.526975487144   1         10.005672845458587
-9451.53763867154    -379.8731438593531   1         23.611291563235252
