trucks_count 5
drones_count 5
customers 57
depot 0.0 0.0
Coordinate X         Coordinate Y         Dronable Demand
-4679.969765218799   1446.8333211316549   1         0.9279103468634292
-6570.186220626429   -4483.891191871789   1         1.017897922348059
-5217.614514515567   8787.42741302895     1         0.6770409632035483
10642.224596743983   659.1248319770503    1         0.8388459910521016
-794.9980135756017   5341.982180690508    1         0.30900664658862737
-3876.1292364710844  8689.700974467194    1         1.0683632042715479
3252.6132802673887   3272.1794638392917   1         1.1294294821256874
8998.50449485132     -3684.9859969068734  1         0.614531523913481
5217.978622899295    -81.3897412522778    1         1.1334062570673782
1537.9783094013455   -8794.946887704558   1         1.208383970643286
-4058.0629322027166  5222.887396415742    1         1.0611405573772996
7358.275971807863    989.5109152647597    1         0.12257281602566397
9331.155230167991    3113.9475960772193   1         1.0043218617065068
-3846.5603750841597  6864.2412979710725   1         0.5530676685292418
-366.2120942456968   -10583.876839921859  1         0.6751016681735063
4063.713251241961    -6599.715287479832   1         0.9489239971673656
7322.020441084549    1276.5101097208444   1         6.686854728914353
-961.6124472307583   9346.468695716785    1         0.32252655270520947
5580.456426139586    9214.20515391356     1         1.1781909469389564
-3618.2515047046427  1555.8773075800202   1         1.2479861120199087
-2438.7154634879034  -2290.0153099498852  1         0.10231658959111918
8330.895302502426    -5994.191531101355   1         0.807913573705851
-921.7423134418049   -9455.788652543868   1         32.88082211425193
3920.595856461256    -6162.653844360144   1         24.884867791040573
4014.728790348938    -8442.634933587351   1         0.249470394446917
1438.134014249114    3131.265799825934    1         0.8245978669393442
5114.831952379016    5906.277282202702    1         0.7256683877367031
-1312.430750759835   720.321633728614     1         0.21026054807267697
466.0740447398586    6190.876903278513    1         0.582707168146229
2898.277905450937    -6098.85632423931    1         33.65754744816418
1236.9546498112481   1764.5072158033067   1         1.0309042442272924
-9647.992784063112   4316.1394957517405   1         3.609405646375189
240.160473194328     7254.0009760969315   1         41.825350735183456
1471.1630465922315   -426.921032688815    1         1.180847829013393
-5561.991585412668   -8350.304500748447   1         1.2109905060543296
3591.1129605608817   1071.2290942604016   1         47.97549708435584
6229.042163785545    -8920.955418612319   1         0.49081412458744567
-477.6643868117353   149.780574947501     1         0.11106145286560173
-8858.887901835125   -6789.8431972318585  1         48.25072531796147
-5315.857317013541   3364.1695569841268   1         0.869833105313096
-3341.3922433239522  4666.336967623083    1         0.13894467163067153
-4942.79713673505    -8642.225080319937   1         5.4909500265906
-5307.9265932917115  -1464.6779441286815  1         0.7374636767715838
2116.25938859697     -6126.945352450017   1         34.07105376285554
5715.633329996919    -3724.9048903310204  1         0.7746902121347216
-7692.659768037793   -6116.864175847275   1         0.9329683121144642
6788.170328279213    -2799.700959195216   1         28.14295341124406
-9195.212212299972   1529.2153930500365   1         0.17737898225958515
2443.671353971308    1311.108446661335    1         0.5627333328922355
7809.526668829586    7048.471497662325    1         16.653817104216245
6482.14726577469     -7323.201717363923   1         1.9722419034116816
-3235.999258079567   -4423.924344424157   1         0.3623688474171859
-3147.031914149672   8790.966697927272    1         0.9924457316625214
-6316.341100790421   -2550.5666709740944  1         0.3911778621930888
7825.517312741145    1012.9167943003649   1         0.9519068323296761
-4297.215476520626   -4845.731076734928   1         47.28513900434064
8948.662280896628    -2080.7519854444554  1         0.15930260470834431
