trucks_count 5
drones_count 6
customers 91
depot 0.0 0.0
Coordinate X         Coordinate Y         Dronable Demand
1667.335520246493    -459.11554339326784  1         0.41041905565841785
1468.4660488176587   1066.9954437768451   1         0.42604975377140575
10790.65877343182    -768.9466716152019   1         0.5946062208994882
156.5049321542715    -3867.193739396172   1         27.107133736429866
-168.85937368718442  2780.4299722903725   1         0.9367938572674877
4439.133363663934    -3380.2509223991838  1         0.8339436905404078
-3898.395880452541   1310.7331176303524   1         0.3493735064437804
-11618.34700011868   -6302.5828986451115  1         0.6632039270146571
5176.439552158926    9369.69130004409     1         0.6787373792487854
-11043.36398795976   3656.0006790460047   1         0.44551055016862307
2202.934001362679    -2592.8999112887677  1         0.4939977911975093
-2053.1450420372053  6228.251041021442    1         0.7337970455463717
7969.8857459735      7325.5586303938935   1         1.141097927086455
5939.2423337426135   6345.005949867221    1         1.1800857321641005
13992.059386598916   6887.05822790725     1         0.3904476196495523
-897.6252413577782   7794.790384434775    1         0.41623693647681337
-3650.975459218547   -4559.451886613403   1         0.8122914440360148
-3716.259718274149   -9100.790406660912   1         0.722980634590165
7535.528566751434    3403.6967040554255   1         17.353651894379645
2708.6081323094004   7710.700389075428    1         17.687845141147402
-1034.087457053999   818.1064930500509    1         43.59558749899925
-13926.720015457862  11014.850218799134   1         26.869006100629168
-3082.5333404980174  -6309.0968331533595  1         0.6363357187370384
6769.976021287349    8116.982287060931    1         0.5682870442063258
10395.29951801625    255.8866554476393    1         37.81826924907151
-6586.178418586924   1993.966382083849    1         1.2419361069904653
4616.494860493388    -5641.252068465514   1         0.565584296212629
9649.785692045305    -2746.929536998363   1         0.42201019651264005
2084.3957028989303   -7180.418660620762   1         0.3805291227154849
1360.7104643043222   -9910.270140187567   1         0.9880740507525668
7544.344532980698    7614.496613491534    1         0.7787782439409788
1398.8028680959555   -8429.657091853958   1         0.8606137296630976
11501.102823895117   12911.967143110805   1         0.8264270327211188
4205.46126923046     4332.800201088059    1         1.2352667683239344
-4596.128774290741   9023.997346378428    1         0.22837039845347917
6083.589614201812    4054.8253350842365   1         0.5862984565248197
-11794.452999053026  -11614.208538516512  1         5.421799658338028
2082.1337796088064   7837.945744399307    1         0.4227654201158427
-4820.995826848154   -2372.4797770093874  1         0.8140847490472428
-6432.062342272583   -8792.057595430555   1         1.1246490820605275
712.449425249831     4186.6532921400285   1         0.2768482463247809
-683.4164573023228   -8480.638130280899   1         0.6249155171979348
-3370.9623474807777  -6332.550390940843   1         0.4457428965234983
-2138.911397409224   -6371.215902508469   1         0.4469708640208033
10796.054131000332   -577.891713370098    1         0.8590513404640066
-4538.88751213872    -431.46832820240894  1         0.11491046047901818
7781.44901669996     -2610.7778033434342  1         0.8139076340464326
3041.9214024973494   1187.619930797195    1         0.866984021663185
5342.670268165766    4431.307154889655    1         1.0969258380550522
-4497.624935896888   -4742.305995657108   1         14.85376207749643
-10844.3259485486    13727.744127303102   1         22.47313453569458
1724.5985033483648   -8680.391337808585   1         35.78709108133154
382.45411632760874   8383.542361767102    1         0.5503007041586262
-4217.373318522831   7194.729614572698    1         0.7513247684177004
-2357.2946366789165  5750.940901489983    1         0.6243062378739163
2989.689583208203    6205.979919558499    1         22.152519190711597
5058.536187481816    8445.658807802532    1         0.8130511703833965
-4262.825762296435   -975.8287169595056   1         0.5278379579479651
-3639.193281858161   380.37289389958806   1         0.302551421175273
8381.937077440392    267.2628008848842    1         17.673252435653005
1492.324698728038    -1728.7633182553254  1         0.16291489759059866
-5520.890835754126   1609.7844392916018   1         0.6039200667767995
-213.6221899331816   2838.7274333628397   1         0.43534603072625466
219.25791164280125   -335.05565341679517  1         1.1114265213555439
1130.3570997144386   9704.24003028594     1         1.1392584864630397
6085.904894978417    -8685.890850551717   1         0.2963867277399547
9678.66637377476     1113.8422889542985   1         26.389922734083896
251.96982552662521   -9714.346245817651   1         44.86787422661973
5010.427597501413    -6501.545376035268   1         0.992287250273896
4418.392000316891    1531.0040482811864   1         0.4878293261643869
5764.425433748222    -2244.6656358379278  1         0.7818457164583463
3288.022367718236    2981.081565537754    1         0.9650547140360596
-5959.089256880482   -2537.8574419466413  1         0.8779814812930118
5994.117374874354    3456.030795745168    1         1.065649732219638
4854.805978413328    -6027.685413259361   1         0.3966577401923871
-4046.1650349935544  8674.335293954851    1         0.7619818918366875
10387.083673566873   244.7596359001309    1         1.4839848319145517
-7383.753684885585   -6832.015014209009   1         0.4081120473532611
-3438.191093877146   7268.939711370946    1         0.7429050183352955
8388.804154826636    -3252.4289415620924  1         28.597117746024264
2238.90227414843     -917.582064280538    1         43.88928720455507
-3229.412807041222   2075.05136319859     1         1.2463405583323295
1679.851336030808    10453.978524184377   1         0.27563721665512075
-4005.562773679466   -8690.797845979785   1         36.003074325120004
-5456.449534413287   9424.973929728954    1         8.14646549875074
-9214.859760337116   -6511.120786141198   1         0.1637470861428875
11112.614075808853   -9674.518317373051   1         18.719985694495655
6261.031385824203    2382.1658896477184   1         0.6077593848251368
9272.774635308664    -890.869683106177    1         1.1985953013862574
-611.3416251886895   -10076.950189785712  1         43.17939553896059
-5197.925966205253   7104.446956834786    1         15.462312736767096
