trucks_count 5
drones_count 5
customers 100
depot 0.0 0.0
Coordinate X         Coordinate Y         Dronable Demand
4643.64724638404     4596.549433047823    1         0.6876664671785578
-4704.429993389982   4995.439991194513    1         0.11914213873956146
-4886.083212493757   -3225.844669640906   1         0.5636660096045039
2965.466812377599    3928.6472032049733   1         0.4154487564154179
-2304.6745460721604  1778.1662913070058   1         42.784926914989555
-1808.4161292019844  2227.2505782424514   1         0.8150285817694725
3791.6633341807756   337.2726491630474    1         1.1137199406170661
-2105.648574756354   2330.0639703737934   1         0.39929370784671736
760.5902300538528    3705.439795279837    1         0.3657841741600515
-1819.5839227353438  1462.4881570981875   1         0.16711600688061987
5089.130374853374    -1371.939626821076   1         0.4654368176060879
1327.7718704896308   -5333.322591876562   1         47.46501919943092
-1642.1790925262837  3962.8282838819496   1         0.10324665155747828
860.4612585797173    4683.892429110874    1         4.579572951422267
4215.434713239622    1914.6647095886651   1         0.15447350731418347
2455.6474115742208   39.19439374297911    1         1.1351844741355661
-3706.3593911947137  2306.2941648188453   1         0.13462640501345646
-4165.617470729495   -1079.1757271235695  1         0.3826987988637638
-1225.7885204237489  3770.6199124606283   1         0.569203196741512
2157.509366138471    -1224.9824010854634  1         0.7902259687002423
-1887.8517522615334  2192.694699609415    1         0.39077702158003635
-162.66149322326635  2091.3423096930514   1         0.965711846705822
292.4184699991689    196.34901298614238   1         0.8241149669198825
2601.34678976352     2747.4364708580483   1         0.8553834260809376
466.1233808463001    1151.1345990699615   1         0.5089068751145014
1814.705788475696    2999.452832883017    1         1.1102519323883453
-655.19257242511     3037.5431268344405   1         10.11834871116846
3169.6509511040076   345.8519425758104    1         0.6926029095333808
4549.572863358591    -4619.414761416857   1         0.5155270602821399
-2327.644421263974   -5170.027800548582   1         0.9559303383922287
-4905.673251893794   -4693.0255691301445  1         45.38508605697738
-151.33000067413744  -3925.0647212693348  1         0.7488486668890597
3672.616849104781    942.5674010920907    1         0.285312574202549
-4130.549845745369   1919.3555158995205   1         0.5751574267763102
4168.25923765232     769.2012648914271    1         0.6817722627261398
5312.29769523572     -4386.887838093505   1         47.44866903655203
-934.1248100549719   -2923.7045550129756  1         0.376328649597353
-4089.497690749297   4667.971658712547    1         9.688853309760628
475.1679332454423    -718.5810077866745   1         32.155022667746046
3392.727875280219    -2907.2422427995375  1         1.062959486479759
-407.6675490299103   2691.796362239476    1         0.1258999700278711
-4633.887715571688   -3847.1829933944955  1         0.9466906561854734
4569.792088950586    2666.46344369709     1         0.5359003261955865
4153.267224253594    -575.7866332550009   1         0.3764537191239581
994.6874765854002    3813.5414389780917   1         0.3870848746979987
4343.28546129152     -5305.252117900359   1         0.5160216030933467
-3226.79381062075    -320.3382433926741   1         1.2248574744317757
-4392.426340748455   2138.1660040197885   1         0.8864493052194204
493.1493378083956    -4311.567513117801   1         0.9746647334734181
-4892.037776741975   1321.6177875793394   1         0.13158819521862108
-2123.7973141520747  -3766.307782433617   1         1.028195051330828
-3474.4283226869984  -3594.7897763060346  1         23.617969640762876
709.8682370688298    1088.2449886812963   1         0.8487317161703665
-4629.84924709994    -4346.414287047286   1         0.8973395883161068
3035.3348356771453   2903.1712149399805   1         10.423944303710073
4878.747124677979    4535.46969722517     1         0.8449134962889732
1580.6860754968495   -3658.9427433654     1         39.29896517818197
2510.3515705979326   -330.2700622914842   1         0.1250801640125958
-1802.9373074245214  2693.2808501790446   1         0.3783272282047949
868.5712078332027    2241.6457411774      1         41.9952385117798
913.7668800725196    -4606.049982418463   1         0.10190983121469478
2054.1901431080155   -1395.4909755026085  1         1.1035714724405878
4811.772411412807    -4035.5345805160723  1         1.114784424246087
-4953.503740516695   -2214.409351235177   1         0.9503387164184129
4820.038420501669    3927.8619743642907   1         48.4202150246708
-1427.3539324273333  2024.5574626034488   1         0.6839851644601933
1685.0647745373085   -637.4773542066378   1         0.718137297470178
-1591.1047972735291  4207.373439552937    1         11.961613195440318
-1757.8236193164446  -3720.0316277267725  1         0.9560447362033132
1106.3963131947814   -334.71441770304546  1         0.28574797769542026
-4020.5243569749155  -2566.1045790519092  1         1.074675602830153
3070.7601242000774   5179.876601971752    1         1.0694452119795035
-566.6686552723997   -2690.6883639001094  1         22.319862294009024
4751.013061824327    3411.525561515831    1         2.7472325653627694
-5341.131631472229   2508.897854115249    1         32.89194353485514
-224.43653357394584  628.1492718503021    1         20.897849141528095
4147.2179519917645   -106.56605707160492  1         28.736360067627764
2541.3436415976125   3716.5032367386343   1         0.8635564231783351
2370.0023084085983   4209.323848942842    1         1.004829545663599
-5101.949654424567   1401.819877869072    1         6.455926963782769
-3538.5137766554917  213.2008099175373    1         0.32789661939482473
1772.0638299309044   4465.194070248145    1         0.12851864782292782
3242.6503196283566   3202.5648108063087   1         0.23443659268208525
1281.0291494463188   -4807.281738094113   1         42.92206977103648
-3709.1275940708815  -4640.604913886756   1         0.8455572231428095
3537.5793101199247   -1826.5289255849032  1         0.22157638655883855
-4524.995571356265   -2158.418589426442   1         0.8666622544614894
562.3259340959878    3718.5985968825084   1         0.2500925017209752
2913.698767814499    56.392513123528836   1         0.9929116042262423
3054.5517273067817   1597.4093420211202   1         0.8577631791697224
500.0195849627679    4265.670545968446    1         0.5453187813550574
-4063.560317362559   3666.833951636122    1         14.102344525347648
952.1821147212125    -3620.8167964491568  1         40.92184909791976
-625.3445041092536   -2706.1312586074173  1         0.45796164212005797
-4830.343063260461   3392.532754959453    1         0.9964043566869462
1250.1359848114116   5293.701384681892    1         25.561308486768212
4151.0104658563605   -2714.1370580860566  1         15.277158178027504
2332.075980279228    -755.7237731126579   1         1.0859865494890126
-3361.667466913933   -4968.150899706099   1         0.3278354928928409
-3220.2532729920335  3364.165495049006    1         11.481259638245106
