trucks_count 2
drones_count 3
customers 32
depot 0.0 0.0
Coordinate X         Coordinate Y         Dronable Demand
4974.285433536069    1304.9199514553661   1         1.2297636771632303
7196.067709687003    7060.825555416647    1         0.6831470387514911
-4523.4795857457975  8831.260596206963    1         1.1836526163387229
6103.389680716203    3543.457398103508    1         1.0907907837431563
866.250943265185     -3300.931056836989   1         0.8617051978186583
-8869.048803636228   -2638.262696324803   1         0.5708435450859356
-2279.303553045819   -3743.356347312445   1         0.9642311727788461
3951.61387390989     1909.3324386542467   1         0.3468512552210911
4531.704190960149    -5924.851232802051   1         11.029010192393693
-3280.058458617844   3262.7306318964293   1         46.67578567247951
7745.560508215767    8472.642354868742    1         0.9430946181077103
4496.550828045709    -7583.242271462141   1         0.25238219667908013
-6554.757455649183   3497.0883097771175   1         0.1013734338271329
5046.477107885656    -1382.7552406230188  1         0.8476371620467748
5492.203865284784    -5424.112424108113   1         0.3224549823104594
8522.061416035895    4472.329631438307    1         1.096778703065183
-3208.578200107481   -8444.36959815149    1         0.22503394748616418
-1093.1628696970056  -2407.758765361399   1         0.3641134189174158
150.74280483338268   -7676.651810746507   1         0.18786363431373676
1036.2681653493655   -4713.530223228804   1         1.1936504715984544
3950.3607363619267   5208.558371139345    1         0.2424428548588555
1297.0782541252793   6811.409189914902    1         0.7897365207493171
-5753.331836432604   -3242.6099887308237  1         0.6722348649553558
8074.09475524344     -3289.747504954403   1         2.3786191397835186
-1423.3038428888121  -6271.780994390285   1         0.8789342785483923
-3940.7699024177446  -6743.80968631836    1         0.17682373505725
8165.626138042123    -1917.5746775159032  1         37.7834790217529
-8443.150557838526   -1298.1551045242447  1         0.9000644474794762
-210.64977288441136  6082.769441019689    1         46.9800586693901
4785.760697600284    -2634.332223120353   1         18.270233895717322
-1372.4828561636066  -572.3203286739379   1         0.3860089101743799
4947.916897725133    -6739.6719060741325  1         1.1099882680402278
