trucks_count 2
drones_count 3
customers 30
depot 0.0 0.0
Coordinate X         Coordinate Y         Dronable Demand
-1876.9210299196188  -10606.734340129788  1         36.20551645860399
6970.22384818499     1533.5460147500867   1         0.16065896851707864
-2100.6621464011305  -5874.738926123827   1         0.41592008668291447
6358.038279254817    -4399.398893178879   1         0.20246295811467674
9288.081873782547    5001.90527333996     1         0.2706947183420405
2631.395547088111    -644.0142524468648   1         0.9264859805505316
7071.7476104287125   -7777.638053305753   1         0.808942860094767
-12816.234188656052  -12812.317451629551  1         0.16263421809484468
-3933.0968491836643  -10182.82145429733   1         0.6254645294623792
7656.216684672053    -5164.112843402697   1         0.9266119379532961
-9714.975438464246   945.5921448452734    1         0.7491003535025063
-8394.462306827782   2753.649118925334    1         0.3015129647610211
-7386.301830951806   -2024.5055797383677  1         0.6160887057509175
-1438.8672641447338  1309.6799625850472   1         0.5611669242655606
2899.3954867225343   748.998380484063     1         12.484310651011453
-4388.7610043427685  -6637.783577621442   1         0.7198804126822546
9965.05065452697     -14791.68719097559   1         0.8837942245077465
2558.0792007572413   -5521.850048953366   1         0.9918169497539097
-469.27120656386995  4749.2459070990635   1         0.28864125748071146
-2947.3243823189086  -9073.57346876356    1         24.23526137656592
588.2752087448014    2910.1069539038936   1         42.92660474450748
-9909.819282720797   -3982.1418125290306  1         0.45378432193904017
11563.57075451687    -4298.889564011675   1         4.492335635388253
1667.791601537293    -6211.0302081792415  1         0.814985172127056
1954.5961504035615   -6904.937888425167   1         0.5456889280730287
-7786.150018210464   4811.1664756993805   1         0.7351849668219649
-1866.8662923716638  -2766.400374397812   1         39.79787259088431
2799.760723769652    2780.6361492136607   1         41.197076703746504
-12044.22539550646   -1398.1760552018204  1         41.98960669711819
-5966.83396853317    7798.305794091324    1         1.062432820056096
