trucks_count 5
drones_count 4
customers 83
depot 0.0 0.0
Coordinate X         Coordinate Y         Dronable Demand
9044.113373842163    -128.09472635511085  1         0.3859828057407071
-2740.536939860494   -89.70685969005763   1         0.9471861752424354
1478.513413456659    -2466.5124019834834  1         0.12295787802790957
6377.490041967505    933.4284587938309    1         0.8340684859453458
-842.7816039258032   4378.684714292864    1         0.6042245127078018
3040.676010918563    9613.79129911441     1         0.8729628677800322
2175.5728848661656   1157.9978265870104   1         0.37818272793951446
4159.128121697246    6665.172471581099    1         1.0544400551807744
8776.027216334516    -542.2012619138305   1         0.5178950665103758
8451.853747403204    -9303.573932169376   1         1.1775802315825408
-8617.209887450967   2905.42117572494     1         0.22408606128497488
7939.935476985151    -1140.92860239986    1         0.13845397191507264
-5315.399026795703   2218.5586745890855   1         0.9906434051057077
1400.9309270282056   9373.726112337896    1         1.0586340819212592
-4372.2444232765065  3440.9477995623224   1         42.26431502691024
9643.148891808989    2438.556173714305    1         0.9002220235721682
-9110.369022093799   -3402.703881152248   1         0.8000555300201706
-3073.60944945897    2593.5563956299757   1         0.17232541405721685
-5730.820721677895   -7958.154892497078   1         0.9473686973724452
4491.034976888734    3308.1795817645034   1         0.6665571942735237
7479.10602740475     -8321.082798389625   1         0.9538721975006362
-707.8318723795113   3239.7508429496474   1         43.65198600709063
10438.367284265592   -9644.290377319036   1         1.1686227998494627
-7834.1160634838     700.5893434024547    1         0.3722526632812063
-5325.269282532397   291.9185900819241    1         0.6299928485050268
2569.8652966371083   -6003.091977549384   1         1.0014303812394172
-4731.08487015442    -743.4725750345585   1         1.0228338389118699
339.383236571943     7528.472180687977    1         0.6437822306312745
-748.831179446358    -10017.295748143324  1         0.5917583598880287
2698.5290321159146   -2522.380900512324   1         0.7037869359896466
2166.0630012676816   -4162.64910757335    1         0.5796395184142664
5842.957037142755    -3456.5368732541565  1         0.5036001990844599
3719.743494735074    -1909.701832634053   1         0.3001829967360756
-3490.542071335843   4616.524353871059    1         0.913370768814274
-5882.687055301003   8564.471678324062    1         2.230972442883649
8972.404536602544    657.9926532315696    1         0.5863664955337412
-3534.677771214198   7906.793094027661    1         0.7829658060804334
9641.20315263632     236.04809054200268   1         0.9377134092534191
8303.636562905898    -7318.324464839787   1         41.73618478141845
6647.4117286621495   4916.353454002907    1         0.9004073636389308
-1443.128056460233   5836.396180711553    1         34.4400075209868
-870.2957445569824   -4325.276027328207   1         0.5781795034563124
660.1027659185469    1942.5825724364458   1         0.48856044269363785
1497.8511920492838   -480.4142719202657   1         0.18125698591226194
-8476.819923793624   6084.02403335511     1         0.7910466595815465
4686.962015494124    -1350.677715873895   1         0.5823607310877873
-3808.112410792672   1234.739609651471    1         0.225296461355951
5294.053069866666    7529.3676494860965   1         0.17586732466406046
4091.0678790526035   -1632.6419715594056  1         0.8769909479727959
-7291.604186328383   3845.6494882269103   1         0.1922051268542821
9943.755962255538    -2438.3075707756384  1         1.145400934462
3556.6535501192634   -8901.732516025448   1         0.8679700946842583
2811.8498105365543   -3983.0883828081814  1         0.4045879043463362
1664.124188383529    2969.47629990445     1         0.31085921802840666
6134.140820134064    -1886.4419768857708  1         0.48699807289605723
-8487.052287001583   4501.353583187522    1         0.9729423334048427
-10232.001782399342  2507.9505905901497   1         0.2860112599244001
-4057.8162481134127  4148.562605279862    1         1.0435082105887266
1648.0636610574074   -4773.807472602035   1         6.4573741439159775
-399.58757508386225  -2722.9027674963745  1         0.5038561425006428
3825.6252380659294   -3090.179934857448   1         0.22076364518260536
-5371.041394454399   8963.07387104255     1         0.6854923144451863
2970.9466575258302   2594.858154070511    1         0.7551945203008147
9861.296887649505    -4373.55507635943    1         29.00211369699764
751.4862297152762    -7996.352849475465   1         0.5059797618318739
-466.95699974096897  867.2029280394981    1         0.3724191302843075
-4656.620207927947   -5254.57432263537    1         0.6410810493887703
3742.3279309264035   5615.2259069080255   1         1.2227204589247582
1045.3716658285873   -3505.114466682806   1         0.7174065304642766
6228.1390060502035   -4972.628161096482   1         1.2065734642929749
-1599.6762091601167  3906.3030517433444   1         13.822015053434928
5445.695609413824    -8996.766851271677   1         0.18490565082473437
4847.230656494293    -665.0910686763724   1         13.406235136822168
2882.8658178246255   -1038.7232046204936  1         0.2405831596377532
-2967.6647999917222  3907.812163630715    1         0.34396495168763375
3304.936376794687    -276.0386832127624   1         19.804594514847633
5548.892279668487    -5938.497360915445   1         29.75046910243888
5314.924225957976    4596.51293348843     1         0.86674445416612
2538.5280179824945   3382.496533340182    1         1.1448299326836324
8102.4859432983685   6812.7572290555945   1         3.503628468360423
-7611.799185559559   -5391.414374872912   1         0.8610050406936608
-88.63572994532261   5117.202117119218    1         1.1086333033949394
5672.9327039512655   -2775.460505245412   1         0.4630787836624909
