trucks_count 4
drones_count 4
customers 83
depot 0.0 0.0
Coordinate X         Coordinate Y         Dronable Demand
16169.443826021507   -15606.339650651766  1         0.3126166962071738
6465.7355158110595   -3787.5600652567264  1         0.8907433292140322
-8715.928097362019   7305.618777061125    1         10.036500601297346
-9749.03207020926    2829.140587091695    1         0.39230561825943944
3506.75153784379     8527.042700877491    1         24.86563296224672
-7966.9490586960965  -11371.652572746758  1         0.6007525529074115
-6602.130489202499   -3170.029491692489   1         0.673998363593068
10724.978132245982   1831.891223948728    1         0.9616723211628035
12094.919859427915   3213.8257222594475   1         0.5277065746828818
-7553.399711530788   1222.7680128496886   1         14.93481744426568
-3029.644138184399   7333.669333173634    1         0.3795837797957693
3729.2551466539144   5407.180508102174    1         0.4582905360757795
4972.230437999655    7056.132208859783    1         3.7922448726483307
526.9806366421091    336.01669915094215   1         0.1576587133967966
1692.316992872273    -231.69590232152436  1         0.2524696821026928
1619.4259044318985   4862.709252729711    1         0.5215892350743655
-8056.440004712972   -2620.363747657113   1         0.9271328045417908
-4741.460587683762   3980.2229197106244   1         1.0144847139515316
5062.521524455817    -3038.0849251676077  1         5.145209028650461
-11502.622917307053  -9255.219052501874   1         0.9433190893078255
-5221.298630432909   -1501.2133490259555  1         0.9356868667987258
7574.778608427579    -2191.6913464552154  1         0.6861482447309509
-843.9503556966697   5002.888152864457    1         1.2414531380605924
510.82465901142155   -1590.7939291741425  1         0.9387336001213932
9319.236345383833    -5377.211223780809   1         22.76531454905181
-10265.191625300951  3546.1013655869538   1         0.31201266480206946
12892.088019853985   4906.259957335136    1         0.19890161108214954
5329.098260473873    5083.033693128793    1         47.63539345785852
-7817.249081554307   -2084.52569385632    1         0.17006429689262537
779.3706756352159    8272.600108049352    1         19.712768371075512
-945.4239142526772   -6329.564141433624   1         0.9086187326194477
2349.7518732659046   -3064.9611212575783  1         1.1291006570685436
-5585.8602713312475  -4715.294603879517   1         25.74182708583432
-2414.1926468098573  -13266.82572649462   1         0.954657221229118
-7991.047792216436   -1584.621128912438   1         0.27223310221387426
7137.558400313337    -8048.833765189534   1         1.1134212134207253
3554.040595638376    3356.848655594521    1         0.49307981950532065
4020.6629903036164   1420.9246790320444   1         1.113719503471433
-7940.374956099115   -1289.8400677525199  1         45.96124669472132
-3406.030955299814   -2147.73764586254    1         13.116462086766498
1288.6976269523861   7644.017973018106    1         0.6665268978081819
1766.0272992318169   6144.006703983279    1         0.37636369899717437
-1514.0705339617923  -4025.4478044487287  1         0.8061011672735396
15367.066901517137   -9564.908058148128   1         22.476314933247863
63.14393546962321    7935.553776353293    1         0.3921668877529756
-5571.270889862921   2543.6196173276408   1         0.9106285514836286
863.7609429432524    5954.156070779527    1         40.61109269210443
-422.3385969921219   16178.023876550182   1         47.37529513837734
13528.378552584607   7891.797442786123    1         40.843941917972145
1559.126843437639    -7832.18533836784    1         1.183740012857103
8016.9231736974625   396.3654273886023    1         0.23532362814635774
7125.90182545835     8943.85251457191     1         22.64777837256833
9027.1496180414      -5060.53421566523    1         36.50962703519194
8354.83323712029     -1540.223880014755   1         1.0499956892195643
2607.723056255704    4016.726970267251    1         0.3814084242847646
384.6277404279548    -2419.207862934293   1         0.2141101865812299
-1163.0891004915227  3825.2575263888207   1         41.07271978881024
1521.8391532870596   6754.104148070913    1         0.8542050712802726
-1007.9989769549031  8541.318873688733    1         0.8895383706176895
-2418.0379571349617  -9678.837804478057   1         0.5840584403779465
3898.2670800549504   -2149.6819027433967  1         0.5501332193482251
3798.482672817833    -1171.818991859901   1         0.18000661786575356
9566.548668344207    -3864.5159713076173  1         0.3453069890128814
2820.6439570415273   -2833.9315636850974  1         0.24294723128903806
-3400.1934986836304  -9076.326067344635   1         0.37333309219639454
-5763.5442055609     -6080.454333078296   1         1.082093065739311
-10002.25786013236   1233.1191995828742   1         1.1994921687818312
-5762.7343915618     4207.557929333486    1         0.8231717011617805
-2978.4627611444034  -4685.342766059334   1         1.235954458526369
-3608.1912883717846  -6012.218074987767   1         1.1823455341996063
16562.49421248285    6626.014933718834    1         1.2474598472370952
12421.646668158723   -180.24567191932874  1         42.26539216284985
-5352.35363667107    201.31975406309013   1         1.0942994414522549
8652.445903086837    -2652.69878016015    1         1.1471808407326838
403.80616716229866   -6125.191614282479   1         1.014793445093369
-432.36981700818353  5311.898868986259    1         0.7161357637771346
8785.177592208514    -5169.920684787489   1         8.679192828735133
-13385.985548255105  -7875.892587451348   1         31.374379885258943
-9329.100568930815   -258.4067795767777   1         0.6255689643320826
-892.1549659792604   8058.089684748466    1         0.7252827006161153
15417.803538550437   3855.6850218048894   1         7.527161866930013
597.7806152926407    7674.457577222621    1         0.5124384028454488
-8541.83123426885    -1728.3606184496202  1         0.28260520670768563
