trucks_count 5
drones_count 4
customers 95
depot 0.0 0.0
Coordinate X         Coordinate Y         Dronable Demand
-2916.4411930341166  -1641.7922805635153  1         0.6811260437933353
3721.041453101212    -8150.790565782638   1         0.5397101453925316
3150.0746540700475   -9684.957831636782   1         1.0120200086720188
8626.256571225535    -2139.121959301426   1         1.0508066028724237
-5217.6303485947865  6281.884697945422    1         0.3057080731130183
972.0369642977274    -10267.859576681996  1         0.23389357978880418
-1667.3855715116247  9987.532887227824    1         0.5657573509839522
-3176.6626507780757  1392.76715051579     1         0.5578079187543913
6038.206387041309    984.4102324762753    1         0.390777965955184
1977.3966858615775   4743.5976127098265   1         0.8753900033322205
-7337.058595313924   1450.3516711361558   1         0.8843233898438501
1536.0892570248986   3528.005179527643    1         1.194216408260146
-7252.06405705659    -7334.00492557434    1         0.9935272541249058
-3699.5389586576953  -6156.150255479365   1         1.178671627838938
3784.2978513460394   -3920.1065118225374  1         1.2362777497293647
-4511.540209725738   313.61697730717265   1         0.4757531882439351
-53.013107995042965  -5736.685690323724   1         24.358744125565043
6629.345915274893    -7585.228865751977   1         0.8943572026079997
-2921.484599601963   -4949.968474670022   1         0.4366427897623181
6224.8369373268715   -4115.065520778574   1         0.2500557834257062
509.824650650688     -9515.761229078851   1         13.734607271974886
-10136.775466194049  -7030.21241780405    1         0.7813565630492055
-1245.9299526448058  -8012.540757593795   1         0.14576319490506
-4381.667230759845   7160.271843340854    1         0.6941293203606518
1029.7708139373046   -9692.751523337745   1         1.123558677797224
5627.745954711056    -8858.161432002327   1         0.8586073428915926
-1231.7720167999757  8186.925826049889    1         0.42734762102499735
1931.1896029812633   -4997.30649801867    1         0.5399286516557024
-2946.03428561529    -3365.886406259421   1         0.29946333608554654
6886.900775189841    -8900.585618326522   1         0.5938784909042986
-3965.005574029339   -8751.241682363167   1         14.315037346865358
-5828.5487604675045  -2601.505967654508   1         0.6709660630187991
-5365.663049551983   -3772.8130039426296  1         1.1343246003731466
-3265.6268707629765  2255.0676745161372   1         14.79695145873647
10082.006874462208   332.02318421007874   1         0.9367496381047544
-6321.525710537442   2278.23275248799     1         0.934976516264906
-2440.872902964805   -512.7601714251063   1         0.49664501691115115
-6420.339516370545   7068.191724180908    1         23.68433925816872
8108.296543770352    -5723.447397037133   1         44.52084140463362
-9295.052184052256   7970.86669524936     1         2.7953644957350186
3722.8328868981134   2089.1195846018327   1         1.1871755342803476
3071.123714218451    -2789.0192812451223  1         1.0303711834064193
7112.24143790818     -5719.660692741949   1         1.0440551247641967
-9517.129962699843   3785.3008252967793   1         0.3109591812731318
-7203.679408509273   7419.932605192307    1         0.6036093952335412
1961.947094752521    -8719.537788408836   1         1.0441375943657598
10598.938331894746   -8172.770746182787   1         1.005590585713664
-5887.635395818196   -6504.611813187327   1         0.9650131779732705
-539.8529651111039   6945.76401945801     1         0.5484172917458934
-1942.6488496887755  4909.3111768352655   1         28.828371174530048
10316.10348940046    -10525.910624233537  1         48.02942609990468
-5946.359152363192   -4096.71599933714    1         0.5351616169452933
3377.6885217509553   880.1425255670601    1         0.5666409443938757
105.51930943308511   4343.649649746165    1         0.7415033347869394
5624.456428158475    -266.94779664297835  1         0.7942613746154601
2209.7536890650154   4737.021155833995    1         0.9742977564590943
2658.3216946034045   -5569.542762910078   1         0.6030251783111571
7002.311216451316    -654.5747278120814   1         0.6048942164632115
-2244.7261600151323  -8498.599669114665   1         0.8186906036903627
-5785.719571681037   -6727.909621774309   1         0.48517449455914363
-1347.2904614620793  -4918.775519201182   1         0.69681813809321
-1094.6546329782427  -15.354417148863547  1         42.684753708942274
-7858.948759770722   -7060.05140861429    1         36.96966392743754
6390.246930141289    3432.0577931546222   1         17.61770567954202
-427.52270302610304  1754.298249764819    1         0.38632527877997525
10034.61301596456    7638.229616350998    1         1.154497868980254
-7789.978024910883   -3662.4102096386355  1         0.5182714904072088
-350.66877587793596  -5907.432364015562   1         0.848937914795846
-7734.401040778051   2661.6368366189436   1         0.3921677777119221
-5486.375305384075   1911.4487786799118   1         1.2151822744205723
7531.323357862631    -2429.64298166659    1         0.9478959716163051
60.37289585567003    1245.0043110675376   1         0.8819346875604491
4620.652722072942    4335.551358742811    1         0.30679922919433344
9428.839439329875    3886.607073613339    1         12.49644130426841
10076.871837593686   -3909.3439415631033  1         0.2988772441741794
-2732.510075406435   -6817.1972937355695  1         31.9365707225446
-5530.787865128504   -4137.460385938443   1         1.0982690864666533
-9480.980147513901   -3135.9232383125845  1         0.35211325679777283
2579.1436907602633   8229.658348722478    1         1.2043760413475104
-9830.999791546885   -2232.8457682919498  1         7.387795681186916
1424.2538739561933   2475.3542784289048   1         0.6444346717134967
-599.1487870855719   -2153.794993620682   1         14.442458824714462
-5090.916788536009   -79.51549701616717   1         0.7207930210532634
-3305.461228974062   -522.1604434642876   1         1.1261019790198434
8527.630092683712    -224.12298187555442  1         0.31016851330356154
8421.682846363865    2971.1229832470162   1         0.973909414960009
-2357.6642174482895  -9240.579504943205   1         5.835891237092614
3324.1299784366433   2934.7416250252218   1         10.907213268342925
2906.208772982596    -8080.667651876586   1         31.510899914593647
8158.433913358021    -6832.647096065958   1         0.9636458301732064
-7592.312329056736   -8152.07368811087    1         8.882927110180997
-7480.478437222446   -1256.6497516158474  1         42.3162989160686
-2571.065336900887   7418.083206343       1         1.2036200661066463
-2575.630833731308   276.1184823326076    1         0.8264632792144923
-94.30157207887274   2972.501824229886    1         0.4480742983518057
