trucks_count 4
drones_count 6
customers 89
depot 0.0 0.0
Coordinate X         Coordinate Y         Dronable Demand
-3360.189538471323   743.8513048417626    1         0.41157875848167613
2851.414547071652    -6167.525821050315   1         0.4463988655619098
2413.4818016170498   -508.6905077229976   1         0.12399071873976421
-4404.591762410466   -3561.4990127920005  1         32.4060436855782
2976.750637339549    3044.1243062896533   1         0.5498410569608141
5695.835622949578    5114.098810369084    1         1.176492314189307
-4400.212760515477   3706.1471104092557   1         0.2467287682682219
-2943.621770395489   -3640.4683859487905  1         0.2086713505414834
5053.011414875542    3850.069457664942    1         0.9309282414949402
-1710.0202678182882  -3230.677073788605   1         0.48656834970129814
-2575.9489198135325  -1926.685202593334   1         10.156863065904773
-567.0917792655353   -884.0724267585756   1         0.14192326940244154
3012.458953327514    -2967.210104628838   1         39.08573738510723
3450.0669406194074   -5193.224606579406   1         0.6155518363607985
-3898.1376933382217  -6036.100606850948   1         0.9028918740403733
2410.6495592726596   68.83722589235968    1         0.552780194340636
-1426.5997949234738  1600.5790511660941   1         0.32308297497939387
5221.589028544203    3122.8738228857164   1         0.9424046240326831
2806.287606096962    3707.0794891757982   1         36.67971078124299
-5193.7822634173435  -5698.684931291603   1         0.5396505126681469
-138.74862650057193  -3209.551210422515   1         0.5157624716552479
-2158.156481807924   4449.153622258747    1         1.1458675889886074
-45.74554762944759   1917.7315445640895   1         0.7546657934084205
-3499.9892329559675  4391.57344272053     1         1.1712607984460364
-1133.1246582999102  4411.834402965791    1         28.58099445988748
-2663.063894241939   -3511.013174791867   1         38.118072939591194
5961.099930066199    1992.5385998081435   1         3.5064578384196405
-5342.550864279752   5678.747856199112    1         11.415297926792052
-687.4068950344351   5797.4511655331335   1         0.9663797204652734
-2283.9712657488058  3549.3209686816176   1         0.5752403456745998
3966.3360349758987   -2916.8185873343937  1         1.2286344013173356
-3899.48929825496    -3167.0011033111005  1         0.9042140666983413
-4890.563550143754   -3736.2076524444615  1         3.420444325771208
5636.060810659143    645.5642708825144    1         0.5888245715805299
-4352.693578071192   2154.9280867157877   1         0.9580035687700232
-780.239805886733    5651.680515063821    1         0.44515215127572083
2678.6807421470885   3627.236441822563    1         0.562122204657963
-3142.607248290664   -1609.143523283572   1         0.1598967638387431
-3263.5800326369194  1158.4082295350454   1         0.22380376111482847
-6113.702008113988   5968.729853354505    1         0.26662486743644254
-5019.576189083469   -1632.9183492404222  1         17.393426841142354
1600.442480617298    452.32446800670124   1         1.2142463174161595
-3768.3522532017696  1289.402128445868    1         42.651884001951714
151.24439454528178   -5375.167990257932   1         0.3876319824744242
4545.150469757568    1113.7132495542153   1         0.9492598796308125
3222.174044169625    3016.8530760011868   1         0.7111923007427455
-1298.3615340896154  -1780.5080031732061  1         0.27028538994246054
-4023.5534263909963  583.4111392410493    1         0.9372650054555192
3719.552856770462    -1233.8592689640132  1         0.4632658464895453
-5484.490329609721   -5311.817960540838   1         24.50255048569386
-3519.9618382376784  5498.177254476996    1         1.1350947566188798
-5069.584576219105   -3290.713214601036   1         0.8141455331810789
4267.517104961882    579.7003675475131    1         17.845400692891744
1119.2315280928642   -4750.696668813758   1         0.24612091899700522
-3593.63061865405    1397.9386023717013   1         1.0111601890235178
-8.525913044530784   4424.103927366188    1         0.16743708485939043
-494.8391868892422   -5405.009848623659   1         0.6873620996862665
-699.2091033608931   -3947.184966479613   1         0.4024146309291683
-940.2866538432979   2180.3548082383536   1         0.7078888785244728
-2349.401061119983   5052.34646478458     1         0.420245624451959
1731.6084596839185   3778.2008450162607   1         0.26770219104854565
3396.5574089615316   5774.967120890938    1         0.22838185705353034
4905.525291862843    -4742.000089261039   1         6.8982001379862465
-1916.5436159657677  4259.393473560189    1         1.221028728569693
3851.4791666518477   -4097.220435098531   1         24.798063235292712
780.130756252175     115.27340846906809   1         0.3361469606714879
-2454.1582251579343  1868.4085432539587   1         0.5837647796901849
2253.4063465071595   -496.9104822375577   1         38.143025764151005
3077.2142874054293   -129.2355422460207   1         0.3657831394113159
2683.030245257589    -5968.893328823531   1         0.3268049475635529
2063.7854043093575   -3841.220218192882   1         0.5468837589917774
4154.937071627195    4344.371631302424    1         0.5107224534899398
-3986.689509121704   4380.655498015705    1         7.328264863967641
-1543.160487817352   1640.7982385623936   1         0.9901772055187865
-5496.788899297085   -1634.5426407220427  1         0.402730148202469
-130.76497446234058  -5324.4390688679705  1         0.6878335642023875
-4127.997511478136   -3609.698011004716   1         1.1612138984993432
-5072.795185381671   -3872.5920589504144  1         0.8074607881953457
1122.9148991447353   3194.4743177190408   1         39.40369575320766
-3547.470113228358   1345.7607288596764   1         0.5228946116683827
-4442.314515551947   2802.03450694853     1         1.1936905574546741
1918.3429724528894   -783.2178954535891   1         0.5540094431331795
-406.56223635415625  5894.692557149993    1         0.7686714593694202
6162.546060892503    706.6166265747294    1         0.4204841368808251
-2049.936967969237   1954.263838971951    1         0.6605291071809605
5912.9252474065825   -4015.7618503308186  1         0.2240277423274492
4806.7959024773      2370.981030886078    1         0.3126328390397296
5023.610743478766    5553.427741043824    1         0.7549184687039279
194.87212438375394   -4625.153185931091   1         0.31575196140903083
