trucks_count 3
drones_count 2
customers 39
depot 0.0 0.0
Coordinate X         Coordinate Y         Dronable Demand
-3918.724388490314   -2325.8524376278783  1         1.0969523310147644
-1114.7529862335923  -4279.18604024835    1         1.1030754603204735
-5435.494207742672   3169.5908418275426   1         0.40433299549979074
-2095.304593780814   6982.170252824419    1         0.22262148901365236
-9048.933946651945   3663.5733637806447   1         0.9348383293980459
-1452.4814676393926  -2153.345865659514   1         1.0445126508495766
-2406.968127440581   -9013.435496004688   1         0.9623978142523109
4923.0370628314795   -1643.410404435517   1         27.895826633188044
1992.0284823586544   -5118.355308233165   1         0.46613860883237834
114.95628113901284   5543.036457471101    1         1.1776690018528206
-9183.26831751168    1577.5130500662178   1         0.7483831802303951
-3368.6086683972167  7036.031514657457    1         0.6552246002420016
-7000.984361383313   5185.174804739288    1         16.750050503634093
-5259.975865461159   -8715.068107615176   1         32.45291680373424
-3400.5107087402234  -8749.58959343445    1         0.5714187431461435
8078.105019602421    2692.529029291861    1         0.7338162363404488
4283.337473071392    7492.125785086383    1         1.0415970350866428
-1574.529080882805   6913.0438118903185   1         0.2405405084203893
2202.5313090940663   9297.512916279116    1         0.48167184530332796
1301.2197010252212   5690.284239885323    1         0.8470092708148586
3984.3569719648162   4020.6100565940637   1         0.2554072021788427
-5276.403324204999   5683.090599449979    1         0.102331597661035
-1023.5923989131095  1345.172574199076    1         36.896542301274394
-8581.112962752304   1510.6571892056909   1         43.37086974509003
-5498.500871898772   7916.309519837289    1         0.3513646919494169
-3304.020117806649   -6832.664789664243   1         0.61876657801571
-6115.134777575175   8965.122881201989    1         33.73086909937103
1191.831470337089    6671.026235345343    1         11.490283071923628
6932.605270701055    6179.934577337604    1         0.7064073555217526
7880.355122088529    6100.4374066767705   1         0.7180700965170532
-6350.944429860113   8440.470675713716    1         0.9086783637322782
-1342.2586770737478  -4405.4251265830335  1         0.5554398208564948
9307.292911698654    2321.87464718885     1         0.56532127033731
73.99486189286768    -8856.634973555918   1         9.724743638004224
5006.5038398615525   -3734.681143862192   1         0.3624576643541346
-6391.476422884497   -4947.547315255879   1         0.9475250967463289
-6484.653414966953   -689.6941792731315   1         1.2433841017763387
9230.026691798377    3848.7424964091615   1         0.4274805999494904
-2094.5830146242474  652.0028806366224    1         0.5822896371332705
