trucks_count 6
drones_count 5
customers 91
depot 0.0 0.0
Coordinate X         Coordinate Y         Dronable Demand
9463.495993945915    1798.4089739983708   1         0.11502892499327848
2528.3145197461467   9466.261714887727    1         1.1613523358388358
-2207.325633933166   -435.58531499650667  1         23.185718773959216
943.8587971122198    6649.995942170188    1         1.1451666697994944
8275.66097632305     3939.5513092264223   1         0.9483037541637387
3210.6234195978795   -7514.0687122335     1         27.66243939567252
3081.7628515845918   6093.763499474684    1         0.7548089707808536
-4140.930581739397   8781.658548286354    1         0.6667209769822586
-3121.5933829484534  788.6484575338933    1         0.9343582217711132
-583.2749301428184   -8308.609425391945   1         48.910232472166584
-4384.374602709959   -1983.0415368877736  1         0.4618707236725732
-2618.7090132243025  10486.939543945184   1         0.9203173089421316
-840.5760662280912   7197.946858648855    1         33.35936799623195
-10174.201971865527  1133.4588303020407   1         0.9702667639271683
-1071.00884403196    3583.846365911146    1         1.231250537155922
-2566.4392021657145  -6765.99279865038    1         8.743279713560739
9771.977667558414    3543.4565678520003   1         0.5364430733399237
-1982.9067848726365  -7019.964065736754   1         1.181804588047625
5632.427625283746    -3757.2729783928885  1         6.046915352108611
2150.8795548993917   2882.4011082863703   1         0.7666132777715843
1128.488835468429    10588.463312428845   1         35.792136497089025
11492.478018527363   4199.980141704895    1         0.9804232629086154
10819.00506740432    -1425.1903488851933  1         1.1528442468076585
2219.273655492089    -985.1696831093211   1         0.36670204296716113
76.33199990598227    -4789.916023657169   1         1.1177604835974988
-2892.336503710936   -1067.2012235983057  1         0.4305643324672078
-3441.3917621075348  82.61554685764017    1         0.34117751312936234
-5047.081760020011   9716.758774555237    1         1.0146238909351064
-3773.9925329269986  -6628.047920459654   1         0.4892864573260576
-7033.512302358985   -6146.141572683143   1         0.3061127570067578
-9767.327679022945   11951.239126412314   1         6.675078496573949
1957.024102494821    -9112.794706877485   1         13.7926688500066
-97.21351050374427   6464.839303075695    1         1.0914120505672664
1642.2634236904523   7251.369156359371    1         0.18898469335245446
7628.439681541825    -4119.8592191415355  1         0.9340319154297199
-10064.303679368595  -3457.87440144988    1         0.4781337645152536
-8709.750745339034   4739.2984640147615   1         1.1631742875931512
-9928.536776843323   3572.021513378165    1         40.02500728045133
-6031.818878319325   -4890.15487138486    1         0.7153176296026317
4560.635109753634    -3096.9798713881933  1         0.22838911622057625
9207.413798639393    -1871.838383615353   1         0.2707263749472357
319.69281917360865   -10314.860096004604  1         0.9966322542301785
8870.565063734137    -1716.9834358645055  1         0.40776377834750144
-5782.502530468425   -7092.492727331707   1         0.987695449043886
-8413.873747529224   3828.656932007523    1         13.579417090044043
-5540.218033741649   -4817.9107688861495  1         0.5923502684816705
-870.6614414741955   -7233.027588873641   1         0.45531638277134534
-2970.8846322723894  -9179.40209201235    1         0.12259099672706858
913.5923230341831    -8926.762840436235   1         0.5782927267453032
-1480.6985464532145  -5718.733468179932   1         1.0910266772534256
-6893.214685257995   -405.3708948188546   1         0.1516392651808328
-6406.337554289584   -4159.568289129272   1         0.30322553590692936
3064.278943954904    9224.65775979778     1         0.4282745535214456
-8864.17502117465    -9878.083506214818   1         28.286070087197807
6044.273496868414    4625.381694617296    1         0.2534600565778039
9428.853017943968    -500.59109747517255  1         0.11450297804628408
-107.76235946854742  -1849.6082683983989  1         1.0185141607104735
10260.330634024118   13072.147631840526   1         1.237046971776169
-4787.2643881527765  -744.8839755382243   1         1.0775722146077982
-5003.49167689797    7879.6489838040425   1         0.9898922832227304
9788.470956125388    45.68869520118966    1         0.8754762309762025
10655.846394298977   -1643.7906453898984  1         6.118158138378324
-3086.3502421302387  -4223.563673369519   1         0.2518863363847319
-4732.5638977381595  -2879.001610930126   1         1.8564391895351706
3222.7032028541958   -2195.233914348833   1         0.36976428995142097
-3704.5191388912913  -3054.434876757865   1         0.8278862477964595
-5953.677326796161   5112.547412625258    1         1.1580614319953184
4438.703279701727    1612.9408728850776   1         0.34555655837034793
7802.373100305827    868.8929672433186    1         0.5855380261505588
2881.572408099813    -7210.126644226033   1         0.7518922670467545
877.5970018108601    -1503.2542571194808  1         1.0932062219545782
-6186.070780019347   -8710.57935364658    1         30.491111658085128
1773.9606250516556   -8590.991401310124   1         0.8265031608643972
-2112.736441638119   -3935.749305856867   1         0.27532494257671525
81.4747530447965     4136.533908532441    1         1.065178456305939
7856.60595919317     9034.753479307725    1         46.74740815789558
5518.295700742128    -1744.0277032694685  1         11.759100906075407
-5938.489696659422   -3712.4889353254034  1         1.3727346102204157
7911.311399049578    -37.65557864471541   1         0.3544147365886945
4541.1657591845205   -6245.733645685997   1         0.6076496040056464
6562.275188786815    -4135.7607601387135  1         0.7293270697000805
-2549.8939231249437  5084.787705661046    1         0.2710771984827047
931.2553458696567    -4361.440616982437   1         0.6254183409117574
1166.6865565501384   3102.2990462752564   1         0.8777046325854037
-6059.642008474429   -8401.823052039483   1         0.1406362505321977
5805.570512525549    4490.520031905662    1         0.9471204093120172
6093.718616053963    -7668.966923276042   1         0.6492734798774622
1965.0207637731758   -4685.616310632345   1         1.052207810683876
-13067.610441309827  11913.249919150614   1         0.7718851785411012
1917.1437765353153   4921.352826655614    1         0.9855845994783823
4356.5987704688      9957.423904865442    1         0.8023691989951954
