trucks_count 3
drones_count 3
customers 54
depot 0.0 0.0
Coordinate X         Coordinate Y         Dronable Demand
4128.591841339616    -2951.934341849337   1         1.141428797684665
6737.240641752056    -6537.630001583101   1         0.8247538611407522
-6076.624824125818   -3627.2007836041894  1         0.47938675404726316
1987.3322339794154   -8074.153304144818   1         0.7240864233343608
506.75459319648235   -7479.460910996525   1         0.78448309020223
5493.93401484039     7222.972921786095    1         0.8672840511329893
-2549.52714257515    -3639.8083744992955  1         0.9493184502566875
-2987.8471831123456  -7499.025485677798   1         0.2599489504589123
-1861.9538558219313  -511.13347043305754  1         0.30231110429898916
-3557.5159361380433  -4271.0080491950375  1         0.2671812782879252
-3567.2814552793916  -1443.9524760911972  1         0.45043721847130314
132.1391787186459    3137.908409718794    1         0.6755901094026427
4847.289511999153    8457.616903463508    1         0.8658354538984115
-3674.1565748730964  360.5932173985332    1         0.6877278214577359
-5466.605661230062   635.8105866232011    1         0.8051242719386071
7368.5446737164475   2124.141239326625    1         0.2919877109315671
-2357.309618684786   -8457.146638059241   1         0.48008948384878647
4126.444155401984    5741.909916154722    1         0.5878556884212213
-3589.5355663191517  3401.315020888992    1         0.48131431690100357
-4575.424093535357   7689.647196496332    1         9.420992515098428
2432.585545541525    -4654.136898802591   1         0.5538343089195749
7571.541877825095    7697.462179139539    1         0.6638398907799392
-1823.0031287649938  -1097.780787831411   1         0.9438659228400512
-3491.1906257949786  -775.599018108566    1         0.8609049856792563
552.8968173067472    -7950.805774859317   1         1.176341107569956
5833.605136125061    5088.357564253931    1         1.1252543863304947
5576.124537207293    -7115.257296586569   1         0.6804719836628623
6187.191541484757    6257.07615446457     1         1.1500915391845266
5791.180535977049    -1304.1170856352048  1         0.4352107235151291
6468.179232971186    3806.1211476535937   1         36.04381359804355
6095.963258724265    -1560.7523437611924  1         1.0549106087993698
-1728.8617768817212  4105.277376731331    1         47.25447612312053
-8289.83357344927    -1789.010152247313   1         0.4164155034056898
8474.777998167172    3663.3209553822912   1         0.1846010862671964
3700.4020221601763   6317.796506266882    1         0.1594625514722581
1320.445667506447    -3414.778702964765   1         1.0419704066887463
-3774.0158117593364  1028.6942371759912   1         1.2280955479291544
-4944.660104007039   -857.4240732129598   1         0.6757055433871605
-7562.232467169634   1498.7390731583375   1         0.26916979903343397
2246.945855762343    -5.830590041727893   1         5.342228070867879
6570.476505756807    5623.003439217164    1         0.3600178954676111
4347.508281510698    -3499.807937521302   1         0.22379752877426268
5935.918646429313    -4914.424371816435   1         0.6949401091877001
2823.6229480801803   1792.9444277176124   1         8.661408878845194
-5015.600110120169   -5321.060851272439   1         0.6022078733334899
5495.758308543268    -4793.652001122399   1         0.9047267775137299
-8403.986716476538   -110.04397415144523  1         0.45940449267880257
5493.512378201175    -4234.993850520125   1         34.110907022644135
-4503.364002791863   6734.463247021369    1         0.6205435599664529
-1249.317505210641   2170.751932082122    1         47.899084853476644
7857.365945964525    2510.9391449502896   1         0.10994003882389951
-4265.707000311323   7760.545060240502    1         1.2147727423105437
3945.9692158071575   3817.3033115855965   1         1.168529332925049
-36.19414491207991   2716.5900658086225   1         0.2924797094663741
