trucks_count 4
drones_count 5
customers 80
depot 0.0 0.0
Coordinate X         Coordinate Y         Dronable Demand
-2112.904819224151   5125.003784798077    1         0.8892517769900724
5708.945149569622    2893.8180657970283   1         0.9897379945334369
-7622.789898023625   3590.3236912494863   1         1.1738179019972173
-2966.7167872643886  -3420.0128633153245  1         0.7389801337242435
-9736.535978996284   2055.5475465183463   1         0.6258538319476511
3526.1381227187057   -5560.386543318466   1         7.738577051364358
2701.9153426764906   -4186.172892821312   1         1.1405066614975246
3280.391785663406    -5184.64017943932    1         1.046154154147961
-2632.7454382809187  -7405.593758813666   1         0.5801640526680815
2469.9433015312134   -7081.938836334032   1         0.6836087999227459
-2685.714315559287   3557.736095065311    1         7.776084314497347
-270.1961231745488   -844.791606026305    1         0.10526923784681347
-994.5206655785048   -5195.109293747244   1         1.225271309159589
-4724.239892877537   7607.958591000205    1         0.1082947994570247
-814.6519113261438   9807.382150459329    1         0.15892489480475053
1557.0476645891247   4083.4617967956265   1         0.6384783289875113
4533.328720761446    -6321.246880555171   1         0.2077454002533865
8149.987990996928    2669.343672147417    1         1.0410969726480226
-4938.399065069336   -9576.998673302689   1         0.3551871339657714
395.4605420064978    -2041.8604018292826  1         0.30916876581934427
3847.0652792048113   -8641.292887131603   1         0.5716667971995998
-8774.546644484306   2291.7112227966586   1         24.185849669606178
6050.18190789593     -6794.081487362783   1         42.18894330345369
1737.0386995351075   9699.109553771983    1         0.4577493430805757
-12.035209250163927  -5514.847929629529   1         1.0483374091371964
9244.437842010557    3861.288382187358    1         0.576650476649436
9867.55548096566     9010.798844608282    1         27.774228669706165
-6467.325532593303   -1769.3863751487643  1         0.638364155971145
5898.62233021665     -5032.11841668733    1         14.227348047506041
1475.6235603478754   7072.653370809959    1         0.1972113981922886
3283.917003440728    -6287.930919557036   1         0.382520194510362
4253.007160181729    4934.659971747538    1         0.5766183314823999
2188.5970172753828   619.3676864235255    1         0.5551315006931092
-2438.1577861883834  8426.169104292097    1         0.4411535397436712
-3692.2030530691736  842.9920627558956    1         0.5176225867299249
-2732.7815622757103  1121.3480166975712   1         1.04654614734706
-507.5119524320017   -4986.919429875405   1         20.197678261758586
221.61985315150062   5846.164777345802    1         0.6032676362394452
-3319.019642823968   -3002.1983494292817  1         0.6498563327874072
-1910.3932993186795  -3259.0139106825027  1         1.1704328296884856
1187.890218157349    5960.129801809801    1         14.301595681172765
6935.214341042687    -2996.0240129958947  1         1.227579387817877
-7923.323950831258   7146.254261703803    1         8.240000381002934
-6745.775622900563   -7675.547052703003   1         0.6125827207724941
-4770.129032188366   -6191.237295849681   1         1.1130006501911467
6951.186068165562    -2991.756379421117   1         0.4551969279377296
-6790.823274096516   -4264.44502189418    1         0.12568842136634387
-4059.567191415317   6380.641188269002    1         11.404994903268923
1676.4930255770373   9119.515003115344    1         0.5327073650791552
-3875.8369982462946  3477.9019773745194   1         0.8682804756157159
-3942.5895843353833  -1732.0301649838732  1         1.1866113380694474
297.13008010976955   -475.8423866203807   1         0.4732437117760754
-8522.81616474206    1110.051228285427    1         0.17723925348715636
2176.7105086541023   3018.210761122724    1         0.3115151090809064
-8864.527862929988   4145.506395975955    1         0.16700745578821719
-2488.8678251894057  3534.5633233946114   1         0.3064834108629546
-7728.135792955164   2409.1455032758      1         0.13618475524335857
5411.181189773926    61.447283483380644   1         14.639887529455693
-4257.144129338169   213.64613521167144   1         0.4738897684325757
7567.9043970945195   5870.556252199413    1         0.6742349937663792
3578.3245241662394   -3042.2428164667267  1         42.483669426267106
-6132.39226272162    -4942.59855143302    1         0.27508160828347644
-7481.752181351254   2794.5777012051994   1         0.24075820907018655
-7412.156859731613   5957.847893615056    1         25.20094613792232
9547.437344131013    -4907.217553033137   1         1.2485743415599984
-3925.680769485416   8609.411987627616    1         1.1229583916984516
722.0932263979632    -7415.303762551964   1         0.7430851047076511
-661.9367859714101   3932.7279591744655   1         0.25560748550593904
-180.44201745110055  6013.725739404587    1         0.7055344421073887
-9408.78556677681    -5231.878555981112   1         0.4043728650290934
6086.620438320105    -7354.766890252105   1         0.5204489209056155
5961.414165240164    -4229.990028208232   1         0.43996181699881187
-7525.799194065873   -4734.628001007884   1         0.20790399091609763
1835.8035995772536   -3795.5387969315248  1         0.5758458392733967
1471.9659711145232   1927.0675129384094   1         0.6211731234220828
-5434.915507503666   -1193.442089238323   1         0.7640133391671708
1647.282118654468    -7040.852159981836   1         1.025095779076897
-5552.22907337627    -8824.631548113508   1         0.7708023760617756
6357.577171990841    1526.8599241449665   1         1.2273718042959192
8939.750343245943    2207.5505116888876   1         0.5499184841673351
