trucks_count 4
drones_count 5
customers 100
depot 0.0 0.0
Coordinate X         Coordinate Y         Dronable Demand
8613.288474216359    -4178.096925304051   1         0.3631658784801116
4240.511686792529    1095.0892441870385   1         3.20491630233468
-6975.250186105646   6732.006671817229    1         0.6277144911088199
-9509.666909385458   -1468.1481027803857  1         0.6792869327376029
-2886.720378747792   -6826.716692411712   1         1.1496088503171833
-6329.449455722854   -6360.576662808164   1         41.746857314378325
13752.065488622891   -9224.019795284868   1         3.7635036345167623
-3011.0518775206187  6301.751123091467    1         0.3172165530676866
1889.913090225014    8243.700245542806    1         1.182283957903712
3222.883443726758    6431.40696135816     1         0.9771613432206008
-4511.186420443077   14205.446068983649   1         1.6918837112923002
8236.540737336567    2662.1675733621682   1         0.9976409745153889
1137.3357175746569   -14437.633251433637  1         19.986189555335983
5322.526754137119    -9342.279398811845   1         39.788144510689925
-6287.7342891983735  9383.406227144998    1         1.245231752307718
-856.133564817613    9886.500272384525    1         0.4522664693269045
-1651.1565117013743  8913.032256905146    1         1.058736275265603
-7433.153545267167   -7622.2601111955355  1         0.68333846388872
8208.871539558184    -7235.473913154668   1         1.0940675632637467
-3300.817169704637   -8981.888795541445   1         0.40500537319582985
-1016.1628378759528  -10230.641286406722  1         0.9755638809821212
-7395.91257231117    -5841.183392709404   1         0.934136421850238
3363.093757338856    8585.598045716453    1         1.0621293233310485
-9936.49134130023    -1023.7819242885728  1         0.7582407936319793
-8814.2036016652     -3675.5012019696837  1         0.914512032780761
8181.407405834731    4338.286161655937    1         33.453812909539614
587.9815853266731    -10358.711345198868  1         1.2006731971949343
-4479.885848928358   -8726.825401888966   1         0.8054737155233658
-1155.4874687968797  -4037.978724130182   1         0.7351303885841207
6097.878711894913    2701.9372069130845   1         0.18108260741763316
612.4778129548438    -7384.864923733533   1         0.28833289770768555
7630.889587631836    -1378.9768421090466  1         1.0551105422711948
9291.137145726505    3503.827633530851    1         1.0308557556564029
-4240.250138159645   -7188.709884139017   1         32.18755360872845
1998.7335989447672   -1553.4674853981924  1         0.3411321117744085
1986.018490253599    9567.53501424702     1         1.163214773590425
6534.297115239486    5013.316618953382    1         1.1784039004638185
4572.74298335408     7850.328802707534    1         30.50777235196548
8426.042523072909    -6387.27436521309    1         0.22218254995282777
-9394.770715972461   -5154.351714201063   1         0.8922553261164738
-1816.4616945284306  -3769.8141354702275  1         1.1480923418048843
7980.634474985545    604.1118616677749    1         1.2003935718509053
-2414.62273349313    -162.92041077394242  1         0.6931182651490061
3070.9877255392034   -544.6093073326795   1         0.9084494500910478
6387.706124678575    3199.97142604299     1         0.9594934132274894
-5604.833096555183   6489.746676512947    1         0.2905282678088026
-9200.77531438251    1313.1072041286711   1         48.57627095907806
-424.07622352508616  781.4183151423821    1         1.240798203031037
4032.14952267707     1755.982131763475    1         0.3537834315167111
-9005.6507227195     304.97280532338294   1         0.40591176265891227
-5661.320780426979   5275.539444649935    1         0.14445403465117598
-5743.039123060202   -867.4757731686843   1         0.9706103679687155
-8669.35458939787    -3009.0941785535556  1         1.08337740866461
-1840.2763153637152  -8167.816309956775   1         0.7111499753944305
-7831.740865089768   -1770.002939217215   1         0.9960199084517289
-15493.928698656775  8673.819332142077    1         0.538281448227111
2250.366024290012    -7632.919582609536   1         0.7224408952959986
-4996.519291174396   5494.626643052812    1         1.0978931718202234
225.28389040378872   4971.439576375383    1         0.935912133637421
7354.474791057026    3133.598337213676    1         43.24803988059002
-11466.006427386146  -8438.966193183984   1         0.39785447714126865
-6650.040601559771   1770.2009594047602   1         0.7701823187858396
5919.888720684056    5459.9667824314      1         0.6256448932141498
-1620.7061091032035  8149.568297573001    1         0.8364545834845758
365.7776541857779    7028.52676316682     1         0.6278057692269559
58.732269222959395   293.42373278969336   1         0.3267337154866561
1864.3679759507727   2431.7596697761683   1         1.2040473494059953
-4440.573917096975   -3780.9071658343087  1         1.0363418779938809
6426.222364442296    -2902.019950577811   1         0.479456891032907
-8790.051137197146   2147.6055423701423   1         1.1661069437751876
3754.603215943811    12029.441137735383   1         15.811477056715601
8767.70906982935     12285.732349450183   1         17.26796221230945
4465.381508164373    14874.301633449919   1         1.0255260187915123
2644.8789353662696   -1203.4736248791153  1         0.5112131934001559
2467.6647705302926   -8801.037188116077   1         0.297828367755842
-696.1511162321285   2338.9796550645156   1         0.7544216623829669
7558.737935119212    6238.019264717545    1         1.0710315677201498
-4503.979019085771   4733.509385407431    1         0.5165853397123578
2676.9024881296627   -492.818555637904    1         0.6639337186511942
-8861.399357417027   -87.62884908158213   1         17.840181843752582
-6669.400901648868   -4565.740805157067   1         0.7700343562325532
10059.96319232492    -4308.040256669142   1         0.6683180243256391
4345.316050173751    6187.799572960244    1         0.3846952817342558
-7972.804304929192   876.4868033030906    1         0.8212462295000749
-1752.1828607075186  -1516.3377102419474  1         0.6870800927940603
-1721.8684049883273  9325.507392053563    1         1.0024636596076755
1751.9520511218661   10742.336721918933   1         0.5805790055481498
7423.90858300597     807.4752806521807    1         10.27000142006665
-7223.372354842312   -6772.969497126953   1         1.1581256166706733
1167.6434193537982   -7199.170047972422   1         0.3648083619801813
-2034.5399379161631  -757.4414903410209   1         0.8346880604655241
-4813.907259830621   -4211.868752320269   1         35.484489608431
-2788.0359545339957  -2204.3329218950903  1         0.648247128949729
3276.194442337067    -1836.7747463405776  1         0.1340821779022881
5897.390977762457    -6700.851471721794   1         0.37984010875153007
6047.686001504084    668.5525897859634    1         0.8107865780297753
14397.906723946402   -9433.536590244174   1         0.3537757930012393
3083.3387264306034   -6328.244560136381   1         1.156345901424048
4025.439014653819    -3265.7872234939696  1         0.8803746225600974
-2299.943830685418   -8268.662547334528   1         0.7331459377373928
