trucks_count 2
drones_count 3
customers 34
depot 0.0 0.0
Coordinate X         Coordinate Y         Dronable Demand
-1113.3906745595734  4010.3593332427126   1         0.1474023556894462
1557.2828001733906   -3475.6018730498135  1         0.5654824352935052
-1377.1165136720163  3729.9736260691493   1         14.133553579391995
4077.6580977478793   7096.395298928064    1         0.4512719010793875
-1473.6774497257084  11558.292938203162   1         12.927076229731243
-1224.8249683551082  -6809.099264895527   1         0.7117131180381441
131.599689961043     -1010.3041165909304  1         0.11164086456770062
8129.795424930881    -724.6806177204937   1         1.2473306749832997
-16184.288761050568  12532.946282668032   1         42.79190568903282
7561.549947808219    -5558.038582724655   1         0.7593628043635963
13678.891370508409   13402.829891638703   1         0.7683280150858014
-3717.0902200208334  -5025.303099729119   1         0.3200755382061545
-9245.01442450127    -4421.368211038067   1         0.6501386933275973
-2795.055841576634   6736.340973232908    1         1.1208690944184485
8348.005271313983    -5909.887545077952   1         0.7895791643243129
4571.370769725226    -5805.595932747569   1         1.0471150651687342
4324.8506575499      -974.6491596665909   1         31.588593440447003
-1757.3478752618973  -1689.7619133999285  1         4.640472098134998
2159.1653815903032   -260.52619759120046  1         0.357908832704008
-4600.024380407707   -14308.21879113693   1         31.238568138087466
7147.46291234783     -6520.15467464732    1         0.995751247370859
1769.214487214107    -7733.792911067529   1         1.2338311075510635
7019.096612943247    -3901.9099110075244  1         1.2426866265166574
-537.2173489611156   -7037.586443811263   1         0.2104331987889938
6957.777226801493    -1971.3932167124226  1         1.2147116579358728
720.8557888567723    -5520.207172576546   1         0.7551045549502287
-13768.280341554328  10256.278509904918   1         7.494606475676872
10366.524654187486   1748.566342517028    1         16.936410713449604
-8631.252203263695   1864.2496937726842   1         11.143298466942522
2519.980031803924    4393.293804045235    1         1.167912227327727
3739.528205053485    -6166.31755206246    1         0.29104948094833455
316.7093415667805    -1893.5351730884795  1         0.6591527409637845
1014.0639898318368   15000.096144277912   1         22.511836835078768
-5878.555380224807   -7442.810464603316   1         1.1494646023014072
