trucks_count 2
drones_count 2
customers 25
depot 0.0 0.0
Coordinate X         Coordinate Y         Dronable Demand
-145.77745004147744  5964.954620186531    1         30.575092772236047
84.38765164660282    -9018.886592200184   1         1.141556453112291
-7453.741587446708   1938.0110022941317   1         0.804226976480761
3769.8031099358473   -7524.06701929648    1         0.8429579691637481
3320.8605824960027   -7425.590170126348   1         0.27366495713584515
-5039.708377882193   -8645.070077936256   1         46.45433935533484
2109.6604264678776   -9613.84997081234    1         1.117777809475329
-6967.682389261905   -13573.055922927148  1         20.380127415909946
-148.60323491470683  10093.999817392145   1         0.4399614886228911
-4368.114353177094   -9856.557384380561   1         22.156516711437128
3913.7926790180954   7453.735475142762    1         0.28688774876099765
5249.943272263005    -9382.009558118249   1         1.1211824395107701
260.4159755831046    -9927.37009934089    1         0.5107845793032397
-8545.706247816914   -2172.1998152585365  1         15.897595223680373
-5127.095940059055   -9232.916413674511   1         1.187876655731946
7859.864609569006    3092.1253437703494   1         12.632364866379485
-1882.4583847621932  7959.2851347758415   1         0.6493957407136366
-59.538991654393875  -2081.7766500625085  1         1.1265681909750942
5503.060013268816    2178.092735673672    1         0.12996657042570614
7198.4129091770565   -6861.134356163493   1         1.1251772693710163
7558.899183177816    3356.8605807196254   1         0.5389670562186982
8429.647571918724    5170.644864569484    1         0.35397593769590907
-12278.60768508722   -4879.570166324607   1         6.611777615308757
-8037.172519987369   -2421.606646895243   1         0.8159714610505396
6215.587230204862    627.5678402279569    1         1.0126425286510743
