trucks_count 4
drones_count 4
customers 56
depot 0.0 0.0
Coordinate X         Coordinate Y         Dronable Demand
4339.090907965398    -3517.5015866387944  1         0.7520127458822407
-3049.633698345503   -4150.260241153028   1         46.67404847637931
-4454.761235279102   2276.90885075808     1         1.1342423526619765
-6093.051569109424   7854.684054997765    1         1.106842994170066
-7199.65607311064    7906.387791836908    1         1.2038620097756512
2687.7305207584714   1741.275914538245    1         0.8979699030714656
323.9136572698852    5528.316331739812    1         38.64417074897453
-10000.302546553146  -3229.522244043946   1         0.7141838421251936
-2769.296514724082   -8248.367129860684   1         0.16052418892227233
-7373.229072947118   616.6469476210539    1         0.6525973774212378
2270.2416509283953   -2152.512313394979   1         2.480192778502796
4603.7018465231795   -10209.988223929997  1         0.3869723633240657
8776.90082526371     -2409.930399047796   1         0.40524081640475795
-8302.122255775757   -3438.453288167022   1         25.98134076315896
1545.405664641661    -5706.094787978459   1         40.13149977523606
10407.243724177786   -32.24416106417409   1         10.529357126536514
8733.180944651798    -78.29071757110799   1         21.962459918817096
4636.580288800668    8409.699013061698    1         0.9585988490522703
4325.977516443997    -1298.2332402070388  1         1.013793019153199
-7620.239176743391   -2001.2907070868896  1         0.21474124533263378
-6355.803844266401   1182.5427705935522   1         1.0424773194921788
6291.9552625151955   -4160.11855094457    1         0.4538605603761796
13661.195697574558   -13843.60934496879   1         1.1767735911915158
4510.971258832875    7918.9018637469835   1         0.5961376385572459
-3144.8645471578748  15117.322449005374   1         33.77117288718486
-189.84669657571322  10746.358540463078   1         8.731550510475296
5745.074327908436    5219.829033692247    1         0.64674881244666
7192.904077572954    -217.11191790958023  1         1.1588193303690708
-3531.847480493278   3181.1485811189377   1         21.805036495414228
-721.9297425534972   -2562.25353543382    1         0.9376967615047604
9962.320125112501    -14830.884946618648  1         9.885313255185801
-2914.7960467480266  1046.654626323866    1         1.1143882166132104
409.7358875542079    -2297.197558239204   1         1.225430900434596
-12956.563093776804  2236.1777270158727   1         0.24312235817426764
-5545.627378274365   -2276.322955773432   1         0.9232770034779891
-13453.67245543563   -13231.856544603354  1         0.9876194550997275
6542.471998772033    -582.1908732950693   1         0.9398939020970866
645.0328078147704    -3106.2666976842424  1         0.4775978584879662
6371.398046835433    -4960.6309817900255  1         0.9902137689280174
3881.705915509899    -2376.3516234645963  1         0.16922271013226792
-10877.599033773658  13787.225169491461   1         37.98291938625285
-1311.5443197285097  2517.6330269195955   1         28.982142464718805
7729.911697773271    3832.809544222573    1         1.1252671700227754
7616.726910976322    -6919.778282822071   1         0.8950835259299984
-6468.371800414523   87.85324643384503    1         1.0812125924883838
8252.013328130051    -3426.0837895931804  1         0.2281494157118215
-3868.299886544312   -7422.7803062459525  1         0.2026558269627581
598.8767117119404    -2075.211865544448   1         6.852787333610603
-4969.266394552553   562.797292759945     1         0.44432373105013023
7915.763704237514    -2040.284803203252   1         0.5604735364116157
15157.911586064702   6730.453360639907    1         40.398719888725296
2655.889869687256    8476.749396839843    1         0.48608439607785603
-5486.920585070272   7571.983285947182    1         0.7803298315864725
8971.647430142863    -804.4283838752906   1         0.4233907218002808
-11991.89272775793   -13836.644860286002  1         2.684525959535906
8383.539891472466    -2675.171950909605   1         0.5965201841938657
