trucks_count 4
drones_count 4
customers 66
depot 0.0 0.0
Coordinate X         Coordinate Y         Dronable Demand
7075.346013579631    -8183.309070187613   1         1.1087794358104497
-8736.256041830127   1763.87266312262     1         28.122808047009
-8028.261657952111   -2602.157955220397   1         40.96418721294349
1916.9753827681704   -9431.880112800081   1         0.689442281468188
10035.0773618563     3975.9562313892566   1         1.04542747119225
7448.368671389706    -9943.840118904514   1         10.610602307428255
-15062.25739315666   -10992.703048212401  1         0.567118493442088
1313.2755844365959   -7058.4981955018275  1         0.18058329052193395
9899.496343976949    1358.7858527441938   1         1.2272121068739195
-2760.517273874852   6422.913814440065    1         34.27929944568845
1725.6279001923976   10630.860241213642   1         1.2320035332134667
4011.6260325024837   -5514.482641323589   1         0.11345214100740103
8160.550478779014    -5356.392780866901   1         0.7683567000341308
-4844.478142948194   -757.9639988535873   1         0.7719151877435488
10001.769035293872   -2257.727360129545   1         0.828110711544826
-4793.469252006357   -5227.702039017427   1         0.7183243735361197
-4262.669773930582   -9295.98906395621    1         0.6409286226784915
-4563.810722440725   -165.21939590036197  1         30.11477510243294
-49.33607891752763   982.0178479525457    1         0.6570549044757824
-3994.4383834613564  4448.664576966244    1         1.179439644970681
-1410.7607731582407  -8006.653415461254   1         0.34544326373109846
-2977.5613902457508  1985.3918540914067   1         0.2171209891687078
-4260.121131935402   -5519.042107235458   1         1.2426925971533456
1795.769001146484    7748.842060917024    1         41.108148949227
12134.47075312009    -6142.211631573324   1         15.564544193184307
7676.552309276024    912.0817090396404    1         13.614594375462854
1079.980180535531    -9333.243598454945   1         0.9671049823921055
-9565.25343397315    10442.067193462311   1         34.38707038621715
68.50539599515555    -6332.809033750345   1         0.7122453547755044
8010.249398127698    -1808.1256260886792  1         5.314021540043153
-8794.658435081543   9692.325285643094    1         38.24269721595575
6273.223972852835    -3926.5170511091032  1         37.36411003283845
-7450.496722689729   3990.192358911497    1         1.2193661675807823
-336.7017330795359   6709.532470728319    1         1.0729294982506128
4829.647195423487    2158.551584795694    1         1.0401555450868443
-398.0922777931732   -5482.174062855041   1         0.21258609378862825
6687.759819262239    -4610.592042677748   1         0.8477708103575814
-10021.88646934774   5.286188806680946    1         0.6905871356810621
-9825.131964187598   -2015.7724903216258  1         0.6507554701059757
1296.8750198603964   -164.80629804865688  1         0.32723873660495006
-4968.937492035982   5258.347331380472    1         1.1887202536551693
-2458.668843934806   -3598.300410743904   1         0.871612290889797
2847.0679161324083   6143.277759862211    1         0.15545531090519482
4021.946047115152    -6264.858617653754   1         0.1127190518528208
-2374.1706698002     -2658.208539644802   1         0.18726180734689038
-6907.275027517824   -8433.0889304413     1         0.8225903741091527
1785.2653841689935   -3975.616138230067   1         0.8516282720681521
-3542.2887477916165  -4971.5287551229185  1         0.27372237384860376
-1692.244802225523   1330.6646497583297   1         0.1303625836831513
-7825.777502560295   -7199.034218915466   1         0.7052635049579662
10393.22033895128    -580.2718832186733   1         0.45012481457737097
3042.132233017515    3096.540253636321    1         0.4987426924329402
-6246.815105714329   -6194.289717634994   1         0.8054770921736945
2335.863145482855    2346.9155476438937   1         48.241534667877204
-8441.795461855923   11799.163711040042   1         0.3099660533592361
-6757.498692130557   -6355.718363911162   1         0.9315281505251428
-4705.269490066813   -7182.831553079837   1         0.7266207571826471
8371.313626115696    5725.377024423373    1         21.733881540316077
11449.799674756496   4401.428528012848    1         31.70949175777943
-5473.356411458211   -4668.222941488701   1         0.6463105514547027
1266.2884086993722   -555.0936687147049   1         0.8752323076539869
1874.3372102260857   -4742.25429836375    1         0.8055721029754964
4949.421415448693    8706.15181547745     1         0.671076003460636
4954.854818804904    -2939.1512566524175  1         1.2434512059345006
774.1656630785213    -3727.695293163468   1         0.557855624142945
7381.042903275973    -8040.904050768453   1         0.9947063295420975
