trucks_count 5
drones_count 4
customers 51
depot 0.0 0.0
Coordinate X         Coordinate Y         Dronable Demand
-183.15147390281464  -5497.12417503449    1         0.41994127570877704
-30.332795589691898  -3861.6901338965245  1         0.98898641803174
-627.4703815422077   5722.509868159469    1         23.091152010417026
4346.289605241583    987.5731712629597    1         0.9471429072728548
1320.0461242573524   -1358.2560755773973  1         11.074967388551565
-1546.3535359224752  1973.868781358499    1         1.2060846305070054
-4802.29275490727    4758.178499883336    1         0.33561947847590423
-1099.2711049170657  -2946.709278192036   1         0.660663119123817
-458.1462262884331   -403.19745916037255  1         0.40715888756393337
-13.59799877623992   4908.444735545719    1         0.18502962526094374
5859.076661144069    -5160.54395770947    1         0.3351752781682042
-5889.428662954982   2704.202238253777    1         0.5590623293637723
-2831.491730364074   4305.479840030295    1         37.81303436257095
-2670.81723731712    624.9030336134252    1         0.5553963454688425
1768.4128052077663   -3299.2361857692536  1         0.6007272586319861
3300.1445214566297   1898.7949385274833   1         46.573307156755035
-2166.59370838275    -3739.7267856763283  1         0.39549906336035157
-3024.209260872832   -1924.3920689647368  1         48.55913138929969
-5006.063103262855   -2598.264220377219   1         0.6847454380576512
3732.664558905076    -2590.306260508374   1         0.8868451264591303
2134.004848627706    4644.69557207418     1         0.4103872926656308
-4540.983724341587   1874.298967881341    1         0.3359731039114806
671.7479755808465    1200.4604561294648   1         0.7720386091785847
4083.9468981292875   2004.2591961778585   1         1.2283118574494865
-3419.692711256761   -859.1038051830736   1         39.12814941177581
-5795.264231049028   5047.551950360907    1         0.5799636311118086
-5393.327426664566   -5691.571410986575   1         0.5894550113053626
-5517.600326211402   -1867.7695290250406  1         0.2831053073312093
-4118.296926100875   -5930.917203746198   1         1.0457977180227578
932.8272189543413    -154.56478661536607  1         0.11755674710343275
2498.2213424522215   3418.4468740826273   1         1.0881849346559247
-4389.6806010842     -5183.388958184385   1         0.32031979754826806
2818.726218816791    -5124.52552090307    1         0.3827763949889479
-151.10959291179483  -5209.44730141362    1         0.5690902328302119
-5732.437455170506   -3849.7394761525334  1         0.5804742220250722
5078.5184744493745   -5253.236861272247   1         0.10919599586299407
-651.4890095467587   -5479.017674035268   1         0.14555064385630703
5195.549872217809    4840.007118110726    1         0.9991139226228616
3969.938612961748    -820.7424460155503   1         0.1186711221272156
-3120.1899740960494  -2225.985561863242   1         1.0884507329635276
5503.292914956205    4771.844391000497    1         1.6451810157880598
-2839.586607465058   3467.5574813270573   1         1.2323472823177344
5644.4317012592      -3074.4858015666255  1         0.9151488292396274
-2644.2834651952808  -893.5513096901699   1         0.9798399441128259
1597.2818956426793   -1557.064823233998   1         0.805807038929567
5809.469495188751    -3708.0443102768777  1         14.324506474162648
-4784.983551801332   -3161.879277673907   1         1.1905887449643977
5137.936489397824    -1210.2837634760208  1         19.597852994175927
-123.02041425815727  434.6610466779019    1         34.15778800788394
-3120.5942808396585  -239.30877198131378  1         0.1827425148700101
2519.049355755678    4860.561523427896    1         1.043811324449034
