trucks_count 5
drones_count 6
customers 100
depot 0.0 0.0
Coordinate X         Coordinate Y         Dronable Demand
7175.5441050827485   6279.420577122799    1         0.3500040448818956
-260.2302705324005   10517.900562103116   1         35.088501996205586
-4871.284151958393   -9777.314139514401   1         0.6176279153841697
4033.959221338315    7931.497822521155    1         36.977938011621475
-2021.8378433758685  -9825.284616857907   1         1.1309030158165265
3277.332808013242    1283.0653416736968   1         1.0270578403003283
8972.894656845576    -5620.624908563316   1         24.654699144762496
-647.7362936730242   -2557.993575074545   1         1.2436972401702582
3142.7179003513115   -406.51870098583754  1         0.47310067436791503
-2041.4702938356497  -504.27403026027775  1         0.44705363334743
1292.1970163364151   -1375.5143596789453  1         0.9764665090397874
3582.223554380449    5825.7254069662795   1         0.8951568582656612
1933.3097942174718   -5212.599951141382   1         38.76373980879778
5418.256659575272    3841.3835856837322   1         0.159337019477496
-9029.667490807618   488.87605577732194   1         0.35873146601136063
923.8941967353879    654.2907963515086    1         0.5233148427532865
5806.615716939328    6921.972861369055    1         5.3144383993474555
6982.930468899314    -4583.526669578191   1         1.1311623959327404
-425.4534588487895   -5941.803756776251   1         1.2133967608229135
-6316.390046892244   -5309.808109887048   1         0.1782082489645119
-3722.510030720734   -5852.87876098086    1         0.9235862324687109
-2272.4324538021374  -5723.6763478173625  1         0.5030892631644088
-3206.840981370462   8768.402619411174    1         0.5166211528105369
6513.781764009558    -649.2941091326961   1         0.581345646789649
-9111.220362801792   -10.761217759479587  1         21.714834474658996
-399.46038184886106  -297.2696763487605   1         0.6928973442339641
10052.255093385545   2237.3618307540714   1         0.17248785316124915
2365.3797487088      1017.0125267180979   1         0.9021203919016506
-2817.866139313195   7440.401305061112    1         0.5888963385297565
940.1180160364863    -6840.056389163501   1         0.47703619301898936
4309.749709158771    6401.263736398093    1         1.2387369089016824
6628.847752545872    -7517.420092136603   1         44.27595288718657
-2938.07241596613    -8469.237559816102   1         0.5339932864935042
398.76084083918016   -4854.6300586317     1         0.9735596918837405
5700.950734820237    -6881.080436491871   1         0.9617744286963212
7493.776675393277    6162.46461456126     1         1.2084075621589867
1443.068512965605    3080.099642978841    1         1.1595039189904592
-3259.3792605328954  -5743.97098062722    1         0.7701957970082814
-5939.000435046731   7393.6455850817965   1         1.0754627362280724
10157.92892707023    -5027.384744850088   1         28.618875273239585
4372.075662689992    9109.315136752679    1         0.831970231913921
-4810.18849002514    -3515.155104590752   1         0.8750044892874442
-3593.0065837060592  2373.125407918644    1         1.0324752936606216
4418.780956466389    835.609051620313     1         0.4928021194921618
-5464.012234985214   -1450.3011918143177  1         0.15185836726486762
-1301.6613278128955  7203.460839549667    1         46.12446909897701
-7425.2896957474995  -3189.1928635760037  1         1.1851794750548765
-3654.899298424276   7721.908515883107    1         0.22426188752229487
7417.917742419205    1165.8147579163417   1         0.2605327529983716
-6263.0820939020505  190.45633106124478   1         0.544098210562395
685.4423763481235    4800.6381234104      1         0.4562940297110244
10076.008060592603   11193.088017726952   1         0.18267210719346627
-1973.989933406824   -3736.493907481294   1         0.8788160112819576
2881.851759972651    3591.756154889239    1         1.0459001161995531
6039.322623345367    6770.902489828819    1         42.923461547887335
5348.170545212458    1125.015939124245    1         5.75554267745092
-999.848485722061    1681.0842057387563   1         0.5204291180641357
7195.3166418909595   -5946.530378094968   1         0.31935618445858915
-4590.679245552811   7012.6427698760845   1         0.7824167826958736
-5009.698817239478   9222.874309304569    1         0.3441881199913457
4687.342243106764    5767.835836582905    1         2.9563261746928395
-2045.2917671460386  -8034.890369712179   1         0.5057855736470107
9078.101026696679    -1767.291211511602   1         0.3465611381025764
1312.1153889084587   -1730.969704599481   1         1.2148217254480314
8306.341533755594    -6683.200251099495   1         0.3897688725172097
1358.190129474085    10582.648597600173   1         1.2139967664220248
2384.5769978200724   -4463.677613984806   1         1.1878995702915327
4638.9224479846835   -4068.550578284175   1         0.22932456631068673
5848.441647231606    3186.572028209903    1         0.5427997400668108
-7447.5709635439425  3388.4431641430087   1         28.642346646159538
5490.063395761083    -3662.9031386977877  1         0.5279864027627975
1745.8999989736378   9465.830449734265    1         0.448135995377243
-3444.8039826433064  8961.058367483169    1         0.1274298643582071
-4883.408196801504   4109.467211405821    1         0.4504915317620317
7831.031225329879    6232.353379884599    1         0.4662728912642604
-3164.8661174166737  4300.537067278114    1         0.3677873801434436
2971.2772431710164   -7642.398384686161   1         17.067385808983815
6559.2239256034745   -1860.2455295604864  1         0.9538940890018335
3838.4791725169634   6168.02611423591     1         0.4845334082069843
-3205.2029798594094  -6886.205419208654   1         0.3239944472742091
-3669.902909804835   5303.901656079052    1         0.3576102052263286
-606.5332067963645   -4237.671583671275   1         0.2801192533800413
-2864.854138294173   7599.71102694658     1         0.3268551359568342
-3221.29845501858    -5340.292217276972   1         0.42792929480325137
6769.596413954542    -2715.1442028807364  1         24.266501930254883
-6319.377698525987   4155.509982876118    1         15.044599385630143
-291.3835942450781   151.99628186310372   1         0.40399268959524537
-459.5965904861288   489.53422355092033   1         0.5556355079546632
3302.996045193293    10543.970776498869   1         0.7528411343974896
-7272.331111560231   734.4358606692525    1         0.8041947428703387
7701.392595416554    751.5739016245905    1         0.8538893522466271
-8646.554105438649   708.7855159224738    1         1.18826278003471
-922.5443478339683   -10009.389864828006  1         0.6111108091859487
1417.2637540499309   5979.452268258005    1         0.20725067442846046
4766.625170953377    4145.639060680156    1         0.6597779961550817
7507.474525432942    -4777.298053418094   1         0.47370248729267306
7602.007413810295    -7800.889762519549   1         0.6740108992008383
3961.2493515378      -2550.1414531165574  1         12.206639791534428
6310.019443837705    3627.897648018668    1         1.227502087372129
8023.952042985931    764.6183437933996    1         0.12944411841654965
