trucks_count 2
drones_count 2
customers 20
depot 0.0 0.0
Coordinate X         Coordinate Y         Dronable Demand
1859.3871890287046   -5595.0540599304395  1         30.398376612504574
5778.549539458873    5216.75096779612     1         0.8186563495578639
-6048.702178881956   -5882.9183387332805  1         0.9229529978895381
2449.4220241241915   -9279.54222150574    1         18.20819362867119
8469.662778861792    1302.938375251082    1         1.0654046483785116
-540.2998351726591   7354.944984017344    1         0.8973814886234036
4280.609779592389    8476.157578167353    1         0.2044831349118744
-3448.338317117019   8293.51150607321     1         0.19115696266378257
-9880.01776969272    2090.4729284295213   1         1.094951314564905
816.3328327664235    9811.558264502113    1         36.01492367149078
-205.22962989420247  9870.364559788472    1         0.6457741485593783
4414.30147911175     4239.877405609204    1         1.235330134139788
1156.0824364225466   -9024.146694815789   1         42.07945560733518
-3473.1639475418333  -4086.48612046378    1         1.2296932962612326
-3997.462939924608   -5117.674247421417   1         34.06415394366946
2561.632040295954    3593.9041941728233   1         1.180753917963711
-3389.0896959782594  8081.505417399527    1         0.19172213531401655
-3575.5305748141654  -4432.1631502563505  1         0.3764781137516807
3387.3916939647597   -9627.91729860282    1         27.74780492344344
-2333.9821174641256  -7739.80400003932    1         0.7019015508536631
