trucks_count 3
drones_count 2
customers 26
depot 0.0 0.0
Coordinate X         Coordinate Y         Dronable Demand
-988.1871100375453   -5305.756614412161   1         25.67698326592224
5232.221491568989    -2287.79865623269    1         17.144163007091734
-1993.5672159385626  505.70321962167      1         0.5238199098109354
-8351.13904340183    -2544.1264676101455  1         1.0194161724867303
5044.095375883572    8953.483927579602    1         0.18039875535724204
3951.7345113470087   -6352.2487738250165  1         0.5749274312023333
-2642.2082264603887  -3255.3285474004756  1         0.2944369005296905
10735.3835127507     13769.256729185581   1         0.11024797963001287
-3592.369421428465   -2972.9454944279796  1         0.5888111255389968
-945.0092511714574   8408.769343544316    1         0.3997494428717786
10417.426724791987   -9.738915207204268   1         18.520169487542788
-2415.7282361783436  -8168.301405186185   1         0.3281104944001062
-9077.962943205519   -1357.609430840558   1         1.2316076545165395
-2394.798509783723   6183.3041957036      1         1.060173292712859
2233.2886868616442   9249.639993903189    1         0.5481949861741335
5158.140967818637    5893.696620671952    1         0.6782521516983836
-8921.696321902755   862.1950460165687    1         0.44695392469366935
9310.974383777477    -5144.810710225455   1         0.8128308449010446
-3443.3366365448182  -1481.0709989470004  1         0.5506069787983614
-6776.396547988975   5706.897243562652    1         22.02493382333727
6877.927791169366    6088.673597450478    1         22.865081249212476
-269.7651485578468   3965.579106054707    1         14.967760689825646
-9032.592585144197   -2517.6775972826126  1         1.2499956478873018
-18437.024051038497  -15429.847373165063  1         0.6183979562897352
-3971.2157520918     643.4625653896207    1         1.189864833539031
-851.4505436676271   1091.6721518555983   1         0.9481444238843922
