trucks_count 5
drones_count 5
customers 100
depot 0.0 0.0
Coordinate X         Coordinate Y         Dronable Demand
-3236.321211562386   448.5452275599912    1         0.13290519936166523
-95.89623212521464   -10102.559108581161  1         0.3996431932862734
-8338.287581362598   -5350.30801333897    1         0.4896271411591786
5581.282676569092    873.5045154011249    1         1.144423924442905
10483.409385032312   -5202.792808640391   1         35.83338995679985
1767.7765280332312   -3418.108492024684   1         1.1888794691891327
-7568.384316523534   6789.46516404537     1         0.34731081095637784
-699.4526145655273   -1221.7448126827585  1         0.5712539003242285
-5262.520062057261   -12027.776410899653  1         0.674021718311752
329.30542944589797   38.92568405322527    1         24.222998213538077
-4636.986627922503   -1680.5372993971473  1         0.7102599726719943
-1299.2353950042339  8967.42716585787     1         0.7647245478827212
-7950.477523877225   -4933.873844514022   1         1.1450025376114208
-2808.2288941066095  -1321.6367796562213  1         0.1707231338186591
-719.0694957741133   5776.759606763342    1         0.928086246628235
9100.685970755729    -3153.859320768007   1         0.7144037006179075
-8895.214984544707   346.44505535170777   1         0.3965581848583061
-5262.168623607981   -7358.477505114702   1         1.0830002721980103
-7318.176527950927   7533.304848160402    1         0.5936716320997738
-12451.143095645759  10802.174126298421   1         31.739742065258117
2346.3630769860133   -10645.921122924221  1         0.8860035686303507
-8944.97460704116    -10364.959990134255  1         0.2869280180560972
1826.1620332598156   6995.478598210019    1         0.5064613724908544
-10883.1421057398    -865.1885327982646   1         0.5637629195930045
-2995.328156197236   6111.920456087045    1         1.0026522171378616
8572.234223440115    6531.29021951753     1         0.36157128982096276
1449.5308658367037   1014.3070651698298   1         15.265137943536153
-8390.051168966245   5171.932065917153    1         2.9070589698508162
-10579.4411434295    932.023591907929     1         0.5630064147200982
9747.412213291831    -9317.701802665444   1         0.45413872840541114
-4755.65879927831    6393.091250206884    1         0.1803807753880005
-3842.3267577773045  1463.9492998544463   1         0.9626590199082367
-183.50330912945967  5506.71948602779     1         45.82663008438559
-7237.185668533043   5525.344159110967    1         1.0338588495590684
-825.0566021292234   -1811.1272764653986  1         0.1184567418131269
5376.410411258491    -5540.957721815587   1         0.8550366091703641
-3376.232970451408   495.980705210988     1         1.0281958956449497
6543.374350894279    -7126.74078828692    1         12.150074733555224
1264.1009249939489   5248.52515339297     1         0.3743163709845685
-9236.550761331888   -1502.1850395164342  1         0.6698201486750316
-9660.122650123541   2173.331927063167    1         0.7813659108315419
-2913.9623966812073  -2738.244014435433   1         0.22010072328907762
5358.765564574126    -8825.528605335336   1         0.29760988630561913
-396.79876924739045  -2344.636865070889   1         35.11141949554821
-2334.499975070624   5410.327864434386    1         0.7138237081607889
-339.57331728000827  6174.649273509657    1         0.9402298357017672
4527.698734389739    1208.3467622597366   1         0.5840362023939027
3996.3867663400415   4322.402637814167    1         0.7038404595202041
-6383.625518567096   1610.2777651669085   1         0.15512958951145217
2494.6118470199995   -5392.681195689312   1         0.9450132377186709
370.29690306026896   9432.898846681253    1         0.37478359020774454
7019.287117256088    -4451.538534456078   1         0.8315843994846807
7076.0804249669445   -6337.1661196361765  1         0.9816048126354804
3364.551348502919    8497.462415627317    1         1.1657377787744392
-9167.13500734778    2104.0222604201113   1         0.46280907185636744
-5276.177264919178   -7334.339859066382   1         0.5319615810359448
2864.4427844256215   -5233.504978503987   1         26.630133432785353
5623.243554239191    -2449.2848391918947  1         0.34134832210885085
-4421.391314075638   4887.183519766601    1         0.7671130113569502
1646.7992121910538   -5846.490200710649   1         2.0403919618915816
11751.923598107125   -4661.409862226481   1         0.5578657009278848
7323.821658736964    2550.0281890115916   1         26.768747120121063
-11893.69509245737   -10165.896176176097  1         0.5567491552038724
5415.397535013479    -9150.530054060204   1         0.46364077743125587
-582.0039602214135   4276.851863917727    1         0.5772043757695573
6997.283904627054    2016.7266686193184   1         1.1658393491876384
-383.24302951244545  1049.5233736129505   1         0.8242526792933336
7131.37436658985     -6837.084970536761   1         0.2715681783933802
7615.772735612425    -6483.356997316953   1         35.798014835824205
-3619.4616069810063  -2889.6399959510186  1         1.021959222566335
-4071.3460566082767  -3673.235663726082   1         0.3621636227228452
814.3788225457683    9992.126656156976    1         0.4500986961666431
-6939.962396828727   -2280.3731948477666  1         0.5743309591701425
-8969.163908597011   -4358.674882477013   1         0.825604834232203
-9549.878693175859   2894.5902981065387   1         0.5113427809538631
5416.587394657115    3215.1346832289196   1         0.18332982307136714
8988.09929682563     -1702.7736087990145  1         0.8641310941062749
-5106.132176496707   -683.0343575212128   1         0.16504932332200256
5311.500387033072    -839.4734381344215   1         0.42185078252743513
1154.8945691283463   8771.138180655389    1         0.48013920950183353
7870.457196439277    1014.4193051922225   1         0.6748808391210042
9668.711011716927    -127.90907897053418  1         0.24768287105364967
-2731.1266452471527  298.141305897902     1         26.455183714400405
5745.875304001966    10128.259117028894   1         38.48328256560031
1609.2619085461838   6223.131732608894    1         0.668159230522812
-12292.080297284248  -7702.161807805792   1         27.22649025063765
1305.8647900500237   -5782.484946150726   1         27.617475685138942
780.373715652628     3232.8053868208144   1         0.7907166167117203
-922.5286366790584   55.628386378118954   1         0.3292273842783888
7282.301631568302    -3356.210201642105   1         0.6205073211829564
-8618.879375471759   3747.0108075261487   1         0.360497432017327
4087.548261784547    732.5358384326317    1         1.1856145693245481
12081.888207411663   12995.754761354467   1         45.95913310103564
1936.8390835441003   -8528.680433264448   1         1.2332572891551363
2635.837510940456    -8775.94724886066    1         0.1797128304757502
5787.22367465057     -2842.9498193900954  1         0.6733608289995378
2563.261153726921    5316.970987069546    1         11.31755162677931
-9413.750946881593   -4867.239035430382   1         19.25208555484687
2051.6061953236476   -9012.34129761094    1         1.0849359740648383
9984.009384487814    -3611.683188309373   1         0.32711112402761194
