trucks_count 3
drones_count 3
customers 67
depot 0.0 0.0
Coordinate X         Coordinate Y         Dronable Demand
1953.8407877383665   1937.2581388479834   1         0.4607538277915654
1113.8968127354524   1152.896831222448    1         0.5748602291496053
4783.658860533136    -3689.3650475089553  1         0.6747451415693594
6514.694064800519    5359.710712235827    1         0.4422280945005346
5964.177896663439    125.63753830085807   1         0.451642987284927
-761.4950760006693   -9025.08840754745    1         0.532952473556053
-1425.930146639035   -7020.058690784072   1         0.8932615154041932
-13997.812713778336  -5668.59829768067    1         7.801364940594222
3438.1879684546675   4517.702116848328    1         0.1820641670761805
3495.504220426179    -6719.571451469291   1         0.3545449136777997
5322.44778163586     -159.2255310878107   1         0.3948625046205294
-3360.439338637143   -7133.17011669874    1         0.1435898248196319
-1666.2100345498238  1572.0280137741156   1         0.7683790235968398
-8460.414862849799   2973.7302438030965   1         1.0246123008665773
-7948.994897166669   971.4481495005402    1         0.36419690757432044
-8766.065594886912   473.8324332221374    1         1.1530951037890342
-10066.504719425657  -523.2940411488067   1         1.247293883781558
2404.370670044742    -10639.630341563667  1         0.8299313625135647
1858.8319620059492   4699.503170039938    1         21.753178631912576
-1507.6429517269007  8366.9734412282      1         1.242570892677869
74.22330093083478    -2509.4208573978894  1         1.1129909722607203
6791.369005945866    -14008.961008403254  1         8.064862728083828
2797.0879344622986   6182.938751829979    1         0.5660728733634908
-3751.299747010458   251.3765155427903    1         25.985261554348703
-362.5558488561166   -6324.788698369365   1         0.9683728334659677
8556.26042290971     531.8758528733116    1         0.6381332172465458
6973.981387455535    -14243.9867626075    1         0.1040030817486199
885.9970865595734    -4150.196597019449   1         0.7982364618571379
393.67452424226684   -2402.0594940973706  1         1.2387766007818832
5111.966364998594    -1386.2620076473252  1         0.11807687855476567
6715.744713419088    7779.7391661026995   1         45.11656223663914
-6869.201081963972   -5687.929834415419   1         28.34052421376622
4117.8569840706605   -13397.19817690078   1         0.3092365122974316
-6142.790268394474   5807.002813189158    1         0.27405176002948256
5732.317695863369    4055.501269903448    1         0.46280700180238865
-6822.499311096318   2475.268579106057    1         9.922468629577132
-8553.973649278045   4616.246881813373    1         3.8905430194173496
-3261.1068952566093  -2727.503163100474   1         31.540341789322813
-2270.6265409050548  10449.62882282438    1         0.8034251880613359
-11695.683876823818  -8521.311558401212   1         0.29012384375014855
9244.871422163036    375.8058478232772    1         0.7906304174737147
-1110.9989709330855  -10571.45290817796   1         0.45145467767177894
824.2428738874894    -2793.6826979701436  1         0.49292641832346207
-3872.3058342308536  -9955.062171417787   1         14.1450891680947
-11157.549685494767  3778.094049175719    1         0.5380529666779197
-5053.245753972837   2132.423663888033    1         0.1470346190022438
6640.238279306853    5762.650437165897    1         1.0116715834991818
-3295.1079594226558  7554.892004266404    1         0.6925716579876816
-2864.420385662745   -3120.158240255143   1         18.936326306373868
13635.550821571154   12325.015993166899   1         32.66310066457305
-3202.04611432228    9917.96705199085     1         0.6497638987948827
-9438.893412206884   -2299.0418099900735  1         0.5026432882009284
-4360.094234406359   7838.638876181685    1         0.4828729563420644
-2952.9252045198773  9567.373460974011    1         1.1890261135332911
-3972.9067735275985  7061.282420725331    1         0.7011714064853778
-8341.26676777642    435.13446716702686   1         36.791364116595936
-2010.647808436274   820.0428545952307    1         33.53281620376207
-6596.243371531508   -1184.1117234196672  1         31.864620566775457
2886.5642460291683   -9240.16998644955    1         41.60237641727146
4349.40016568575     8127.301844668747    1         0.19680891895415892
-2094.1241781841686  -5306.12297838923    1         33.14430930418517
-4021.5786478548516  -4023.3670250407604  1         1.119946904223386
1414.5553790229756   4861.315081778156    1         1.0710208891412063
10878.631693890273   -12428.888863029573  1         47.41820421523528
1218.5122217041214   10391.37347603718    1         0.5100683593976454
-5431.616548564017   -1481.8173849801187  1         0.9122637802318817
2378.087011685213    5349.929548663318    1         0.8252169940582811
