trucks_count 2
drones_count 2
customers 22
depot 0.0 0.0
Coordinate X         Coordinate Y         Dronable Demand
-4993.629854819844   8043.77569576326     1         41.55964638810116
-10683.252300760567  -1072.1490969969643  1         0.8044833947541681
-3131.2916851188006  9508.456683705224    1         0.3010118904054425
-6197.562559583129   3499.421889943029    1         1.1842173161033789
2098.352556763667    2770.829277872604    1         0.5512362377993918
-2412.0051988665514  -10243.330346088831  1         0.42337036322333566
4744.346549185125    7492.95740533856     1         1.00185166600138
624.5074136943442    97.03502236939075    1         0.3551625321381755
-4401.307823564663   3974.2968002076354   1         1.089372302757549
2469.063893389406    -8791.044270562159   1         0.13181915904889996
9117.91714882208     -3097.875877242779   1         1.2202743175775506
-9167.890932299319   1556.6304819352802   1         0.28658965882133397
2379.223761346792    -5306.168100670551   1         0.34018463632759827
-995.2912485892356   4192.525212933936    1         0.3760606562822095
-1448.5320992140469  4926.588772919916    1         0.6863438963182658
-828.3576264034315   -7363.111840771454   1         0.6925352908998001
-9266.278732463557   -4648.988139024893   1         0.2770642726753977
12536.735116444172   16988.255545881228   1         33.90232930637271
-489.53320010502426  5660.815501537908    1         0.5167210210627183
7148.515229665317    -6944.942548494087   1         0.9662513692942124
-11939.877457188531  14286.2232415264     1         29.602299357588294
2900.0636621750896   6725.109090827721    1         32.42544273718477
