trucks_count 4
drones_count 3
customers 41
depot 0.0 0.0
Coordinate X         Coordinate Y         Dronable Demand
3288.1429879958905   -8429.220009692715   1         0.7926482650846762
8962.871570659503    4652.863347270577    1         0.5723944889576893
-5685.478681876079   -2273.3083575182955  1         1.0066770558851483
-1106.407437470677   8067.979962054816    1         47.05673912127
-2833.580752503037   805.2078077680344    1         1.057065211306639
-2539.0697265351173  902.7547057551601    1         0.6516918290453164
5672.890087980173    -5564.7977428288705  1         0.5202093564820868
8091.997057858683    2972.0006953538164   1         44.79568497773575
-1985.8028231452352  1669.4461574649677   1         0.1399810490247557
8337.94796877599     -5832.825833109255   1         0.6264361355949781
-3366.3365054562     7226.253153540192    1         0.8504885381640076
5113.08619691866     -5560.697270220232   1         0.9330357669089376
5768.518187373329    222.30257311185233   1         0.7676402083087237
-2233.1773855825872  2102.95214841605     1         16.73343355517999
-7018.037034156745   1052.1447408305066   1         0.5236215853565191
3979.392205507906    -2144.3170947978665  1         0.45658753275642616
5968.608064367334    999.665037703475     1         0.8625657045366911
-5516.968533398553   -2496.9498884925993  1         0.5150922263104646
-5861.656132677644   1251.650213743395    1         27.44086954425762
1860.587477656296    3008.619704497569    1         0.5972869332490379
7606.343743937161    -7874.859543079836   1         34.2918674834908
3840.5117443490567   -6670.58025172953    1         0.48693381077621845
1004.9428268395276   2441.2477404057254   1         0.5739905688095525
8418.421593257644    -49.34294021851508   1         0.10985727773473752
-650.6086487715182   -5161.767281539939   1         0.6210501499389894
-3671.069997062452   9001.620297752897    1         1.222532909364967
562.519644123606     1841.7178284668535   1         1.0015385586659376
-7099.527193949361   5891.785283996097    1         26.58921998799169
-5679.65745470401    698.406589848567     1         1.1629412237782895
-8132.3564277406185  -6598.940887166108   1         0.4576226726638649
1406.5054756549014   1185.3864018216877   1         1.0133289466687663
7143.387111109706    -5418.668568261751   1         0.2235143375035435
-7413.724309404041   1431.1829768518012   1         0.41969263954632874
741.628009991704     -7764.867549108211   1         0.966156822480285
-1430.3306373866262  5298.343019126085    1         0.9893531657534553
2998.295215391843    -6972.257164526252   1         0.6814234701564809
-7223.108680580365   8101.799161700368    1         1.0011674782278086
7679.2759311447      -4166.056110490371   1         0.32701597065110066
3392.598405416531    1655.331901892336    1         36.29995466511936
-5961.056830263137   253.63841941360332   1         1.1625086881936681
2085.5785888147816   8757.39857021736     1         1.1575574759361833
