trucks_count 4
drones_count 5
customers 47
depot 0.0 0.0
Coordinate X         Coordinate Y         Dronable Demand
-3724.738820178939   -1469.1943054941346  1         0.46929324001026085
1751.2156044677092   -4146.426866496844   1         0.8413711247821447
5576.896992612399    -5637.6663573746655  1         24.095068929001044
3554.645798329955    5506.542637597406    1         1.0066149485640994
-892.5616381350136   3407.1089893294584   1         1.1792741139613248
-5260.746505965903   -3643.285110575906   1         0.8724364542591485
5477.203871466036    -5997.510080868719   1         39.26373738803674
-1530.199046422679   5374.8181574813225   1         0.5336798074930899
-1774.2174200542624  -2979.8103639586066  1         0.22937981431433582
5994.732698442267    4354.646670443028    1         0.8943498729260274
274.54992864468113   -4547.604033815332   1         47.916888592011425
2490.1717047502743   -3390.900790994712   1         0.5567553430769734
-4714.952245087106   4731.634452682285    1         35.028476967996006
-4075.3837080483427  2703.619874235664    1         0.1923095506625223
3832.675794935964    -1812.0849994655655  1         0.12248987462530755
-752.9518078941811   925.2042736505522    1         0.6731407477298347
-1996.3642111518784  243.4234741491243    1         0.7310537328955133
-4094.3284083377553  1457.1686114487652   1         0.23163048633596373
-1511.4850955986217  -2278.102016064853   1         1.1194589504104309
-15.020965770653131  -173.85000375467456  1         0.6398371404054826
-1747.56052060533    -3681.939410639098   1         1.2363901567532378
-4861.213435428182   977.4274482224855    1         0.6291496939995094
-1461.101785997606   5256.1494489964825   1         42.77625522004283
-498.54620501695445  955.7410770711934    1         0.6548203353014727
4116.807662227415    -5631.564212782562   1         0.8939954492153986
-3302.445795414175   -89.80921625693249   1         0.8351991480149701
-4174.397829247767   -3991.8945448271047  1         0.7945916675361143
-3340.312162934824   1740.8874419226524   1         6.342713904232226
1574.6034564483427   -5497.862190936796   1         0.41421618764057855
-3550.842700309134   -286.33695337827453  1         0.48172742028388305
-1841.7893709642144  -5608.722059953742   1         0.6034952119069152
-5315.777702232866   6021.9658103900865   1         1.1268735825102252
-3132.7666194409326  -1196.8120096082982  1         1.2171341934565465
3376.331519883661    -3007.6590102347077  1         0.607648547561438
3435.856337391085    -5560.928542981927   1         0.3466524582744671
-1437.6397846070017  4349.902836919378    1         1.0721504688629806
-3836.1006640979517  -3216.9970517741954  1         0.5377575921897347
-5872.234413754127   -3579.0170842749008  1         0.4778100646062484
938.4811164419723    1369.2490930050371   1         0.732514213293436
2195.483570156145    -5582.395168762548   1         0.4917508256212094
-5897.898554274056   2113.27475248515     1         0.4769051342574734
5051.549785291505    -504.9714437712502   1         0.34953567328029855
863.7932023873603    -2996.033817165131   1         0.19871091169930433
2207.6009036399696   -1755.0026349967004  1         0.6885524958454646
-4619.0615816080535  2437.697564197748    1         22.778794719089802
5273.358005404117    -1358.8362805841743  1         0.7854177703648113
-4029.108082625067   5109.685483920198    1         31.454046577997598
