trucks_count 4
drones_count 5
customers 100
depot 0.0 0.0
Coordinate X         Coordinate Y         Dronable Demand
592.6696694864588    5812.15442355578     1         0.2866610967253115
314.57285694318466   -7862.354426000243   1         0.3349626305017168
7327.611494941779    5871.5375050232815   1         1.1940962486143356
-7857.479273589458   5943.569265031512    1         0.8377753368366387
6598.336727848131    -6259.358396147592   1         0.7542744483479427
-17856.335322231713  -11130.921499381897  1         36.77125858966361
-14924.291819333906  -466.4953815118861   1         15.601654433016426
6759.444442322225    8242.85718742332     1         0.9234478285239035
6951.469422510679    4320.507071621303    1         1.0445681158731037
9494.206213086552    -13556.546969943522  1         34.45681736660019
-8934.932389518019   4857.453281103578    1         34.274139196149065
6658.217124962324    -1889.168751611514   1         0.6323808624247608
3355.8173417075996   1270.9574442009512   1         48.035973432822416
-6573.999184122678   2172.399414600954    1         1.194654327445482
1431.8388182981453   9696.004215499857    1         4.3072011582819005
-1091.038088262172   2529.2325609131567   1         0.761868198439547
-367.73695188130927  -5992.079213737432   1         10.588767147412117
-11051.14117501105   9541.298624872274    1         0.9737515279957291
10466.75249975478    -281.19742483468696  1         0.5445545788888778
-945.766340461918    -1968.9734487623382  1         0.8025208874315904
6241.191965448789    -2209.9550807782834  1         0.9266333922433858
14393.274006721476   9972.82654350917     1         23.58737022494187
-9386.149100692202   -1280.3582486445723  1         0.2734313475060316
-2092.4741858051775  -6161.249712043723   1         0.37041797262750253
255.03982468176608   -10923.568319726477  1         30.06532651932834
679.2597350357095    7015.41330178828     1         0.5903432706081462
3685.5963725243932   7884.648674361324    1         0.47569299139872834
6396.493908384186    4186.140783773934    1         38.428989063828475
-681.6353443133132   9361.129503842685    1         0.5725142284138625
6306.743406982016    -234.28014570946894  1         35.67617742320461
331.51562297462186   1848.4165317267841   1         43.868798286193226
1330.1203962348516   -2060.8317107055605  1         0.330107583962729
8694.053551088487    -5615.0499875821315  1         0.888204731330442
-1854.7911702415645  -128.14041552915148  1         0.6296994514041799
-3845.1106551039684  -14779.911225637414  1         0.2904039401365802
2215.737116225522    -5520.710717539372   1         0.8006249560125624
1422.3723617142357   4177.664982350646    1         1.1716077765520896
-16388.37571472921   -14322.989209678391  1         1.0519524861427645
-13856.23884814388   16741.05692344776    1         9.955014242899123
-5480.409423748619   -4483.806635702195   1         0.14223223929915352
8703.176375053794    -5706.027033560009   1         0.3674567785386412
-5815.100315629285   2888.272837661832    1         21.791343097487403
-2729.3178796355974  -718.7390970092359   1         1.0709352095900204
-3330.0525501035163  10346.56383360706    1         0.40598763223868073
4398.785677075985    -6892.897503832303   1         0.349170941907032
-10043.451953149466  -403.8058632658995   1         0.7802625935683688
3575.103575664585    9004.106164709905    1         0.886603467609596
-3018.868067496414   3350.632722770869    1         0.3043263212315544
3933.94113514902     9177.398576097617    1         0.31135665418088393
-13988.97606004573   4202.284937592638    1         0.8377257957987061
-11343.437622970076  -8636.831944825939   1         34.878105966648384
-2499.0168059934176  -6215.728753530618   1         0.1175891431988563
7179.67840326232     7712.675662491482    1         0.5796749585551216
3534.231037668366    7474.866101079459    1         0.643650427847395
8124.244005362416    -3814.5495180776866  1         25.837485325353484
3829.7325480810546   -2026.4533097215153  1         0.9900842331548191
5391.14536726764     -12343.311064777616  1         14.750019083077337
12392.129200276548   -14471.15784673691   1         9.446170543308877
-6631.691431284577   7571.628098088531    1         0.8509088381206112
7073.151259326065    -62.1365333312182    1         1.1994815925533295
5571.22986273234     -4195.649170847505   1         0.8518999660158229
8635.133675926041    1436.5678510467878   1         0.1500750238935707
3468.951437356392    -6072.257538408686   1         0.13017923799958403
7969.636329276902    7499.392714759082    1         0.7026450068240394
5459.4670804099105   -3553.3409480732576  1         0.801395033147867
5709.39407418677     -4497.208219922434   1         1.0171433207947087
-6612.380772090546   187.60159556749923   1         0.4613874026296547
352.33739336278734   -7257.0632880528265  1         0.5645438898594378
8988.989251685396    -480.98810296158763  1         9.967953793067073
15983.513985797377   17779.61748059211    1         0.7964597448970501
-4896.048241772311   -20.59108730936714   1         11.357497117079689
1534.6486634688688   -9181.37745750467    1         1.155194878870565
1308.7877436370036   -6770.921156007955   1         1.2455037731050949
9841.43016823782     4499.900578281241    1         1.0426992900730536
3626.762198890001    -4188.66041353057    1         0.7985288545846647
-14749.674623781602  -14338.935903440793  1         0.14171411645778212
9313.407029572945    -4392.492743391637   1         0.6824200361962356
4384.881086880103    5406.177588194871    1         0.9719084235745133
-14310.201493261517  4438.311978492078    1         0.25554357335270095
2493.525847635577    8359.037540244872    1         0.4156218471609552
-7515.995844291964   -3766.9910542220505  1         0.5852556282907379
1051.077976780431    -3344.785582610898   1         0.2692838942602817
-4546.277724167132   6716.076587062157    1         1.857838435522182
-6850.4536735163165  -8509.853147626965   1         0.7013513146341933
5382.569136341805    2645.3745495385465   1         0.6302622661544843
3865.922512084114    -2498.6392763305344  1         1.222774705202735
-6935.153340255847   -13166.326035992235  1         0.6903239264050022
-8827.030119538567   4361.655998341931    1         20.4613623455312
7241.064769709933    -2919.9934668874207  1         0.7383983222027095
5969.444333155199    -4082.413882285211   1         0.2438184298460657
-1975.6921862920149  -4156.86528124283    1         0.1228962402428266
-7777.154985175365   -4843.325966490306   1         0.15735765378593047
9192.376738004337    -3369.259925112434   1         1.0669371746846394
4841.260904081237    8933.877190396679    1         0.2931361607148132
-4306.270482031319   -7948.372196651271   1         0.5108967533029931
-4658.188336758597   7367.647628522172    1         0.3592679431164063
2874.164503833941    -8675.318169596885   1         0.7200437302906018
4056.749383345019    -7213.088669318663   1         0.5852147202451777
484.55327559499045   8964.413890557069    1         35.628871676531155
3374.255333832966    -1073.7393926629618  1         1.1058247573800186
