trucks_count 3
drones_count 2
customers 22
depot 0.0 0.0
Coordinate X         Coordinate Y         Dronable Demand
-2353.7743677367134  -3449.19194653122    1         0.5708297860477487
8163.598988650859    -5402.948535621005   1         0.5349464674320323
-3372.66431853719    -978.890456214305    1         0.1544310165287872
4042.523982049268    -7004.025233728013   1         1.0942353431062153
-4728.20019373582    -9300.95217117661    1         39.748546385573164
2160.49505910105     -5097.722492822637   1         0.2117605934704076
-2887.388581384045   -4675.940694123423   1         0.9929193896396316
-3988.887047481674   -1378.333764687678   1         1.1992618547237162
-3813.9812541876304  2365.335871020396    1         30.414695195867615
-5172.897576287717   8847.533728250974    1         0.4414527666251562
5006.900032207723    5796.276155705522    1         0.5335905631695629
10174.189163380372   1494.5581850919457   1         0.8410678453467306
6883.777696603543    -1207.8160970673064  1         0.3407355197748776
-9134.57480457761    1684.340226378092    1         0.770949756798298
-14700.182052892329  -14099.185608848213  1         0.4065713394602032
-6365.915369606984   6146.757951922957    1         0.9480514486161848
2767.6035847099492   5123.888470010742    1         0.6523585514164264
839.4431673368001    -10692.836472946177  1         0.880041419376198
-1567.1506531414652  -6032.604188382608   1         0.8733433478197294
-694.1294655095305   -9400.941695428002   1         29.667703650150525
6988.914272102225    14034.678139134816   1         39.402753593381625
7025.336228060994    4428.439265330639    1         0.8698470720754848
