trucks_count 4
drones_count 3
customers 80
depot 0.0 0.0
Coordinate X         Coordinate Y         Dronable Demand
3969.45242497052     5731.724624298551    1         10.026741350772022
-730.9429203375477   -7851.627777992962   1         0.5448472500314258
3720.467144205995    -1761.1885624742692  1         0.5466124319394449
3387.1549469831516   -11810.494537816689  1         1.215813948128516
-3287.863174179634   847.9184358830582    1         1.2386568845755421
3318.636656870897    -4839.782170099645   1         0.2610291935221188
-8731.352006357289   -5296.951453813779   1         0.42457638562632294
-2486.062922481441   6687.702433112867    1         0.43486121692570423
4974.817919515454    7731.782445514576    1         1.0050206024732682
5743.847748289336    -6183.505435203763   1         0.3843919480280569
6429.197044046979    -1501.790812032261   1         0.36351726132292783
-2225.7096157166884  2074.358366780563    1         0.7353855614715091
-5681.35688904874    -5440.454841536381   1         0.20109558200039068
-8398.17221925291    -977.1935718692991   1         8.399146650416029
7592.842462422812    -5113.093459623844   1         21.031331777213282
-5040.07842393387    4013.515103246746    1         0.5036464259250464
1363.6658659071663   10395.814201369105   1         1.165009007994607
-4779.5332178869885  -8177.406564100097   1         0.49265913588639476
-18118.67658649901   9168.06517413177     1         0.4548799574078072
1221.1263670862336   -9137.528536461967   1         0.6761826668665346
3697.902222875439    -9597.622063702765   1         11.576473705097257
8745.643747917811    -5062.061501101113   1         0.8822195688929877
-5990.480649054291   -1422.7483520773517  1         0.5249605453269862
5444.153724237047    7122.334850672405    1         0.5343129452819966
6742.404227438659    12052.049870522449   1         1.0332886397399808
-5991.388197562456   -5723.3315186690625  1         0.18326014775012378
-9984.64421538213    941.6126541250648    1         0.15080282281233795
5669.991438368625    5519.859237086029    1         0.45249355518395074
1684.5422316890727   13268.64862956645    1         11.971297130575993
-448.95092988125026  3137.930991295563    1         1.148361202958814
-8949.281915441943   922.1958808829335    1         0.680724004698012
8820.455053811627    2150.925282633896    1         0.132559734452084
-10089.57631026683   -1225.4449179825795  1         0.672615094264874
1684.5430218788017   4397.619922253405    1         1.2040801063049935
2274.518936466913    167.8345617107807    1         0.8805367060586856
5670.399313842496    8250.677348154015    1         48.288785250521926
-1916.372206377538   -3912.471894491329   1         0.33038101820574184
4836.959410287184    3131.391412681948    1         1.2313505041036144
5411.115318336291    -4045.013263156363   1         1.1166927703781668
9668.207297353885    -1090.4893960032218  1         27.619404624376504
13590.177683935144   -6337.73894985518    1         0.4095403888240572
1480.3462565076793   3088.657405885072    1         0.873991788611923
-9630.167047612906   -17397.06508684644   1         14.283170712190884
-5024.915618029463   4565.796622482769    1         0.41357516945437356
10456.5098222441     1366.499602220076    1         31.015975847759663
-377.44870188910136  -4198.042365657293   1         0.4955560293119845
-6922.514793380133   -3944.5436131284077  1         10.573837284063833
-478.5297518142411   -3659.8006725867704  1         0.8496749546908736
5460.501343721641    1768.7839351700268   1         0.4011824814010473
-1593.814007044515   -8351.305193961456   1         1.1175852040944307
15416.969740525266   1664.7628491506694   1         0.7616091412760889
1457.774371335638    3508.718433382024    1         29.25591303142728
-17220.410347750352  7016.138963795194    1         1.0531228581639254
2603.7695767027153   -3778.386700661601   1         0.9576784044860236
-12931.083823896482  14459.414845849169   1         18.944660980219528
8189.654908822888    5849.072149909268    1         0.24421336773192492
-4387.244921170285   8257.239913812755    1         27.972672258789338
5477.68266860026     -5420.979845557272   1         0.3110943842596634
-4647.970064918935   3016.5626042613208   1         0.7277761728980723
9996.52315305903     878.4232456028577    1         1.212032749492537
3594.9647395344605   6272.698574785129    1         1.244366462115281
7455.992484360925    7621.915759884142    1         1.233171003478391
5876.730803709036    -703.9212474843549   1         0.7254390226137531
-3539.4589680816753  -16846.056450084077  1         12.816233387527959
-3041.7508227434646  9424.244314271327    1         0.4278986105763958
16884.39099044373    -6254.984057924294   1         0.41580664515866983
-2861.4543130946145  5351.177697769538    1         0.6376119655558176
-5953.856694632471   -7664.3984872591445  1         0.20216326486601272
4230.533570637845    -8276.459663145617   1         24.20812041500771
-4122.306645237317   6403.272158504677    1         0.6592824878968823
-5685.744101733962   2683.3352878251394   1         0.2449844480500125
315.7676179450757    -10078.489899376402  1         9.372101281842887
-7657.39934953726    -51.97936685343445   1         1.1320618779378069
-15783.16216521828   -2913.078882121459   1         0.4210142569177112
-4018.2861484922933  -7703.708095777064   1         0.7355489388543808
-6358.384977537514   1225.0862438071458   1         0.55059449778488
7251.445885437533    13417.817241111901   1         0.3564204938618505
-8866.069171958534   5851.352933831016    1         0.39427265960130564
-2436.4740250785703  -205.39606088855732  1         0.8559335465702637
7574.0601562362945   1361.6442875466591   1         1.202012894963577
