trucks_count 3
drones_count 3
customers 65
depot 0.0 0.0
Coordinate X         Coordinate Y         Dronable Demand
-3562.81832595159    -2866.7536342494473  1         33.02748054045337
55.2210355234899     -3675.3358102485904  1         0.4207161112627773
-8295.803296259619   6381.634828848346    1         1.182600834034267
-12677.447395426938  -2743.7803926981815  1         0.27096507056313013
3968.829244512752    4592.81952128219     1         1.126786678225462
10739.932499248298   631.3809835385408    1         0.9855061819648565
2581.000394103447    -1721.0813734845826  1         0.1827041980958798
5816.039083774824    6149.9558225276      1         46.80186816439658
7686.946587157979    -5038.682305230961   1         8.334824794444692
-3354.829545349684   5391.304520136689    1         32.848435193520395
-10698.933089312295  292.2567411037355    1         0.4518529624463633
14681.344508766722   -5045.369571077083   1         43.860832672871055
-6425.11970255879    -4351.93457765454    1         15.60357911694884
-8228.623055013737   -2419.1198397090425  1         1.020789750358209
1453.5151149813664   7556.482325701336    1         1.2108385163510245
8036.446793180752    6639.679453840386    1         32.07160758210386
1464.2559923334372   -687.8477016297138   1         1.1695835152090799
-847.3075398600249   10745.162280130831   1         0.6121794961555126
-2101.981582437786   -2790.250585774558   1         0.8337689144049528
-9381.966909475832   -2025.1628063162916  1         1.0119526064546864
868.5889572759236    7350.467914687639    1         0.7590127272859913
-2574.5815826859534  -4615.07081039028    1         20.510201409258812
12903.884290990156   -2618.723357296796   1         17.336751128471207
8195.510877677747    -5758.539911760835   1         0.8565923231467223
-3130.2057951306883  4479.20805399571     1         1.2088183845416827
340.8833365609756    -5326.763767374228   1         0.9236770976737336
3747.4217257150613   5005.835993847306    1         1.1409648030676978
-1772.0934248418453  5191.14915080396     1         1.1801976970916679
-1658.6924767295386  -1766.674697619934   1         0.305870349966788
8655.879560879224    4263.287776230413    1         0.6954399642486587
-2758.3151297037093  -5594.22586231951    1         0.17964139594090517
-9510.909820689669   -2880.0875684699854  1         0.9764689478503512
2420.4375431314347   10455.452585058623   1         0.18206186873313276
10312.316624165162   8570.707466059588    1         46.67281702753673
3178.9931494454954   -564.0463451517793   1         0.7956824282481012
2430.969263791185    8939.934286622685    1         29.280336819939986
3184.0020636952913   -6864.792415871567   1         0.9660691640296333
2384.4053512524047   1831.1765744194522   1         1.1558448095771021
582.763667594579     -3948.3649619020325  1         0.2145185619703754
462.60144613282415   7812.8212511581105   1         0.5129361705955746
-1785.1403872139733  821.6567300319924    1         1.2489247178046576
-668.9869124219776   10076.24996237954    1         0.871982259461986
-2089.9995342002994  -7383.826555966528   1         0.3865302971636523
-1442.7350836730236  -2552.1910611190538  1         30.51303015892331
279.2888731628499    -7155.661036491757   1         1.1743498484706458
-2696.7422353885036  10235.380873609756   1         0.24626867905099242
6912.057877305233    -2173.9356908113064  1         0.605768046235194
-1515.5761870618803  -704.8735415920381   1         44.46708625535387
-7783.442705543121   5195.77889805021     1         0.2988575062371808
8561.24670669178     -4602.513180676677   1         0.8599857069159472
2699.1240779932737   2089.653360716091    1         20.72936604477213
-14437.756158554033  -11280.547030912672  1         0.9160976280699116
6461.008587703895    8564.351538250912    1         0.42802055580708853
7943.178547286829    -7442.366815163267   1         0.9789555591972434
13741.491847059404   -11760.436533092612  1         3.2863670334313726
-7643.2476572214355  -3093.527215711719   1         0.9125074625273025
5056.830421848866    -5479.011183517339   1         1.1427376616762557
4304.89688867006     -4329.8736758349105  1         1.1124455831281523
-10750.412277001593  -1819.38774924129    1         0.31892707465204656
3368.769043070037    3991.6072767968126   1         0.42593989203598026
-923.6428628112529   8424.673946477933    1         0.7069714612953003
-8358.135840018103   -5977.341804873117   1         0.5939039756910134
-1733.9571708754536  -3457.581960640489   1         0.5736339324622417
-1074.570577776806   -4475.645865511375   1         2.859970110023908
5313.7293625237035   -1924.9776964908913  1         0.7807000902292542
