trucks_count 4
drones_count 5
customers 59
depot 0.0 0.0
Coordinate X         Coordinate Y         Dronable Demand
-9541.939888249039   -3879.554017021592   1         0.1573720443532756
-2695.6309232054177  5086.372248391684    1         0.3957802708545016
5350.306505444546    3953.4297984817727   1         0.4453785642062299
-4133.024019477143   14078.084004542714   1         0.14926612280922272
11572.980197337358   -7445.604688657972   1         25.769437897120913
-2550.532312776779   -13905.726555559286  1         0.7277188680696937
-7165.535623278606   -2995.0877771754062  1         0.41749817155510527
-3369.64538759357    -3221.114673449697   1         0.922920659355765
10200.25543883058    -2782.463559264863   1         0.18874331590069024
-1524.9576185415767  4792.719109028835    1         1.1276801490989765
-14349.416271242197  14875.501715691382   1         0.23306190972206697
-9518.136021577287   2586.9507669701434   1         32.18065275614421
-5979.1472632404875  -7385.138690256439   1         22.358173549892847
-7791.040157039188   2303.659963133985    1         0.6269109145851357
15547.479373860442   1340.8967498847487   1         0.579601015944476
-616.4954059369585   -7207.005024480664   1         1.2426857501980144
2651.6020075462716   1853.0073344850366   1         21.91926810769686
57.78355879886511    8930.61924364904     1         0.7381690561165519
-1490.45831021825    -6108.838548648508   1         1.1214957299784623
-4223.995257756987   -4321.157541495125   1         1.0481336713312241
-1651.1476793779707  2383.959170680439    1         39.309180683435926
-6482.224251309271   8163.536634033292    1         1.1531303046379016
1618.4598184439296   5463.717835962369    1         0.6666545826358985
2854.118347347451    -8739.880926794707   1         0.34116722968456525
-16285.298863159294  362.1434113053583    1         20.404431058851735
5544.8141621130735   -2275.5626977832267  1         0.859113336222379
-5429.110365970818   -8422.793470217077   1         39.36002118225975
-214.7384924771672   9509.384185984194    1         1.2306354821614593
10856.780365048651   355.07090262229167   1         42.82627225120149
-2026.0722323146229  -10331.184727145193  1         0.4911702228074861
-6319.113815556264   2729.094910895865    1         0.9095530892747768
-5358.222006653679   2579.8100955118302   1         1.216529171939072
2658.7011668247164   22.7707070463074     1         0.19562568923205403
-5791.445671193969   -4929.545075566417   1         1.2328214363129988
478.40266431355525   3307.260696394475    1         1.1996106502200774
2382.3474035679674   -10527.545472988662  1         30.442389625038565
9302.8717103196      -1491.126600759678   1         0.1062378364785638
-3626.684805807976   2599.2757977478905   1         0.3046403629204817
9107.177934012245    16178.529153602773   1         0.8770519280423181
-4822.474085986822   8668.044140530516    1         0.4345188414685546
-2381.5488676943733  -13781.559435950056  1         5.716138590073104
-4443.756250319308   -1099.895744070581   1         0.3679199404884532
730.5699175042778    8884.250839981716    1         0.33710974104152486
6874.641186717304    1080.934404315037    1         1.1841617903464075
5706.063080392635    -8846.664848297112   1         0.3135235740939958
-8711.062032802065   6891.657914946922    1         0.10768915905151376
1190.2473920197772   -3980.8960083955208  1         0.7526327559510947
3361.5644375788397   -1043.1886072192738  1         7.056588423395454
6971.009483598439    3574.440162130751    1         0.8625507309876003
-6553.37392422636    8630.720590313693    1         1.044430752556953
4943.194699867877    -21.177177522885597  1         32.712406400087076
1929.1399241593483   9128.53906654767     1         0.46946539181862734
5856.537856789345    7325.721484722146    1         0.7489708324619023
1791.6937014239911   5266.313764304225    1         0.4222133900594939
-4736.666578807866   5488.81284700146     1         0.6465844001034575
-2260.293973681233   -10292.387120844967  1         0.9677448254249179
-2774.2798581119414  1152.8460665038763   1         0.20558021048229325
-2212.3788690760202  -9292.145152567526   1         0.7859500641514319
9193.731856171953    -3110.298536764665   1         0.9034287261189636
