trucks_count 5
drones_count 4
customers 90
depot 0.0 0.0
Coordinate X         Coordinate Y         Dronable Demand
1350.4427426320965   -9616.7746900998     1         0.9148704790532523
-930.0981868664388   766.2181586563174    1         0.4050433754828099
-5838.039061350356   1288.4729772564915   1         22.694996870599162
1425.007696339775    -9040.793012241164   1         18.693907802731154
-1269.5172649532012  -325.38911399038835  1         0.6400141732335048
4780.490897093943    -5781.457206475066   1         0.6080398702838519
-9283.63366220918    7086.782803007023    1         0.5782666552822936
-2871.932111280176   10207.960536836583   1         48.74797591382666
-422.6817737205437   -5361.875314902144   1         0.7163016236905231
-8454.264191722941   1106.6339208770555   1         0.1444189315217957
7228.848632595269    3584.2150791248405   1         35.90501860518643
4119.168504976669    -1139.1123193583944  1         7.74162922539337
-244.26288629386175  1118.5535860134155   1         1.0674678567493299
-8330.539621817792   88.2981144968301     1         1.0632714920492186
-40.480108673682786  1556.570711873579    1         0.34861244779023226
-9203.199177991839   4898.399040805973    1         24.163433722760136
-4614.642418341778   3362.4772167559704   1         0.7292070500211816
6782.94659199055     -3291.791145796871   1         1.010440665993514
-6007.355387314754   -6910.068690699546   1         0.22479577581214016
177.52429421113266   -9287.72860433041    1         0.8370583012338673
2680.9803360048877   5373.350655937448    1         0.5377000978671925
7917.598208697496    6182.86861243071     1         0.5947841693057734
-807.0836600448914   -2756.2744209748616  1         22.948119973831197
-5312.683503542345   -8085.526888918067   1         0.5675243031290234
4911.768441077207    613.6474695483408    1         0.18296782541052647
-6581.298951353834   7467.427876371094    1         19.614456412200063
4040.442698790912    7486.151846701383    1         44.34593848370971
5837.44553557168     -1458.5429803705215  1         0.2678148864252583
5789.48522375193     -5051.138862414158   1         0.10375007924756402
-8544.143773360034   1946.2549282881319   1         0.5028027178073606
-4663.810292897275   -5477.26624471317    1         0.5069483013612348
-97.8709309413277    -8329.272274487024   1         0.8689400684175264
-4166.492306338763   -3322.146083203417   1         0.42665438371830355
-7384.28924890288    -7574.79513682832    1         0.4593460442183921
3970.3516188211297   5939.086378487136    1         1.1700125151250707
-227.41535375469948  -6769.541633311124   1         0.7319102894179358
8023.487174017522    -7422.537619255954   1         0.7083942556798005
-752.8095774023891   10762.068323963797   1         0.32451775420699436
-4321.392909507658   5736.341491774312    1         0.9248601951847998
3531.2407892832625   910.7886106181851    1         0.5000952065345875
-7034.792488840346   4185.165114997948    1         42.0287430179876
-2166.927455514439   -5663.113896573095   1         0.18200084654121906
10073.808041706016   -1760.4102906902233  1         0.2120108232759783
1236.4104977179677   -1175.7083110553783  1         1.1354788463337318
3638.4654394082368   1389.9958520680868   1         0.49730025792675414
-10247.190446735363  5481.218501995245    1         0.7475286385805742
8352.334764971443    5293.247531053807    1         0.6768448903456736
-869.7061618831808   2773.9456258242694   1         0.5545749056567026
-5838.805388446794   713.4815250039476    1         45.84482312884562
-4510.53718813886    -135.06309137845838  1         0.5444756706400878
3585.5462976673734   4914.666284580155    1         0.4642296977912841
-3522.254690700634   5942.456588760881    1         0.8465462094870351
-2524.565583475559   -2863.0753759543954  1         0.9619632519761385
3585.0960119350934   -5283.632398681904   1         0.1388793163338843
-2860.352045689096   -8070.172360639274   1         0.5543254838355894
-1119.7460850026775  -5373.065757400518   1         0.2480701520908721
-4242.069004701042   4109.207602036942    1         0.8382585631287484
-1294.853660253355   1100.2838407091403   1         0.5892817215332851
-3555.938094887748   -2028.3048044152329  1         0.7591522501176209
986.2180378484919    9709.667707115212    1         0.6006505393890174
6485.478790744569    6245.89023331216     1         28.113873318788052
-3808.4180892865093  -1047.4159676383579  1         0.4771247699335027
-1711.8215363190175  -2220.8896501623385  1         1.1060452757572512
-3090.0624639018934  6466.722130305898    1         0.8500137473663785
5004.74011357052     2613.509492715884    1         0.44153561633487004
2803.031551138978    -11352.158089235325  1         0.8468288233190224
8150.14836624991     5211.570185235963    1         0.5117442770153278
-3278.496469830809   6938.670402152521    1         1.1777534972536474
4177.541569439127    -461.75008921522846  1         39.799806525793095
4779.559971677912    6385.8324130522815   1         0.890835887568308
-10962.593514737284  -6408.181489241891   1         3.4396128018796635
5439.227560832643    -8971.866803081224   1         20.91559160630054
4179.760401316972    8283.313618763459    1         0.36505290299491033
-1521.7601514116209  8594.330461724638    1         0.9514724266179735
-5743.080395581041   156.65261390951932   1         0.47269202971092183
-5290.3474612215505  -7609.453023477667   1         0.9155609969886822
-282.67276160707934  -9687.135688300008   1         0.6734294189145874
-8225.208448481644   5923.241356384039    1         0.4051680259180559
5650.4447628858325   -5813.4769725697315  1         26.20356826329736
3151.576014037609    1215.7239651044235   1         1.0157579793787945
-11345.547722692658  -8845.384849050843   1         26.15330756230159
431.23607625257773   3569.043146882155    1         22.026158137127968
-6497.203601427287   8701.813442807103    1         0.38103532039402765
-4024.2895658634284  553.0961015480501    1         0.2711692297059072
3706.715253502703    4166.211653558092    1         0.24391434529160616
5978.2962058847925   8260.51457096861     1         0.3389362475005919
286.1975894936492    9744.68338362153     1         0.6013098668972708
-3054.0335427984273  -3615.0228419212385  1         0.9392105853179639
2381.691746856398    1044.7728555426347   1         0.412382070181764
2578.594248771984    -1318.052372186732   1         0.807513333769589
