trucks_count 5
drones_count 3
customers 58
depot 0.0 0.0
Coordinate X         Coordinate Y         Dronable Demand
-7753.386117873425   -5130.381383699847   1         8.492316841779033
4994.380631788126    4016.9271974094377   1         15.536751900094908
-4642.822910281167   840.6681332690805    1         17.272199566188895
-4407.081551767442   5751.752636858262    1         1.014006457737283
1303.607516199763    1308.4070885542014   1         0.42086249009621335
-4243.11873513217    3326.2442368380944   1         1.0330447175134034
2250.2715674338237   -6276.760541829318   1         0.40684841824433593
-7139.803003718251   5595.235975788584    1         0.3549975523692388
4920.637394893058    4109.431797215531    1         1.0232799068183398
7253.524108374854    -6552.514274585295   1         0.48464543540067095
-5957.047774841204   -6014.059359795538   1         0.38430834142508896
2199.710192425252    -6531.165954630269   1         0.9894271163299031
-3025.8271511219555  2332.362219882647    1         0.28038991235170346
-3042.4030677424394  4030.220358810935    1         0.6365313172885494
2819.9635160133057   -1570.7159981273771  1         36.29685330204492
-1565.5412653928288  375.6003419014032    1         1.2273900366400936
-6930.300385159578   5046.379878163162    1         1.0956074548000783
-6119.790604506082   3475.0980084492094   1         0.19498084183129635
-6797.494420126217   7306.280075406661    1         1.018221444526705
562.0713919177341    768.1181128204083    1         4.97178029100578
-6108.537014085772   1309.6036168035691   1         0.8343166906003575
5090.9546138137075   2850.994431291686    1         0.32132141810127834
-552.4246464221642   1692.7218198715132   1         1.1129603702503024
-3177.836870826565   -2567.665738521397   1         1.096347320331419
6173.108381347501    3701.0631095342455   1         0.4000022821640693
4779.325080582017    3412.3558112218716   1         0.6419857630777827
-4058.64797054843    -2570.3043317219144  1         0.4588883406102179
-6478.842237069315   -6432.167713564869   1         1.2409797520060952
6959.077319524732    647.6610220404037    1         47.56267962262868
-2792.06437205821    -105.53516174205288  1         0.2946144137709171
-6871.675779962656   -5214.905134738193   1         0.6410944536690102
106.08054845989864   -1940.4174389086656  1         17.471865548045024
5144.879194132322    -2795.264671295684   1         0.6208820996426102
-6779.661941579191   1612.1816673070232   1         32.53260902545517
7295.273657451235    541.7250553655055    1         14.318802886484624
-1408.300071910572   1594.7161316398865   1         0.1933105123277016
5223.820508882858    -2242.76328337484    1         1.050749559601572
-199.6714780672622   -3105.195881032117   1         0.4073545688211643
-3019.1758478013257  2950.7314909463416   1         0.1099442674936842
3565.723488065743    -3745.2494960134763  1         1.010814167288986
-6923.483396833498   7147.116892071879    1         0.4428634944608456
6422.161889262296    -5792.330645856443   1         33.398562721484765
7799.251717535688    7352.529122777105    1         0.5176129256816275
-1475.4234143755136  -2637.282998117209   1         0.709449428878688
484.06685901986305   7210.881815495072    1         1.0847883302336623
-5731.704756151135   7381.956130328815    1         0.28048108889197076
2289.536161773423    -6052.213941493053   1         1.0368469554583515
5525.5575201892025   5579.66986016241     1         1.1946507275240097
7490.397892703491    1280.1312347781834   1         0.11899429344061183
-624.962886001141    -3475.9067269618236  1         1.0208455245314318
-2095.8980758295056  -1173.2910464384304  1         4.675824383551156
350.8957253282889    -3244.274384506284   1         48.95201847361494
-2567.0055735491105  -552.5290527046621   1         0.356682101264566
7549.518582912882    -1122.43861538586    1         0.9181048828974568
-5204.4816036921475  -4194.131026819687   1         0.33386670165731236
-3885.2800964747817  -7185.492448698448   1         0.7482441987690742
-555.6937316235594   5525.14688213958     1         0.8411492162069678
7827.1541329736065   -5968.116570756594   1         0.757533646630359
