trucks_count 5
drones_count 6
customers 97
depot 0.0 0.0
Coordinate X         Coordinate Y         Dronable Demand
67.35667865447981    330.99943238712336   1         0.14822530349932286
798.9031220095939    -4086.370357458903   1         0.9734492657452637
3537.01269431499     -3299.341122841483   1         0.5609700883629689
-447.7586637731064   -592.4932341402509   1         0.11383688336539974
3057.9610388087654   -5010.568565799518   1         1.233476068731519
3064.0500882915876   4289.986393843523    1         31.89668721503765
3809.454743506251    4137.692949976732    1         0.913788557280976
4528.847109450461    870.5159686789343    1         0.945524681534895
2126.1489449734      1398.538341555359    1         0.7900391336866839
1637.1799907837512   -2423.5885080105268  1         0.8584818920122621
-729.4034232936739   2598.6249774069047   1         42.920475141898976
-2903.9202243247264  1273.6069038317466   1         6.427194754352514
13.94525802583412    -3916.0164074441755  1         0.3550982365240295
3825.9234129990245   -371.51573235940737  1         0.8612724988027848
5013.659333179557    -4752.479092203588   1         40.387025439758716
4344.9824445674085   1792.7105001632708   1         0.23222701753652047
3233.2141764517064   -3978.7529038411853  1         46.276999477627115
-4643.431241551653   671.4830794190775    1         0.4088889849092472
3531.3598136735027   -4681.292081770508   1         0.6806377038247239
-867.2470506704085   -302.57051719418223  1         0.6809536990238096
2733.3638396632714   4353.431250336462    1         1.181390646617256
-4519.824113555901   -2444.507924241533   1         1.168103978445006
3661.7189878637046   -1000.9689014914702  1         0.5423608286628532
1371.0391115154468   847.4035783961739    1         0.729153126994335
-1730.7373300080699  -1125.5331734597612  1         0.37817924690672033
3583.0812181788433   -371.5846235954548   1         6.012341762259276
-1131.7305567525655  2240.099101235451    1         0.7574706391434578
3502.451381664566    -3663.3243395076306  1         1.1659801774621217
37.087470001482785   3552.4268333414007   1         0.5235533026005119
4599.183767501224    -3465.2156656554826  1         0.8269019937295623
846.628830434949     3088.168552170996    1         0.4618719823174716
1967.2455718207207   4517.714975378455    1         0.7829198975228171
4092.981982940334    -4958.647994980429   1         0.1149119456126095
1615.0086647150672   -3034.192460046102   1         0.7470424488131074
-1656.6183762060953  -5051.487702732477   1         0.6780483943563963
4157.390322298755    -1810.6136007409114  1         0.3870055471462368
541.366653635889     253.90159716645334   1         18.874211745733437
3756.819732848736    -615.9821490208168   1         45.900303245132996
1454.1876341887626   2615.450344209176    1         0.48980011879145424
-987.711535946019    -1051.9474771274656  1         0.38945359706952976
-1731.204421022213   1343.4402614491412   1         0.9243021843886255
-3457.6931222019307  -4076.0096996755897  1         0.9721773675825217
-2558.5255230475136  -2523.8110687603667  1         0.9074610093651327
2851.3584960440335   5019.573607537323    1         0.7013245431224461
1200.3656421701328   1617.0389032159278   1         19.078007398072355
1850.8124304264763   3117.3587016176666   1         1.2337985827570916
2131.867315659576    -2570.289076466368   1         1.1242066841433502
5075.888669286017    -4321.693967204338   1         46.490701505674856
-973.4795545466656   -1496.9089844293687  1         0.15568850065981318
-272.57303320341396  -216.081326054749    1         14.115196398111989
-1616.041849822828   -1104.1329704046916  1         0.2358931744369468
3910.0335918702403   4608.261538085872    1         0.40020598357114145
-1683.9978399163915  -2905.80458952838    1         1.8701994312214698
1840.0615217146863   -3717.0577974530715  1         1.0622863921042454
-2913.665943996477   2624.7240296065147   1         0.17162502260312226
-3422.1416552492037  -4248.041276549453   1         0.5390229197434209
1216.5215776815824   -3566.9188245798587  1         0.6749191665775872
-4615.007024447112   603.3947863853783    1         1.0843991597248057
-1448.3098241751497  3306.8159277846466   1         17.853245330336456
-342.4561117813464   1379.867926205784    1         1.0582805252996308
1395.2203467467466   5082.153977345962    1         1.1523187133452608
3717.9058718050874   685.6277407525641    1         10.27062809073951
-2313.7424943863443  -3113.509153310474   1         0.8846760466041316
3881.9495284522427   837.1517450105075    1         1.094041826497234
-1841.4484020607892  4363.590285798986    1         44.38467811789879
1085.557464572737    -1348.1465197495786  1         0.367859737820602
1595.900716898459    4151.291711243984    1         0.2523854550847421
-2993.2589426741797  2744.333010687004    1         0.878838028720634
4819.717922902979    -1046.1227237001376  1         1.241953327888357
4683.256787377694    1364.6967318277332   1         1.0212241323171343
-5025.894280881704   -3315.455252089451   1         8.134680016803042
1148.2967469452421   3362.25851492191     1         18.286207912445335
-634.8241591548276   -1750.6128806607335  1         8.650821898453078
-2384.405674163232   -2003.3722395718737  1         0.5736751498107666
1943.9548558027832   -4966.997742058345   1         0.706932971041414
926.0495166426197    -1436.0349462344486  1         29.55028582747352
-4442.772954269757   4086.5213372960598   1         0.2533296843145325
-3630.6852212971658  2787.9267982694637   1         1.1561977533360042
-3986.8694662332136  3560.7557890572944   1         0.7272800393264424
-600.4828581946425   722.1639977461806    1         0.4912127148773461
-430.4466521450118   -2518.128743186316   1         44.15308460235031
-4501.721590139193   -5059.514220710912   1         0.16951824542569416
-747.5964795324795   -4939.603665695753   1         0.16082561226136033
1275.4376770218385   -1210.2391998078422  1         18.23637775293055
3039.0118673013167   1691.1207937402678   1         1.1612432682439504
3540.1508763628976   -1234.4568053855578  1         34.02127427060297
2493.504012800363    -504.1793403839211   1         0.6235163774724043
-4747.810016344107   -4121.616814856649   1         0.8710612760264932
1524.72850074058     -987.7132030751342   1         1.0818321212066049
-839.478075778612    -4543.070828853547   1         0.44232646412184085
4857.5166839319045   510.00059265136724   1         0.13472746238130534
2870.916397928859    -2417.26974096611    1         0.99199365199355
-3546.7832916467705  -3005.536019101998   1         0.36751586876565867
4748.384727069701    -465.0544771796483   1         0.3262050142090518
-580.1925338961959   -870.6679544854055   1         0.7504242030623921
-3713.652157421396   -4471.546005686769   1         1.2491877738004327
3725.1742354750295   2893.679540622194    1         0.5321552313661813
