trucks_count 3
drones_count 3
customers 38
depot 0.0 0.0
Coordinate X         Coordinate Y         Dronable Demand
5829.074830597869    4379.024522568684    1         1.219181573782704
-5906.120409014418   1748.0034129410697   1         0.3626661069336419
11467.813434235868   -9001.496589528959   1         0.9270392499289587
3487.712964161672    5640.807940047744    1         0.9126962319010915
-7044.02563916273    -1224.6720029339858  1         1.226580332421197
-372.421197570453    -8657.537947589035   1         0.6837154042402769
5736.245333126132    -9100.685940085788   1         0.5112112223273848
-5579.589988712697   4593.079002742456    1         0.2856554159318647
3241.171222617747    -5901.775878225358   1         2.224967626104215
-8050.615114025966   -548.6999355341585   1         47.63752296817577
-4120.036473135413   -5852.223305304857   1         0.8020826178481235
-6745.813979509778   -6063.691486368318   1         1.0654816327545686
-711.9924117747338   -3751.2382449223032  1         10.585239852353277
8990.154747989269    945.237158029732     1         43.896543922541085
4265.654267583007    1696.5446096276391   1         0.24342068333471706
8177.120608487156    3656.404185137607    1         1.0410830512421538
-4893.49687576613    -2803.5949495728782  1         0.24879152217751554
6063.520796831712    -7088.220963265109   1         0.1554658854518517
-4956.052469499737   8588.090210603687    1         27.579497947919645
7202.293050517493    5526.7675121313405   1         0.5615534256696281
-8177.384874223974   1457.3621728745238   1         0.46839428624669044
-5578.246237892872   8162.706898948378    1         0.43134126274649176
-2854.350114992704   9523.290406392063    1         39.23858395743009
-11936.900730392907  -7071.920751025197   1         27.543387682870723
-10312.1939897272    9829.500127330379    1         0.1175604136882299
10579.319672589267   8104.666305896681    1         5.84215800661697
5564.667170082474    -1543.9177440512194  1         0.617343249968654
8009.750165817983    8164.574187186598    1         19.03367429869745
3438.9994111156684   2350.283992295803    1         0.2909279480155184
-769.6599407671074   -3699.629886783676   1         1.143893430969528
2437.14463521093     6428.544806766994    1         0.985003495952076
-1581.9444390428112  1091.1112934652613   1         0.30053336363615624
-573.4288757043646   -10366.038423505346  1         0.565855733044725
2100.8978374058283   -385.6107466460356   1         1.2250781568652096
747.1130111621842    -8944.194104517024   1         0.15079976865664946
2369.1904072473267   3311.9186584546064   1         0.36543444932873204
3067.2108349307655   8712.329244727589    1         0.1321459623335133
-1644.2049562162938  9274.826889785036    1         0.36280027555169125
