trucks_count 4
drones_count 5
customers 43
depot 0.0 0.0
Coordinate X         Coordinate Y         Dronable Demand
-216.40256200740168  4378.361947700368    1         0.5608370136550234
1544.8138719013054   1389.711519858229    1         0.44054044993450325
909.7918125596409    -4723.772969950072   1         1.0486703065382172
-1496.3661270000457  3994.7883447791146   1         0.7720162666652718
-2246.8117487861987  -3262.5088134095013  1         25.660796347709955
-1982.162590581132   -3119.248071264059   1         0.7234133825057146
501.0366240666798    -1510.9860053277791  1         32.174645098427916
3469.888557412904    -2798.582317669058   1         0.7634165498495483
2981.248482878782    946.3716068522673    1         0.11942451893303914
2331.039602380346    5074.029783013388    1         0.3609675371513005
-1278.9505002393157  758.0578951725636    1         0.5012661967456541
3273.2915386243662   -3866.108078726046   1         0.43122559826201834
-1839.9573485797553  4999.229291323545    1         0.35649270526180377
-3052.5425742132647  -5458.144974543713   1         0.4478419095671786
-4270.997988973383   1443.0533423302732   1         0.14973056170337734
-597.4244227471208   3470.7579473336755   1         0.4156653342058234
-4645.469265800265   -4265.417028367986   1         0.17553550759418984
4423.055393880759    787.4094654614019    1         0.7364051647828452
-1885.3327528651762  4774.882986782005    1         0.5027882188664429
5476.211177983979    2894.686684360505    1         0.6429446043467912
-619.949323925079    -5369.102774525438   1         17.424190999033836
-992.132586348649    -5115.892256674227   1         0.4669515987883345
4830.069198794615    -2659.21226740593    1         0.8776987744445925
3274.663289463231    4352.61077625587     1         1.2148172487798303
-3818.0196417225484  3468.663343088958    1         1.0180462737875975
-4794.869982548022   4260.535795508471    1         0.5991355542711921
-2420.2696118659724  1771.6664777153649   1         0.788797699544958
732.9391662852307    355.81333568182356   1         1.0943830742542917
-1276.5462738110102  -3498.111412014968   1         1.2477036517762805
-3875.4076815957437  282.6038608140965    1         0.8602670673417426
-2105.507384828985   -4128.624893067812   1         0.5982011361859804
3278.2884471120733   959.3012932408847    1         18.41107734856752
-2529.1098292984816  -2692.0496308617817  1         0.4037680529490325
5500.608546145333    -5189.736087562982   1         0.2647785994755976
-5492.273262576076   4918.9554876184275   1         0.8261707335365746
2864.9886838390694   -3354.7148760118575  1         1.0104893356380737
-2047.9277870824467  639.6435126900615    1         0.6554916089189934
1877.3777393511555   4034.2765806417674   1         1.213731013622514
866.2484115300895    1035.5576033188045   1         0.39017416737113164
-2430.7017376971808  1071.1813457839235   1         0.6069605556281253
-1215.2885698461375  -2579.2868969158603  1         0.5952695192545086
4650.238343513025    4504.44710561492     1         0.66363011509502
647.1887133677935    -1545.3277286277635  1         39.67473493422046
