trucks_count 3
drones_count 5
customers 52
depot 0.0 0.0
Coordinate X         Coordinate Y         Dronable Demand
-2220.3272076011017  2411.9023960009545   1         0.2992527303910014
1167.3577304468054   10004.383604574701   1         0.6902785579545315
-6107.8897942067015  8826.840939301046    1         2.65287443149013
1716.6615240923493   3519.5530403866405   1         0.5702484990001109
-72.12200300667875   -6903.4498886948395  1         37.10086019696881
306.6661431880584    7818.61432548788     1         0.28389559557427857
3932.031359197816    -9937.739594420083   1         1.1514150012063067
-2092.8899803827453  -9671.370825769516   1         0.631207167270261
8074.2437537784435   -4823.279668052741   1         1.160546298345137
2228.159097793723    -12401.713915809263  1         31.84599010669027
169.45485422923804   -2997.864405834471   1         0.3407499115617
-4069.518713895162   -5364.516780492393   1         1.0319538793277714
3025.967220200241    -6811.843304966072   1         10.782079702361553
4174.556537466844    -6042.942886613416   1         7.163203501341713
6530.064305348634    799.1663068635963    1         0.5770697409206393
-5011.796711473689   5209.744603818593    1         0.21823065885466417
1101.519536044426    -3560.8551657838984  1         0.12598489424528414
3070.432187550218    -1762.6660898730327  1         2.6087213481180873
2609.529440679764    -1431.4674286995967  1         1.1837565564456618
-9622.588383831491   14267.014946434367   1         35.41604502632359
4737.168798518409    269.9748555162078    1         0.4521555628092804
14667.789842409147   554.779152516352     1         41.46671263410595
352.7781622714592    -7484.721996374128   1         0.17461781411395452
-11804.231138219935  -7956.705957804382   1         0.102872536812827
-8084.458035750797   -2950.992588279904   1         0.9279556700490297
-3020.410894361825   -2394.690060070396   1         1.0558881734258299
-6025.342090910806   1157.173703135435    1         25.753593787969006
-7897.380755705258   -834.2599528846349   1         0.4515380080133241
-3983.4483373250105  1329.4728591428689   1         13.610843386439521
-6106.799582337071   -3516.1883402531184  1         0.6272336534859512
-10322.13654287917   -11537.218682169534  1         32.91153953063494
6756.0052140209755   2528.241772860428    1         0.8142618566646252
-5615.694519638988   -3524.2212243660583  1         0.24422302181555952
2350.050201069813    -2772.7004105535307  1         19.434199276794367
5652.392439840263    -6883.312535150588   1         43.6668587168552
8687.88702886424     1889.6132354885442   1         0.851311827590444
8695.691051545866    13825.525131285769   1         0.9970390187273148
-4019.7153191332927  7291.458635842813    1         0.23346620631007448
-15131.049872288437  4547.099290694048    1         0.680045908714867
-3426.790312504613   -9143.56676510878    1         0.4708402261536978
4396.797792293977    9441.886854448694    1         0.4983590768027494
-5802.165860859547   6443.255969449623    1         1.1383009309734409
10725.624640146296   294.09035401160065   1         29.13674710028676
2277.6929378157165   3810.5082584920037   1         0.384146548153001
-1179.0953298791396  -10176.698553967646  1         1.1342367191818243
-2746.8189548104224  -154.62537781313176  1         0.893809380753733
-4580.935576033049   9305.075766901453    1         0.2862187256152343
8688.022094646558    -297.0764105812025   1         0.7343751867031019
7407.408377822547    -4294.142750324709   1         0.7344531050622121
-4177.598389067403   1809.7684682203412   1         0.9591504812725012
3193.104344426576    4815.852849531457    1         0.8301247791858866
-24.967893495822334  7293.562032713174    1         48.220286969557804
