trucks_count 3
drones_count 3
customers 46
depot 0.0 0.0
Coordinate X         Coordinate Y         Dronable Demand
-3660.3482730783003  -4184.899179391998   1         0.9512447777817543
-1811.3997301710083  -3115.4110827799623  1         1.1237390852822047
5141.555991969649    4449.37283119712     1         0.6973032347395259
-556.9655537569333   -1906.1370369556653  1         0.1638772210019307
-2459.5380692536123  706.1704950909788    1         0.43233891620791987
-520.1428988968208   -4398.036089484622   1         1.1734049481750013
-4279.923909718103   680.0661315342388    1         0.7608989193209061
2631.9293461138636   148.40551520712253   1         1.0201725748877295
-4779.5581617826465  -980.2661591050021   1         1.2220425257577245
3045.8416490075783   2441.3949270169587   1         0.5345431556721898
-5014.244946067342   1046.446207972481    1         1.2370830668989024
-4082.4718853353484  2081.892131820367    1         1.1128311664675148
4651.9717341013275   -2675.1958408283976  1         0.9887959443999939
462.3774420605001    2279.3403880798305   1         0.8026177215052875
5188.4183494421395   -1095.37392345582    1         0.8155917157278176
-2857.941896829968   -2500.227805070603   1         0.7488693162410909
4636.829386555276    1360.9507771561566   1         1.0973033761898026
-4193.766081032169   -4776.566192814334   1         0.3817680340355575
-1731.4950976510072  -3234.8088852714354  1         0.506792943889954
3207.7402152531704   -3514.0069675546474  1         0.9552880655094855
34.25717481229873    -1615.036434274709   1         0.44630011696255245
-4029.3470299749692  1401.3114164454523   1         0.4530566568174067
4791.984560361297    420.55245983465005   1         10.80688715218132
3337.3401365551067   -2734.128660844516   1         1.1627510226959914
5220.7847197198025   4994.638655712012    1         0.52368068759864
-1639.4231569551007  -1197.5586993721465  1         17.92562915268942
-273.7145582638447   -3743.836489719875   1         1.2209502976814055
1023.9882864036582   -1018.4360167806492  1         0.4341750025775478
-4180.120476135265   3821.7298841742977   1         0.5315312420389788
451.95609951562994   -3004.5934350116377  1         30.791695292264272
235.52053498946816   1569.4420755460542   1         0.12860312041601452
-3188.386257144933   3016.56184871555     1         1.9804052553690332
-5236.877463230448   -2358.6000980144127  1         1.2272435663496393
-3831.6597871418912  -4060.090031148757   1         0.9827407542273321
-1841.2121753141046  590.50519240225      1         1.1147132265071606
4132.243776744136    -2774.706367163435   1         0.9013558275023199
-376.1345402911617   -3189.919088294631   1         0.9725860009044448
-4137.981124745857   -5040.498394236201   1         9.619487818192185
-2138.287767014086   -3010.1936613709386  1         8.180688525276828
2368.05779798561     1675.510749246184    1         0.8392875088611045
1424.9871374501238   1149.6112326391617   1         1.1223999770231243
-2716.2910057343347  -3687.6768491270223  1         0.5658662044291146
-3130.7088696272654  -2566.1000921588293  1         0.4073183596363199
60.12950060558461    -2419.851911318378   1         0.3932693809696777
2445.838157023777    -1320.6809942825384  1         0.4749444183148517
-4806.44342003344    2514.2588950063255   1         0.7121046610976078
