trucks_count 3
drones_count 4
customers 69
depot 0.0 0.0
Coordinate X         Coordinate Y         Dronable Demand
-1758.2421569213943  -2355.367368018065   1         0.14051306476691564
2267.8574101191866   526.5569009688007    1         1.8900613037521685
4172.785206148489    -1415.1375212149649  1         0.6057057704158213
2189.2198000677577   2654.141120124522    1         1.17254714772636
4552.278175019875    -3598.020282541927   1         0.4250103313371463
230.03110623950124   -3692.2975729644177  1         19.604179452434664
2277.5161183679274   4605.702636745339    1         0.10824175225535876
-307.7067760240104   -5987.430442353655   1         0.1321547514829804
932.6606818877899    -5631.231434039231   1         0.1562055494570867
-97.90753495888202   324.2345763411904    1         0.2965939458283249
3940.9019899569334   -4366.3408317480435  1         0.31435179199991325
4037.066713619217    3051.914576232518    1         0.7974852842278939
-5735.178609773513   2024.9144297968433   1         0.6293897365515483
-6035.749301658167   -5233.279372919128   1         0.8091153306233398
403.19458155283746   5300.758317795911    1         40.689795270453274
185.00614200754364   1403.1999229228031   1         47.27430448007972
3342.07594644406     -1346.684894806158   1         0.4090840810657216
-1181.1316028859053  389.35789499288666   1         0.653988825722342
5013.867400848503    -881.4806983284169   1         26.049543015307094
497.27049026301324   -6719.970373033628   1         0.33578825824967307
-6549.8964963782655  -6067.788025012864   1         0.6878270678565148
5597.433872340438    2772.2427121903575   1         0.3445639353192602
-6459.617600578574   4728.460928382766    1         0.6319636100677066
4746.333322399125    1120.882038593224    1         27.32241826555174
-3714.0363535281986  -4582.077250502188   1         0.14994207306918064
-2264.5163556164525  -395.87007880088095  1         0.816177841334351
-1209.4909046131831  -5790.111617518907   1         1.0467949838390733
1062.4118631925153   -3286.2273346150896  1         0.691796238964764
-4694.692445055162   -6151.409916298437   1         0.6621894227526913
-891.4887450325555   -194.22295736109547  1         0.7133892047929031
4251.787591163221    -5040.796781773906   1         13.895513240399367
3604.521537861003    -527.4836671238963   1         0.8178603925644725
5739.384317333459    -12.351380664822925  1         0.6283682722471597
5628.505343636369    -6111.839642069352   1         0.8410157623601444
-6622.15093826386    -3217.8704957775008  1         0.25171808083893554
-4926.954966540051   -1546.194716215533   1         0.5338617732729776
510.70742993102175   5073.2276768972915   1         0.908451143484727
4588.430722039684    -2902.8063058117937  1         0.22782451710829174
-4532.241886556022   5258.351312294017    1         0.696720705230893
1.6500077850829549   -2714.9243257506923  1         1.2368294450590647
-4485.064963547718   -3625.2741595484085  1         0.8968941695368515
-6662.2458277514725  4086.9724082270795   1         1.244323590203535
-4366.242722972352   -1914.4391222958343  1         0.6911557417492943
-3349.452413621366   26.659156196525146   1         0.556935642494749
-6157.54950728822    3877.036547273734    1         0.18684259069078352
3090.797722066304    5158.735242167396    1         17.766294158956043
4957.864209889136    4649.366710215103    1         42.2659204080551
808.1332667552206    338.4208766879301    1         5.55793642263131
-3713.9191741333484  6676.252969051071    1         0.5556279063012293
-4169.535870901715   5429.818094132568    1         1.0884962535554823
-6630.870607702891   -2437.8498853769042  1         38.7142784983354
6464.97114939271     1984.395554036665    1         0.6332794485157539
441.34505297790935   5098.837086037174    1         1.0848538071121738
916.0463720291647    5096.649249390466    1         26.711504986628253
-1582.7631209470117  3530.3967786545372   1         0.7336897432178104
-5934.07826482429    -6349.608259041      1         0.4721562902980623
1797.6501185433574   -5597.513536080307   1         0.8541910605954256
5387.770592503774    85.70937485161681    1         0.28535230332176653
-5094.57497657616    5270.855034438249    1         0.9975535086446925
-6179.144240913152   3181.367663758082    1         0.24028270993636086
-3967.6205903340856  417.6791182836971    1         0.6283794800188305
2204.5832198688217   -1917.8616225866012  1         1.0784380330372194
-1389.625561808527   -3835.965810810539   1         1.063102164541175
-827.4093814046103   3511.023448740025    1         1.0758066449704013
-4301.4815153672425  579.4756684040457    1         0.7757552499028567
2651.1300713008245   -3626.385392122787   1         1.1344651591308195
-5030.9046965235775  -6294.515056164073   1         1.2094317942839754
-4547.589499064179   -3633.7276122161406  1         0.4138633734778955
-1173.5992370639729  2539.9735616326543   1         0.8614871984305604
