trucks_count 4
drones_count 4
customers 69
depot 0.0 0.0
Coordinate X         Coordinate Y         Dronable Demand
7842.238283457456    274.9127710893415    1         0.25863378454641434
2685.7806930661136   -2870.152073829736   1         0.40168015649178035
-8169.327131312341   4108.422441299498    1         0.538603174045464
6013.814858129476    -6654.500651194559   1         1.202976002462031
5431.892000560108    -7882.147569194608   1         45.153072975825985
-5168.260840342632   3527.6854110689374   1         1.2390158970172025
7866.216190558595    -4809.765508660937   1         0.6499718588235356
6644.860232957101    -1565.214470414102   1         0.41808334982712925
-1631.9877768352471  2490.8562896116982   1         0.9808655930394534
206.3596570975484    8171.300267890502    1         0.48301218161796855
3928.713160157381    29.902701244900054   1         0.3554491802027968
-6261.774650758854   3321.397218224709    1         0.2348850740789325
-1440.1690204461859  2506.5604131889386   1         0.9590706386918376
-6630.180150809955   -4414.3101963082945  1         0.7752008254529725
3109.4594501273473   -1509.4134943836098  1         1.2235824323780247
-906.5079450885396   -944.5420479348699   1         0.9587665165109537
-2504.5030077210636  -1529.888458130075   1         0.3886519784479545
-8161.1319537083555  -5655.485395159123   1         0.8608065195943839
-4718.482822040329   -4390.083858249637   1         0.3978189990668499
-5321.285619166685   -8151.190941401115   1         37.11704383688219
-5022.506672903125   2907.0947747219006   1         0.5488556673701933
-8016.089313067573   3246.5136848190327   1         28.71035152884741
193.52104158627662   -3268.7214233863824  1         0.8133432264512743
-6522.981894832088   2867.629690789891    1         0.7063952611750763
2676.152173052107    -7399.7574809077105  1         0.2456418505192223
7865.675928331559    -327.0706908064674   1         0.7213192027755424
1860.3134250889354   6853.320608489031    1         36.809218507086925
-4533.118151163171   5465.5395314558355   1         1.0064836350169557
-1172.9891132075445  4558.699846637821    1         0.14496517010204335
1886.478068456355    5796.23935151058     1         1.165450723951776
7071.000376017289    7926.685288907327    1         33.40115858831744
6881.514476153414    -271.85971722759393  1         0.11378953839643835
7269.548017536161    5723.369358108351    1         0.45103718001760906
3353.9946727527217   8219.838351830254    1         0.512534386494537
-112.07020326621128  -1399.3937925179043  1         0.49066020143463296
-3967.4887994418536  -3054.2409324596624  1         0.6762881398955634
-6838.091862261956   -3099.1034092988175  1         0.24647478721627014
750.9070860332473    -175.78773050869822  1         0.9153977383327443
1000.1070736847313   2074.1764016419525   1         1.1106968049630928
843.1500051699077    -723.2195834636395   1         26.305170458624914
-6688.39354134701    1134.0488730528957   1         1.1493559163194451
-441.6605999032193   -5149.732168365067   1         0.8671939194631451
5086.575128502554    5451.875482599564    1         0.6074120251863953
4064.9383495358866   5925.668313355683    1         0.9969335214912896
6322.339123963199    7372.5860678853805   1         0.1679711233323225
1412.113466393368    -3249.6614377016786  1         0.859037371364065
2929.977318116593    -1634.8413684230209  1         4.516499500899398
-1513.250806026037   -6025.843515704216   1         1.0980107786522706
5061.781161005985    2738.0840840110013   1         0.3973786406032448
-7127.502523124434   3173.0945024994035   1         0.539729932343037
264.8618521824645    6954.444185855761    1         0.6583633779068958
-4152.560227390302   836.565501327812     1         0.34332544372429996
3731.6969329367885   -5951.119586263955   1         0.6362023683393533
851.4085791842866    7626.466957702912    1         0.7100400056324742
6729.818967050216    -5361.04041692984    1         44.460589068884026
2936.620421777424    7602.433034769183    1         0.6728805402684042
-5488.0179426177     1760.634776021603    1         1.2393244252896543
-642.8688427081956   -5976.262441648531   1         0.5663556940771124
3449.790310408572    1744.720321060737    1         3.9571293219631376
144.82322650090697   -4905.684366274604   1         1.0262852697114642
3870.493456160224    -2460.2907547418336  1         35.48828015916986
5033.832136275834    -2410.550091479445   1         13.823283129977936
-2467.219080925717   7403.311450039193    1         0.7346949087151812
4501.175414315198    -3921.1533146929837  1         0.5579289731199272
-6369.396396236551   6928.58163167862     1         1.1812374727363266
-6235.976021523969   -330.82689406135705  1         0.8711974391535252
79.06613401628313    -7525.760151431935   1         0.5860640992262853
-4912.9927215094085  4145.100134781353    1         0.21020242240507636
-1386.3587761773233  2066.388887550515    1         0.8647676416236394
