trucks_count 3
drones_count 4
customers 43
depot 0.0 0.0
Coordinate X         Coordinate Y         Dronable Demand
3143.7134293105432   9317.02701714384     1         0.9136438131608048
483.5578553740093    -3134.790304793642   1         0.9657551628176446
13585.95094566033    -4058.1065238163173  1         0.5413238542148812
-5261.294655623894   -5495.096027620218   1         0.6040582508090202
-1988.0794767631778  -6929.595442833091   1         22.09734354754452
-1470.5869347223145  9768.971982461131    1         0.4052599580518943
-5347.416821562667   6025.08372144032     1         0.4329170808530918
-9613.771311215485   -2794.816030569532   1         41.630965170085666
-1949.742299068478   4143.605468115854    1         1.1104646142154708
-7963.7594244462525  -3838.190625279951   1         1.2096518322530705
6425.491351924445    -1194.80326806083    1         1.0125861079107594
-4185.280943554772   -8564.40963243141    1         0.8143334803744018
-631.2469933474854   1312.444043842621    1         19.198772151354547
-11636.71811935685   9509.816629382713    1         46.950910980847986
7147.027032213955    -10128.346544474465  1         30.852096854077253
9591.003478898865    1638.3006145844004   1         31.02966508389628
8303.940742827968    5054.53573236062     1         0.34805424513106686
2918.102788384329    1762.2491408827302   1         0.4378335007267673
-10358.590154448262  12574.734027614988   1         10.846602130678693
1714.5463042021404   4814.247866886208    1         0.6500151570429723
-520.3845034270797   4820.043079254463    1         0.5075938206324955
2009.0645375560807   6671.719460735425    1         1.2331367133948161
-431.57810321245296  5664.543946984485    1         0.9450812688896644
5835.922331371122    7194.425876553624    1         0.39203504242305276
435.2347777340567    -3167.5652547516693  1         0.6966192051042506
-1223.611583962022   6242.717195066418    1         0.4160952194547224
10620.154744965646   -1857.2790487294433  1         29.441540786268945
8138.832128903386    -1461.903075568664   1         0.7019061071093222
-4896.609987997365   187.12763510319687   1         0.7018497542125793
-142.0988647197516   9699.799119911384    1         0.7868705118039316
7635.5914160032435   -3156.1767039261035  1         0.8763289034943055
-5701.351940597878   4140.1648075142775   1         1.0095417183303672
-6927.286147060977   -2674.0372763416117  1         0.80773081078729
-8244.034409508306   5354.420497611815    1         11.153422755214429
15931.608650558675   16383.826641609394   1         16.67684793103793
-685.5711358812841   15559.459423330936   1         40.80818184800937
2391.5826628700725   7842.35126959727     1         0.8200393432797404
-7051.76100815715    3763.276979056824    1         0.6195260404971643
-4526.564590993827   12526.758206956216   1         30.73147731709504
-16711.981249450153  3117.526035694307    1         0.9646695379962325
-10117.3608622656    -454.18977787701493  1         0.6051476551784492
-12532.690306030428  -9307.092999600585   1         30.086251359267155
-6220.524139354042   -8499.025754897275   1         10.927726910777652
