trucks_count 5
drones_count 4
customers 76
depot 0.0 0.0
Coordinate X         Coordinate Y         Dronable Demand
5911.712093572356    1723.2523162251916   1         8.089691454499642
1066.7095112226762   3935.021478094887    1         0.8573463979742378
7977.836264181163    1023.8156302111029   1         0.30862941508948255
-28.91184602832811   3589.9603914544136   1         0.18626119668953767
-2661.1816009212425  -94.753655148537     1         1.0482958455129292
5259.748578981926    -6197.599648650315   1         1.1303727335376377
-6823.2125236214415  -524.5615453753016   1         0.6659771100024409
-119.32979696711696  2106.084532948374    1         26.147729141409265
-5614.117476597689   4867.366180250183    1         0.32834882812154503
-1391.932859670713   -7818.341615032037   1         31.167203795902637
1754.574026112541    -7227.025586635168   1         0.6104605595699542
6684.988814302269    -1399.4246335093303  1         0.21032249697583189
3119.603562889255    2857.41923099478     1         0.4120518070284549
-329.2995851820657   4438.882781141771    1         0.2655201081355564
-5154.899810563482   -894.5783970079483   1         0.6958577199587269
-7929.54317218527    -2115.573867072418   1         0.627269610347933
7431.293381419657    -2867.4085055266555  1         0.7400581974501556
50.85261471343447    831.2633422061972    1         0.3909597360042617
6481.187839148839    -1244.8555340102037  1         21.451004622091713
-2093.4230313539524  2941.5505201430187   1         17.54769267529097
-2554.9851403841203  -4309.252347854332   1         0.48645856782722097
-5057.531562879989   -4113.569681403105   1         39.9156701104782
4950.852324616629    5741.350541000607    1         0.1462694947693581
-1438.9296475918657  -7087.913153384438   1         11.78655797360785
53.525750807260344   7379.694851301297    1         0.2791178468566719
5924.967692548311    -1673.1951971441083  1         19.33249113674331
2896.0339823658237   3255.872271925373    1         0.7238136094697013
-5705.0179920504215  919.1263907443634    1         0.946356050633661
-6169.93235232476    7734.176805769279    1         1.1033411394503725
-7614.674719631456   -4524.13125920129    1         0.6283511698930744
-2779.417879997403   3481.457038546257    1         22.988167672472684
-2807.6020654512395  8020.59847952005     1         0.6189662665821132
-6233.802150389637   -6200.626722471087   1         0.6972318303152599
-6683.797649189667   3461.227721220525    1         13.82443693572682
5901.9340493469435   -1602.6658210467756  1         0.5181485664227387
-6753.393750058578   -5799.174361750087   1         0.5077963363329445
5066.319376015824    1915.969205262837    1         0.41786875271094925
1552.5243469625216   1683.0605869424105   1         0.6751789267500047
-2502.3179815233034  6895.496070008105    1         33.85302561904874
6169.098720066682    -6867.163333962202   1         1.2367480158040158
-483.5731994929609   -6548.21442960879    1         1.0102880086520347
-4613.110603217676   -2508.9725065117573  1         1.0247266868342437
6631.899579157929    -227.26491959748864  1         0.7046186928306354
-201.92399698257069  -1578.189206976745   1         0.2715733920289113
5673.415916290556    -6891.8355844615135  1         31.556879563017567
-4041.266900872736   -5829.309449346059   1         0.8599839936378028
296.3002237725088    423.7985634117694    1         0.5558033581922491
6787.2693084521015   -1808.8961632224361  1         0.6420213075530565
-1962.7124595363343  -1746.636853448297   1         0.5561924018861402
-6922.123283297837   5944.31952094315     1         0.29806373997132685
7225.612026842852    2325.446290570457    1         0.22011803459994178
1239.6763752107101   -3235.660152062616   1         0.23312545352954522
-6424.987371937276   -4275.678145098105   1         0.15801192350436605
-4247.002066560731   -5186.658823946421   1         1.2359885205140604
-2004.5000895825715  -6157.544066392076   1         0.6756963181375355
-4480.296815897325   7583.520956882601    1         0.14484855663488738
1695.6972827478148   3811.7467020966124   1         1.0958954366261375
6809.406826930632    7550.886231698041    1         32.301783755687225
-5434.745857677237   -5861.267517405098   1         0.8463653001192321
3442.469758395695    519.2871924892024    1         0.8689966913771255
-4179.980684216139   2486.475971003268    1         0.9195108816599453
-6084.086274677917   3401.414581105038    1         0.1329537456367456
-6776.918667892669   -2418.0099292372865  1         0.23351116034619207
956.6725495121095    -4756.3534027264     1         0.5166280261726774
5232.6129470245505   -6847.793789328653   1         1.0606834494374664
6924.809555972388    -4335.995106662174   1         21.706728396034936
-2894.113370893413   1443.489693209135    1         0.9814971702673293
537.0578217523489    -995.0276207650681   1         0.9915484534288077
1994.2363815005206   -5136.96157577987    1         0.1332817722746283
545.9843168497304    3335.588691960385    1         0.5147701861685668
-4360.608449449772   -1818.141660435398   1         1.1684508575711035
-221.1922199007301   5407.9835764640975   1         0.28340965537491225
-6554.752311398801   2464.8022419779845   1         0.8457606576181621
7368.846661566521    1594.8968178084253   1         1.1073214061449754
-3997.2048494278815  6860.874935288799    1         0.244855783057117
5564.401281554164    7982.481738272813    1         29.884373115764856
