trucks_count 4
drones_count 5
customers 95
depot 0.0 0.0
Coordinate X         Coordinate Y         Dronable Demand
-6093.036625327926   606.2200829632858    1         1.154833393409453
-13749.82223696116   5979.956028537703    1         0.34887447145584827
-9167.68050737724    2304.676057780482    1         0.9802257276445983
-5668.459682853684   -6746.213285228625   1         0.4706875977692402
5899.378783550126    -4957.529382394681   1         0.9962431753565031
7297.559222926668    -4250.708852239622   1         0.3273194238330457
-3566.0408681718227  4297.578900379083    1         0.8643766021383126
-3634.7161080566666  8848.62078243022     1         45.01275669284223
-6024.2047797556925  8379.72238580197     1         0.5254751346379037
6469.143096851482    -2924.2434576328637  1         45.835123606659565
-5408.752055333287   -2675.5749734241053  1         0.8334384108056001
1405.3134795140486   9986.695960731655    1         0.12695367459876628
-51.65704375892251   8047.37071557528     1         0.7697001521327507
-12298.468591227225  -8202.91162165281    1         0.9178537661961936
-7208.9192975672     6686.61407468425     1         33.0142867755984
2593.1278334343842   5145.246682845677    1         0.40297931285513433
-5290.942612167342   10991.57158278904    1         16.98601998562334
-1205.609746982675   -7934.579551201996   1         0.9429919100426563
-6149.136880408252   4563.029036232606    1         0.5446082471600503
9864.518238952374    -11124.076545425534  1         1.1344604771717586
3088.199995127199    3347.76145480202     1         1.0319118682655117
7963.349374135012    -10724.030345659306  1         17.506478277639975
-14899.398668760523  -5042.639680019458   1         44.72517986627016
-4806.84399355263    5361.978764652746    1         0.2935025054935802
-3987.1172407196523  1591.591800676779    1         0.16371333469187416
-15282.72569832926   -6244.766458190117   1         34.4759942414761
6259.791629618038    -6757.45463372229    1         0.18873206659123787
-12573.5481652859    -9440.653952914341   1         0.5457862454624891
8551.839476353187    1053.869229025324    1         21.567665649602702
4525.962607509913    5726.5810906142715   1         0.5688384298580812
4126.758189721594    4886.114333827828    1         1.0655038575146574
-5881.288160554108   6359.206460667972    1         1.134027399273798
6044.987927442752    8602.165465614917    1         1.1292079332058709
-4891.670684235498   8710.26179238388     1         0.8875472465837917
9512.42466537922     3963.331094783221    1         0.5712296173824362
-8753.853499086788   2440.133265933329    1         0.42981205769729425
11227.9685573332     772.6096653297409    1         1.0575151067164403
-5071.712426980924   1798.9419349284724   1         0.8633492972242373
1807.4952075390984   6688.733528424601    1         1.022641829624163
10684.777490832023   -3677.625363147001   1         2.759858199571428
7288.392987356602    7279.015884481033    1         1.1426825303844086
-12766.223623156664  -14915.587574019079  1         18.903630415827617
-7611.73884073259    5968.033660402896    1         0.8029180053875377
5500.901860051874    -10965.136683498486  1         1.2464053311486003
5008.798149250434    9044.137298222538    1         0.5895798608307117
-8834.845148652379   -6437.239681540013   1         1.1229030416503942
3754.573732465118    -9647.942048553892   1         1.1778676163340716
2842.4637991219824   9212.655852332131    1         0.6570684826032889
-5930.542388933073   810.6464687424804    1         0.7094376920655099
-8353.936846980243   -4162.440866085448   1         0.6532058134929266
-7216.278188551663   3128.742986592187    1         42.54721560656696
-7876.132995848368   7411.013371379528    1         0.6870676708293204
-5464.730241942738   -141.61511034859726  1         1.1490031991469696
-1668.4763820120718  8845.021023748797    1         1.1723164249785383
448.56293279212326   -2204.2361089755527  1         0.7337885382696074
4559.249219825788    4230.197621890046    1         22.678344165290174
-15181.857184354938  -267.9940353342972   1         1.035881865838082
-2712.769572565091   1891.6494528662072   1         0.6508988398151235
4153.247932541536    -4762.618617998967   1         0.7150962297359884
-6273.204474989439   -3772.189577799071   1         0.9225670295321269
-11033.932299607059  10779.592970648982   1         0.5970034266385489
5556.442730511705    -2831.0438813146006  1         0.8399103263594014
-6824.1982355477985  -1228.981457665854   1         1.2071414787128938
-5622.489367872073   -9220.01451882442    1         20.020209404597473
-3442.417347505058   575.8662536074248    1         22.274863360704124
9652.279391207523    -1325.2678595684629  1         0.20044086881572215
-3657.5207101058068  -63.24607807297764   1         18.4604825859096
7550.983734513569    700.4340575585065    1         43.14404675470902
-9456.721423820796   -1992.8575616247422  1         0.3941056365031741
-411.26448224927793  -334.95869169702706  1         1.0789031797948236
-2318.5452516775235  -2452.5709006737134  1         0.6517385048216029
-3556.3836607989306  7442.521871975945    1         0.17669389400736754
81.23754373586148    8278.068045296206    1         4.9689388758553035
125.71720302780301   6465.13451578919     1         0.6090971160833948
-1032.7567937815747  12085.095988487281   1         2.08391231205123
4081.2307369626124   6482.020873212814    1         46.860187511336264
985.8388359508034    -8886.000729715559   1         0.5523790933599387
3460.7609697208118   -14237.790502679556  1         0.2847246665036121
-7438.297963023701   4487.927001391692    1         1.030599769451019
5133.75511274343     5342.616301192263    1         1.241494667442379
-7368.2458681589915  -4165.747565358303   1         3.2030666290338754
-3100.7144505133765  5357.444853187561    1         0.5819572349301276
-5158.976111956941   -1518.509050260946   1         36.294832687094285
-7940.9772374022     -13674.612826183478  1         22.033626547623914
-7865.7663422911955  -7943.348420792012   1         0.9890855142367719
-518.1077044028777   -1603.8725067551522  1         0.7086205602478133
-1575.566898184153   -632.2443602542462   1         0.7852593736376755
783.1957468222978    1893.295154116336    1         1.0469507406949017
-947.0142455047744   5903.39578211702     1         0.22941879747466218
4129.072353317475    -7614.466268127556   1         0.8898835430236824
2799.860243392089    -8532.684587331487   1         0.782308392539543
5617.178818974288    5331.404837138482    1         12.22530128035246
-4162.269192227821   3199.7423826660647   1         25.71615372092368
-669.563166038975    5656.261262727342    1         0.5207307713752214
-9113.009606665724   -4561.1701114893     1         0.6037133977729304
