trucks_count 5
drones_count 5
customers 50
depot 0.0 0.0
Coordinate X         Coordinate Y         Dronable Demand
-10360.598482367     -2808.7875925320336  1         1.0894867142409328
8379.86053227111     -4300.719343184963   1         31.006205655783273
9292.72941979553     -4689.697114041821   1         0.29982054195761143
-611.1051833237108   9541.093326772643    1         0.6570588650519319
-779.7716992223839   6891.463752212511    1         1.0854546945061783
5792.780990141369    1828.4807010203965   1         2.7428723044863546
4136.492040908906    290.07343751119333   1         0.1893320283377553
1608.3784968317598   -934.9012385326089   1         0.9504454622634713
-8913.333942386913   5632.98207203692     1         0.9153753043578694
9264.744253196952    4997.5768646625      1         0.5645291430980927
7321.823435924183    -6989.4014677556725  1         0.22673763957031456
-6597.757188303424   4829.805395769421    1         41.42128808898317
-9006.225060421624   2032.0201280644496   1         0.2684396106707042
8429.631671528063    -2268.928020065101   1         1.236827422097744
8801.450232557216    2741.4243232373387   1         0.6208489540823727
-4852.379651413736   8103.189582255204    1         37.69521695187784
8042.209832224729    2624.856674917559    1         0.8788473562117773
5356.367864820027    -3693.78879187424    1         40.763423527366974
-3998.0268454381985  1158.4825343942305   1         30.496269990228438
5708.739056172872    9274.780498715012    1         7.115223634292377
-9231.44260298893    -5109.111647620915   1         0.21892922235356171
926.970525390552     7928.082483998348    1         1.0837969598473716
-2800.8666896606064  8525.76626881341     1         0.22854473329677305
-1613.0990560501657  -7121.987799236385   1         0.5072325872635873
5711.586427323107    -2361.4414710591086  1         1.125749242019205
9113.728307622689    -15161.348556737743  1         27.868828666001438
5642.232370579786    4643.992045995937    1         0.26481337144355865
-5869.849403336663   -3959.1240243098373  1         0.742722541902976
-9537.521542376504   2900.942210476484    1         0.154001454524731
7518.234325112833    2350.1403481333073   1         1.2422433888817535
2442.386572630845    8101.963680643755    1         0.7505230953139357
6873.3394795311215   5275.358090213829    1         0.7803570354818724
-9193.176974134587   -2965.0828147481348  1         34.86061306127948
-3100.848857787445   9244.421148804964    1         0.34602530012377275
3203.441539340761    9724.669861915032    1         0.7790354594675545
9619.547769252282    -1552.84219365742    1         42.129548918013604
1728.9832719096305   -888.9430388287913   1         1.1437540438955005
8068.710735683028    -2416.917339140144   1         1.1800422769507262
8112.082924027558    2614.087125782258    1         0.9985471100775111
6337.801957243369    7835.116938198297    1         0.4006942779552588
7885.923935674758    -6308.5016171244815  1         43.84160233585558
-1030.8001577433974  -3806.1046995858396  1         1.1781039772978787
2716.036617786691    -1892.924667839931   1         0.5101059571032395
1049.7671602467053   -4495.681000218701   1         1.066280207483235
1162.7886875372892   -10630.938646904766  1         0.27607542522062534
-4369.851275842569   2517.5148378589647   1         0.6822235843206651
2611.960500260253    4999.10248254394     1         1.2269341577173811
3896.129287905991    5868.669584812765    1         1.1035276803080587
-4635.764641380683   -8387.355530806039   1         0.5041462439646867
-7361.3056352234835  1403.0446159751416   1         18.722773564626205
