trucks_count 3
drones_count 5
customers 78
depot 0.0 0.0
Coordinate X         Coordinate Y         Dronable Demand
-2259.1216159616447  -9641.994626792755   1         1.1357967704750656
1935.8837487072306   -1670.284833420893   1         0.6595335165470263
535.2754987465852    1774.70999030003     1         0.9421021344030062
-1934.1455418230782  5541.8231737741335   1         1.203887793234251
9144.026264892336    -2560.1981843424137  1         0.6656137973226653
-815.6229361374435   -1573.3100965587807  1         0.8261311572295268
10063.783297171001   -3715.212627284668   1         0.8594609645462115
3848.1051348247106   -7990.7244063996     1         0.6447731552148777
-12023.463495062128  -560.1620004168108   1         0.45175304272151984
-9932.519499585993   -3109.2947835989926  1         0.7546408572763745
1597.0637761721175   7571.8794541951      1         0.8124857436894011
-2424.7321629701064  3192.3951275907393   1         0.1433779062934443
-5889.014574623681   2209.645686824264    1         1.033012148793493
-4576.313374469711   -2698.8874310902356  1         35.29936321406003
1804.8312253350846   4465.065936171317    1         0.3708438201616262
1388.5306385854728   -5555.8970294353785  1         0.45539202116335054
-1861.1488638716833  -4658.827026545306   1         0.9359285917844588
-3105.298247014187   -8192.38236096097    1         1.204534724312028
6314.672140760064    -6145.276486655258   1         0.6460908721267178
389.5673942869914    6575.839886803567    1         22.881449958649323
9398.566084860513    -5198.3485674248805  1         0.5115671311776706
-938.3280240925837   528.405120732899     1         26.586698010700395
-9734.73431245405    -600.7777872289201   1         26.550147882233926
8396.727496544843    -3483.9135318784897  1         0.4518819610014465
3327.456280472807    4149.624362135705    1         0.4319199129302629
464.1451072905977    6752.598008155269    1         0.31206489360442263
4429.244823459081    745.4349629309984    1         0.7201362199270267
6750.995029983175    -1850.2739113191985  1         1.1971221305902418
-9131.676260694254   -9279.602972709683   1         1.1086488192691033
-8175.046301257575   2602.5344377224205   1         0.7537239050298317
5805.86749208212     6712.845606444718    1         0.933746321583414
7192.419735940187    -6537.95625253403    1         0.6168569131448295
5590.889067010884    -1091.363024831004   1         1.224004904038515
-5734.941260679704   98.72249295774802    1         0.3793951511025655
-5374.453862715115   -2075.0988906226858  1         0.672632039525241
1144.2274715323094   -5669.752631135368   1         35.58352319818336
-7013.469792580245   2178.494805136872    1         1.1845012562956052
-8933.059858389672   5280.2912606117625   1         0.1866765415883336
2791.0739786182603   6445.628669563282    1         1.2265804680916805
4145.24551261237     -13502.325502378926  1         0.7821675296783299
-8051.081757893859   -1690.1368336188968  1         0.21551942923958345
8365.91928734063     -7623.993150391452   1         28.249420035309086
-2094.8376588461692  -9122.676339836686   1         0.8421627715465894
-7654.667725221829   -5945.15908153837    1         1.1709023610209432
-4740.700493645079   -9163.813805813816   1         0.9916224609132934
-3138.3985847837903  8219.105764242611    1         0.4873163761710281
-1679.6975444346544  -7368.366319720866   1         0.28019767361180664
3578.230156501592    -8025.872823348271   1         0.4328476208062455
-2437.0327288016506  -5963.20965024509    1         0.8293324544598774
3691.384655970518    2683.7283780412176   1         0.3076041513708172
10245.893065193583   993.3680527187032    1         0.6705205894342801
4684.964788667653    2156.709970466105    1         0.4637733160659836
-7519.0030786488105  3112.188740893167    1         1.0454396794735688
-13573.926756710232  12533.988198602654   1         0.7432459811791587
3195.502943542183    -7892.984087657631   1         0.16590881721569206
-1674.11853655431    9964.174281826656    1         1.235277446912353
-1653.940029550234   1591.361462418976    1         16.022680700517334
2357.815162191549    -4676.788219095844   1         0.28214994585096165
7339.977382498353    2482.485490895965    1         0.22288783870490703
4440.098386915689    5084.142237689343    1         0.6982596956821605
1637.9619807926886   9550.256712610086    1         0.5304682995377757
-6092.576736929082   -9015.419536547031   1         35.3833938926173
-7149.835877773546   -6822.632223468935   1         24.718048174428464
-2196.209823388522   -2565.7641333445827  1         0.4067400935974077
5469.3479830697      6912.53272264186     1         1.0207095347632804
-12979.984275629808  4178.959383675605    1         0.8263691094133959
-2212.804809123996   -7860.5449028909425  1         0.7527364453475907
-1179.270719464169   180.2208305007914    1         1.2488484393425128
-221.31752601021134  -2885.9965213077726  1         1.234793159813729
-13317.641530697863  10327.991254107308   1         8.693254128253388
3959.281821603811    -8799.352192382743   1         0.8628229288866238
10776.442276881162   -107.12738038697393  1         45.12272608087799
3264.2599500544256   13211.616935877903   1         0.21732799633963593
-7372.260810357182   -6116.974259169025   1         0.6964543524668032
-65.49257878119352   3094.8874357274162   1         1.1037764529551186
8252.26825772906     13569.761130414283   1         46.49083294489582
-3722.461377847818   1972.681636666836    1         0.940074316803603
-3300.0616545632997  -3463.041973796134   1         0.44162467619282464
