trucks_count 2
drones_count 2
customers 31
depot 0.0 0.0
Coordinate X         Coordinate Y         Dronable Demand
-6240.092516425446   27.936414545216394   1         21.71721367659275
-3544.5210374110043  1480.9375509539668   1         36.51498865484005
7488.138984425945    -6356.550322731357   1         0.23614629281721938
-3326.087922060501   5380.416287888949    1         9.016725789073616
-8894.957555638215   321.74730942721163   1         0.6959385552919385
3851.586495191707    -8608.189838823997   1         0.20072159006964918
9988.71590167987     -4118.9067766373055  1         0.1609960571117288
-3020.6678473142715  8091.616311988985    1         0.8892554769184332
-8997.168447737708   -5577.019243273626   1         0.5780272871004918
-958.6675384206445   -5264.758363448403   1         0.1623432678941241
3137.239051816927    -3625.925670863147   1         0.6073372168454152
-595.8284917774464   1434.8954547223348   1         0.9219329581757622
748.8865577448611    -1313.3523749399176  1         1.0727733886314053
8611.497107308742    4392.105049904051    1         1.0325460965510622
4832.650821153861    -9334.43596281813    1         0.22106313268200067
6916.05315846712     -290.8934850363081   1         0.8772711184161559
-3633.341967192455   -10048.6161160292    1         0.12128944813793112
-2158.130398370056   -8899.60176739313    1         0.13553033483400695
-5069.685868904013   5908.998507367531    1         1.178277818600401
-1439.1522426221218  -8116.137467126235   1         0.7904626541565968
323.28869737214427   9729.663486428031    1         1.218179966506393
1435.1717779621163   1018.6216206003655   1         0.37242511144929624
3390.6108897154013   -4052.2558503786     1         0.21997337421516436
6267.361263400768    -3477.7000349465457  1         0.27511949842506583
-2402.728869975732   -2016.0798944293538  1         0.3715566746656974
4532.991162971626    -8364.406136276815   1         0.10858793466772662
-801.3393729785267   -3422.6962535542107  1         0.7655506424617269
2928.4703708180823   -9626.79647353234    1         1.102177874838193
-54.86558055738104   -2697.1857702248767  1         1.2139530304839432
3451.9118567277437   7072.620030454846    1         0.5691867242056563
-1883.6722548752891  -4768.475214453694   1         1.0168817194785917
