trucks_count 4
drones_count 6
customers 100
depot 0.0 0.0
Coordinate X         Coordinate Y         Dronable Demand
-4577.311516896743   4386.893154595249    1         0.7038693193150448
-10124.806451150474  6845.986317470646    1         44.17409429968506
-1869.2029076918257  -10540.794395236087  1         0.15547834690309414
-241.27891995266143  10485.093438719125   1         37.06071424050493
753.9035099650882    12214.864998432726   1         0.3683453857328197
3978.0953990972084   6416.8536345095      1         0.461747308018995
10491.791046746974   -2778.0328056912344  1         1.0442687732788212
-5413.891333732348   4492.317195012387    1         0.6611393353774351
7572.065186352069    -5600.473821396529   1         0.8280989209171072
-4599.796251108408   -4580.898661361339   1         0.20388671033978314
-8066.029211196098   -1246.7563055128926  1         0.19426383979567624
-4191.95206181192    7116.485191332516    1         0.344024236013877
-5540.470270379233   -1170.5469191313641  1         0.10861759446681538
-10130.33476566183   -62.67368206661679   1         1.1323509672653347
912.2645412517857    7313.150642600794    1         0.6681183542301756
-8674.122072158807   -4193.149613800857   1         0.2344979021476148
4362.887233252766    -6982.317373426975   1         13.336011057814995
12289.195584427163   -12059.622905648714  1         17.00985940375874
4548.050346952874    4787.339083011411    1         1.137260787959312
-8188.779301460043   -7234.035640877863   1         0.679292843507642
-6468.410358306064   3283.426099481634    1         1.0844662425303522
4622.7569721482305   -3870.0311630958204  1         0.5117148713748821
-7459.9498003791105  -11672.304025363524  1         0.9470680871247351
-5322.645666367557   -6954.903842729394   1         30.924175942543943
-7926.429324611342   -1037.2695437665122  1         1.0706726014573198
4267.992173600571    47.960946731323396   1         0.3306935012746576
4153.700246195281    4886.164487728115    1         21.517250973951306
2054.1080304451307   -4512.219198261482   1         1.025760451920068
-3974.271550758555   4402.216841315955    1         0.2387573827113897
-7126.532265708355   4886.229627488336    1         1.0201647478632911
-5.754589537373935   -4573.207587596249   1         0.8581834594755485
-10094.434696909928  -3269.468259696719   1         0.6142119993483498
5690.896228161044    -2488.8024638539323  1         1.1988649703400809
-6119.159075078829   -2677.2073487262555  1         0.9658769195517564
3379.813949859242    -6435.436547072397   1         0.6125089647199551
-10821.91988446993   695.8947159767635    1         1.2162825796413634
-5406.726765679907   691.4495808310936    1         0.3214791874407732
9673.016261186762    3693.9105676928793   1         0.9396984711294535
-9711.776804339417   -3008.2134633804835  1         0.3577491269206322
2520.0431277298126   -993.2249818423779   1         6.276601374757536
6428.679213784374    -4472.822656672333   1         0.5004378611120638
-4118.652958586744   853.0955843401455    1         0.36384476117897935
-242.78888408552504  8534.640661254914    1         19.191110092130128
10536.109386155762   -1990.0158800196511  1         0.5577806968987151
-574.3440727745549   8573.745048139208    1         0.4326156851425049
-8118.236047382694   3139.374941567932    1         16.822394759874044
7074.107087220443    2569.4665664221097   1         0.6134112427347922
4030.6339258751814   2082.2521440741693   1         47.90909499585218
6660.452195162013    -7721.883159037148   1         0.7076887252357644
8878.89910348166     3723.579102264102    1         0.8421694776335232
-310.9662075746054   7733.56415135494     1         0.9963086296183461
-5246.191954345285   1769.7431511056602   1         1.1255012012185333
3848.735497864838    6374.645736544602    1         27.297262621480765
11669.977747286603   4643.725868706506    1         8.121773336775105
-457.0035315178311   -9626.300300499517   1         0.33613261749155454
-6523.678606184298   -7964.584006904803   1         1.1474906704521404
8054.0660558511545   1959.821426609286    1         1.1171104420614617
328.67992108478876   6008.450031660361    1         0.4685894886273688
724.6520290852837    5122.5401197292      1         1.0226778345902943
-1682.1383897775663  9404.435509617819    1         1.1744076736204472
3032.880485194563    -10365.45663357768   1         0.5828174831866153
4562.311185865236    5407.840496298768    1         31.274401176976735
-574.9312264538197   4521.3545694981485   1         0.8731181872366426
-6868.2978971322755  8885.453147489514    1         0.7689775131442924
-7147.874713616012   1343.2372798390088   1         0.5770469267085656
-4593.843900078413   -2487.022895047086   1         0.7164774541980948
-2854.7095293596485  655.3349511645401    1         0.9297165071459658
7212.3225129276525   4785.435490788548    1         0.3224375745953485
14046.588589110213   2259.2338761782357   1         10.089121382459357
-3129.4925933002105  3639.3354625756874   1         2.3233618695757707
-880.4584876468932   7240.585856512106    1         1.1081757481975862
-1269.4472029255876  2285.3724382228343   1         0.7281157485244535
12459.125254275472   12843.000294000429   1         0.5362385876939411
2814.5444143451455   -2549.539332218557   1         0.32385882388514015
2477.1315475543984   9411.011516117484    1         0.5178017310188142
-3421.9122565867897  -2685.5041137440467  1         1.118615912626745
-1845.5228768787636  -6006.828938937974   1         11.652554303476961
3564.070714443129    2796.2486718469113   1         0.9967617218344358
7607.22087684395     7076.949696863619    1         0.2606810909750036
5019.523750933708    -5057.769257630505   1         1.2408218129486523
1775.8045963542243   -3637.3338803128863  1         0.17367452241051615
-6715.685735425669   -892.6061820268175   1         0.7973994432610177
-63.6785928429949    -8906.269328401975   1         0.41127458787654514
581.9355097766396    -10346.833492849979  1         0.4155534272770688
-2166.157901286777   -9511.67493438835    1         34.83736523710792
656.5509870882452    -44.2125177771577    1         0.7242226239817284
2668.5550442645645   7509.327789435904    1         0.17527611874610274
-2408.7648568246573  5881.49047044536     1         0.32335536101140006
3527.486665948159    501.14066932305707   1         1.1328362044497624
6547.169818012651    -5678.652679112328   1         0.4928776283675087
-6012.409762062007   -4947.680923668918   1         0.8577438522350684
-8600.132811914049   5256.235407769837    1         1.0583747719708607
7065.872782745187    -2777.990050087644   1         1.0689918149093431
10823.51909120854    31.74768132348619    1         19.998159750557956
-753.3282313577162   -1594.6910184245485  1         0.4596942829145213
-6125.5763261700295  1253.7354556599964   1         22.09230815115226
-3242.2526919995003  9288.32728978933     1         1.2153536489085617
-7087.571027377341   2252.2014929566085   1         1.2011170418015875
-1408.1282040854076  3544.9136048960963   1         0.9283259748874821
485.613474599003     -8288.58552022042    1         0.6680722158235899
