trucks_count 2
drones_count 3
customers 29
depot 0.0 0.0
Coordinate X         Coordinate Y         Dronable Demand
6517.1648233856895   5840.621923054583    1         0.2216956829976493
-8061.102072484416   -4398.1526941219945  1         0.7718062483906145
-1211.9840337032392  -7785.343209190311   1         48.21045478113079
778.3628050297082    -3591.3722995686235  1         0.2999683173789881
453.4779895262702    -5547.819223743684   1         22.450175335668618
523.9646970738539    -4953.556018606771   1         0.6201095754764718
-5634.128928274133   93.2067458632239     1         0.7019776542079995
-5430.544620685405   3127.00943059836     1         0.9093219421652861
-6122.246823531389   -3934.746056310627   1         0.8039715893183382
4644.367642619634    -8767.816746490134   1         28.678829647269513
8627.669100144327    4106.2091854127975   1         32.61081595063009
9266.934962045074    1843.0634437455171   1         0.7440595056863816
-5209.5850276995025  -3882.3420991399917  1         10.335706332277338
2273.454010669546    -5474.94743410212    1         0.995961322774018
560.7220771625622    -5159.046880194214   1         6.829242275294661
5150.018998138001    -4221.92636557268    1         0.9916934883614409
-4387.606471241602   -6515.498818298155   1         30.599520225477452
4217.884141289008    -7291.6282905822645  1         0.5319160933798156
9694.598208187193    -2957.849424624427   1         17.680052533201234
4883.013641858453    -1487.7435815054403  1         0.25949751440103386
9335.751182703638    -5364.833339843226   1         0.6340276119871647
-757.4037762672199   -9680.172167002791   1         0.6386988488720863
-898.8181138598907   9044.1575824642      1         0.2864148336607679
-13126.470359480982  -457.40256349293486  1         15.024532367945442
-2342.2712272916724  -6151.792364681233   1         0.11432886965620298
-2478.332702087041   -7592.39235544233    1         0.6006618478464056
-1194.5504887083425  3240.7184014530653   1         0.21401801001444484
4022.740676315074    -8820.320857411229   1         0.25135016209329086
-881.5721225951311   -5574.80947510119    1         0.8007346692480145
