trucks_count 5
drones_count 3
customers 63
depot 0.0 0.0
Coordinate X         Coordinate Y         Dronable Demand
4754.09826415329     675.854358070883     1         0.28383054003453384
-575.1019742205624   -9133.097809829802   1         0.602656448350804
-469.7596046720518   7364.1284333412395   1         0.19107652244104617
393.9038612014256    3494.668921889329    1         0.9266000884089399
2899.193037983083    -7359.1003848366745  1         1.0312962098260599
-9823.421998887123   14243.888814395206   1         1.2205322761355955
-16810.06426440948   18207.92601810718    1         0.23567551778723983
-1051.7216145787795  6688.3650597798805   1         37.45974220400444
5583.985074034317    8020.108209243324    1         0.5214136876800539
7408.636634989564    -2771.30790864714    1         1.2036766988539296
-8957.866983138076   -5653.698857557419   1         39.761617717369255
4053.1346648113577   -3265.2541446103496  1         31.865015355356913
-8183.001433707353   5574.8428920616      1         0.12094426344956877
-2196.349715812972   4977.509969866789    1         0.34577784571390485
-9132.508586173208   4832.215662784503    1         0.3422761778963831
-2868.8920659088585  415.25954451718536   1         0.1585769098567335
-1807.879552440059   1153.436138296987    1         19.624370228218158
10539.455576955892   1734.7333578403313   1         0.21502451533709704
-6771.022628027292   -8406.491235258209   1         0.1371204830726297
12584.742830387477   -659.4201867889533   1         0.5115199007824591
12095.60579552823    -3561.496915643733   1         41.1980316744229
-3612.443965770943   -4705.000366271872   1         11.423532444285751
5736.609022165381    -871.1975700069191   1         1.1711842201479454
-7702.345296837515   5598.819668365479    1         0.3081337403670813
1586.7536862832385   -8328.764411636455   1         0.6730221030964688
11463.428127124811   16227.219484947753   1         8.218894758391453
4345.532571842833    8777.050631633563    1         18.31177926048312
6816.17855420249     8008.273613099187    1         0.427731878092832
-7785.443667468974   1493.8384664726823   1         0.12042274234783008
6744.413738496648    -3284.930012494482   1         0.8427993008089661
-1736.8291525317252  1114.403798179542    1         0.7705456733445846
1655.1410959524685   10564.7524221046     1         0.7992829789451132
-7767.408032656076   -7280.697737828503   1         0.6411383817325358
-14121.573983140059  -15818.197422323277  1         0.47143412847267374
-6379.800485334277   -1886.7331119555492  1         0.49918113972378164
-5169.6106346817005  -6168.356296427728   1         48.81377971397889
9327.483739933077    5276.541230530411    1         0.24288582718327795
1095.7549760902336   -8916.03343467489    1         1.0334504372605249
2944.9130945768297   -6665.969271944024   1         0.6509257805391743
-4205.0675692254845  -9389.892318709863   1         1.1733762365156772
-2019.751811219965   6574.1281640845555   1         1.0566493876762106
1057.9717819697255   -798.9805590507268   1         0.26027201745113143
1381.8525092739494   10568.987745933238   1         0.573494167398112
-3129.1046204214267  -5084.509415389287   1         1.002192114160446
-10452.24122984568   1558.0174014967683   1         0.20845964589615884
-6705.500382922255   2231.1480412153005   1         1.2068520002098386
1798.938035599378    -6932.818194007887   1         31.228881370776186
-8678.593125826614   -1654.2936050389144  1         0.18948555006882029
-5117.26304994857    -8958.467140578508   1         0.14562723498591723
-16744.16183972746   2552.509401292824    1         16.856071605621306
4868.433992359791    -17505.631140740046  1         18.455154845666453
-322.39764572638876  -3115.7890025471106  1         0.2123982219749878
-3175.43405703767    2996.957691095205    1         0.15093619575505765
3920.8091315375345   -9280.024901636603   1         1.0334590684034752
4932.550409292727    6162.748330007774    1         38.159774175488735
-2888.922948283067   11764.0432176732     1         1.1591679368901788
-3417.3432035202068  -9228.806328444929   1         0.8049085891546301
7210.298822555912    -5444.466531531093   1         0.8892263905443154
-948.0790335230371   5268.738174662826    1         1.1868052469133659
14858.593313479374   537.1386846819878    1         0.34206638950412016
2862.6449591252945   -6595.491013613382   1         0.8437153486205299
-3211.3411152364674  9755.461563784096    1         0.14734845132624946
-90.88880359931512   5525.400936173591    1         5.908061481536146
