trucks_count 5
drones_count 4
customers 87
depot 0.0 0.0
Coordinate X         Coordinate Y         Dronable Demand
6207.313845701537    1263.4486086412167   1         0.29479335434417
-3594.725794196272   -7944.100463665534   1         0.9031575991083782
-2723.4245280464165  1979.7401654393718   1         0.6987137393389912
7892.450538221828    2195.9949715089365   1         0.9875766034189672
1881.7230758394678   -4355.377413087484   1         0.8965983654469081
-604.7521935129217   -7885.946015130073   1         1.2110875022591228
7157.013845904694    1765.811328480875    1         0.5716445670809266
-2592.1835995113765  10293.612566959417   1         0.5729883219139645
-13193.51387630493   -9229.22936599333    1         0.9787791508047929
-4363.80836068436    -4560.894807223664   1         0.6313005438283397
6519.8279317867455   32.37277362260919    1         28.471443171423875
-9633.344226927098   2494.6268971717755   1         14.19401716512744
8312.993078842164    7124.025690960799    1         31.16221853057852
-2618.3089172835407  -3473.4608066544492  1         0.46406901479166507
6808.031257151116    5506.269698049996    1         0.6734160561998439
-1034.652564799124   -4879.481085909666   1         1.1364947400038912
11926.062688248236   -1157.941270312862   1         0.5485257156519581
-7568.802434610448   1645.012493024182    1         0.5814882739041182
-2460.485943935713   -318.59101209684604  1         0.28891018587248163
786.3569085061524    -7367.831502379034   1         0.8798836582243204
6197.131855025322    8683.023759766833    1         0.5055578287295895
8659.135869547023    -6530.825501191724   1         0.5005556818851187
9187.424933158558    -5751.794525691694   1         1.0690206829979592
-9342.115032972504   2005.9507029369051   1         0.5633578153302427
3647.622379015489    3280.3871163902686   1         34.80689225249728
10063.269757000031   13823.251997826039   1         38.195622349927206
2286.18838956055     6060.270429773946    1         18.565471407858652
6626.093090029457    -1847.1853208230782  1         0.5381930074812676
-1632.7188429870785  -2438.0815365595813  1         0.819805439744243
4605.476484545054    4609.354614857875    1         1.1582581824558873
-935.30465628715     -4730.90842447119    1         0.17081541780946036
-5036.714665348918   -7691.510455454986   1         1.1703087053589338
-6410.832747499887   2613.7988717616404   1         1.1240705965617914
-2530.1400093073767  9215.12570015856     1         0.45762996079186147
-599.6382655687306   3956.6684820944915   1         0.6798988903817399
-3267.0474337466553  -6248.971838602984   1         0.9476936084625107
-1768.448213100426   15031.566766723441   1         15.42508785354658
7043.370317836478    4628.411401989126    1         0.30826997930325417
-9330.792581319765   -1583.6065728644244  1         0.7383451821515585
-9337.527471149147   -3574.3634189340305  1         1.1853175454093612
2634.605503035741    -9963.892895712337   1         1.040949295209732
2705.990374098997    -7443.913507293295   1         0.6584724258392164
11584.002736957536   -12368.012756448621  1         35.06001274560366
-8668.61556292842    1807.8962758557627   1         0.7243859043742353
-2338.1393539494356  -2885.4413048215824  1         1.1327872174265152
3264.929357709992    6511.533591680684    1         14.817664396815097
7721.030002870484    7257.10933361917     1         0.5046211932747128
984.4029125877636    -3851.1477832305836  1         0.5317115980539455
-8797.56155525928    -3619.8953093435643  1         0.3702723295283078
-4454.56270677375    149.2601431458895    1         0.5862997922774664
515.8073155421725    2658.3142263070386   1         0.32094753954776584
6659.21458106294     -3959.820097208227   1         0.7812121229499446
2387.137833215718    -3839.4967850726703  1         0.618460491011526
6796.75116360456     -4824.251433702527   1         0.9059191417256995
-8075.165697656186   7397.313812214384    1         0.40264190841754255
-3650.751339885543   1770.9153923850693   1         0.9833812494615903
-5580.312622464868   -9911.22548397557    1         0.4882133469115223
-3832.9984060292877  -8629.582816571157   1         0.6709022659231526
-483.8585767375873   -3716.8823083775283  1         0.29258042865561384
4935.068398566995    4039.1953536361784   1         0.7193805637501579
-3459.9288108776823  1623.5534411362903   1         1.0009304234211556
-1316.6668470525294  2608.997778339011    1         0.4622302288411345
-1406.3344482697644  1679.0671741567849   1         7.581989612802781
-3606.2943654494566  8034.0692200473395   1         0.42179309804576703
-4130.961077366284   70.61546146431068    1         0.750521384208097
4523.108170228713    -7651.454518479119   1         0.3963875674694791
7025.026705118951    695.0832177598952    1         1.2482247662609443
-9600.389880034512   26.18105641773716    1         1.2230965234783524
-8532.747454663215   -3852.373705218404   1         0.3020213630539076
7243.044556619905    -2732.159739132211   1         0.4295289727527162
8735.650646733158    -3899.6183711896765  1         1.0491288164583186
2112.8643133445617   -10226.986236141198  1         0.26366990150826863
-7908.48447928762    -6130.828429268553   1         0.10496198336851766
-8306.145631670297   -4779.611470048288   1         0.3454884327229044
7292.813680348048    -1323.9827274341267  1         1.112587299649204
4085.8643218932416   -2438.36558063266    1         27.84757909348101
-5680.035032143614   -8955.005495739584   1         37.56866591440551
15827.422278832248   -12164.650868431581  1         33.739449248231146
-7949.419555928809   1401.699176895047    1         0.769187283402246
-3015.179767049795   -6080.091908494294   1         36.085319149491234
-3747.0019569058372  -4605.702629417413   1         0.35951837598730896
-9582.35692948997    -3932.684190257702   1         1.2292689142565023
6735.983047855108    -2317.606187625913   1         39.13077679121479
-6788.477428469824   -2264.6062190442135  1         0.9160679277095123
-3112.765001548648   -8472.564583278976   1         0.21217744054899979
-994.6027825141861   6832.7708194190245   1         29.220768644712244
9195.37855417194     -2109.4179202734495  1         0.8734809938894591
