trucks_count 3
drones_count 3
customers 38
depot 0.0 0.0
Coordinate X         Coordinate Y         Dronable Demand
-7228.727823388583   -4994.952546387876   1         1.1265103869807516
-8368.846316498517   2763.1348293790443   1         0.5135309383573031
-4685.834061467696   -4666.581925019796   1         0.13993352001770007
2728.9876767498818   -5177.074325782664   1         0.8683639507486437
-8081.288570604096   -4697.0488693125535  1         8.988135151593575
-1002.2400478527253  -4917.883793340179   1         1.0472774017883126
1945.946626023007    -6465.0036492336785  1         1.1044126466204978
8168.894820218644    -1521.03883185002    1         26.22539553551673
-5419.4262437061325  -7171.671410019874   1         1.0068570559228252
13269.30698770479    -6304.118282907571   1         0.9097087539891558
5200.846721042904    3313.1601648230244   1         0.12564481633589672
10535.798698684745   -667.9491560235327   1         11.414560670778112
1372.3911250786514   12747.940568417482   1         24.588386437731238
4021.32459769486     1123.6996352674726   1         0.39779570466187486
-1241.4445114717728  -10377.975699860752  1         8.372736992049804
1737.2002047317965   2542.3912612045788   1         0.23220990838924216
-7609.499378776985   -7629.743310457832   1         26.692900362597364
8822.749742992077    -4287.264263493412   1         0.4291823107793682
1198.2104667230715   -10468.739535952089  1         30.622435086383522
8853.388123495777    6045.502593695999    1         0.39725152962659505
-938.529159224673    -8634.065977632636   1         34.94407635506333
8858.835669971313    5245.0777127165165   1         19.265718537749915
-4872.353415510383   -9733.839820738063   1         1.144726905629742
5418.168611866281    6987.324734107322    1         0.16390010211122952
5767.387167759951    9160.832904343193    1         1.1064557540201774
9104.977296013125    4280.578787931744    1         0.11729058867212011
3864.0489916952665   9348.445525763138    1         0.29969134376896267
8145.293811949248    -6402.00220060766    1         1.123898631302769
3182.1523214520776   419.3523951329862    1         0.2690387538818029
13235.069621754748   2971.3725318726974   1         11.091925234899886
-2046.2488899736736  4295.69443364535     1         0.49519766802528753
-10621.911538526985  -2180.3853129323265  1         16.693751916040437
-9247.7108533962     3503.7551259039456   1         48.90999129043121
-5273.828459196239   -6074.286474954154   1         0.13399879047097485
-5088.222032434531   -10808.636619100784  1         0.6924054538134594
6861.616705921995    6450.116637058297    1         1.1730111563355075
-3056.281272610225   -9562.344506946765   1         0.8894039502990466
6175.801308622978    -6554.14240057405    1         1.0726212114305447
