trucks_count 3
drones_count 2
customers 23
depot 0.0 0.0
Coordinate X         Coordinate Y         Dronable Demand
5556.57875346443     -5183.551427047806   1         0.1764305111340595
-4876.430630550036   -3869.7873305551066  1         47.12223490764813
4348.851910408827    729.8590039491975    1         32.23385207195149
-5374.297110789048   5447.127741469698    1         0.31323188705308297
301.6066319732568    -6375.672826243476   1         0.573344660241624
2650.2951909987287   4514.928592621898    1         0.47874055069827426
6908.294218151527    1408.3039107648412   1         1.0623969619946974
-2453.4853725873813  3564.1607249860667   1         0.5333629611586862
5291.120022560803    -6629.034159663509   1         0.2417554525156838
2929.6079412893214   -0.7667558996236039  1         1.2121352726226062
3764.0642116635045   6543.3256432461285   1         0.7064614167492861
-3710.2477372277417  3442.8834253988534   1         0.8062374561261536
-6687.287928565056   4838.595382058914    1         0.6332814021760675
7107.71428243463     -1122.5598218626492  1         0.4576692100118368
-7314.963328671858   -6000.170874906377   1         1.0967286566323886
-4065.642425604717   -558.7730330246305   1         37.587521229675154
7360.865773330273    7020.280173421777    1         1.2323896677317128
1357.1274049253182   420.78194039350416   1         35.992332255977345
7325.7537087557985   -275.2823136104258   1         0.24030318596760547
4965.597888958364    75.51478659855002    1         0.11234717718335364
4031.430099368168    -3917.324185480471   1         30.764580984761555
1996.9737083893237   7338.7582227559005   1         1.0395764719938287
-6113.82335781852    6734.239657340662    1         48.80163608434194
