trucks_count 4
drones_count 4
customers 67
depot 0.0 0.0
Coordinate X         Coordinate Y         Dronable Demand
254.12789436640762   6377.60979154015     1         1.07067055528461
-5033.285095417384   3210.7874681025596   1         32.69861128274587
7309.445935552945    -897.524101664119    1         0.2415353743593333
987.814015728207     8114.175576134533    1         6.996148450932452
2909.2390056897366   9945.023073889644    1         1.0485308899761008
-6479.318194428927   -8635.097893109465   1         1.0634916787386974
188.2742481483656    10001.713164512412   1         0.3657001904387778
-5797.169792741619   7363.369124648758    1         0.7550189920412552
-138.354644172129    4491.604888568934    1         25.851626968458586
-4168.657398327921   -3028.1027615618527  1         1.069846935431067
-2628.445494897798   -693.0097071422606   1         26.33809260769326
-8026.937832840722   -6725.780988672587   1         1.1439881872429294
-189.82638939643013  8838.843254222027    1         0.35976420675055953
5191.201652041432    6191.284993428216    1         0.12061066956313199
245.62024200163717   -5444.331289153351   1         0.22947932607336774
-10339.680524042276  -3381.297340183613   1         0.7809792972609791
-2500.8093955243976  10208.698945833194   1         36.618018011983615
-4418.491171781141   -9216.500673908207   1         0.5300100194688719
-435.0664574875905   5569.130837258855    1         0.34277350898424475
-9780.86500512584    -611.7282275742383   1         0.37943013426847483
-5744.713770289406   1697.8261138965704   1         1.0022818779641152
-485.07515436326116  -6045.9869346029245  1         40.90392580144298
6740.209264215882    1725.8155719829826   1         0.6429031069382581
-1093.569624998158   3678.4716117616395   1         0.11228338793954368
10891.068208523688   894.9689804913693    1         0.4675366697006976
-5147.716942685398   4366.210358136947    1         0.9003678690609928
2685.3324793809434   5478.82868898698     1         9.640903015599864
4475.784256024528    -4675.297820129433   1         41.718221452143396
-421.945402161449    975.6927964322556    1         0.41448794715844006
-2923.5485923285028  -7750.863169281187   1         1.1934944121222788
1430.8781916711885   5240.078379164015    1         0.19427966610140063
-13424.391195947288  -9662.945613123386   1         0.4886239479627935
-4575.5419931775305  -8470.633729353951   1         0.16448010538373042
-7271.717085825661   -5883.892163772761   1         0.23022181738267083
1320.4197571966718   8554.952428693203    1         0.15136330815221125
-1713.8068058374124  10781.898945407589   1         6.189201871089351
-4881.362140443875   -2930.6471977290043  1         0.47429530819581156
5095.331929179673    6534.984161276368    1         0.5389301945885457
-2323.047626946429   5284.157799701581    1         1.1302414480801195
8453.688131658038    11368.473854881913   1         39.738595824157976
-1337.8585948024277  8943.056295837501    1         0.8136516677477823
3767.725839500843    -7446.1810020830735  1         0.4162361969177275
-1168.9202920734872  -8511.500815901529   1         0.11752349206275856
6423.770759171358    3516.150762871457    1         0.31212197490059956
1111.7179990545158   7879.466735992678    1         1.1687259741260072
-800.4865533888476   -5017.412449536053   1         0.5187995949217451
-4102.784498056971   -935.4100203988396   1         0.36465995809812524
7753.535204205       306.31430756312574   1         8.344287756270255
-9262.358911555566   11659.449627708173   1         0.22606719722343255
1221.8205826639005   10432.838205533524   1         0.14454764372042958
-10300.179520637854  -2557.5289499676774  1         25.41436673369071
4274.00438730978     -6745.494129323879   1         0.4500191641928072
1253.1508749950285   9995.129718887662    1         0.7637195624514708
534.5026385012118    -1847.6348990007248  1         0.11865298379065407
10314.979797226852   1548.7267711680754   1         0.3241009259888895
-6479.647344472788   6914.8850470203515   1         0.2823463026692947
8339.723549196387    -2196.699432700585   1         1.216235200194279
-908.4351822150506   -5878.666026360609   1         1.0564345907762889
5373.5387295707005   -1517.7610641449312  1         0.6485965580574761
11784.54294823517    14157.462230559378   1         18.11405585193146
11183.656677210836   586.1774549011006    1         0.25674165217777606
8065.202946388867    -1480.632889087895   1         1.2082784837023308
997.0760306682662    1201.2974394731718   1         0.9100467543065413
-2366.825248829376   1478.3309799905392   1         1.11955532490061
1539.0443212809425   -3101.857011595374   1         1.2010986887388866
8289.721698235659    2162.108330686667    1         0.36175504121035285
922.8832741734215    1427.541904134668    1         0.13163250704105886
