trucks_count 3
drones_count 3
customers 78
depot 0.0 0.0
Coordinate X         Coordinate Y         Dronable Demand
-9422.68283610925    6609.488269756908    1         1.0285808922416932
5136.709752185802    -973.3675540870195   1         15.234463692270038
-6584.962534211124   -1639.8444145533986  1         17.434912998751493
-3495.188914625153   8770.187254349203    1         36.65185650093086
-10407.162976641512  1932.2967035968784   1         0.6185817197373511
8003.714653923446    6348.872081010031    1         27.99204965404497
-9034.952022971418   -15807.19777082625   1         0.4164662411092346
-9885.00021975699    3775.0889571355265   1         0.9917909973173588
-5820.140499169981   8542.743894735642    1         10.753568788502069
-14384.245052412956  -10431.747807237394  1         0.9429372621111359
-702.4056355321543   -10635.500367718616  1         0.12219768261044618
-3190.225972039734   10226.41241513408    1         0.34988021278029213
885.4105314959182    7098.682686555734    1         29.6628787520062
-16143.419605267325  16774.20942095575    1         0.5023106899668615
-6407.935141823263   5733.149700628397    1         1.2234695673796254
411.5067653833813    -5872.814525393434   1         0.21792939327548835
-3943.2854455983747  1915.6582234609125   1         0.4002269052354033
4227.191557635914    6591.713038612644    1         0.4349496279015992
-1846.6160912221333  -4948.942458822766   1         0.6512161101523981
2732.1760861594416   -6469.440136330655   1         0.5864874899430375
-4043.247515240468   7635.167736454549    1         44.74714995414404
276.57279397392625   -7648.785614694447   1         0.6749921244999026
-12446.68250237041   -8039.52597461028    1         20.36526668620915
12111.459665681417   18815.36902236642    1         42.44483687675206
2988.0196336202494   -7836.775249300301   1         0.8445875954874243
4505.259625041196    -6222.46172737797    1         0.6951317903200459
8428.789954688193    18893.343161602632   1         0.5681585439927818
-1490.9161692324133  1721.0702479124063   1         0.29526865293378146
14611.960820955373   -468.67791754660357  1         0.9229557488692699
-3522.2989081356864  5032.961295760654    1         0.7325093793887072
15260.479684854978   -1801.8470581220354  1         0.6431271010434535
9519.22389553671     -1979.2887618365457  1         0.44782796059935026
628.7573745048996    9100.904964200332    1         0.22834569889178502
-4983.297060965222   -1085.062712775749   1         15.171215636906936
-137.47244515994782  -724.9812059092538   1         0.8289875654260558
1646.3686479892049   4296.844148012637    1         10.936857020939435
1216.2853521324466   -1035.1936431964145  1         0.9723060867024527
6705.44026295458     -5919.836801304721   1         0.506313518387129
222.53624188884572   10667.026836201778   1         17.65699318483195
3653.088904858574    9555.893557130355    1         0.4989917495090075
-1451.662990817851   -9889.66226305189    1         0.814146854514281
-4887.63361248318    5793.652903694429    1         1.0959339879239687
5036.105078638451    8713.532959864746    1         1.1328161787334194
-3835.4266232238792  9047.368893563123    1         0.2776062336889282
4526.421823488595    8541.845504210121    1         6.863776380260321
2963.4675138714188   -511.9959902957536   1         0.6477643000461639
-7942.569110000239   -5279.375213453421   1         47.9012483080284
-6332.903393398451   5837.820484546815    1         0.6110900668642728
7921.545325483943    3512.232603500903    1         0.39316485418268676
9610.173294307975    -2917.559714330637   1         9.648216546420485
-295.3813171164274   3718.177362509966    1         1.0845798222315455
986.7263648989376    5320.962937966534    1         1.1365707771628506
-5616.71575748829    -4062.2129651884984  1         1.2116002741598422
91.3790874180195     2972.5588365856897   1         0.48551704009834606
5.978111052928491    -4089.6040035738215  1         0.7272572060362996
-487.0556882660482   -1752.2572545107362  1         0.5604087151674628
1473.6243127908738   -2444.146125873943   1         47.04645685712233
8987.949645789764    -6135.633433952604   1         0.3547174662669663
7958.540562791688    -14390.230968963438  1         13.516375190368706
-7739.860017128452   -6329.562437936202   1         0.8751026388872695
9187.861308195723    -14967.117660625252  1         21.04390007494642
9290.718560660485    -4314.112483698957   1         0.48971957148797696
3106.607587430216    -8190.431515335509   1         0.48131124337250264
4901.666845850291    -2608.8266296961788  1         1.119873480588721
6327.060335403307    -8552.151895434508   1         0.8796729541872339
1402.9685476891336   2507.549268517876    1         0.26696957146249645
-622.3037750983976   -5346.400145713536   1         46.08024434124555
1313.7686678941802   -1716.6949557179726  1         0.8178082452109849
7402.374327526282    -11453.39464661243   1         1.0470563041486924
-2078.8688253138785  4997.818882762414    1         0.10214466992829485
-1378.6229133263275  9400.296977150783    1         4.385481846440798
-2127.6506911663528  7952.49173256423     1         0.6409718409900623
-3491.539588068572   -5521.287192040283   1         32.28493498774395
7014.474693299276    2365.8768127002627   1         1.1661080769215735
-5172.912333930002   -7858.696270533926   1         0.7963254542590057
-8096.839795061803   3405.023445063915    1         0.6367290719213055
-6042.695271279335   -3850.4662805639105  1         0.5781352061123298
657.376287781313     -10583.249872177292  1         7.262960192762137
