trucks_count 4
drones_count 6
customers 93
depot 0.0 0.0
Coordinate X         Coordinate Y         Dronable Demand
-633.2462045891369   6089.601583576091    1         0.45673602337510744
-7124.998113712321   -761.0624495070679   1         0.9866586282938881
7622.035720156264    1177.9726451326774   1         0.4991359520291311
2390.590700103224    -5830.227658077257   1         0.9891316088888151
9917.063788438354    -16553.99980690866   1         32.27060762481321
4395.1149430952855   -4400.36085923839    1         1.1363325555375354
11891.659580426338   15128.558253980973   1         28.47287850515715
-3440.1194901854947  1112.1686384937145   1         0.9976852679288776
371.6410739929924    6002.667414890821    1         0.21251646881920933
1082.4182612469347   8316.244628722761    1         0.9033342642901689
847.369187307758     -9462.86939480272    1         0.2522331051300585
-3572.5731407234175  4186.623229620173    1         1.0598721922508798
-8584.96615194377    667.6162022734992    1         15.2014470821808
-8038.643573304385   -956.4484920839501   1         0.7459132707140042
-2810.1299604335836  9838.288790788134    1         0.9160694205451072
847.8742837193033    -3458.6848947558065  1         0.1235047254779141
5799.080044169567    636.6035588331737    1         40.237022963816514
-8488.370090800841   6336.127719128058    1         36.72342288878278
-6453.444977119219   -185.85084968770133  1         0.24878368106656962
-5227.451679557105   1624.2361217266593   1         1.071409729757547
-6038.113679430278   -5576.749283042165   1         1.1196425744294445
-9768.98954088669    -856.5923847515843   1         25.747109757342077
-6186.422521772648   2692.7401892981425   1         23.950777144198423
10365.943474209751   -16526.119661505607  1         25.06044487646874
-9535.276323836393   -161.51857506694174  1         0.11349314199419061
-5058.400618747346   4700.418270677218    1         0.5461775970772405
-4872.626884181465   -3332.351986196159   1         0.23884041115842095
6277.618341864415    2213.6924663357763   1         0.42817541950717963
-8563.99450035907    2763.3739289730447   1         1.0927781614520444
2345.1112446340094   5497.603761095026    1         0.303889988245631
820.4501903466702    -7304.225327962334   1         0.698663311234019
3092.349436220609    -2374.2420309803583  1         16.717135415933896
7597.2874245575385   6593.621776055945    1         1.2286054866104337
1722.5824435973575   1395.144955270147    1         5.35192416698553
-4080.0708034167164  -8271.872763925454   1         0.7861367714135797
-10597.486073230222  2474.959344763669    1         46.32728777395543
-5724.878866009913   -6555.154525849861   1         0.7451500561436518
8073.282355678755    -5213.480453434259   1         40.11133879789306
3457.404604626623    979.1456206124296    1         0.3748665824447277
7992.130379601252    -366.12946811280193  1         1.228227235760951
4349.69775288854     -12540.793920353044  1         0.3986292456047599
-7924.3369377169     2323.960526817995    1         0.5115564149822301
-9221.873370534684   -515.0007433939481   1         0.9866098567885162
1288.5422956356624   -66.63691976410061   1         1.1029675357780493
6922.202833586401    3283.445513417081    1         0.508385837053495
4437.110433346057    6789.041236009516    1         0.9347896091467578
-5649.643707409351   75.25101743665027    1         0.3947027639724111
772.0135320278438    10096.119721649407   1         0.16168784985865536
-5758.2791631672935  -8551.797965069227   1         1.1073331823673866
13307.243422876065   9813.53602347982     1         0.8616528317689214
-4482.203515890139   -7650.206001445725   1         37.453696895850946
5180.080848831063    6508.952120602538    1         0.5685755359203716
-5818.754234649505   -6187.619710836263   1         0.5529623851158875
2539.6297355425295   9339.873934285239    1         0.8358529116232631
4010.0271275120954   4965.153778277052    1         0.46603199740248535
4145.199142583868    6572.448377730302    1         0.16085560338289462
-6753.225270751888   -2393.306722237964   1         0.20827219194244426
206.64317127592975   649.5661207749068    1         0.2996106345267135
-8084.214576837368   -6922.292763402213   1         0.9824202410550115
-9386.509150940296   -2588.9282212951657  1         0.22287113644625065
-2807.7743133561357  2451.154051811927    1         28.295145092489285
-8156.3814963739815  -3275.052605162335   1         0.7191372227557783
6136.816248964959    -2676.4002374140673  1         0.8533973637567086
-2634.530244256674   1196.2352928024513   1         0.7161268711821397
2070.675784053481    -10398.95229064532   1         0.6435490958426229
6161.979700136338    3149.360465778408    1         0.6831583856032236
9626.048915089326    422.4694371340276    1         0.4217559247850051
8970.227289113303    -4935.768538469283   1         0.41264527618905433
-5367.565817935673   4935.815640302442    1         27.374808686242936
-807.4956826212139   -10013.777739663674  1         0.797005951797116
-7189.107248468103   6754.551163504873    1         0.6589085578669976
-6452.772153491668   -5961.469737447472   1         0.5963476602514777
-13822.289983060795  -655.1327016106898   1         29.971836071463674
2129.3896090935896   -3260.4113065013007  1         0.15506047820651386
-8123.810325190743   -981.2241562055561   1         1.049473472273435
-3741.0563128774484  13524.217087217057   1         16.39917826145126
13430.830687553524   14738.360136507636   1         46.15043999885195
406.253006084923     8330.54297307379     1         0.21152473330335902
5922.243037455485    -530.0559398080836   1         0.370861681835003
4617.919497156068    352.3474787191153    1         36.78661005739142
-3226.657383342653   9973.129827639048    1         9.589265658392634
-5924.68928800088    538.6961915346265    1         1.1599894393815406
3104.0672770968604   1203.160726958353    1         0.6607408015105642
-2375.5687156978365  -8936.748837698711   1         47.97289549036408
-5014.310430343335   -3141.4045104722572  1         0.5596303925378308
-9431.021798772064   -9540.785444572408   1         1.3690514844978185
1345.5296858632232   -7866.275508538773   1         0.6008726234859217
1698.2215429640094   -10367.90693217882   1         0.7014696843709783
7170.60065937123     2703.0679545361245   1         0.5466141422681471
7861.894039500977    -6390.266367118922   1         1.1879464648853981
-6738.350222606446   7527.5538178517745   1         1.0033296552596458
-99.92904079891014   -7484.542308617474   1         0.1960937489763928
7834.545506565191    -772.2205787257171   1         1.1693155854067834
