trucks_count 4
drones_count 4
customers 69
depot 0.0 0.0
Coordinate X         Coordinate Y         Dronable Demand
1383.9470070334337   10971.298476782773   1         0.8625690559355067
2920.6950015957186   5520.6082724954895   1         0.6205145172885056
-1441.564066302696   3812.0345287803043   1         1.224553325577039
-3759.961534916959   -8713.822847198142   1         0.2146053507677915
5424.320324746551    430.91933469238575   1         0.7213804683080536
-5320.794456758032   11413.956734678806   1         8.126129875651063
-2138.690695062753   -267.83635199406837  1         0.9941765661435336
9720.632596098883    142.91328661899934   1         48.943197585129305
7720.135153306836    7478.10966059932     1         0.5795800218589208
1152.11059986285     6102.4483611712285   1         12.695311945941732
-6209.9906322833285  8915.220443804046    1         0.7669646330402058
-1279.3872067915156  -3872.1928588938035  1         1.0888191559793376
-10906.969241280829  -4179.656993321694   1         26.414513513897667
-12041.652054096081  3503.0385616531894   1         0.9531755583027128
-6101.0483081005395  -2686.1777508273394  1         0.5393678230361709
-6956.599373317127   5487.1096346848535   1         1.241031525142333
-1828.3104856470834  -790.8067354695088   1         0.6577584885956067
-12356.535120441622  -9249.25909056249    1         0.817009152401549
5192.172467439908    3087.0457237032974   1         0.9592953321898863
5305.94938406921     -8468.972224791005   1         0.5978989097640443
-4088.7363575859463  -9498.743545382178   1         0.9637483390100092
4740.241932685581    -7142.5942257288425  1         15.973647098141148
-7310.223018809249   4659.41600571095     1         11.06658208997049
7801.388691829195    6296.453325667939    1         44.88458985650125
-7946.7845739742115  -3327.2220668746463  1         2.5686512583992505
-7729.0059364123435  -2146.2095965535946  1         0.22951825803350712
-5220.5750198680125  -5915.73746202179    1         24.60094067281068
-9432.104292545138   3165.5860561836002   1         0.41296612874310534
6975.931539857567    5779.559852951375    1         0.2901063823055786
-5908.356072441574   -7946.739784914538   1         1.2162315337193443
-5575.2696510238875  1161.4198029291856   1         0.44270160048783735
-794.9468527955796   8736.106703385276    1         33.61824056587915
-3867.974166358895   389.3038494742409    1         1.0621058592798653
4880.849343207539    9332.89313563423     1         1.2149880239869533
9391.450817409726    1799.1712152326065   1         4.227533681804603
7177.856434330433    -5400.239278917484   1         30.638402715878897
7499.720847670716    -4065.79401179192    1         1.2197727574201065
208.66395787092006   -11466.971813142522  1         18.881538907493624
-6074.315706758788   -1631.2287179321465  1         0.18514610019271505
-244.2383284933107   -5595.538040927761   1         0.8562738581528829
913.6045489762569    10112.395366938608   1         1.0910244216628824
5077.305055663933    -1669.303028709428   1         26.543766124467833
-7488.447478292589   602.1967363350676    1         0.17134856404745466
7703.765330508604    480.68768142950967   1         0.11218053889193366
7880.33906007538     4094.0140183042768   1         26.69673120934546
-7342.524884936828   594.7141238852582    1         9.405217180204408
-5560.785390417727   7724.851760021927    1         1.1788869861937687
11474.954765564657   -12100.220207554314  1         0.30565735655500575
-10475.00576420335   6683.973428745547    1         0.608242505176996
-2987.156735906966   8350.881828916255    1         1.0017668347152264
-4719.409137594341   7821.040573038764    1         0.7574046473889946
2135.4746080805385   10388.488938794842   1         19.224622610868064
10065.10705293275    800.0950602189531    1         1.2358068578044012
6999.478591179541    5513.133977305839    1         0.1603522550972069
-388.1969952854116   -3536.842702903655   1         0.6010664561141768
-558.3168653124162   -1586.8117168242165  1         47.675596932335665
-10877.378001910427  -12534.358329518418  1         0.7738324977221797
3550.73583171826     -7314.748939274434   1         1.017499725465258
8488.8810089904      -5068.482607030936   1         0.10781533173776206
8186.131201108266    7817.713932386476    1         0.5438739944709976
6290.056850867634    3629.0157209631147   1         39.85225460828887
961.0810963407941    1396.756185451023    1         0.3882078452098835
6156.727704244969    148.98799656156572   1         0.12699383270117137
354.45075293407655   -10266.558642344033  1         0.5442405907745117
10606.251706914158   111.51106518700544   1         0.7371672436167201
-6150.600789341904   6441.229819415222    1         0.17394708605396925
-3057.8830870309853  -9049.965802463379   1         0.11287098384032297
-2861.015173911253   5464.249494267518    1         22.180521321558057
-3552.0471950616966  -9102.400437812195   1         1.138440784129281
