trucks_count 6
drones_count 5
customers 84
depot 0.0 0.0
Coordinate X         Coordinate Y         Dronable Demand
-5135.138382928559   3036.8658817154633   1         1.0373449700520898
-3175.1763025586642  -487.0938599186229   1         0.759148746930702
5377.152550849287    -5913.4546859566235  1         26.585379151595045
-5734.674653199705   -462.78313852108295  1         0.7045996106938411
221.60607396242503   2198.5825266219563   1         0.9834572596095337
-3891.3399648229592  9292.2358030765      1         0.3335415118627242
-4261.8169538969605  -3884.195605720177   1         0.6246018080239542
-7277.453678059325   -7004.9363755956165  1         0.638871100102119
9393.402251985604    -1927.08329871211    1         10.789488700109725
3385.1552606803825   1155.2532764683363   1         0.6965247613400846
6185.288946301167    1186.503066616653    1         0.15765700164605942
2113.7995712715247   9724.95679871561     1         0.24501026290284
5411.244150876073    8069.116830835536    1         0.6734896653483667
2091.03254090494     8679.689761425223    1         5.790380008679412
6117.44944825482     6244.593983784706    1         1.1301715430167536
-4886.244055579815   912.687208497939     1         0.3815435016602534
4688.654523461985    9689.968340713554    1         0.7626058764923198
5897.963099926188    -1167.0195453435376  1         0.8602371197553311
-819.7103314295126   3811.387934813598    1         0.4230685444360668
5154.211149690355    -4178.596630769726   1         0.6076418828764686
4788.010191683601    8979.343764341378    1         20.112912743952677
-5096.478663549342   -1734.1256677580873  1         18.067440274211418
-8165.694334422322   -5803.260630904809   1         15.72883037875647
-1795.3887023890616  1146.5463825272684   1         0.25042948552713806
4891.547378312687    3796.566829386122    1         0.6900697730453699
-5547.511461259473   -7440.432612763645   1         0.9826491277897201
1913.8676788956604   -3390.077547247479   1         25.73933315197323
6343.032555586991    -6497.263295641368   1         0.7413201537299079
-5760.504980108549   4358.1772577740885   1         0.32518999475010707
2313.3193700656284   -7557.662739953874   1         0.6609724695955798
9561.642834779781    -3121.5083203182944  1         0.311143704703009
9064.979365098368    4495.210335275876    1         2.0610858253084747
-5663.617062076058   -6148.616662796575   1         0.9136009020098098
-608.3032881819709   941.0547087645991    1         1.2096976506182608
-5151.061594817384   3007.5352579760206   1         0.49676513620439067
-2083.137208397165   7446.002294088259    1         0.823312935613792
-2361.1505196581875  9933.614955933863    1         0.6974993977948073
-9958.881023048814   -7429.814731476388   1         23.842433210802348
6564.758512210173    2536.29868528661     1         0.6402001120525391
3868.6893442765772   2629.998459482387    1         0.5695813537707436
-8361.424634483763   5055.815560575838    1         0.3752452339389465
-4873.242960027392   -8273.59171463682    1         1.067919689497696
-7043.457009493989   -4530.8554580836635  1         0.7551300573619186
9430.817180348426    -9281.370984406922   1         0.7852061656676572
-6854.267690478539   -4163.648131543503   1         17.53992489734127
4542.509894439681    -7881.528916981464   1         37.87447289803713
-4768.972873069131   6933.559706716046    1         0.23073906298495042
5181.308823710082    -8983.726077648927   1         0.7978086416532719
-1501.0662282855847  -2259.189020783311   1         0.5816031634277694
4691.720750082315    -2645.637200892967   1         0.89675625085113
6136.518769870472    -4563.4970688223975  1         0.46675775898108796
7909.3711352687205   -9920.145869319336   1         1.0248047574816677
-7480.68693703615    -6030.314596841708   1         0.5008873966076764
7420.478986261618    5360.959162862314    1         0.5798819542202892
-6007.260935606403   -7211.029958535243   1         0.258350892037245
1183.6896077274978   -801.389168518443    1         0.2493278374358566
-2871.741753892843   8669.987238605678    1         0.3058046398616185
2166.5152396025205   3148.6985960441616   1         0.8767985454890423
6854.856105123614    6072.324900937105    1         0.31349841571244985
-2778.8486133126225  3351.1501739424166   1         0.742839673715585
6382.988827589029    -3865.8818312623544  1         22.722004384936604
662.9947612880601    -9178.328962950804   1         0.6875604705006171
-8159.279664441152   -4556.777227779655   1         28.635603736163993
5714.799880035267    9032.642758368582    1         0.14756652088202793
987.0395817966803    6979.561102040339    1         0.738963445960219
1896.5479892674298   4169.137026074018    1         0.6538345244004428
-4207.00977622037    -5142.174594416184   1         1.2383843067919116
3983.4696002682167   4318.269559463701    1         1.1362872755286297
-4913.540740680958   1438.280803063044    1         1.2223056601618478
4820.354930550634    511.4955622318486    1         33.06604575577001
-31.669414947340243  -7344.298117616077   1         0.5605708596490131
3529.8776928454736   5498.659036494542    1         38.84232360634522
-3680.475733890572   9004.985990336589    1         0.24861723594550056
7258.200642489105    397.19802022980315   1         0.6865850631103875
4045.18306534892     3714.972094451679    1         0.6643676015951394
-5698.997859716711   9160.245201912352    1         0.16061293351749792
372.9057752183435    -2951.1961610281796  1         0.30626130963977
-9343.74124279128    -4144.841498329253   1         0.8133567218907083
-7048.810562491432   -5287.180184486541   1         0.9782637732162127
-413.6848006129796   1368.1476974526686   1         0.5639126489675164
-1657.155001813257   -6030.012785283819   1         0.6658204151526667
6690.854457640689    -983.1270092272825   1         0.6703997386744444
5112.219251396008    6623.293705320141    1         0.5771046497096112
3922.0608068709744   -8028.772575681858   1         22.921714795025707
