trucks_count 3
drones_count 4
customers 79
depot 0.0 0.0
Coordinate X         Coordinate Y         Dronable Demand
-857.7727211120012   -9886.828265394684   1         1.0046901154294978
-4481.672966141274   5069.848750947331    1         0.5594253199746007
4238.081464753033    -8319.940562895214   1         0.1469756214941464
-2736.6123649022525  3827.284564181894    1         1.1363551335096074
-3.7839530643761004  2576.357681272958    1         0.4648841775911243
-5875.904961327138   7788.9759002698975   1         14.108231916952397
4688.625746300017    5675.110401569341    1         0.4635257196797954
1354.7248164358357   9176.918636137503    1         0.6820457179452099
674.7985513719991    -9226.042635874806   1         0.4344586481455479
8790.513024832331    -5484.1925309359995  1         0.680222696793344
-484.90814972112724  -5189.905534502364   1         0.890025004339591
12074.182244929147   -454.8067767542416   1         4.316659246259471
5471.43959764975     6632.501830217412    1         0.8838151064149937
-6343.769232858116   -3889.2003711933485  1         15.002331433240622
-7412.257232538157   1228.7643424976834   1         29.10616769878005
253.85851689453975   6198.753908219454    1         0.3623879634189968
-2111.96810161099    -5233.332856615129   1         0.30956474968724057
6081.713307043609    1317.2051176497998   1         0.48787944041830067
4831.067095503389    1480.5868828922626   1         0.37508091807696864
-181.87897406690232  -6984.204486170309   1         0.3767493215696964
1976.7402741986384   8204.528046738245    1         0.8968300749906933
-52.65831354452459   -4857.88510149897    1         1.0261083719510666
3593.37315632754     -4426.307737375264   1         0.6849949857924871
9047.732304508127    -666.1425189346054   1         0.5764186212699167
-2064.218279830459   9786.183581820751    1         35.55100741278224
8431.840222991646    -6720.079938186228   1         1.0835821288406875
7530.1950956260525   6849.244789053532    1         0.7223230794052671
4686.94740537916     9345.732994421734    1         0.9293412943996043
-9485.002106493008   2939.7998303246964   1         1.201021690384793
2899.744845631701    -6573.766732447394   1         0.2554198845910253
-9560.20655242124    -12460.928433006127  1         14.636066360324548
-4866.170474002322   4700.809995714982    1         0.9488127857536364
4609.881259217183    1889.4359187110956   1         0.10272071780346725
-6196.963712883503   -1573.7847407535696  1         0.6296040400149299
-872.943383691166    -9736.753995927174   1         0.5777609344822712
-7671.536000799276   -4146.419412535531   1         0.7457972327825508
6782.213061892917    -1085.098851810622   1         7.147564832712826
3345.6599060114822   6694.6907149796125   1         0.29938967174378817
-5785.424045296495   15843.301233743729   1         23.02226081144628
-3960.4995254074993  -5018.314139429924   1         0.24105831706007222
999.2763384781616    6647.039805636164    1         1.217039213859059
8313.853411502889    -6509.647867096237   1         0.910450758177122
274.41351950338776   -9685.45815669107    1         0.4841715512540524
-602.5631508547117   8644.55613961216     1         1.11636344193273
1718.8807246102006   16218.527809873744   1         47.1310294490579
1465.4747019007496   10332.065700163612   1         0.10133511683421874
1306.9297240398437   -3949.188949028637   1         1.0334306788866674
1684.599786294583    -6348.383010574067   1         0.716452349241095
6067.434997585344    -6311.651622658739   1         38.173242281293255
-3036.0050797910435  -2113.6916442159636  1         0.22089368140674748
8567.440601595334    4181.713492373698    1         0.9701410157995454
-5723.27351049947    9092.966928723574    1         0.5882109387528054
6171.683129248692    7453.138890576875    1         1.088090266020047
-13572.500168819122  -13572.97817696985   1         0.9514677646527769
8760.778384297457    -12928.323684782466  1         0.4310135556563043
9411.22615113412     -4473.69686885346    1         0.5789719935231489
8741.903981216075    4800.893706505224    1         20.77084770847975
7626.62760033329     -3221.1214649375706  1         29.76248265655724
2802.76938910115     3993.121888944833    1         0.6586207679621395
361.39418640001213   -7430.277529947789   1         1.1417240084832034
3354.4091721936593   -1511.024418960484   1         0.27923055492399884
-2200.0339926653824  -4013.1868055310506  1         0.20896190958411867
-1902.2545701683555  5956.2214402629215   1         1.0635203177006527
3039.747691912342    2148.2698794129815   1         11.75669115274545
-1279.0029957919069  4031.1962146269652   1         0.5455634950046803
-11583.536545935265  12755.607403726797   1         0.8326988959201973
-6136.632108226549   -3422.108554001207   1         1.0820873254227001
13694.264814708444   -13151.800025679238  1         1.0808515486472638
3410.662515344677    3217.939260036925    1         47.004135444466776
-703.0294847534286   -3856.8237579939932  1         0.9787140629672497
12580.727387449271   3551.9641689207783   1         37.64703887766783
1135.888288194531    -5935.817876980151   1         0.1404669217169637
9175.714521362323    13199.400737497755   1         37.40109737899061
399.63556247339415   -4636.4587048277945  1         1.0466066270252752
4294.534965965853    12920.829613419686   1         1.1593884080212606
4222.318772612071    -1213.7969174471589  1         0.9794226866499582
-5025.027657293596   -1024.7835458132977  1         0.6119444166652468
5620.739451953287    -6168.89134697187    1         32.348011989640334
8847.059017648971    -2474.695555127047   1         0.5678576561074087
