trucks_count 4
drones_count 5
customers 95
depot 0.0 0.0
Coordinate X         Coordinate Y         Dronable Demand
-6762.6731499464095  953.6490141548812    1         0.9161704232198455
114.29953249382173   3860.300267386604    1         1.1559861075702658
7771.715889153376    7265.136934946082    1         16.97930463222128
-6661.426646797952   553.2456350240627    1         0.8383762694370839
-3347.9992273629487  -6557.979912257131   1         0.5695323184411378
-89.63779290637022   -4334.084565874002   1         0.34322366333234766
-5927.859735131777   -7879.268466161378   1         0.7859490210179683
-5371.823109932636   -8503.473967079919   1         0.17207275952011547
-3974.708466652586   -7653.531261697981   1         11.739131261326717
4390.75568137035     -8283.350009493628   1         1.135488015829999
-6650.60232245402    5510.53302738454     1         0.5748357602510075
8031.013753496127    -5273.982349963535   1         0.49475887290318177
94.94018963588117    3833.8222621879104   1         0.1802413892374524
-6143.6365280813725  2912.4821066606696   1         31.863519876084982
-4071.3779655262665  1856.5608191116041   1         0.3928474552350889
3050.4546483162626   -3669.0776063066273  1         0.4387077235508069
-4726.08122953016    7346.06874288275     1         1.184214092431577
4520.407489969555    -5466.892325531002   1         0.13939691166514628
6284.699966460851    -3212.1034263225793  1         23.668455029549147
-5068.909360155101   448.0068906574638    1         16.687463867157355
442.4895918827034    2839.5856097149604   1         10.61265154629018
-3608.1784216575834  -3369.0173599112536  1         28.63014716366047
2437.0530867539505   -3205.6198395081783  1         36.9573966806881
-559.6194853085386   5290.20341694311     1         0.7872137877133648
-8148.564738060054   6527.815729256728    1         1.0652655515688116
-78.0947651297478    2402.7247832659586   1         0.8206230650112667
3275.1123253000405   2134.095291758722    1         23.476889368969054
4041.8966812162207   908.7902619389857    1         1.0473278322383344
7972.370354165166    -3654.058675324037   1         1.1748084490043356
-5464.0738234011515  7222.5284483198      1         0.8938211678780703
-7214.389372130639   5620.6779636985775   1         16.209745843258016
3785.915945065266    -3743.609697599126   1         0.8427981170781482
-7151.363164646523   7680.44880278651     1         0.15132843296719173
9414.287503737864    -4546.592091924759   1         0.49537214135816143
-7261.975141176016   -349.89432650840325  1         0.21662810314108277
-3558.5373046670984  1691.6021623241159   1         0.7815234375004629
3808.1635308909663   -7264.21733560318    1         0.6481623913064625
-3122.6590189768385  6827.401547481972    1         38.78832147425014
-5612.267183762387   3982.0613565653694   1         0.6329271556035487
-7300.767936158002   4145.177455870968    1         43.705950026634476
8603.547533392135    -653.881533526222    1         1.1986794512750274
8278.092270118437    6425.700990949824    1         0.8901663743710109
-714.0648726700729   1037.235953134581    1         13.990905458361858
759.5722810195034    4179.36993038497     1         0.5579468407979249
5838.8218678187      5228.709770290413    1         0.3560733156772351
4555.3685732815      -7734.279224023446   1         0.6981650159703117
-6593.3140454918375  -6338.996303333946   1         36.61366138333348
5845.884405685113    50.28467546557213    1         0.12687439475958162
3056.6635834861145   -452.59441227218736  1         0.8605311376449797
-6874.9157379660155  3166.4095386224553   1         0.5493007499016825
-2281.4938978322557  -2920.085507806657   1         1.1427470129346717
5401.1713877887705   3198.6613724633953   1         0.3327596657241294
-9227.737460743105   6246.622439341294    1         1.1821015797456855
692.5778549996463    758.28032823809      1         0.4771513671417399
1171.228077712462    -7191.015129080655   1         1.0942011575713402
-3263.364885446558   3789.569753695126    1         0.5143705015339534
6980.618761986968    7514.738547118471    1         1.2407382992432054
4931.041619721608    1783.330895309134    1         0.10977100699292441
-66.74552943273956   3506.1868922345047   1         0.1520039348757403
2998.7752870535405   3184.9602492593986   1         1.1364199945484388
-850.9520016573045   -7468.376113702693   1         1.1820459193467914
-1928.815821342102   6476.284510563774    1         0.6738387840341951
5131.827670613641    1490.3223090578867   1         1.0512987333227657
4524.66850211734     6005.54296927675     1         0.8169317361044597
-1878.894306291541   1492.3678044488124   1         2.3909781850919245
1154.2263298550397   -2103.4812321877303  1         0.9870528967656498
-5915.225667064783   895.6012245242831    1         0.1395636406611147
-6975.579546727388   1675.3336153088774   1         10.980000836286194
6342.090216232059    -1805.075674752458   1         16.541773091694303
-1458.642420556499   -7436.842397875431   1         4.291969443535463
7663.108809408015    -2489.533012780693   1         0.48280992361894126
5361.451714161709    1004.8431771733813   1         1.1898960047191829
-876.5736240177121   -2683.5589004395524  1         43.7934511553843
-7505.0848401503745  -7653.98211377885    1         0.3906441448803887
8493.338580501524    -2565.5934787908964  1         1.1348914774034549
7653.891007406116    6636.65632311528     1         0.5206049515308278
-9370.635994683716   -7475.82620239155    1         0.6458150001473085
8734.842363181124    4524.061647023895    1         0.9050383303694562
-8653.044870462172   -8991.1772450896     1         0.6969123667422974
5822.60520827937     -8547.458185169302   1         1.1891410496580033
-4382.277879962236   -1109.448742656792   1         0.6889389534712381
4212.22639675328     -7349.564922843212   1         0.8048817623547964
1037.3898651665806   2947.2637329200325   1         0.9178634087802583
-4191.97840388261    4012.3137155007653   1         0.6112072700338205
8270.603203354085    -5696.176786044753   1         1.1767863256951951
-1592.5742173557223  7862.165746663871    1         8.337110451751395
7029.187500874767    -6226.6476640971605  1         0.9534706185060934
8890.539520105227    5679.076991368338    1         0.6303155933170415
3142.8201661000253   -3754.5949358537473  1         1.057314488947518
-5019.500501828895   4583.2386675395355   1         0.2631404080881885
-361.34517139058727  4866.144935309948    1         1.2281707036423848
6096.433882836449    -5412.787419748804   1         1.0497369455261352
-620.7767413490667   9048.152201894105    1         0.7723241878737043
806.6438255006813    -3793.32039651207    1         29.596392116309435
-3056.2248902873084  9484.774540447179    1         0.660258946791112
