trucks_count 5
drones_count 4
customers 80
depot 0.0 0.0
Coordinate X         Coordinate Y         Dronable Demand
4478.322975065808    -216.1983530383788   1         1.1702977550201674
-7935.132652399871   -5628.10696587115    1         27.314442479364494
-368.15761467532747  718.3362655352232    1         46.94308124995322
2339.2583894621916   5549.443264889751    1         0.692472607418623
5853.728290847999    1622.5584459612764   1         0.8127284671429026
625.0671679911138    -2373.936181803596   1         0.23751886482226275
3152.3684446490247   2870.817615613363    1         0.2718081674095597
5838.948007201246    6072.757118864698    1         6.668933222883397
5811.390049470615    -5869.858106128195   1         0.9731480563424244
-5309.466774600473   106.7922866283845    1         17.16281337712951
-5632.955000350433   -2703.7719753086476  1         0.8232332939820348
4848.814505015587    1846.8769573984823   1         0.9330591883430672
-6721.2413155842605  600.0550691257412    1         0.22246894266842707
3959.354735895772    5443.195041978189    1         0.22121343056655862
2934.9652746680695   2603.675432210286    1         0.43820648675942164
2467.291906100445    -2382.0713104981473  1         1.0881985723557521
-1734.1801191781105  -3623.2091628940566  1         0.2105149096056182
-566.4095670556235   444.6939787391293    1         1.0432056779917118
1207.4382375243717   -6233.8948015174265  1         0.21801600610390526
-3794.7450763631214  1591.6284091395883   1         0.3902542903805296
-3102.5394918991647  -7544.252259786623   1         0.6873781128872551
1188.9850812054547   -1549.7394125864241  1         0.39836873095620795
1925.1311196728623   1076.113321314971    1         0.8036651724592999
3013.7527117348836   -6508.72426188319    1         4.79810366063359
-7644.826574354458   866.5310467325605    1         36.136807194876894
3266.9911002136373   167.1954471982573    1         1.1114969526388894
1422.3587757440541   2155.472758983445    1         1.222927752695464
2850.5071313637077   7493.948865786668    1         0.1207085235484246
2600.885286190025    -5091.813749511807   1         0.18515683608886463
1929.2768252321252   2523.227298821366    1         21.199925927192094
21.000272893291044   1130.9660564311007   1         47.332487323770444
-7184.600587965738   -2594.3584427683245  1         1.198930191107286
-5745.453557921934   6174.657735399028    1         1.1507928306052155
5043.817275259299    -3069.2875389043343  1         0.8934794540502926
7826.464291392366    1856.9335238030915   1         0.764918786535931
6112.521100091747    -3610.892687179932   1         0.9814647639585251
-7570.903234336181   -713.4736016016441   1         0.44391745749766676
-6941.040971966032   -4836.379217004343   1         0.6091709667783081
4038.012579772802    -4831.876863683885   1         1.1985310850662376
-6560.83511268997    6578.070583661002    1         1.730020174745834
-6863.881468621253   -3303.562437235884   1         0.8046544587644889
6114.9893607121585   2452.8736901227667   1         43.573193868222766
5482.08706435499     -1744.6448326765183  1         1.2352975050686958
-3309.201557883172   -6433.557695855741   1         1.1873653056530182
809.9826961608069    -4261.470703198454   1         0.15071016960586045
6395.345712360288    -1955.955578874506   1         0.8164153196354202
1030.7449294192595   5219.926686884275    1         0.6990869946282074
1027.0551482533465   944.004911054314     1         0.8594773515137185
7158.207009344734    4269.305209228354    1         0.7410127138742515
-4019.625641991181   -907.440961926177    1         0.14336484640977074
5986.52716908903     -2861.7798229033297  1         0.4794167699399765
-4265.671706656187   -396.6064064711127   1         0.655662453265839
2750.676583758083    -5823.81924897453    1         0.35221970232730326
-8035.247068385109   217.67994654620662   1         0.8412056168434202
177.71293047147486   5035.427946280216    1         12.207331533605359
-7438.898807401224   1312.5496496248027   1         0.3485661919679851
-2046.4885110661605  -5704.663384242037   1         0.38484693473195186
4184.588369892759    -452.09455319211247  1         1.1767371872788597
2252.242490390226    5474.530110786398    1         0.4421982882804113
-7734.425323385112   -2301.2373511478004  1         29.990003461311332
-2172.204214843904   -8102.610763695683   1         0.6385793359025482
7215.6088839316535   -1472.0324949950946  1         1.0842270786174704
7285.0772514982955   7890.073188040581    1         1.111064404206278
-2673.67172579517    -3776.165815991998   1         0.9441364464314821
2651.9780955959436   -3514.0489899715008  1         0.3131262211914732
-6707.112859800817   1089.8415937380553   1         0.34489826203185125
-7630.238004049153   -2922.1673523839677  1         0.5372967951642036
-1303.8885710002885  7886.10318660339     1         0.5479101037753863
7221.487810931204    422.5235970401625    1         0.6250442087291725
-8061.962309484327   1062.7161962285877   1         0.9313489805686935
-3006.905020131696   -4860.550045904348   1         0.8500891360228019
-4065.8219884512832  4329.811934525978    1         0.10439083283120963
-1996.225301431208   -7936.748773567722   1         4.755196137074128
2886.7595203951782   -879.0038234389892   1         0.732143466407558
3902.561742522348    -1621.820310242137   1         0.5426345062032367
3614.1128334790833   -3035.0661874139973  1         0.8587139014669273
-3209.804425389582   -576.219680638089    1         0.16481938977022495
-2353.0305235569303  543.3296142440447    1         1.0386091918929898
-1998.645816439167   7422.293534486696    1         0.38962890008000406
3227.1980212279527   2602.844984897363    1         36.11208218344317
