trucks_count 4
drones_count 6
customers 87
depot 0.0 0.0
Coordinate X         Coordinate Y         Dronable Demand
-1501.1555879088132  607.7034260733276    1         1.0555022308274444
-7643.054397322505   -5970.212660933673   1         0.6089986915911171
7203.593238061817    247.17879920978217   1         0.3183544367964768
1269.9424250407144   -3693.005830848455   1         0.6801867096411691
4910.47429957696     -7123.000485633942   1         0.21294496703407179
-7558.21053556534    7895.068657370022    1         1.2074889308600523
-608.3680133658372   6986.644675729487    1         33.78208237531319
-3415.735964035456   -7385.885166871987   1         1.2102974505602682
4350.934782955356    7576.474102861261    1         0.6038590611556252
4207.244127325265    -4945.2939608900215  1         0.5491248949156348
-2024.694622540522   4549.214340307327    1         0.9143339950880665
-5031.30399531498    -4744.57243117391    1         35.77828852543495
-7022.330330002864   6338.766050287633    1         0.7048564073820953
6805.240986068999    7390.882404872935    1         1.1736627309499028
-2832.917401679169   -5912.028920727819   1         0.7844580772930029
-1139.117799430926   4348.72934017576     1         0.5853368483257103
5904.590789802774    2021.139438368134    1         36.698567029030784
-3226.7562285960967  2115.941760999798    1         0.4088830380530464
7122.758344844439    7035.262556986323    1         0.9932942095517635
-2636.3470436693906  1805.778277788355    1         0.46639576160158047
6812.8341596901955   -156.1306076408851   1         25.41793739529069
1294.2282249963125   7644.451168783436    1         1.1636723995053686
1125.6524648572163   -5302.411787751768   1         0.7038740121370433
-3336.0429209643626  5822.25940884669     1         0.641066110864559
5945.8558858087235   2344.736508346765    1         0.2915140378485211
-2959.140650471985   -7715.842519789358   1         0.9194962699212768
2490.133625399893    -1927.5403619780993  1         0.3153886605249956
6728.7014993152      3303.3333360099164   1         44.48464739853916
-75.64902237025126   -585.1628693770244   1         0.19474197646087182
-1243.754310521615   7502.857007467532    1         3.5141175366121913
-2925.465175127254   5576.371790665125    1         19.924150171016713
440.9288055072181    4785.319678547465    1         20.517636709789073
-8314.087127884983   5545.954697667332    1         0.393249671828359
-833.5913174206657   417.4052502300786    1         0.11555980374007195
-7138.168237218326   -70.8940164378018    1         3.3989495866616495
-1954.7314254611176  -6102.569312298762   1         0.27444416049542025
171.99848969431136   6839.345322672896    1         0.7577844619150306
7728.519461126578    -5549.254014718658   1         0.442646440427523
4382.447300226585    -5954.762210131938   1         0.5366966736516378
3669.6924078327756   1363.734798399093    1         1.1075290072581585
-423.21254217535943  -2293.3700469604073  1         0.6446269820109041
-6800.285103649436   1660.2443614417548   1         0.7418401533132953
2913.440708737681    -3636.5192223899976  1         42.17497183932082
3061.9754691006096   4533.497388207591    1         0.9478793822277305
-3913.8205952557864  3047.9474825660654   1         0.9250579405632362
3782.5235080988004   5361.115084170244    1         0.799009539269144
-7037.0666219159275  -2860.531122520539   1         0.18878748922318878
2723.1647722387806   -6464.845057846388   1         0.337099788620879
-8075.748966192045   -4447.426612396902   1         0.7619488972125885
2985.745298244118    -4061.9912149864654  1         0.8155457248529425
7206.607378286099    3949.8647696329067   1         0.10450769446414757
846.2029090759867    298.54597884299903   1         0.4750903384695514
-7053.678368936331   -4645.324379211968   1         1.1643612687948373
-1881.6524050383346  -6686.468776687354   1         46.395306625824425
-7488.114415853348   217.46672719933423   1         0.868700667408145
-5090.4462668810465  1078.2062470160765   1         27.045922251647017
-3773.44758149854    -533.585162867721    1         0.7197900085396434
5700.044193464794    6356.0393655508715   1         0.8114603207141728
-2333.785340141719   -4917.385138593709   1         0.7998072011186365
2918.198619573989    681.5213150194046    1         0.7037035378385833
-7811.645843819306   5338.438377913525    1         0.1999765028321332
3943.881352009811    -4070.9360781745536  1         0.6944104981129144
8070.09704056539     -3343.8557084301888  1         32.4866880038015
6994.740312581228    5660.393477201498    1         0.2825700872106764
6628.4645350851115   8379.337894252723    1         48.298397231070375
-5948.220326418469   -3022.4879696288863  1         0.3394121285633158
5494.130844512675    -5083.702734957367   1         1.043309200255928
-514.6528352769441   -7759.2990242562755  1         0.7536233950335358
1544.2141170180912   4343.609038278599    1         22.77250250272416
1768.4078428222629   -2073.3836741009236  1         0.6844636070873761
4405.317755620142    1951.4176239263675   1         37.415900112909306
3111.7676905135722   1409.10025775409     1         0.16679904427067288
-7922.967278471453   -971.2191721932958   1         7.647393963524731
-4197.2070050593675  -5165.4096736718275  1         25.59994391731398
-5084.345186044651   5424.3355930397165   1         45.9462586785649
-1230.0852462076964  3745.9996423535995   1         19.98944358074211
-4539.171638518466   2534.589715405778    1         0.6560077213895558
-3775.312648683999   -7793.67004718219    1         0.47725165386353663
1460.9270354084226   1039.1596579842417   1         37.689293543297005
4918.057754169951    -6130.72237874645    1         0.4263532314886992
2837.5742239718675   -1176.744543730797   1         0.5438957683375318
2708.5707130826713   2501.734911065152    1         0.8509924081771034
-2984.853771063308   -5870.5350040387275  1         0.5537893947608842
-4782.903158273952   4212.242768628817    1         0.3529689950284992
5370.278347626239    -4195.527022506719   1         1.077509417910643
-8346.621310973129   1704.5494150870818   1         0.36652992930422745
1069.8221084615502   6785.456183313709    1         0.450850123816927
