trucks_count 3
drones_count 3
customers 41
depot 0.0 0.0
Coordinate X         Coordinate Y         Dronable Demand
5993.3962703336365   7317.017349330003    1         0.6002296080190695
13212.901964931852   12558.899581986456   1         46.534737002651724
-1075.7416573106168  127.68083811504793   1         1.1824284221012304
-12543.64720329463   5107.686261888122    1         0.5195281583387187
9960.580514719333    1396.3410947976693   1         0.3883545941242008
-361.89885751003476  -2973.249759618806   1         47.155489473192446
-2261.517875084014   -9836.574970722613   1         0.47382677637475046
3588.049291046841    429.6347767755814    1         0.240656293574431
-2641.1133138366213  -840.6239739590382   1         0.8449809659070815
2558.0130055162135   1938.7146702214322   1         0.2911540630753512
-2085.737674473033   5869.38639055384     1         15.628554928178687
-6232.030525083035   -13374.615902014239  1         6.809644812183539
-3220.7840261302576  4757.900927404296    1         0.8433524420547626
5669.784242853832    -4432.26424163474    1         47.275990593624265
6649.285758044514    -8060.941651594429   1         1.2325623010389488
-1060.6812945573056  -13635.762604656104  1         0.16653773172653025
-1696.515618791786   -10022.61275026663   1         0.6812357672202379
4762.009261370309    -3728.653416834323   1         0.6748097270360339
4324.104635361129    -5462.552449750106   1         0.7135700704692961
-1812.1085272392547  7266.422940336769    1         0.7206103042362166
2770.606692650149    -1857.1005879922884  1         17.103040057326233
-710.825361800807    -1255.4498652363334  1         45.77726781908459
-10163.360170123098  -1904.8782386898138  1         0.710213346321443
3828.834580248508    -3597.1888328861305  1         0.8339164643313228
-12797.078873914576  4324.276861946206    1         0.9798594916882286
-4314.588132357912   9973.490907182593    1         15.374554282922949
-6350.395848071035   918.5649050471101    1         0.31566762180990726
4986.9766455954905   4622.074072124776    1         1.2308904505962166
4588.965286708724    9284.161585266465    1         0.746512005159087
726.9578189893502    7714.070070668627    1         29.544177926165204
-10109.294574083377  3660.1709047869135   1         1.0177834999437076
-12313.40133719332   -3217.150848341844   1         23.526762641422042
-2456.9427731112673  -3122.8383388021844  1         0.42089670277367097
6156.3972609556995   -1077.332956278114   1         0.29517831154963226
-2850.8137990400573  -2897.4388674118113  1         1.1928375923440762
-141.78977652753838  -4111.575318222891   1         0.3226568048815547
-2751.880960979354   4824.865991140731    1         1.2245461607662536
3146.4926867364616   2808.1496168855133   1         0.21321301116822117
1405.1586193918235   -1112.1516342872592  1         4.726234860318003
-6146.408886734038   -6459.8581777781155  1         0.3978589113252544
-4145.457760602315   6426.852454288411    1         41.62785250135669
