trucks_count 2
drones_count 2
customers 37
depot 0.0 0.0
Coordinate X         Coordinate Y         Dronable Demand
7136.145766818262    1915.2458057729068   1         25.126334880990306
4408.116341533294    -5390.041904816048   1         0.6720544758530062
-5701.158831345353   7453.016028776735    1         1.1447749327041532
-4426.322068317485   -1154.6225209774861  1         0.3979337127373239
-2634.79997118512    7888.22254049596     1         0.8642309342952081
-5368.463898824048   -7796.276592376521   1         0.30203281007910837
1187.7927899217455   -415.77999154814216  1         1.1345528111455188
5466.269381903462    2596.5296631974734   1         0.22587063395166818
-5155.477281769374   -11761.183809142884  1         1.1966790907582971
9994.695033341051    724.6673018335866    1         0.7663483004672403
5008.094693540213    1736.3434163806821   1         0.7373090253644039
6603.8475357970365   7381.175601208173    1         0.21733982217855707
775.5885857427328    -5243.997655230213   1         28.233954466670234
5231.638326104171    8635.907676929968    1         0.8537805346493142
10192.51765301907    -3236.542910539929   1         1.1352066231270834
-10184.343822597739  1383.7674964086618   1         0.13976117637938876
-5978.581195058243   -8417.252016322698   1         0.9525477560120764
-7733.951801683038   -2000.789086920801   1         0.5913980651945059
8333.772033182686    -4730.359932070378   1         1.140405623839716
1221.6629330855706   3390.2103198609375   1         0.7591377019704088
-63.26623791622281   -5407.790243477209   1         0.8851271540359797
-9670.826586820616   1774.7516095971455   1         0.5360328151796626
-2769.3452356929056  4236.206532669792    1         0.27389760065084146
-629.275539990439    2551.768975553349    1         0.380489979981785
2204.8619612258026   -6134.932711472346   1         0.2921932262465446
2725.1798636990825   -8411.005693885307   1         0.6743099604110786
-4633.4017231095895  5686.4790269574705   1         0.33528253965640553
-3961.9538596380044  -4805.452199862991   1         0.6910360708608478
2245.094515206336    4973.06335066061     1         0.6057185933199104
-8447.474488272086   5694.14179022712     1         0.13661727267009433
-3334.8116631990324  -6555.044493911446   1         0.776096068170359
-6420.790442161925   -4025.593605788109   1         0.14189863724824872
5315.210348707792    -2195.9246228186857  1         1.0420501442128745
907.6708867374555    9402.110206374939    1         41.97965807704108
3775.1575748516357   9488.932244255173    1         0.19026013070298933
-6021.894992924859   -3880.595032485287   1         1.2116775346958109
-1009.0795177212539  3032.016605903136    1         1.0800855413565653
