trucks_count 2
drones_count 3
customers 32
depot 0.0 0.0
Coordinate X         Coordinate Y         Dronable Demand
6060.965385282259    -923.3755059930118   1         0.43935898262975925
-3306.1104550314794  9568.737575139374    1         0.5014548006778602
-6074.530146356814   7537.743342717399    1         0.9601407363348781
2055.6663978363567   -4435.069246871784   1         0.7083492369490019
-4803.415339165552   1860.351085332666    1         0.27954930247777326
-2837.696284599224   -238.37212986286613  1         25.97081302107179
10044.493657652747   3577.246973627087    1         0.11307395917425125
-5071.49163261046    9142.220951802821    1         0.29593287363413145
-8484.85956362484    6911.059215914715    1         36.631934333413575
-551.671714812619    -5157.876043939826   1         0.1447274969717965
5544.051886660298    -6947.932943311918   1         8.03012551785269
-5971.911692108368   -2138.2157771109323  1         0.7539287194721208
2105.7176397523835   -1070.832671077449   1         0.848252710906561
8565.605633090727    7921.4813479272525   1         1.2136712725089875
-2584.7289197658797  -1843.4151811735965  1         1.1672348768833154
-10022.873610112789  2679.8467633854625   1         30.424411523087176
-7962.694949006791   -2399.7358786271707  1         0.5545641206502305
-6264.952138973983   3610.2193284102136   1         1.218691823982479
1661.4852394653735   3965.7362642013295   1         0.3278657326921668
1296.5500484387426   6043.89711541421     1         1.11418837936692
-1475.4684455485562  -9228.670837403879   1         0.31156281069225267
6979.036300373292    -4199.9112266796055  1         0.2185875400699454
5234.401089161176    -5914.199417814135   1         0.5492620351567855
1647.1270469836352   -2174.3517637738773  1         22.435357374215318
-3232.874956344618   2289.504004969861    1         48.403806802671575
6093.175007756374    -9065.271708672033   1         0.38842119866737435
8978.372165733228    4522.514729863798    1         1.014345340011835
930.8576320323723    4253.12155730178     1         44.504120882909206
2071.45314801695     3513.386191623404    1         0.22591916978974774
1861.7369982733192   -5987.375345840772   1         0.35409820024923766
-7851.292179865669   2902.607999135487    1         0.3989815035201544
-8324.718234489595   5271.165216548205    1         0.9892442233910824
