trucks_count 6
drones_count 4
customers 100
depot 0.0 0.0
Coordinate X         Coordinate Y         Dronable Demand
-479.90421073690027  120.01430743618856   1         16.4428074408467
-4835.258524563991   1259.0341833399661   1         7.157569947136278
3876.135971893356    2345.779022463667    1         35.04646246645091
-3408.8220762293267  -1984.5136817796206  1         0.9254154993909697
1950.6695868785923   373.8216838003827    1         1.1350907205438532
-2250.6390171834805  -2148.3901366403184  1         0.2754775480502439
1701.9705787241426   3119.8926805220117   1         1.170619774084167
-4162.667015969648   553.4370100209661    1         1.1107394738927818
4406.3703729120925   -4203.460313431696   1         0.6815060620512408
2824.868193309307    -321.5902731379101   1         1.147820982794598
5681.482566839695    1071.7752359880578   1         8.556644547348146
1959.180680628104    -4817.804702372963   1         0.5953854700623887
-946.1374856977912   -687.6908084286856   1         0.42618086669316657
1461.6789744017283   -672.9659984713311   1         1.181948775254057
3732.209016096661    2945.6218510353856   1         1.0665742786577777
2479.702418484045    2615.714833847512    1         0.4905695860784083
4542.696976078459    -2332.2887801119327  1         6.162974404599271
-10.227617087238098  1483.961420551371    1         26.681472154171853
1295.139120789037    -4968.294468565418   1         0.1141329965940647
4754.136271872342    -1717.1123786755352  1         0.44561930194544785
-960.317450596891    125.01015417442142   1         25.809737721786046
4947.04195352485     4722.001114173124    1         0.15997661865672244
-3158.920863483128   -47.841857996458884  1         43.533752705309375
2941.5158134444214   5185.690942568765    1         0.7627673908125574
-4445.6423679795125  -5588.966805983209   1         0.3701378674439866
-1051.9602711268963  -1104.6152631459217  1         0.939663964064855
-4705.659834643756   -1335.4000087162995  1         0.9715284339378208
-2023.1823011698143  1856.0199378268267   1         1.1463110992734598
1829.358681149504    5196.383745306659    1         1.2341257372306218
-1934.3105027216423  -4915.411072559048   1         0.619121406304049
2845.7495833024177   -4918.046761655843   1         0.8404954591156025
-2875.813890191532   1190.1031292229266   1         0.8278801981049839
721.1521711684836    2487.1502324809853   1         1.2454826108574426
-4581.780547873092   1196.4877393135748   1         1.139763434620059
-4808.978158363313   -4331.9350178578225  1         34.542120823453864
-1382.3270873788788  -249.50130488145192  1         0.6559825644345015
-1091.7832009582735  -5423.842168657882   1         0.4137296935177671
-3309.089262016941   -953.4504280759728   1         0.19103663707081026
2319.364699768603    5583.8160031628795   1         41.35667284852377
-5616.440612422112   5522.629152760417    1         36.93410050001952
-3216.374534806081   -3787.76600611324    1         11.959514474995313
-3849.9654177699886  -2747.731170101865   1         1.080085110117084
-3587.226653891113   4034.6136768743563   1         0.8918432174294305
4415.985169266045    5537.847243021249    1         1.2301367456346515
-4518.052457772696   434.25751433011646   1         0.31765359820859085
-1109.085505809776   958.9025609241711    1         30.102534603496164
-2160.6708020082438  4329.710492309564    1         1.2342021171529856
4254.402607888957    -3109.535954609228   1         1.1395464289050465
4769.463225029839    -1099.0776644616874  1         0.1950236834086156
-1189.244250145543   -715.4709992884717   1         40.24896908090859
2253.2932994499615   -5685.6506763548405  1         0.3301223687848914
1060.8853464465356   -94.25737334947074   1         0.8668193376292361
-469.1119203534863   -4271.498825198135   1         0.32195368129651025
-2481.2719081635587  -1576.7491543775259  1         1.0897148596786892
-5483.967036451131   2725.4677389015133   1         1.1685346615398635
-695.9062510638133   -1557.5981300128335  1         0.40859053373856735
-2607.733166393324   -2000.9848749634548  1         0.7127178489230336
-1395.4968323924504  4385.483724366538    1         0.6309574470352864
-2747.9808183540895  -202.7035716763116   1         0.9396312413077451
-435.8336250827333   528.4621023298787    1         0.669551511987509
-2837.3889223977403  -2695.965359777347   1         1.0256042888344412
-3054.160270449411   -4582.046819336197   1         0.6273822538620516
5532.880518852248    1119.4110345062345   1         0.8838921463366226
-4055.786717616931   5501.664362145525    1         0.8923642290686582
95.94719466771961    517.6816558289153    1         0.6983330628056701
-4618.285992418952   5332.73868989005     1         1.0589384055824367
-4977.288635820587   -674.4106155693917   1         0.42104240510090696
911.5100847230224    -2484.3542519406687  1         0.5539854656364332
3595.7928702979584   1999.6952708497327   1         0.9727229460439794
4734.0761405522      3982.2518002061715   1         0.8740272482497432
-4079.2082022080945  -2036.155064049436   1         0.38707454399201313
5128.781295856382    -2776.7661293909846  1         0.7296386882167646
-3403.3049776328     3316.368214727032    1         23.961810646192884
2223.069418756229    1765.0452551584203   1         0.8017860162476814
1087.5912633051528   4856.8271166951345   1         0.8615664510481583
-5456.621786347301   -2391.3738976511486  1         0.6439485944405398
-1065.5780891337936  -622.8343280236223   1         0.6203187414453626
1845.314984966945    -2371.4718479992434  1         0.6325373923063728
4684.105544672603    1982.8014426430384   1         0.5536529555164209
3644.8538442939825   -5306.057561682601   1         0.42660834413489523
-3444.7605557543693  -5005.262900425435   1         0.720360413235883
-152.68757091046422  -1358.0981132600589  1         0.3710320184246899
3194.6414491428877   -1859.352372806061   1         0.19187205755029418
-5189.883065895099   2228.619712089674    1         0.5800734247881584
2587.9076860016494   -1935.7311430062118  1         0.8147755640403073
5356.413184050215    4655.434325507852    1         0.8492199174779369
-1124.817822867698   -979.8452973713537   1         0.4979486279694624
4278.15290713989     -4588.938850492956   1         0.8934884832500467
-116.18870535389394  72.0705049704072     1         0.9797888711953113
3604.72407785178     4302.650665496426    1         0.7079385822568248
-2270.9991752454152  3305.355294393476    1         0.633989952654153
4455.921957097187    4028.8374861287352   1         1.049808645496528
3648.4998981126805   -4100.648703641687   1         0.3134016756130875
-4072.6913661385315  -5098.994352625994   1         0.12291114034770975
3352.3457193794934   698.0989930003999    1         0.314248294893984
-3097.3313289590874  2993.594045730658    1         0.14037948110571813
-2798.8856611797632  1745.4891117947623   1         0.9827256716630592
1964.179959484895    -2275.132619478533   1         0.20031067056120433
-3537.0834074426098  -2942.3660673286436  1         4.397686877645486
331.4106113429195    2372.098852031923    1         7.904139987162575
