trucks_count 6
drones_count 4
customers 87
depot 0.0 0.0
Coordinate X         Coordinate Y         Dronable Demand
5119.281502133716    -1790.0684119406988  1         0.22755566414624467
-2891.5436825180996  -3583.767997139189   1         1.1692826087562875
-5358.7679328050135  1079.0528377078351   1         0.3302939589124498
5345.684523173634    -5468.718158263586   1         0.820422539504162
-5910.836286136674   4262.706752280562    1         0.5986339392217663
5299.397347977728    -1810.2451237194232  1         0.9498235334199663
1146.760796537151    3284.7765856580977   1         1.058572873398702
-5073.3267944028075  3823.688993575641    1         0.9650430920399549
114.93721289268395   1840.0290672448941   1         0.8237428990892559
-3227.738003480397   -3690.085130961379   1         0.8136246546712002
6658.855763303362    -36.79281969610474   1         0.831954881289418
-5646.0314889291585  -2222.080280173196   1         0.9810292132926041
3483.0126382763196   -2890.453197654655   1         18.273780281854464
-3641.923752822696   -2492.736098652091   1         0.822512231635694
996.4316399163522    6632.98222376735     1         0.697733140780153
-825.819880236214    1861.6377474737192   1         0.4415677631164856
3028.3638557042614   -6144.478328368139   1         0.5507537091104683
-3801.5016747703703  328.8883716095703    1         1.007276823205178
1836.0254886418122   2185.184632615265    1         45.90012356413818
1440.6113924415179   33.060149943483935   1         0.6906626038455903
55.337724951805896   101.26974209972558   1         35.67890537395557
5346.42834079134     607.8156416964106    1         1.0932562396095546
6258.141400256979    -23.418207225552955  1         0.39947904721500105
2927.888099179954    382.64460511729044   1         0.7500538041380317
-3349.001283156608   6922.856804226124    1         31.80753983989229
3166.198390253663    -4694.102208026647   1         0.42903756994549336
-1751.4705157207109  -5429.81907866969    1         0.49057197371467764
739.1682334265718    -5356.9874272348725  1         0.9967484672234458
-23.83950275016755   918.2515044505003    1         1.0871501547298617
7297.366664328337    3929.0284491575844   1         0.5696777228228481
-4328.124067625053   5104.477931197861    1         0.91976442602906
-770.8147876022123   5468.279904311258    1         0.6434296265519097
6626.735244760796    210.08115741556503   1         33.49514873601298
-4537.650027475024   6606.442035548999    1         0.7909184493467507
-3433.230763987432   -4103.604156181669   1         0.44664278388590806
-153.850976284034    5440.545372900521    1         0.6523861656617511
-3101.3886277616666  -3856.9860847086875  1         48.50225194503486
-2038.4736363546551  -5327.125808728107   1         0.5931841171478588
1512.2046081697667   -6087.95916580077    1         16.9608006454769
-5597.123896428479   -6134.271197119204   1         0.6825435582313126
-6549.788754426392   -4674.901751204367   1         0.7976225337720614
-2563.6692835729614  6478.881853778803    1         0.2875611202635312
-6728.7604996574355  1304.968884911611    1         15.370980432589562
1253.2822188557877   6646.778442935191    1         0.20454309248962554
183.5127575889654    -3862.211734233182   1         47.93710734004663
2374.1088301146556   -4340.531626099843   1         19.434805034650942
-1233.3661309747401  -4803.495223900924   1         0.5553183972686868
-5705.663818702217   2792.107428213771    1         0.44527460955427034
4133.777348296392    6160.246188639213    1         1.0996283368551916
-6364.115946940539   -6818.841430115374   1         0.4104850478588269
-4994.964359279282   -5139.2114773760895  1         0.7373894280985069
-2811.5897818236144  -1946.3502734279712  1         0.2895549057991219
2224.681098365947    5749.83999389784     1         0.4104695708948499
5949.203724294712    -4860.624239802754   1         0.9270736718265773
3323.829327569628    -7155.549073169127   1         1.0482341274098874
1864.4908430803782   5570.020434914972    1         20.130651283382274
1311.6884457842714   -2237.743759977674   1         0.6850308488202587
1330.938273149738    -1951.9303723024975  1         0.5945764482403237
-6912.751105236973   -5334.341827867715   1         0.9892905009541196
-1552.5006809395481  -7600.48280600919    1         0.45057508754664577
7380.712768187773    -2390.496274234998   1         0.24326685231658832
-2617.690390905756   -3572.5126503484626  1         1.041967961086877
1002.5255921336966   -6189.527005383985   1         0.3568496721573652
4965.508075403325    1241.4741164867546   1         39.40424399219548
-1053.4758625412467  7354.483654826591    1         1.1500279399904993
-1305.968430915954   -2456.1377526646165  1         0.6078678221784941
-4981.160039951103   -2627.431198326314   1         0.3193369607061556
-4237.291117608222   5291.988778683147    1         0.320070019780536
5804.110076496729    6705.996977012779    1         0.4876280867756493
1207.2733420717966   7440.652030293719    1         0.21924126981800252
-6528.320023561067   -4974.116000488941   1         0.3516974324064881
5645.6169438022225   7575.285175950843    1         0.656004296919856
6535.87562248749     3664.275625801746    1         0.8681980804954557
6953.535916145536    7440.782849406533    1         0.847286895711148
-2619.167473919049   -515.2860731332489   1         1.2207204041661182
3577.4764822006614   6442.780849706679    1         0.912675154645642
5917.458043602975    -543.1576483382742   1         0.2137790673177998
-5941.5623698224945  6659.806325962065    1         0.41316724529892923
-5880.782405165306   -7594.05474970162    1         0.5293752908164742
-6801.124471482647   3778.509346906972    1         41.33826650758213
6005.715829056897    -1814.0888360198687  1         0.9884891266919693
1776.2043904406194   7688.886952337383    1         0.7799212609549816
-1275.2567675140285  -2808.8284785377973  1         0.404256765208166
3396.0399246027528   6032.263885461433    1         26.585266911025673
5664.554605622409    918.8821781192585    1         0.16828017106407323
-4812.059578368659   2098.5339055074955   1         0.9809871816961923
-4265.3101730478975  3688.356219316631    1         0.9384229841796178
