trucks_count 2
drones_count 3
customers 23
depot 0.0 0.0
Coordinate X         Coordinate Y         Dronable Demand
1767.930711220665    -6268.762832293362   1         0.21035619358351204
-7012.613425193524   6972.529991917861    1         0.9310230008363096
4903.825713098853    7375.805652097254    1         0.709059219812461
4096.272185259868    -2685.4672230673054  1         1.0352771923892357
-3782.3101568539423  1642.708902037606    1         0.34018598878239303
6398.527751949276    -3844.2121877481836  1         32.763158572947304
7688.167945878696    5503.756978983196    1         1.1977049965426607
-3146.8513447467285  -6509.562951291409   1         0.4672145801795694
5539.320862850494    4575.588490022747    1         0.4243252032866648
126.08101990676201   2773.4294362064666   1         0.586107021608019
-5362.4115322703865  1369.7479176989887   1         1.187157146778146
-4753.747602048893   1335.38897878712     1         43.2657229501355
-7807.677889421715   -4381.078012830999   1         0.9430497602643696
6760.425014427628    -4294.970807864296   1         1.2491445506483585
-5588.916840067492   996.8722442480557    1         0.76620383405831
2470.2619874184784   -7561.2293488731575  1         0.8682545133974015
-6124.873734123714   6696.130545852449    1         1.0097982426420178
-1336.0583926962272  5381.372873420216    1         1.071048648542864
2150.9427361124767   -5966.240103376674   1         0.11062646734230609
-4342.339501121497   -2781.5494565403587  1         35.24634510692396
4795.960961167786    4230.4404260113115   1         1.2238158330202327
4202.160513163044    -486.92557274850464  1         0.9813460208062996
-4196.468452621547   -3617.2753857712923  1         0.2724326262507388
