trucks_count 3
drones_count 3
customers 32
depot 0.0 0.0
Coordinate X         Coordinate Y         Dronable Demand
7551.087026095702    -5153.459089247035   1         0.5539860428743857
4765.829171864147    -5290.315599437324   1         0.1570480862039034
-1598.58152901749    -7815.933377496601   1         0.473504008040462
2762.190692367684    8613.34055588884     1         0.37224432549762165
-3168.3049981778813  -4662.444813025093   1         0.2426665367396405
-5822.135170285126   -8438.076972113222   1         8.253946176448295
-8629.935640708647   5718.925109666706    1         0.5850280923576959
869.1753443314906    2627.0567995319566   1         0.8856998741990867
2735.6165685382084   -7361.79425393285    1         0.41885258032053874
684.5672610292422    3306.669744093355    1         1.0279856174643416
8366.323907855045    -889.400504113722    1         23.47391193794459
-8061.917680320045   3487.6849730800404   1         26.306332866895932
2800.3378486225106   -4827.915412547589   1         20.001728809965364
372.2458763605157    6625.744246998717    1         0.6979942753306684
6429.739111294771    -2325.0538846367376  1         0.12237564817059153
-4054.101533004934   -172.09058382272997  1         0.509680438251816
-743.2283463056388   4454.665918483317    1         0.7674703730431638
-6578.538109318017   4588.96690920083     1         0.1895105703463996
6668.797821223264    3714.091022558874    1         0.7911295736027318
-5009.62889704634    -7670.1281150168215  1         0.8788587184273312
1493.643147267018    4187.680730464593    1         0.9794368586915335
-3780.0357356203267  -2527.319541125951   1         0.40927123878796223
4197.046221537997    -3047.691840118184   1         0.39581857268280596
7862.168619354336    6303.91684222042     1         0.44820692534114936
4765.39906833479     4283.119963784476    1         0.229494301820776
-6521.057463992215   -2208.0125261923304  1         0.5593159010661856
-3886.598102559592   -4946.137794893723   1         18.76424794193871
5531.739539761811    8588.767339930904    1         0.863833163207958
-798.1573348967049   -7731.021560797481   1         0.4904465829452932
-3854.00678703355    -8121.180162199337   1         0.20698556123536016
5564.982519995591    6388.613900808237    1         0.11111084060927578
3838.024666509592    7856.911848487843    1         0.5093472766125464
