trucks_count 3
drones_count 5
customers 58
depot 0.0 0.0
Coordinate X         Coordinate Y         Dronable Demand
5284.501686071396    -7936.698139293806   1         0.36186328237132415
-4649.018142222553   -9289.81579554805    1         0.6340616603571136
1322.3113573571482   3087.0277376132376   1         0.6535894688517262
-7946.138517933383   4166.581702980556    1         33.58703185346998
1937.1754112504495   -2156.0707122600925  1         0.9697879513514246
-5341.47726535685    8307.290367677497    1         1.0879006109702214
-3803.101234034221   7884.1805425282855   1         1.2153562186269296
-8373.444363551784   5404.248050059397    1         0.48282058480619905
9292.63734034153     -2096.095701491309   1         0.41535026860686075
-2731.1626278921394  5091.0410372747965   1         0.5454147081406223
4838.723704309665    -7451.768095168141   1         41.715015000811874
-7422.620561367935   -721.6408300603212   1         0.5455729618273254
2682.845927839852    -5555.451306713084   1         35.24321220813385
9008.889261767155    -512.2093860401666   1         0.8954208133950671
105.78711207904664   -1716.670926324964   1         0.5612905918440406
-4658.466472074362   2417.2962848183183   1         0.16897607701402562
-7688.363530425634   -625.2096784522276   1         1.0689585625465248
-2939.7365940256655  1373.4487270222319   1         18.255198052227538
-5126.009535187081   6133.906836041828    1         46.24127578812944
8093.193612430134    -9336.241876714075   1         13.149436979679416
-6611.5641775722925  -3642.393127702494   1         0.6710139894999458
10253.183557286122   -1663.673880754735   1         1.1065976294172184
-7611.745383771346   2648.056015845144    1         0.6754010600248904
-7648.4723720715765  -11154.092980861216  1         0.14529117540675424
-10470.83670544461   6792.116110790381    1         0.6049129576553652
-3042.2768485466167  9591.17581102869     1         0.190086041350728
2957.3033990676868   6904.351415117866    1         1.037656264590961
7318.390851235099    -4303.264304761858   1         1.2218532429825186
-7822.304369953087   1359.8062406711288   1         0.541571402612934
6303.974032383963    5900.3904827231545   1         16.989819398205245
1453.8310121698337   -4435.833824739331   1         0.5091845357516387
-2326.9401944495403  -8051.2759899831135  1         13.468360851791035
3441.896695846057    -9013.423581230536   1         0.2721038223248504
-7596.732999406471   11026.152043090946   1         0.34335808643482957
1882.5356756687809   3828.259493043137    1         0.39308238201277945
-10526.774322857038  -57.84992669232424   1         48.34521755177654
-1423.617894721665   4791.298924857596    1         0.14552112971064157
1801.786544297914    -2576.060242286832   1         0.5333675376746768
10050.666459543112   4162.894680157582    1         0.5151518751687914
-7793.059158417095   7536.884982691101    1         0.5825120813830796
826.2853384996615    -586.6819933761642   1         17.314633182417058
4161.285176987275    7073.554097075865    1         40.459820956854415
-9034.459137594296   5736.720561833889    1         0.26985696067624115
-3167.2892334845787  8207.821351252798    1         0.6372845662739893
8860.817282883938    2295.882173082744    1         0.20798874826780062
1390.5630206607984   4379.933179064992    1         22.442380473115385
8325.17350570904     -4115.879326697661   1         0.954912738237513
-7031.250968674383   146.60121595040056   1         15.025753927691193
-2112.2199043350756  -102.38557150563247  1         0.3183666141740058
5193.431107779843    -7509.531881224765   1         0.5293866131172384
-2226.8694487460525  -296.5378243924468   1         0.9479918137143336
6255.111526579136    3321.7956042009278   1         0.5519346736520702
-5639.493089145615   3415.3945660786635   1         1.0501156638351936
-2996.787541042314   -480.23000575971173  1         0.36235457525310577
6117.353597363222    6510.427274310339    1         0.5527766532475946
8078.577121944089    -4638.033255027023   1         0.5830056320446625
-9927.314773962384   -7467.90343326867    1         0.5488289171118713
-3634.2089232355224  -1622.0408148952279  1         0.18171689049648831
