trucks_count 3
drones_count 5
customers 43
depot 0.0 0.0
Coordinate X         Coordinate Y         Dronable Demand
-1024.7489467001592  -9590.34275154816    1         1.2186364915634063
1106.6286288863982   9301.646882385845    1         0.7881976968520483
1372.3092799817298   -3732.042833131099   1         26.272737581138983
-7186.209314386298   -1951.466994410165   1         0.8607232236580075
-609.3211723884724   -3382.113922366544   1         0.23047501696424344
-6973.344198325971   -4950.542511783864   1         1.194196903100396
-8243.91895629095    4936.220529624114    1         0.8407049315527917
-328.1720407384267   -2659.8567522968674  1         0.825468103806349
3381.1721322540184   6003.911012069222    1         0.5869098661473265
3848.8760635408044   -2108.2475692548305  1         29.716334593132114
945.7308635467307    -10316.690433688058  1         0.39940684176281405
376.481219059009     1856.1128134015405   1         1.1295388613430712
-7391.581770551876   -3735.4987305123036  1         0.5444085769515095
8107.8907402525365   -3837.705012905102   1         0.21100682371852147
5849.56177769524     -6113.557228683231   1         0.252915180895404
4865.09386205854     -5616.2089648909505  1         0.3544372396841341
-2355.485509421714   -4004.095556949764   1         1.1997966206653339
4553.137264634244    408.1740627790125    1         39.920990114634876
684.641290831126     -2047.4308789393829  1         33.91227776136741
-929.0582858994861   3341.210701396199    1         0.9217897719616905
2385.4619227101716   692.1540666943343    1         0.7464974622185528
9243.346426053851    -979.7553018151459   1         1.0171388427079213
-1928.8535946735674  7725.304071948451    1         0.7922846395459947
-5034.721345026291   6211.363119268412    1         19.960855624643308
1554.036196268385    -1084.0993047052878  1         28.58807645240209
3916.897091780431    -4552.532970963426   1         0.4311059849684177
-10042.315418073857  -5657.341304467877   1         0.9099956556104876
-5937.293416902936   2073.7927298168497   1         7.6903291968429235
-9341.502373009222   1368.0684980426674   1         10.803352941954836
1548.4033970062098   2818.209289037419    1         0.8762183418673615
-8319.112043830815   -4932.576412167467   1         1.903916423706923
1149.8122832975912   5837.5167007657565   1         0.756012523932218
1875.0618897312415   -9526.799223705577   1         0.6273423107270193
1272.9647331740882   7791.161866699994    1         0.696554556396964
7200.951629549208    2551.718362302034    1         1.1615279982896412
-567.5489814706501   2401.1611231966526   1         0.9439864135727063
-5814.953441047583   -3448.7575552479     1         0.18375511658406346
880.014345709359     5295.808543741476    1         0.7253540532874783
7092.497150334133    -2603.0967829764086  1         32.84760138411818
8575.703490141002    4966.051726530886    1         0.7826977406010238
-388.73277924423735  -5130.158241719924   1         2.600616844990467
3994.402979883369    2982.503791425721    1         0.30740835779681086
-5738.1967090977505  3007.2486975069137   1         0.1842859757120702
