trucks_count 5
drones_count 6
customers 86
depot 0.0 0.0
Coordinate X         Coordinate Y         Dronable Demand
2963.582740906514    -4972.012897184326   1         0.5103991728009198
562.7529760582281    -7711.058364009158   1         0.23472635297844105
-7021.106079485387   -6440.018501615372   1         17.772426751444637
3536.3865377155007   8583.225973588582    1         44.76744643067508
-2903.39986622329    6930.969726438992    1         41.27546077851662
-2895.0781162992157  1289.2283276465787   1         0.6451750768431556
-4137.736033651605   -4454.097842897456   1         0.5035951659020989
-9692.449084960968   44.11923037522138    1         0.8411241070378048
7682.035344811156    -19144.16595209833   1         1.035739918100561
-1647.6271717928148  3537.5937964666737   1         0.7595761805094298
-1879.737389644577   8545.681828401861    1         1.1127884964668073
135.39697753515756   -3737.023102493408   1         0.3551597030845738
1540.212507678867    -9453.33071479595    1         0.6035091019735228
-5099.436703753141   -2178.1542182255926  1         0.24235893993157967
-10646.496432537777  -1715.2597528392155  1         1.1488820731588831
5143.615574227452    -4595.531706462504   1         0.1947367235328006
16112.818880948995   -12120.293207168339  1         0.41461732028952725
6853.800733658708    3093.3011075725694   1         40.05935256282806
2414.1788147646503   10080.970881063624   1         0.9478479008343078
-7381.570656423185   -6215.845731350258   1         1.0695903273114573
5545.774913291442    2425.64010512227     1         0.9957056481291904
2249.9689017148407   551.4800744089642    1         0.24112014630585363
-7116.054649402822   -7509.723875642425   1         0.2540260177628346
7405.988250277488    -1877.7345058291712  1         0.7029805899366616
-4867.0440094175765  5040.49522149297     1         0.9064335200767467
-12509.493084611562  -7142.237422486807   1         0.2960309397606628
6924.792468599244    -6934.571102166334   1         0.17635522928593506
-43.00788465331409   -6711.356506991521   1         1.2098553226471649
-5073.112257607025   -3727.9429841863766  1         0.9412219333465486
3992.1544519073714   7005.696684954678    1         0.4948375475444594
2218.6365312171424   8531.664946779454    1         2.4133809319293
3024.5866891879305   -939.1331315371657   1         0.46423276279733605
-9762.126321661784   -3607.9395493705515  1         0.6133233614739583
3975.130704869592    8454.972414921474    1         1.1351804731983002
-6271.902994057917   -5588.277816454094   1         0.8850734307131646
-279.116113969437    -4129.948592780776   1         0.4589164997028945
1735.0931784908935   -7733.464961807014   1         0.844628889873928
-1731.4200346043099  6089.561668247651    1         0.2103665445427566
-2020.2180945709244  -4370.761756117009   1         0.3617363594744232
-3941.699613329152   -7748.5057447656545  1         0.4032855673526774
-3305.103029492221   5473.672628869757    1         0.8715878678271082
-2537.329524644358   1158.1662530133742   1         1.1689390460509488
8480.279933700462    -113.4364413360798   1         1.0425636488914172
1881.1139306548723   1040.6644374491666   1         27.456554836834272
2556.688856907298    6684.335853957001    1         0.4454837204734401
-3036.9649721026913  -1911.7559625939007  1         0.9103399275422226
-4462.521076410375   -6004.716197748159   1         0.3231710166918377
-1368.889333320202   -4163.671258990234   1         0.715928553426355
999.0272334419907    1720.2331078301052   1         1.0656700397025332
441.9893408529451    -6774.566811057661   1         1.678030702914182
-7453.293938008996   -6399.856372852953   1         0.154661908369746
-7463.895209254105   7602.496367904161    1         0.4836799412371714
-6032.411750909576   -5884.217939807607   1         0.6312961445367622
675.4808217855391    5789.615048015576    1         0.6519064296319512
-10208.422215340433  1500.5651924121346   1         0.9164096793466344
-9559.611667538706   2864.0428465867585   1         0.2753715634680318
-8479.941047903725   5755.611350251037    1         1.0102266653506935
8452.020517852912    3156.0838676972826   1         0.9279762642563819
3410.5196134247253   8722.969814018057    1         1.2258291080105137
-7242.3107033416245  6760.982270743003    1         1.031459005019854
-3756.469427842464   855.5306541650267    1         1.1351336459817813
-6467.08071919787    2954.5026063214887   1         0.3566611653311994
3441.4334425528878   3779.294955449242    1         39.578451787963616
-9661.454399219545   4705.095154163363    1         0.7991574153730364
3543.3392591202132   2106.94341121129     1         0.9201875509377022
4904.04477165994     -4925.1505282725075  1         0.32650908094621456
-6144.742733780175   6757.768848092599    1         0.6882334859486284
1652.731927923345    2844.180431660777    1         0.45667115310262774
8120.45167030111     4794.989720325895    1         36.00860994358567
3138.1125913355577   1186.5408337196293   1         38.53191423811615
4578.638178539049    -9834.751335405084   1         0.2161088001443709
7562.313097729877    1851.1426211058792   1         0.31528548387899236
-14876.359863382404  -12885.997570248624  1         25.43148099392215
-8725.086974810658   -3090.6217966865847  1         0.3350524435628924
10526.005560698883   2074.768850364471    1         0.8543958524940845
-5892.543098412858   -8627.099460000456   1         0.452511936695982
1300.8492383421235   -7814.725470369102   1         0.605750882555499
-2217.9704967931243  -6604.886581561187   1         43.39165942375092
4142.196903157255    -1464.8721921323183  1         0.16915045075957347
3513.8962886390204   -9957.400845606322   1         0.5888607702542158
1195.2895977866058   -8432.403493557658   1         0.20494101520932534
-2411.7397062519717  -8774.68153710791    1         0.9230304536115264
-1886.8596947439034  -9358.367866721945   1         0.7337716151437703
-6844.061213299148   4584.55397929026     1         0.3977844342388376
17191.221749490935   16312.431841225094   1         12.579301091771748
1801.412911603311    -9482.439098919916   1         0.6222043989209871
