trucks_count 5
drones_count 5
customers 92
depot 0.0 0.0
Coordinate X         Coordinate Y         Dronable Demand
169.5725751604613    -2729.841080787706   1         0.8382487396192044
-2170.021613261415   2416.2109237184222   1         0.166641896290308
-3295.329300697875   1080.2904602616236   1         1.0454240227800864
5072.474042507134    -1463.2073118646547  1         14.178914983121288
5013.508161537526    -2037.4883235524494  1         0.3975086298830147
1570.7813680499319   -2715.1340984256785  1         0.5883947370946626
-2892.945920645802   2742.954181351877    1         1.2421409498939657
-985.1149058268473   3168.434983634277    1         1.1792240575938127
-801.0923552013219   2739.471936153265    1         0.6542867373192175
919.7849113388182    -3063.8574180886635  1         1.0777594529638426
4008.2512897247343   -1221.8033661459679  1         0.5375538003360539
-4482.473540974914   -1619.4752371665418  1         42.39640170884183
-1524.3466602176265  2084.8552092285804   1         13.912956188428327
-4035.109732519193   -5060.893749931658   1         1.0416276971608862
1682.5697425496012   2554.8547756942307   1         0.4550470654755211
2482.5023961682837   -921.0365368464836   1         1.1293019326800855
-4046.2081381339735  3943.77557302075     1         1.165165484294097
4888.069983543307    706.6423914181014    1         18.09744736382412
4402.808922757623    -3856.341567712451   1         1.0500090781494478
3270.599254581757    3728.2754377412825   1         0.7521445502941385
-4341.326012730016   1284.3203323961363   1         0.38198615890962706
4991.641320120638    8.445545361665435    1         0.4136704654419465
1457.6256649297788   -75.16848427199731   1         0.3603166635249162
-2192.315481828084   -3208.888147216058   1         0.8791210420282919
698.9939074692373    242.9621681345409    1         0.10614411151420694
4000.2727299649714   -1052.7817612830688  1         0.796363989639409
1134.5063792957633   -3981.189923352645   1         0.8091894666863866
3627.7754144970554   4227.084909754805    1         1.1636860600670043
-5165.079371130252   2222.0148194072426   1         0.959754421826598
-1790.8017065950917  -3330.6665972922788  1         0.1681292276610638
-5263.407564159499   242.30756885583682   1         0.1824700956618295
-910.5373004157195   -845.6078430937235   1         0.5214628149045537
-4366.730001677889   3152.89881753336     1         0.8929700830734825
-5293.808132896814   2025.6053761005635   1         0.17603570797458062
-1023.1073926750698  -4958.266621658823   1         0.3296054408997777
5141.060994743359    -5052.961747218059   1         0.33634039870127685
-3015.713275256596   -4107.5853295149045  1         1.1237561292023714
-668.5307548800365   5043.850148771093    1         0.2791133791089523
-2007.7630924728514  -5050.666443259772   1         1.0807493688574368
1898.1100258160998   -3853.529192720755   1         1.0950811290309101
4702.174763431637    -1847.8510333111287  1         30.620523537029772
-3112.241376124795   -2232.2328746879048  1         1.1186210426758938
-919.0335675308233   -3021.671502361449   1         0.5760137978035816
-3815.200425632075   4988.597312721847    1         0.7211750088311785
3660.427695301512    -13.121674286358736  1         0.8985624191602188
4013.6608877124736   2035.3372107075054   1         1.1267322358043017
4569.985961578155    1114.9334133924795   1         0.7153105258631479
2304.318757050971    2944.678788800745    1         0.6831694496705967
-1008.3847483941254  -580.0449683756106   1         0.41829253117202314
-3408.2512086707716  1228.1567854826171   1         32.03994260176727
-2219.74337196409    -3805.2992479662653  1         0.40451894111544706
-871.7103346919631   1873.7065223189977   1         0.6515571848632261
-2013.3606928913707  4377.3953376923555   1         0.3812403243349026
72.11779853250522    5071.752985422039    1         0.5697754445444573
768.6636540770454    3002.994417642755    1         0.9632107818033849
-823.2768154283767   -2166.4494698724793  1         0.5211308644468946
3076.353833118808    745.0014924229349    1         0.18756557568228402
4524.117243205177    2077.5061329357754   1         0.2773829253267833
-4609.909279135617   1715.310596498776    1         0.5223802073663375
-185.4943964629351   -1214.6320663209567  1         0.9630235624991184
-924.8488991438605   4483.849195691542    1         0.9885513399507718
1724.574918463869    5006.550882136842    1         0.6158062134166382
2850.8006949224227   1144.4016005552821   1         0.847478207242063
-2567.9249742762076  2536.1149392140505   1         31.23022317983253
-456.21332724300464  -3778.1254229539413  1         0.7353468515873715
1299.17299871031     4501.3174761106675   1         0.9094411935704498
4929.392792770279    1641.8135051382374   1         19.301297193178826
-4825.707779121461   -4378.3125457766855  1         0.2881983971059082
-4435.420568687723   -4479.813850612239   1         0.97124889842121
5062.065330403106    -572.1549647889951   1         21.62910143161492
284.0897403648796    3997.7399422840695   1         1.1713091007711298
-2358.740810106562   -4621.936724020562   1         0.8302771974370668
-107.07298662831747  -254.81943118851052  1         0.6433400451961537
-1341.1887383042713  5027.19197425765     1         0.5084669249551429
-3988.804295946451   5230.377587251052    1         0.14298893729404416
3295.7148764284398   -454.1493667191835   1         0.8879433503430676
3010.9509413838696   -1120.13806538732    1         0.2605661882108524
840.131267562536     4324.791402731194    1         0.8415329765284879
4054.559789171494    363.53662780821764   1         7.000059562970364
4768.936435594422    -2877.320741504692   1         0.8707925855672422
574.8871256847048    3156.5316575608285   1         1.124805148642871
2067.0489142414026   2972.8859422710193   1         47.90717142284493
-4380.508265196872   943.9881333604053    1         0.9200115589981525
542.7747703783623    3253.3832023276773   1         0.3107065680521528
-2330.3487231722625  342.80929171005175   1         1.1123464030715033
-3928.6011210768424  -1856.9881376650478  1         1.0374947503461514
1565.8678381864368   2009.4577779329084   1         29.570555726820583
-1453.737978830533   -2957.035909172024   1         0.9914036203999451
-87.348159842603     -2323.6787509790015  1         0.47556520492069754
3955.8478877984935   -5303.9349434135775  1         1.1469579242726715
2569.4207689541463   1765.3184974332278   1         0.6175596216366853
-4958.098934353362   -3069.8498212511986  1         1.1725238941054745
