trucks_count 3
drones_count 2
customers 37
depot 0.0 0.0
Coordinate X         Coordinate Y         Dronable Demand
-10089.234792996362  1783.8560514951696   1         0.7711242066232417
2751.330209704757    -1025.7655328086769  1         0.7029611735665238
-1637.4095506703277  -1844.3128400006335  1         33.8354624597989
-3244.54242399805    1591.4793017705238   1         0.7415531793272288
-3346.638267561524   -6297.364266036751   1         0.3698223314379493
1296.62897519055     -10156.921623304208  1         40.83168146338563
-9924.143787613402   -8127.772329822533   1         12.48102148352235
-4140.756595803591   181.41289756611184   1         0.9163684442440349
8391.245607611316    -5507.59023521808    1         1.1906841316951549
6967.542909891707    -6389.165448623211   1         48.49078880560869
-6409.361560462295   -1340.4096756334511  1         1.1684932892515552
-13306.615295221658  599.6965125619281    1         16.482988438844068
3442.3818301478373   4469.6784836462      1         0.8809009769230829
4819.822702666304    3915.8057967085397   1         0.9919009489159287
1724.2763363688773   -9121.301320139699   1         34.16027324707024
-7938.852760168428   8513.89167151206     1         41.01191948556796
6599.392907857363    -4351.485382570306   1         44.53546490281185
2875.5593470476447   7833.176376407824    1         0.3888146244047107
2770.0768904586257   5324.986762070948    1         0.20756989871075396
-3306.0955089374515  4468.041466470682    1         1.2296931770931332
12122.302538462436   -7934.504527951433   1         0.5297923311759706
-3047.3204822486614  -8786.943397232584   1         0.5621148460024458
-1764.3942278379068  2438.384696975006    1         0.9129797216564391
-8669.680838309125   4867.567590692668    1         0.27895954689588043
1388.97847628007     7827.420719025313    1         0.5388918788294387
2420.550603858029    7017.080772443665    1         0.8585267076838754
-5991.90365731681    -4007.843836646937   1         0.7073165104307968
-9825.596585278769   -2239.801351950499   1         35.03255888506232
-2282.20794630666    9185.16158137785     1         0.6933046442562523
-4970.90029626471    -637.1126907185926   1         0.4683441123801779
2305.0553798925134   7245.28846979832     1         0.30562125220132275
-711.0362223304334   7529.656854950947    1         0.11031443168551618
438.8598196888201    3735.262960838265    1         1.150609622219921
-6915.91436638382    -904.7658170905243   1         0.44559144792104877
2544.0457564833287   2445.5676646994266   1         0.5222222059790089
-6517.6200659091855  -3807.0198834862836  1         0.43496555857240693
-1800.7560014474348  4992.050853783725    1         1.2432911427775484
