trucks_count 6
drones_count 5
customers 89
depot 0.0 0.0
Coordinate X         Coordinate Y         Dronable Demand
2898.7600846172063   -9078.452263168543   1         0.6264945423806134
2044.8963529673026   -453.6377789184698   1         0.9961027378364414
3006.689595650886    4563.080718308253    1         15.944920002939368
-2391.7465935499768  998.4811204344151    1         0.8530666059713448
-436.4237969321433   -1350.0392948070303  1         0.43250767089392583
-988.3008721643231   -10833.48977292362   1         1.0900343619505766
-474.2511369985467   4431.81348779776     1         0.5128709831130666
4407.376586035294    10062.864752769292   1         13.00447710700945
4052.6516993997857   10008.889260040338   1         6.118458817020327
-1764.7518635559663  -5755.919348876458   1         1.1496283314141136
-2851.017507176779   -8069.630265730959   1         0.6355398406865574
1137.0438805858896   -756.3386425443792   1         1.064615299768114
5667.972471534591    10895.875336767847   1         0.8559599184666332
4691.904836695716    2286.3261343026534   1         1.1577732456143637
868.8845739249646    1588.7952469925458   1         1.1258402645149965
-7650.5996088485335  -6801.1822071840115  1         0.8320127332879725
852.894967133916     -10634.62882474397   1         0.5217593637559671
-6318.640772059523   -7730.604662327797   1         0.6037857128651812
5004.253097710121    8487.06419940271     1         0.8991258308761372
380.17360158121863   1567.223295913031    1         0.22127977992245096
-4912.589476149139   2254.4960567431167   1         0.9282588627407241
3446.3737471736213   -2997.836519321306   1         0.3373658573872491
-2505.3221642653893  -437.22741676478086  1         0.5208750463237929
-4438.45101836556    -103.39832794525319  1         0.7388039401613735
-557.163232434072    113.04662498397443   1         0.7782311329259224
-2799.350849330457   9619.104258894855    1         0.9900905761906844
7757.721015182113    5611.344648693527    1         0.3000382598968187
-5002.096972542399   -9501.438314370565   1         0.16651175608869992
-4689.310249757035   5666.649987662562    1         21.303673895416804
8469.658179380916    -9055.19190882859    1         42.825764650713026
9489.302855674843    2943.002825926642    1         14.927941197319958
-5177.858783561216   1352.7675121838238   1         0.52853622974283
-4601.952639735835   3520.7132642772262   1         43.18531244216681
5434.27188112954     1297.5251341352605   1         1.2195506690287323
-7103.468824954597   -6756.1775363332945  1         1.0538959504122345
9009.862945410181    378.32162171054813   1         6.556625681854073
4822.376693012439    -3906.0006456188717  1         5.262708975830919
7283.725320905729    -7572.689195868367   1         0.7184812468444053
1078.8965403600073   5103.23915113939     1         0.4196679658149912
-1597.1502405701303  -5764.438394854887   1         0.18502126269465508
-3049.3697679793595  6556.7385688169525   1         7.204557848129868
-8147.990257560628   5510.02216093342     1         0.6132658177297988
10233.176729072287   1938.8924639105026   1         0.5036873779794159
-6092.064702591703   3488.6176952849332   1         0.21186777603455928
9297.580027298161    -1473.8617788010945  1         0.5029670234718508
-6.215022242979672   6219.923597810919    1         0.2938767871309347
2539.1065065781554   -5166.361845023411   1         0.5779359989380549
8510.76796241172     6813.986501059986    1         0.7456386164712109
-6660.530635993435   -5490.002836644653   1         31.89060950983129
5530.131817525336    -10349.010698575983  1         0.41589090495031156
2542.2953572059323   2231.8461175737984   1         1.0697242625298513
-2338.2591584577635  2361.828299695119    1         1.1390704480394513
4005.1023915687965   1576.9103328160245   1         0.9135920288740497
-1891.156790165272   7909.097083988568    1         1.035237944727797
6844.6419730802445   6942.768989351538    1         0.10535118084926409
-8403.47810696515    -3249.2997887762454  1         1.0246318811310247
-2498.2221172196655  4589.807791560426    1         0.39870784798822845
8178.544860112386    6142.067599747974    1         0.8333168538874836
3778.519872716699    7980.704136852346    1         0.868504206262876
6583.6540936957335   -5835.610263224697   1         0.36551545125263174
2190.7694911870803   -9218.832678598916   1         31.870148427095803
-4331.432549475964   8268.510884954343    1         0.25734449818541094
-8763.553107072152   4856.726298771938    1         0.6171217936887643
-7833.176896700872   -7314.430395337527   1         0.34097123172879484
350.71398122559407   -6695.9238073746155  1         1.1990764472773758
-6090.798121207799   2492.381715956126    1         0.5749358374571528
-9680.53449844532    -4841.7051670191495  1         1.1071439263092397
2132.590762677748    -5963.219157917691   1         0.6337276979956836
3833.67849025596     4780.6081438278225   1         0.29834569628001606
-7571.151604106754   -2386.747135870157   1         1.1461276920182986
-1094.9403936316198  -1661.0851679061984  1         1.4175007195424487
7753.316198602632    -3152.5062221166654  1         0.7641136912693202
2141.3218573291083   2170.4927382187134   1         1.0844031641096221
39.861367637864824   1673.2680151860313   1         0.6130890695145698
522.6263494282113    3821.3814137094696   1         7.4065555032741734
-7948.387434277593   -1555.2496839309458  1         0.6598451902617876
856.0696631143873    3425.7040630002207   1         0.8004388893389327
-760.4283776340793   9022.048247834902    1         1.2310285518817152
495.19696281578945   -5978.623582674493   1         1.2206327355092244
-5868.636676351267   7663.324317105904    1         0.2893819562369536
2568.252385606399    -8661.011430168803   1         1.120880724187836
-9829.000996750741   -2510.4217179379484  1         8.224331411088194
-7542.217208980232   687.8803434191522    1         1.12624939764238
-2128.39356396964    -9439.434072588547   1         1.1909347596882585
-994.0446828021743   -7743.448949313152   1         0.2689601078833429
-1415.149488399231   -3080.8008933663295  1         41.48703710699663
-7430.215789734151   7365.447086813506    1         0.149033815090346
-7654.954565482447   5951.013887696803    1         0.1497381814553562
-465.19348452239194  2751.912217460109    1         0.12337733753145547
