trucks_count 5
drones_count 6
customers 98
depot 0.0 0.0
Coordinate X         Coordinate Y         Dronable Demand
2087.971272830398    6795.788854949324    1         34.6047428498958
5322.299360162529    6626.361277405365    1         0.24295669256072489
2583.9318897386893   5517.1320656059      1         0.28047836991635045
-2512.8796992944135  -2125.0462418589987  1         5.256410359839187
5792.7516769858485   -3517.4519826241303  1         1.068876265951243
3262.685143526687    -9672.047624213359   1         0.6978409276526052
-4279.3151320211055  7314.440252053707    1         38.03431494062122
1705.659535099603    6893.315836370714    1         1.1913333069337948
-710.1005547765045   -4244.9972125118875  1         1.1927125761903825
-7048.759030687407   -2740.5631444418227  1         41.78361865032735
9297.767059613454    4224.368908794065    1         0.5435022563185974
-4894.733264999116   6292.653165966578    1         0.561234243732364
-7179.465616445246   -2523.183387461872   1         1.1289015458446843
265.89994943201685   -7216.888012713152   1         48.95566193028126
3541.128839344878    6420.424986259558    1         16.73927091081432
-4456.499666527619   -5927.768323197305   1         30.352849108496677
7073.520279270488    1368.5872078373097   1         1.0169446328880198
-7422.814826631298   -5343.395782369505   1         1.0210076905037537
8724.210493215327    -9336.267506612801   1         1.0027859723450288
-3707.083692863762   1077.3394085077998   1         4.603074022708426
8225.147776682788    -5646.9553734952715  1         0.8270041223330005
464.38450237866925   -6840.306104870917   1         7.108606860165764
4083.9387793603746   -2304.779998932847   1         0.5202220976402744
2460.7403614109417   -2398.6641755726837  1         0.7449330404135895
-1109.0796851217365  -5888.718032573329   1         0.6068515325884334
8028.316980826589    -2472.738689413143   1         0.9948743041557003
4361.832780353547    8650.301240133245    1         36.91321087085172
-4991.10886383635    7801.827325906134    1         0.6137305234469663
-6758.796535407036   -1593.434463233287   1         0.3058585309762382
6194.780364718372    -6773.418059136113   1         0.5970331417573425
6767.190486678384    4100.901102522202    1         0.36631437040609893
-8109.393885465808   3216.0444590937836   1         0.30408217154925693
12022.449941987888   -6618.3993530849675  1         45.85048512861286
-4908.248405742758   -3323.602877229469   1         0.2595477642135988
625.2488821116045    174.44436891844757   1         0.9283651271160188
6010.451728809678    5467.565010608634    1         0.9415692030219402
5394.087377183608    -8022.701685351325   1         0.4307901415148343
-3002.0124520809854  6001.1166472695695   1         0.7369796652874242
-993.2707935780273   -6799.8615658980625  1         10.448241025843032
-1394.6911496228013  -9546.957909896728   1         0.21213512052296413
-348.49602685112757  3700.5267269075516   1         0.17619205813843525
485.6279682358145    -5570.6401065967275  1         0.18513294487912835
-5197.957573405797   4420.978865427774    1         0.8550695169481946
1542.9201777337748   456.8511287904803    1         0.4298144247337513
10618.94461665067    310.02165048213476   1         0.5113651054587792
-8836.216649838687   9896.581702852858    1         31.908999312223933
2393.5237710729593   4039.1188988327517   1         0.5014932494241183
3510.1826907723544   4124.600108995241    1         0.7833987269602696
1855.1649569594465   -1386.0243968635987  1         0.349155924107201
-4146.1820507031325  926.26662230862      1         0.8673363304572574
634.5143522275284    6843.68621627484     1         0.6643304588807245
768.3946191057138    -2210.411900245115   1         18.143109108141896
-869.4216941909214   9159.812196897521    1         48.71766076100343
-7686.725189130193   -4229.424778456056   1         0.6435129377841197
-3359.5231754578786  -4451.12761141107    1         0.9287249240346449
-213.46847480702758  1261.6995891810598   1         1.2348785399862208
-1205.9153662601584  396.9212492770056    1         0.5908602375082947
4184.176676790029    -820.4372053632443   1         0.1408249175931759
-8985.408989116411   4106.455330944627    1         0.8363093067855627
1438.9407502605045   10568.528380573913   1         0.9816835446700438
11303.763561536285   -7159.561136979777   1         1.063389687524234
10405.968772391108   960.4757630416367    1         0.9188906808537539
10385.980933426636   -3018.47237428679    1         40.162827064387685
-2226.6242505659625  3361.9538309990744   1         0.7287019477836335
9983.593332860974    3435.5672355470033   1         0.28492274258474515
-2036.3061229660498  6772.660717824074    1         0.2728254099177665
-7638.747499422953   2150.380151204141    1         0.7880138780557808
5312.868374574734    -9247.97773274027    1         0.6000457242289765
-8816.330775560711   2623.929288550079    1         0.41791570747896534
-2940.0777344613653  6119.948234021745    1         1.1436965398196222
-3584.660239422787   -2463.1890617199347  1         45.64964979137728
5907.1809156479385   8215.790173462648    1         0.6090576556797975
3419.6133571186783   -9436.143977513751   1         0.8546977545944401
-7825.962467047819   1213.7738386856895   1         0.9507454616516535
-9956.441974407933   -1095.9469791136362  1         1.14255151320822
1196.0273772690755   6009.9358609431365   1         0.8688220838831849
1697.9731987184243   3802.331677301613    1         0.9494994438480224
4004.0186334785394   4364.563442365774    1         29.82151966282322
6610.058610560217    8108.42298743951     1         22.022148674975668
10401.822128309635   -3250.6653532237056  1         0.6588958986823764
-5903.747942713003   -3608.013034414155   1         0.6456402398385658
-8195.786197557873   -4423.316330939638   1         0.8733741563681161
7108.012687202361    -2757.26525036218    1         0.25493171242986995
2820.4673684332392   436.3742813429026    1         0.2691249932604145
-2029.7922082641287  1081.4405143974109   1         0.3677450384311537
3751.822598270709    9508.397844439953    1         0.9301642735256348
5347.21590894574     -6816.876428897968   1         0.8101607091354999
-7682.353556540106   -4181.329597974223   1         0.1801597994653552
8789.600038642444    5018.905824828538    1         24.846482617383316
689.2444508507597    -3821.356357312232   1         0.6870976441589144
-2672.8845062955183  2789.5235574546846   1         30.549675293658122
-2253.043217789853   -2423.164383723792   1         42.3333198286037
5500.157232820692    -4787.038789788203   1         0.996171013996317
-2756.0091397194437  -5937.077931037818   1         0.7240702738632788
5922.310305133356    -6229.2676464681945  1         0.26863854463181214
2898.2390732996705   730.2770474115616    1         0.5350415938173428
-8247.040282911634   4108.682698307559    1         0.7344854710197473
4282.645445339858    -9711.716035579313   1         0.9151967738443865
