trucks_count 4
drones_count 5
customers 81
depot 0.0 0.0
Coordinate X         Coordinate Y         Dronable Demand
6352.125030017676    -6003.6455727886305  1         3.0351859878978624
715.6998605571268    57.96831066207014    1         0.31101735655568946
473.94884576089044   -6228.317133481937   1         1.0878069088781839
-6176.710893876322   4110.916283294285    1         0.33391524104718995
2454.5412199511375   -5076.800374283519   1         0.624069566687922
1612.1319118999863   6563.257855477631    1         1.1328055568856075
1169.295463715883    -1233.340499098529   1         7.366959509716283
6498.583474377753    -354.44289849881625  1         1.125408794941192
7140.03284687508     -4290.6271085887     1         0.6525626847511319
-5141.466210521169   2188.1813987880782   1         0.8340246421066755
6002.506950536536    5869.985334842242    1         0.9106819171995919
-3901.8906495070614  -2209.9378015629727  1         0.3517402836258441
-3601.527767665006   -6808.576955599461   1         0.47619081308372424
506.04363619110154   -7604.242919883091   1         0.4006151316243213
3006.917988239498    -4160.58060601996    1         28.069180752182028
4423.437009545091    -5851.496275409731   1         0.9650716407112914
-1797.7892561388335  6487.313440054263    1         0.20763347165415047
-3119.257745034696   134.1367019473928    1         0.4252399878171035
244.50711639391054   2536.8491241972592   1         0.2669645845921381
2871.453874207502    -252.10741690637212  1         0.8714766499571004
4622.937799379514    2268.9567538115252   1         23.72717754868282
2142.334314438738    -1315.4495588361074  1         0.5461292223940694
5555.513118127578    -2403.0898557151736  1         0.27012463011028376
-5397.960530716372   -5780.544158967446   1         0.6214609167482958
-2337.2798307228218  5453.723746054089    1         0.21697697764166057
-4867.209198081252   -6183.720428767692   1         0.23557846066814125
3010.6808001205986   -7176.933640543054   1         1.163844199660317
6531.368849501375    -2804.7930279892366  1         0.48619299986325404
1788.189447909058    7008.129857809096    1         0.9547590595804932
3585.622038816509    -2184.8511216011516  1         0.3966520971240677
6062.349875035857    7404.943743423214    1         21.764090426600333
5968.072226489515    1465.8742693923446   1         7.458651718911508
4582.181447298836    1620.3915180955373   1         0.8452976388236211
-5340.017130034883   6897.0834709364235   1         0.7558204231834343
-20.518828098333728  4820.844840376745    1         1.1640815348259779
-2277.3208673287995  4273.8973947384075   1         0.3230709088381213
3942.3289160355343   2592.116400069361    1         45.09851545807114
3280.627704018475    -3495.7383808251425  1         1.0376666490089963
4444.203382086145    -5530.617338287537   1         0.5875103836718414
-1677.2302510460913  -3014.4518662197956  1         0.128894557875929
-872.4644167173719   2926.9412015438143   1         0.772989238795932
-7368.202087805727   -4131.154530349315   1         0.27507951582371
-3219.036678891121   -2578.5196437344903  1         0.3102687791542294
-6575.132263915828   -6690.5691550674155  1         25.888290467249746
-2481.80926872137    3198.8168046416813   1         0.6886642065392737
-4145.133245224838   5465.686721770607    1         0.8881375760195859
-1748.4776599553416  -2313.5881311944504  1         0.8852956266395812
-5932.407561652061   65.28990020581023    1         0.8914656651019337
6461.901454887506    546.2861971608011    1         1.0271936010208904
4029.098495116169    614.0955640980694    1         0.7318132871298715
-2347.0503792362015  -1524.3880590482795  1         0.7463437381285383
-5982.381282155054   6834.138137709019    1         1.1007064864765255
5188.57019646646     387.155810991458     1         1.1294938047103302
-3289.936516641532   -7460.008159254261   1         0.3064160068464076
3258.891961964762    -2390.8695239671188  1         0.5956843176520732
-2919.1028729534473  1627.7626899363079   1         0.6646961880400095
275.4858629807959    -6851.483572522119   1         0.33483012677915724
1632.6704010678395   1707.7561610516686   1         0.2766123629942504
3190.592389279656    2412.6171160322688   1         0.598307070130572
-7093.937864933242   -3257.69912775484    1         0.99372929561407
-7521.176973786437   1448.251121387925    1         1.0265911160633094
-1064.697255706062   6458.103670811849    1         45.68984683005308
-5930.753581691294   -3596.5576870510026  1         0.8601038822211925
-489.088605179124    -1277.5332730333803  1         0.8281009827421879
187.4074332872497    5059.063521092778    1         0.6704902639029969
760.227456794455     6618.609211218152    1         0.4273502726843079
-1589.2795437103007  -1942.329394497212   1         0.8776710013018256
2405.06859923698     998.5101732474686    1         0.4750739880083984
3279.3935727271823   3176.321556731094    1         0.763225832502342
2107.0603344470896   -6686.000162348886   1         0.4911825984944258
1406.9379865240744   1816.1283012309432   1         0.25555060855871825
4241.129255987427    -1172.979825755276   1         0.19485432214582227
209.52000291214816   -7044.617904275856   1         1.1161443526098092
-3036.2090924537606  -7513.1114398901045  1         0.9201178059575986
-6485.053354683338   -4506.865385657439   1         20.32389275329966
-3763.8352722613304  -6038.3467905912785  1         20.90202054055506
-7440.534762354285   2471.9113608165144   1         0.3197017685747133
-1717.684539429442   6348.5680073428475   1         0.751250546776365
-139.78792037352133  5086.537450453986    1         0.9875055226978001
-5460.40773169692    6993.346336196415    1         0.5032408083787518
-1591.5129318861964  -4741.633394240969   1         0.666346871874054
