trucks_count 3
drones_count 2
customers 25
depot 0.0 0.0
Coordinate X         Coordinate Y         Dronable Demand
-6660.068652576282   7353.030814949866    1         0.5534393075849665
6934.036966940473    -5086.596831762626   1         1.071823974691266
8406.371366552736    -7841.9115048224185  1         46.96454204729391
-12059.961005680001  -9671.35786996398    1         0.4519826475440484
-9321.996215117135   -3019.343579685121   1         0.67781296503573
9699.804824035253    3302.4054237971764   1         0.15847131274012377
12685.662077493012   7517.507322231173    1         0.27949391113298666
1266.5638646967145   -11782.479040336737  1         0.5930298924568286
943.6209966265405    4348.0056752588125   1         0.5383864702317477
-461.75556804382137  -4591.348311581005   1         40.48114488076308
2382.3674735530717   -9118.356133272038   1         0.8866751007693044
-5923.820267629695   -8027.680566646713   1         28.791160265860054
-2444.93284435177    -7802.139715512236   1         0.5614881014538596
4459.285915549473    -9088.260643814201   1         0.6109673900757037
4921.755699263163    7884.707307103039    1         45.11796829597955
5975.737938248805    -8339.948766576597   1         2.8802214271268918
160.62212882426618   1498.2014195323052   1         0.6221791207452532
612.5764411463342    4232.804490585336    1         1.0167242481385348
-6702.409682162998   -4052.503906428554   1         1.0005321196463983
9389.368773336282    -5336.903919386904   1         28.235976849049802
-2568.5375162573746  6742.814505678012    1         0.7528776045355352
8799.516049149566    1517.6394848128432   1         0.3441748667033404
-7263.400285878775   -3237.571601505851   1         14.890034167770148
-2687.9150370241623  -12253.569814715282  1         1.1052988300510804
-9008.833328992752   -2656.577582412944   1         27.760628179156683
