trucks_count 3
drones_count 5
customers 80
depot 0.0 0.0
Coordinate X         Coordinate Y         Dronable Demand
-15458.195530679943  862.0763215126099    1         34.207287873291776
-8596.637137929953   4822.771637256357    1         1.0654466722210305
-15628.892923051182  -12339.889961191047  1         8.712882780718228
-3424.3793459836475  -4553.662512249518   1         0.4994991731845301
-2220.8934787342487  -6232.360298215396   1         0.7480836323910516
4379.9557628620705   4292.050403193674    1         0.8193761383782368
-1908.6483988695002  4851.449129066736    1         0.7008362443197812
6957.615518289247    -7542.511582968675   1         0.7769787551867974
-231.3924666184029   -4072.6354776940248  1         0.8004835317757955
7311.319803261946    2468.288721414804    1         39.94226930695324
-2037.0830651539509  -4843.037130171938   1         0.431370525282914
-4275.784025339707   7472.705303789631    1         0.7525320064869415
7179.602298295903    -6763.105703630415   1         0.17342753807066769
-8026.127343057196   2460.0264086859142   1         0.7005950800913576
-12290.021995592931  11397.207330396323   1         1.1456603301117922
-645.3833262817782   -3762.5142052381702  1         0.32850585488942596
-7782.260829803812   6539.561894032354    1         1.1856055274484487
2974.1278127913088   8257.965031067457    1         0.21084891548327694
4421.582260163316    1199.172443919763    1         0.8812941465791829
3022.6932261184375   -8404.03914443655    1         6.70664902722633
380.1496237888719    -10124.808407895856  1         0.9245372751298538
4767.366811839942    -8157.4669556819545  1         0.6500447354629203
8262.2045602929      244.30057332104442   1         1.081337939191621
-9940.468662770096   2516.4042771493296   1         0.9370500549441454
-5046.09627064309    6333.978436550415    1         23.060167756708235
2603.3036147894577   10557.8492793499     1         0.9190224679084694
10059.145480081117   -616.6896987715601   1         0.32939639955390276
6860.105442869316    -7433.541797415065   1         0.4867395220989593
-2362.0506610994     -4876.980244188469   1         0.5621956991018188
-7105.606923250616   13170.823735655213   1         0.6605591469418628
515.1207959962342    -8745.993050921295   1         0.4697880168294153
-6390.480927089274   -2080.518589868551   1         1.0305306881374796
-1078.9083709767658  2865.711899731813    1         0.916373343585951
14500.164541913102   -1438.8022580216602  1         11.201296796763454
-6147.270593800095   1153.7250033362955   1         1.1233080663456116
8833.666038478545    -3600.2721288191465  1         0.8634831021935228
5211.04347482678     -11120.534325175115  1         0.8017578096177537
6653.2757820916795   2848.6269849185264   1         0.9752921547974581
4085.178343307436    -7650.497917207576   1         1.0523895976963038
5423.3803135574      -272.88444703472805  1         15.211993303442137
-6373.143253754239   9133.134519414274    1         1.144730156433768
-4931.213609661223   1958.7230425266039   1         21.770753166709774
1059.5170554569404   5386.001106971056    1         0.913727131928218
-4085.6557420623553  9151.028196646774    1         0.868687042849735
-3341.891359527023   315.892558347136     1         1.0361694260126904
6823.503871300049    2324.485346978804    1         0.430500723096104
664.5676983574173    -307.3036775205223   1         0.6749625824655306
890.5177885451617    3221.8082784000703   1         0.6788909665128875
-262.6462553638264   3868.989801997488    1         0.24969473489197175
-14102.586036339133  -9023.509736719812   1         1.1513992277631546
4238.915339153722    -3813.6128549056084  1         0.8467195377008965
-6357.785992507513   8819.605301069465    1         1.0400681221836563
-6584.779834687235   -1797.0292496362633  1         0.21977611720854026
-137.5891144047882   -1574.8706428208618  1         0.5376491070915116
-7537.89046676074    -11949.672977419079  1         0.4581768045370429
9291.939118764176    -2573.069130239376   1         17.275899103722633
5828.192204945987    6927.125129042677    1         0.9464038663792608
-5363.957531170182   -6304.688743787988   1         41.91129813602176
269.04643992529225   578.5550230722789    1         42.45859673959952
4490.213857242479    714.7770019687568    1         0.7218160219148342
-10776.199541347225  -10635.6305826885    1         6.758551628724227
10233.688052297162   -2836.038098425648   1         1.1154676301762014
-695.2349157709433   1727.3587999807692   1         0.5593115843994548
4635.465134796532    9028.859331264       1         11.498035436033987
-4811.9940894211195  -5232.209454645376   1         17.845389274610373
-2849.3119740851535  5700.499284980779    1         4.3611085134878165
-10947.847013932529  769.2412303077363    1         11.777750072243014
10443.019923597622   -613.8817774982653   1         27.886088713604963
-253.16433553561788  5371.704901088883    1         0.9650849306148366
-6164.52589863648    -2310.5196170863155  1         0.2450471882711037
-991.4634012991228   -9849.944303231294   1         1.0768993964854199
2841.0853855368878   16426.51759106719    1         45.77323004782104
-5773.969014208811   -12197.667026641677  1         0.43518199366998067
4953.363073084037    -9315.416144839277   1         7.5789662366627715
-7682.943279508969   1449.7634074056587   1         17.26960792346059
-13534.658278447834  -2715.975914233306   1         18.091524960718708
8209.003884655263    12807.219160626923   1         0.7457732341695282
-5758.864188227327   6565.0272199007995   1         0.3657543134803054
920.9546366899592    -10485.612113804546  1         0.8433476778967308
-15713.171550200914  2843.624695820821    1         0.9194418766028842
