trucks_count 6
drones_count 5
customers 93
depot 0.0 0.0
Coordinate X         Coordinate Y         Dronable Demand
-1688.1759771537725  2622.413897326059    1         0.6053013941824743
-9433.300922060513   2809.392666471552    1         0.7375088458570157
-7702.986121440291   6674.580123509049    1         1.224006888263665
5636.222238408412    1334.3610716213664   1         0.2379659122304554
178.76198891979584   4944.546103532089    1         1.102986384133325
-1844.0188240889725  -9522.895407843307   1         0.8822216835257493
-570.0038838942004   -2988.6809202630416  1         1.0272013577438792
-3373.449866962736   2328.1934632716398   1         0.5415030665134812
-6557.873241282817   -6816.826299245726   1         0.13062142144854427
-1790.5963725580395  -6433.104444657574   1         0.23034026122678047
4605.718520781877    5609.624799451595    1         0.3175054761389602
2867.6833795415278   1584.4330074294812   1         1.0885301871527588
-1976.5077120221024  2855.7530266827516   1         1.1600972832845162
8807.283018029762    -2105.0179305337692  1         0.12736736393146775
-5641.567532767937   8292.113310641364    1         0.8299460778001966
-3033.7709839945624  4368.655534545465    1         1.09277793045069
5360.76902774048     -7827.0325394198035  1         0.17104189936967318
1359.0229981782236   -7577.485586217924   1         0.34474259583687905
-5818.099509635465   -5746.3035731091     1         0.30904261594039395
4121.109650892696    -4850.376419850087   1         0.8398120026178598
-2096.3946334718635  -2335.084366837889   1         0.6230119453669477
1639.9235551221675   5153.244597784402    1         15.625014926271396
5454.604103506492    5262.676289561921    1         1.1716698880679681
-7127.313819298568   7821.480685355329    1         0.511890168413164
399.93610408065825   -152.61349283791847  1         0.6559294918077283
-5511.357804014919   -7039.222818237208   1         0.9943960093381307
-815.9610093826522   -1533.2782833594488  1         42.626308099247815
7162.169582006072    -5036.548812050922   1         0.4482856663075707
-2730.529480610485   -4231.3005128267505  1         0.5529402457299875
-6954.1460752511075  -1312.5921323643518  1         0.5836001378253296
12626.484703082298   3853.8539134836374   1         1.229569394113236
-3866.4199640352585  -9347.909764634156   1         0.7726348411790475
-2780.2995998155893  6199.759938412817    1         1.1475139343254372
-7052.662556170858   -3806.403775740245   1         0.21545243571883946
4168.788419806223    -2249.776684256294   1         0.18537759265587522
-8825.432404015959   616.7826589453055    1         0.5912803771470326
-9889.632554433278   4659.784821839895    1         0.8272685736832098
5302.264017238736    -4829.5640607755095  1         0.33189372899270464
-9498.01124584883    3659.513645890036    1         41.87343057920043
-894.7521694800738   -2463.678020214277   1         0.6379614107405329
852.1651742257424    -10011.241277183528  1         0.9817747272856765
-3306.236149096787   7527.943814192553    1         0.4049966878717136
2294.741553091085    1477.3016208354625   1         0.6367944342477567
8172.5281382065705   -6877.646075616585   1         0.5479659853137341
-936.0775073682731   377.1531815118647    1         0.7367569862696263
-6260.001122664996   -3012.690994557093   1         0.31972827833795747
1125.6726578388405   -2512.821843340775   1         23.400126526658383
2339.3173326166543   482.7571930290809    1         1.1732501590748332
369.09690645215596   -11032.91183467846   1         0.23614784680303047
5958.736909616668    4274.095727032984    1         0.6749681165431975
-7053.37186256074    1589.9923328983095   1         0.24626120922184017
2507.1638917721393   5217.853466049876    1         0.5989046735475342
2304.417161870429    1250.871328285409    1         1.0449361054394835
5305.969435917117    -4839.36009497696    1         0.16197964109023869
5432.10929396237     -2976.226708740869   1         36.941595518429345
2929.272726969332    -10120.689848632992  1         42.75735535293283
8094.481531006543    -6590.613612572862   1         8.764676776677554
7358.264954647983    -6911.14640951289    1         0.6107727379332546
-2879.486733268308   9593.772261240554    1         36.61552920741262
-8395.333768425851   5418.118348600624    1         0.13078919237284423
-9562.972878182372   -3144.5497559986325  1         0.1358880596188822
-14940.903297979796  7651.260612220043    1         1.120575067808451
6833.774853106089    -3231.489685465297   1         0.3912766687724132
2323.1603974468394   2034.7469534692      1         1.100653770870801
-7492.09053617776    -2219.142096357652   1         0.23284404876548523
-3184.7903047134614  -5822.497777608952   1         0.8709364541741897
-6843.303609397879   -1852.4178180313484  1         0.434205793476245
9561.430020172264    -8868.632773112226   1         39.141218390476254
990.7051338489465    8342.480860200008    1         0.776375347688667
-4892.970394677979   8232.84276574735     1         0.34240575762473835
2337.833111058033    9824.620870982231    1         0.5549612284288248
-2558.2718167403673  8571.285573769239    1         0.8337882055591763
-7839.256610756502   5327.4706624132905   1         35.65747389401493
-10777.63494580752   -9751.329378875824   1         42.005824348856564
-4330.9778429168955  -803.1257035105232   1         0.3591681780324528
2220.335517020333    3753.0891636829797   1         0.36674572663798366
5872.934097722351    -6175.617902089877   1         1.0839977289958826
-3066.2907218042164  7560.24263244078     1         0.7376484849065175
4843.323996825139    -5279.366627285024   1         3.2168779408325436
9157.57206483642     4028.5074716937556   1         39.40022530331443
-13516.540082676278  -809.5406591892461   1         38.22613590093976
6459.418233312708    2847.442782097509    1         0.5924385864312924
-4486.075662940127   4621.869126565491    1         0.9860965218614386
-10275.584916558868  189.07065818231354   1         0.2681337983300104
529.5518983258055    -4279.412929518028   1         0.9462711145287753
-112.0938606147834   -9733.462053152267   1         0.5145223052278276
-7620.483076807179   2849.8793337001566   1         1.0674345503950224
-10824.135897779932  444.77319178772717   1         32.79316312678206
-868.4565895019362   -6869.774683425116   1         1.1071638789221538
13645.914944312071   -8221.34970113013    1         1.1925045447046951
10116.021171070408   -7403.665289189452   1         18.910450422044917
-704.3235351344138   444.74827971247583   1         0.7923740249274188
-5295.7739801802545  -8421.378101441802   1         0.5749158445725026
