trucks_count 3
drones_count 4
customers 72
depot 0.0 0.0
Coordinate X         Coordinate Y         Dronable Demand
-5226.121839716041   -8034.502197417015   1         0.4903705329507566
-7466.602031726348   7224.600511586767    1         0.931959151565325
-5271.373737679108   1773.1863706267359   1         1.2114652749679795
10827.367732998904   1490.1705343195222   1         1.199363560151842
11887.514268827352   3617.4368969538264   1         42.74185464421487
5119.7348221603825   -4225.818634728243   1         0.20731812073640343
7662.485892085442    -11899.491025508843  1         0.5863687655492231
7004.04193363965     6580.069856646048    1         0.9284154168659905
9521.029976948526    -4940.196654429093   1         16.671055239936933
6300.73661967183     -3447.891096965424   1         0.7241250040779805
8223.308790377963    2954.9791728495347   1         0.6412894120948082
397.86745721075374   -8014.508076487592   1         0.1717000548287035
-6523.382815779122   -9830.309471495168   1         46.33317980211773
694.6648016529774    6770.324290439584    1         34.67872356417027
-6709.934659662815   3535.3104307919416   1         45.45532828921122
1234.2094636027794   -9673.45456150487    1         0.8614273067372746
1536.8684064850338   -303.0730137226708   1         0.1206525361184814
-6825.13664131296    -1400.0691044179073  1         0.7950545769715157
-5842.9004972565     -4792.767572836641   1         0.39410776954075055
3617.6203168405154   4356.990443566436    1         1.2187994083253324
-5180.517304360374   -351.44260430801114  1         1.1774569838299622
-7276.718731335503   -818.9104267295872   1         0.7578725067320058
-3707.9590396061635  8356.40439033884     1         41.596265770561054
-2483.4156148710135  1220.0593667697594   1         0.6878229394214198
-6385.301117150799   7399.155391679217    1         1.1325012675630106
3734.75245718325     -3418.718108864126   1         0.9945301750548068
-3976.870727497447   -3186.846949954447   1         0.2349100908091019
6198.815202720744    1219.8690813354474   1         0.5116265286985264
-8648.217513007312   -63.33521821548241   1         1.0052717822828623
274.4718367242226    -1891.6107027942724  1         38.02449054404997
3443.7312561642107   -9912.586672304455   1         0.44250133680393344
13.239527410045731   1804.6173673195353   1         6.176255979590014
1012.601109252716    5247.151583084855    1         0.2660454708033252
2400.396705916392    7871.905257304067    1         0.5116373242787927
4876.713227653292    -4045.793900230944   1         1.1017764398413104
-4863.686263181971   -5940.689298946431   1         1.2094375173083567
6158.032365061042    2919.3871997412543   1         1.1816652469426279
-1795.2425051090952  -2542.443394456609   1         0.6457305738253906
-7255.6007036919655  4542.213203452597    1         0.24808490960321605
-7260.930582947229   1595.3804693901457   1         0.5831626982801892
-7125.100686032387   -6526.073321633084   1         0.6377507817531566
-4174.389551320273   -3752.1472610537953  1         18.857786441682354
-5073.752787528632   183.74610506534606   1         1.1250413121896046
7853.0306599985015   8866.874700305689    1         42.7909345801498
-5701.17368097409    -2622.8429057692492  1         0.478779053226041
-4234.58994922886    701.5864918808621    1         12.577682257343646
6271.767151424707    -1477.864248717814   1         3.5374239950147204
1958.4633176037219   -9645.318344057916   1         0.24300481050657566
-2841.6620344953553  -7726.659781436835   1         0.5679985950618817
-4506.595674593321   -4428.906879431853   1         0.27868942567648247
-6434.8883988779335  -3710.1720092468804  1         0.5244142633490609
-8205.261471280026   4976.677352852873    1         1.1881982378282885
8531.634349955566    -2864.665835049082   1         25.977509150236003
5479.306426202551    -3962.30856414897    1         1.1231402931055907
3839.342535676503    6575.333617158092    1         1.1552358762496644
6842.124631584224    4373.802205975873    1         0.9079563971562019
2921.533033878909    902.7499608429999    1         1.1440835108147853
-7718.278942844884   -4512.687845744024   1         42.41797266786092
-5817.978621630539   1256.2051407522692   1         0.3671755911876031
-2970.676141222924   8240.999714068492    1         19.679948418084177
-5270.126640801132   -799.4600125901726   1         0.7405375064807883
-5835.298898748288   -9640.485133314327   1         1.8775334104090153
5498.005624989578    -9409.390551004397   1         0.9135187484084419
-5574.677363835137   -3869.6654492058433  1         0.22193163263744647
9070.310018299962    -2012.9281528934214  1         0.5395743918575507
7402.533530161702    941.6952404184068    1         32.508229148556275
-7178.8072881701155  -8064.469960799069   1         24.666303666884755
1864.4456512332      2997.9454626091047   1         0.13384511510089825
10408.533630958056   -6490.050497898125   1         5.260076647733382
3900.1123331143026   -3337.3031511291897  1         0.6963972966222036
1487.0313738638924   -10540.995900125     1         0.3266356595705121
-8977.655043266193   3139.2936750707386   1         0.7624555154431616
