trucks_count 3
drones_count 3
customers 21
depot 0.0 0.0
Coordinate X         Coordinate Y         Dronable Demand
7231.840753487988    2186.0994088774496   1         0.5502767372974056
-1425.6291605320014  8411.702190605163    1         0.29754611462829517
1545.4910075036341   -8064.337626689075   1         0.2780347255500513
-9382.466036254897   1955.6385045762324   1         0.8373746598494475
8555.647759601394    -4055.4714316876493  1         0.6473119553113463
-4705.90520030401    9219.606347672117    1         0.9921655412490306
-2235.8595005840134  -9371.604106203713   1         0.30584954044319657
1096.1511592339289   7283.314755985864    1         1.1218416714383945
5866.267431490409    -3052.5907182431874  1         1.0578223949714747
-6628.62362288379    -8574.239183250447   1         1.0533714543688497
2577.015375578891    -8800.948606048743   1         0.6708283079299997
550.3382084468867    3791.9896833991806   1         35.57779684425844
-1228.8982481308794  -8364.791422012806   1         0.38536382605268016
1523.0879273131463   -2971.7620273525986  1         0.9155840665796973
-765.7044469931591   -7172.835833455939   1         0.8215431082070838
-8392.152214459273   433.50520656885686   1         0.9879136727639521
5407.5101523283365   -2838.77536894338    1         40.924150766870405
-3820.646793221904   5801.078234532297    1         0.48651666917993963
445.1045090047676    -5417.724763597862   1         0.5343286863285037
3783.154158708101    7896.091967091699    1         0.5121923003717774
-6620.601665778354   -3225.024188546242   1         21.520087152696338
