trucks_count 6
drones_count 5
customers 100
depot 0.0 0.0
Coordinate X         Coordinate Y         Dronable Demand
1206.2624025718192   5432.403831788634    1         1.1291999161842878
-1277.603008355213   1783.2284933469257   1         0.5481045293911428
-4449.038853571169   -3730.821292363123   1         0.9563101314527449
-1161.0581172630314  1268.7138437391884   1         0.7127043596306744
2588.538729363459    2313.9033935089315   1         1.041041814995766
4068.7882145677468   383.2863431412288    1         1.0270987134491123
-354.82519913981827  -4488.281985085496   1         0.5363428559846032
651.8633550635227    5033.568312192789    1         0.14558879009598608
-39.499825625558955  -4558.084244271719   1         0.1396365448543733
723.4218073850432    25.093948290892357   1         0.931408469836581
-3840.0877364507173  -3432.4285130887133  1         0.5669565031456665
3118.022104260355    4359.964548643486    1         1.2024271762106908
-761.9326443418822   -3833.444425107328   1         0.3284814761782504
-2741.3577224612955  5476.051277986549    1         27.48992907920683
-4625.419581028101   1352.4326730935315   1         26.97800524777378
-4993.380700100155   -4675.3828538598855  1         0.14420912414546036
-1057.942945210363   563.0816027440842    1         0.1391070663247857
-824.253066132487    -1651.3532468831856  1         1.2430691421851943
2579.6301719956336   -1593.1373088855269  1         0.20185472352140393
4796.8053009329315   1795.2988842210927   1         0.42134149452629377
-1400.3676509504735  -4508.415495208864   1         1.1951205675864418
4481.8415417132055   4335.5570025316765   1         0.16165447856985066
4277.125628667648    4059.1729825901753   1         0.7556948587687458
124.56745609642542   -1158.924646199294   1         0.30227157190631926
2966.0986708779315   -1772.7022065088706  1         35.196436561612714
4261.123988958993    5215.383930919093    1         5.411503174843807
-769.9015603082944   -1388.760237955012   1         1.0847526589578693
-2528.3795917496914  -2952.420202927985   1         37.7926765170443
4340.849745231423    4181.692503266891    1         0.91637628011508
-2926.347706598471   3951.818007840717    1         31.032423250163365
-448.563117985997    -1700.2201528349606  1         0.5177588021581317
-720.3706974043544   505.0526166493455    1         0.6126297677920142
4939.9465087579265   -4789.486793082046   1         45.30207451968169
-349.8477012834709   -4919.675777280985   1         1.1432923119555207
5376.2670023798155   4739.941909788047    1         0.16104109789470777
2600.3772937353315   1624.6400466500063   1         6.930558579737156
3752.656318916852    -2135.2319041725527  1         0.3960744423084004
1994.1004174560042   4643.802495899266    1         0.71969472812211
-5070.795277947444   -4830.231128549428   1         0.18408705970253464
-4641.509992756763   -5079.687247590717   1         0.7045590215033177
2453.4746930421297   2833.8953530600957   1         0.6248694469954931
-2596.5752394981555  -2080.0123725191697  1         31.736466834073106
-3278.289081452472   4622.886918101394    1         0.15197983866776535
3402.0276982376636   608.3517166898216    1         0.46912228225558794
3803.8640024866345   -5203.678531707825   1         0.9607913576545161
2968.9077605929724   -4703.270779250608   1         0.7935434114654208
3376.27248775615     1668.0172848177976   1         0.8596052369263422
3322.528202929343    -403.3315738855863   1         0.9162570163797622
1354.0965362768566   -1174.3578726779738  1         0.8467333837317491
4165.901756330211    -961.5152449872272   1         0.17600999645051058
2183.165799938       4654.547093315138    1         1.0122653021364274
-5298.872131735347   2188.904026694595    1         0.8711826660863207
-1248.899535892014   250.0240968503233    1         24.375664620903645
1330.9887472018224   5475.127478849844    1         0.7276722367801488
4320.433000601262    -2155.5226685917964  1         0.21047052814813877
-3396.3445973830826  4613.047510909106    1         0.26232846243501806
148.3138649871882    1403.623740108593    1         0.191823010675998
-218.59204949229783  5230.390091957104    1         0.8071522106969635
-763.4572569964196   -4157.740668059808   1         0.15851345202061934
-3038.5550990831002  -1334.858944036501   1         0.16471359241230488
1981.729693102824    -3694.679356265993   1         0.13962518026851511
3943.0385702563203   -2216.379750663706   1         0.14367208584381758
1717.3848421952166   2672.5940949371884   1         0.9813612684988025
3341.525627629368    -888.4859213942515   1         0.23106158247378616
3632.7743333999583   2310.436048360496    1         0.37559635069818675
-1266.557684021924   -1351.2137588258443  1         0.1329883120801274
3678.167913009741    -3581.493460783256   1         0.8856753059839536
4538.813320589768    5099.886096948994    1         1.1003677593602184
5018.127486112082    50.92858496999088    1         1.2145081470115948
3799.49463753633     -3331.9180962959213  1         0.49346299138179694
-5324.413474803136   -3920.614610534229   1         2.8756225979699357
-979.5302711913857   -2603.136713178113   1         0.42716851598091354
-4838.480969632133   -3608.135104846873   1         0.7391858164009772
-5332.076292164828   -3159.4517366517453  1         1.0091301526809724
-4251.140365572328   4594.294519950886    1         0.26731556869726325
-5009.778746705879   23.724835589348906   1         0.7026642070744796
-28.7262230682918    -1197.2212932144403  1         0.5878496844782787
-269.45471918396197  -873.2821999659809   1         43.463708325998546
1516.6053481204683   -4799.603731775056   1         0.7082705277004105
-565.036072127896    3382.6552039609583   1         0.7573520230809537
4377.434305072503    -1816.1256132831313  1         0.10120780301685064
2288.0439831223957   1966.377327132674    1         0.9887874865951823
1482.626142650498    -1419.3241916821416  1         1.1225457369717828
-4474.856358676738   -427.49598797385806  1         0.8768238551565621
3644.8106459197497   -5105.025333312392   1         1.2434321543951719
5143.294592546387    -1695.2974305297828  1         1.2464109937048757
4376.57829107589     5587.040616901964    1         1.0967040809197588
-5164.767208286679   5580.151218528316    1         0.3799519781102928
-4690.651604330351   2845.644569424336    1         1.2207253562515068
5299.637896895472    3622.0461304355754   1         43.36323377640657
2422.21129575505     -1524.2374544146387  1         0.6622314177911969
5267.552350257513    1907.494117877738    1         1.0680508076153676
-3592.357191015548   3296.904513612543    1         0.6239055754354504
-3722.279022528555   5315.161588920921    1         0.4669724086873981
1265.0156505299      -1518.0893634500753  1         0.8669986246059094
-1180.4375630678014  3334.940182733855    1         25.656055852593582
5346.43441215096     4429.7850832946515   1         16.82904528880886
5081.451911301916    -2171.7136500772     1         1.1501099281036447
-4816.769780487003   -2907.6845957452915  1         4.745299823204091
3930.719554405011    -4460.088151401419   1         0.7094938617519145
