trucks_count 4
drones_count 3
customers 59
depot 0.0 0.0
Coordinate X         Coordinate Y         Dronable Demand
-3637.9426482724443  -7209.0099144788055  1         0.37615830214861823
7284.981531454388    -4476.8446488278905  1         0.8380115651685007
11409.48516690517    4542.336569674457    1         40.8920727417224
2271.3020057255176   3392.1486230397836   1         0.5653292908108171
-1453.5094988775609  -10640.759226988434  1         1.1587361711723003
12436.601707796794   10640.879245782531   1         0.7666769893628917
921.6010234406299    -648.5993081318273   1         0.8747741217410419
-3279.3457408820623  -220.34889440634726  1         27.327890126027416
-5260.145953840965   3063.4580490832536   1         0.17416151016028003
-2997.606143070516   -1338.9410643524461  1         0.12377451146883553
653.2074614224119    -4309.590516547071   1         0.1676492566956275
7768.513039684792    7037.5483247124375   1         28.368345294126645
-3837.6835338460114  4163.441896964667    1         1.1817765793196073
9406.393434296375    -4289.894780083046   1         0.901031324778211
-6043.3043654971025  -8461.71739334657    1         39.23959682461332
2387.0008378945968   5061.767149643961    1         0.8892934344671303
-7953.104271641749   6625.726779333246    1         0.43309649379378057
9149.58458380746     1905.9927145228662   1         44.48500519214395
10573.132675146719   735.5940460496404    1         1.0652271661256143
-3089.4952356889053  -1883.8401627695982  1         0.6965916603918089
3376.2036645226985   -4349.806699859967   1         12.632072976291555
6207.423252904859    1875.7311136694643   1         1.1367092581291742
-4402.951008170976   9505.951516499254    1         1.0686942990433883
-4395.01823376914    -7076.1542844623755  1         0.19524573151304847
9778.905276814266    703.2696892221102    1         18.077767655072076
4391.407136247982    -2140.6062946642633  1         0.8525751494715785
4295.197283302522    -1234.4215007453156  1         0.4326030311778146
-1047.9317421604594  -6300.727819051883   1         19.763244794726088
6137.722804323845    -3972.7320807497763  1         30.83341163329005
1064.1976346967458   9193.536489464599    1         1.0904501379642195
6539.369551456058    8441.536872978093    1         0.37386361611915064
-10212.093948793547  -8985.294765927847   1         0.642986649261793
9770.020551451682    -2348.365699885621   1         32.17509408050124
-5068.139942755359   6126.918928280627    1         0.5428654868528371
1245.998311814219    -5442.5411116253445  1         0.7068275912008783
5559.647178267898    4147.675851294177    1         0.8656406614014113
8305.928483555484    -649.8490017398653   1         1.0968274988459197
1875.1216240534334   10342.622316332438   1         27.547837446306872
-5633.984781269992   -8113.709873736268   1         28.399417749421303
-6388.082453227174   -3080.9580888196715  1         1.1953096694903758
-1905.0951489292847  1182.4316718840691   1         0.40930044327513415
4883.98936258591     3195.5557294044365   1         0.8213280169442271
-2107.9610834408045  4621.494282725303    1         0.7220571471641534
2261.744548725882    1594.1788673264602   1         0.4470556289867599
487.85577423648783   2739.5541497416675   1         0.6633458781532152
19.19004724419695    10218.061636215163   1         0.4476950709044819
7684.016381363592    -540.4658381779607   1         0.32080204056548733
3768.381075428704    -8540.96965641807    1         0.3944295953323217
551.691659677213     -4500.72348175646    1         34.66070972020442
-7791.653961280092   -6826.947319043483   1         1.0453360596957135
-1409.080027469363   12926.774250145942   1         0.32834253632066723
-1563.4059840593745  -9314.305934509117   1         38.395438695880735
8369.145923359018    -6929.792032381594   1         1.0729769643685132
1876.1552670717376   396.66946559403374   1         0.5802428072476229
4417.05087986368     -557.7593120588205   1         1.23206237326231
-7568.93844691975    -12100.227185341162  1         11.565242619403353
-5400.783940896715   -4378.571231528158   1         0.6534720857446673
6902.758038817452    9718.198486854124    1         0.8046854918054646
-727.5383339487539   -473.82307986988474  1         0.8852633326296717
