trucks_count 6
drones_count 4
customers 96
depot 0.0 0.0
Coordinate X         Coordinate Y         Dronable Demand
3344.9756586868493   -6037.791203800557   1         0.23040994882439064
4582.812569058138    9243.465657006267    1         0.2601261112383063
-6663.7182381437415  -6932.252968450072   1         0.6349202496857266
-173.24229926954533  -9425.447692191894   1         1.001750608160801
8.222909638539395    -5437.460138269213   1         14.125406418770014
-13038.83588398954   4631.752277960737    1         35.90720837254147
-1865.028844569232   -2255.675528603132   1         35.052042548012444
-1510.5856641404246  -10256.37658223053   1         0.888450813320205
-410.52575670259233  -7429.727705164652   1         20.23275303791379
917.7026505808266    -10794.476652228639  1         1.000779364320508
2629.489634095651    6608.231218883755    1         0.6700286438847214
7639.455194830981    7074.783584176888    1         0.27976231822253145
6892.2504188646935   -6624.249615817199   1         0.1703809436883592
-8158.178835181395   -6888.084496115039   1         0.5329799446075132
9051.864021335576    3909.516064963107    1         0.46398606169397805
-9196.830295357568   1575.7193005844101   1         0.33051158780497236
-3774.5461389430748  -5223.777177278098   1         0.5843328463289631
-6593.552652902291   6277.870751784563    1         0.8134101998758352
10910.89883295083    2379.4489003378458   1         13.772934858940216
6826.517529318458    -3856.830162501973   1         28.06054142679276
-4212.960280627977   1370.676003448561    1         30.206147474284933
1737.4038336919418   -7749.167184407371   1         0.510349864958422
-4010.150116955825   4603.1069032434225   1         0.6841827449756166
-3195.223833181765   9178.935545464119    1         1.2477992165860035
4042.1191914130636   -2044.4457711094954  1         21.352390765373446
-2535.103892371926   10449.4475049704     1         0.2101469157659493
-10686.876742234019  -351.98441704342014  1         1.1375486998217792
-6685.0920000073065  8169.939161645867    1         0.7746915140380296
5745.458674162392    -4174.662581063408   1         0.3775909430306852
-6988.910220493769   2927.489961622197    1         12.463893492225449
-7098.44875674852    -7280.36458659185    1         0.850298171461813
4555.311319340975    -4915.588670269877   1         1.0632502476322863
4367.138898746152    816.6432155280982    1         0.4985879074558842
-491.4429390868574   7903.722211507983    1         0.7506124114436413
9526.934209441157    -2695.809479861255   1         1.0423142671202095
302.92041871721716   -3023.9351715137855  1         0.9481223792589671
2149.844802594801    -2439.642662656877   1         0.9432343580651185
-5198.523152098194   -7607.606915581973   1         0.15345046817103922
6783.391288877704    -1413.295536635922   1         0.5798853279773182
-7661.895152651001   2182.3130262278128   1         1.2211017440247827
-14022.103250186517  4853.683716249618    1         35.98940571144195
-1377.460176648005   4765.388818473069    1         1.2155963853735006
5318.374980793401    -316.7482762580203   1         23.797025534624908
-5317.593004294591   -2628.0552349901363  1         0.9838971783035311
-8555.353708749668   1990.5415538850064   1         0.13653930917542845
-7661.605860218475   6411.888420112297    1         0.9064031006697476
2109.3256381764995   4278.4767057318995   1         0.7205321929004977
-3814.686400994021   -1369.9293310414944  1         0.19589917576406846
-4062.192981910739   14295.998097757909   1         28.236911261145625
-4835.0302502667055  -4677.815843623732   1         1.19213210888141
-9651.603799739856   5742.4950319960935   1         25.547216722640197
3673.5768311249817   -3184.9300761429618  1         0.3704579296792929
-874.8707347929549   -4714.586578962816   1         1.1093976786970123
4412.900322835409    1265.7584744051053   1         0.15394404768796488
-4093.843778301598   5230.101546525841    1         0.8910708257305135
-4170.241809073847   -2260.299910109706   1         1.2174652652763513
5754.825849305891    4487.395235317717    1         0.6168846936291562
740.7589671489003    4929.613230213531    1         0.7434501054973008
12688.844797239968   -11104.325155855855  1         25.522396901681432
13927.882874904493   -10602.480279573729  1         0.291488148167782
5234.485630631242    9559.59118803183     1         0.17460838804467504
-8733.13947012756    -5797.0714756358575  1         23.331475270126965
1879.9901379905643   -6714.775986169947   1         0.8636243333588153
8264.291886237386    4517.161100567907    1         1.2240369885061486
-6886.607356268959   -3118.4779606741236  1         1.0130293129722927
9847.001478644414    -2111.473227053919   1         0.6095081108352632
10738.816269776333   -1201.0101189165903  1         0.550297949602709
-5244.009852449418   4149.638626615824    1         0.10578962446841483
4823.637784080452    6647.134340356111    1         0.2217231509350061
1342.1367134270245   4157.724628226749    1         0.9389599262736444
-7389.79603820376    2635.2835392929846   1         0.8833046198892311
-2034.9768807667162  -5293.76504751972    1         0.915418525417983
7895.909048272104    -7240.602709957461   1         1.1345795142479762
-1208.2507842585565  1966.3705589547976   1         0.9385472447195424
-3779.381411879492   7112.836884755522    1         0.13936911748667147
1942.0229243659132   3137.1416937125505   1         0.6060334727274479
-7458.885356962311   -2232.0470214769825  1         0.5577993558580377
2615.231099228274    -4425.27134371584    1         0.7392918012350992
8840.841365740775    -611.5710129822186   1         0.2481088555978589
9973.887106577718    -1449.4580980277894  1         1.0415441885951002
8825.605279676995    2456.4779394520087   1         0.9712216960838124
7179.923333990811    -136.21311310787178  1         0.9162005371335322
-12707.245722815129  -3983.694937032238   1         1.6407863233389288
505.79116421648905   -10601.192788782939  1         5.113680205757929
-5119.978065883894   -3478.6324104192986  1         0.1724345071099504
1783.7593628497168   -1248.2987514968306  1         0.5461664114738379
6917.027124256507    4586.067283079865    1         0.5983885741066551
-9650.79859230631    2567.43170669551     1         18.754972708426468
2233.1120570707026   5786.581675806063    1         0.147624612986303
-491.4919727764771   -5404.552479466672   1         0.3105697490676295
7259.533690113839    -6627.198803111358   1         31.044571741527015
-5366.25698841007    -5703.90142607476    1         0.23621207494158192
-2117.9293882478614  -7874.907410648404   1         0.3514151839067595
-4886.824991865253   -7496.6107336586465  1         0.7434385008313508
2439.846465993743    2875.87011603184     1         0.9587881802767201
-5889.153494592844   -7884.1771393621375  1         1.0661850548395135
