trucks_count 2
drones_count 2
customers 25
depot 0.0 0.0
Coordinate X         Coordinate Y         Dronable Demand
2067.225093388642    -3155.0836408743453  1         0.2821889038668081
-6320.974460257947   3437.718450915888    1         0.23871309548233047
1583.3119583442178   7900.2972333633425   1         0.46471555247775775
-152.7289912790971   -5176.329449657076   1         0.7620023585071507
-1159.8287795395172  -15056.782489592142  1         25.114901892422818
7591.770891404681    -5106.813518922896   1         0.1295688066605543
4364.917088239217    6695.599709162503    1         0.9695720219012358
1658.6580733721298   -5691.730036882456   1         25.133758920707844
2107.188941225156    -9681.446179474475   1         0.20005023302814037
-8443.520549415123   415.20840527097374   1         0.7989479656460791
9035.367076807757    11373.169851566625   1         24.043687377898813
1845.6075961221397   8958.599981833166    1         0.1954100984096312
3370.6551214978995   -809.8196353364823   1         0.3205066700945626
-10112.99732679028   -2742.9128452668765  1         27.0105214527146
1004.7139452756775   7825.021783565278    1         21.975673003017082
6954.378949492939    4395.219543660065    1         0.2831142865459648
3340.072069547343    -4862.916156327263   1         1.238355823602709
8147.21523745765     -6812.077010016384   1         0.2151077242848093
-7139.06418159177    -3597.1680767118596  1         0.43000262939006184
-2917.473008146486   6124.837751628162    1         0.1256076417423748
-8142.109153604281   -6493.106768202361   1         1.188954136935396
9258.744036783986    -4928.752338506739   1         0.8830655848593696
-16646.356360828133  8389.530182931052    1         37.990247565315016
-1807.7537542038203  -9076.71801759581    1         0.14008384674691615
-5879.937204286595   5497.001613652374    1         8.259992277459212
