trucks_count 2
drones_count 2
customers 38
depot 0.0 0.0
Coordinate X         Coordinate Y         Dronable Demand
-5983.476529810256   3046.571893404013    1         1.1620664402998981
646.794758293624     9512.67818478497     1         43.39622969267718
2025.6948736715328   8306.697091470347    1         12.59364163574832
-4849.483311850747   -14761.048257847584  1         29.35465201531995
-6865.089856972811   -1299.8993667976208  1         0.655505987011381
-3680.0913136180443  -4951.529319107367   1         0.5556295107771572
-1874.611864650672   3217.902523321683    1         0.2510402014085555
-7643.026764827993   -1155.3897083595018  1         1.218019656864827
2922.8442775141857   -8219.964427653465   1         0.7009347593579224
-6183.776130272492   1917.113175654396    1         39.94400558656043
-5888.230168522588   -1312.753764728705   1         0.7086681159315493
194.9833898011516    -9810.241490056133   1         0.20156498718548066
-3802.2910028168826  1376.2460805588307   1         0.6946446479695879
2406.567313001591    6563.257181730143    1         0.6240686651071357
-1074.188826116293   16925.105575453286   1         20.658520930322684
-2547.4339911674747  -3344.3490878631305  1         0.9484484067920175
18680.559051480785   3838.370371188772    1         28.376341530516484
-8560.74578164717    -5809.5306417608335  1         0.8774203677310471
-4140.153614945846   2626.461551395627    1         0.8368870389388654
2636.0452138440155   9852.400223354573    1         0.1959000294834249
-1942.8116226936636  962.2559096444576    1         0.8923571011990706
1971.3090942167514   -3919.1389442175873  1         0.9661508360625162
6343.2916645930945   -8126.205392092315   1         7.403180094799043
6518.918857378798    3366.8571021683965   1         1.035903721407624
15580.608344850763   16110.702870554014   1         0.3317300098814253
2630.153410827584    -3657.360364943433   1         1.0253734812991078
-4586.341664386053   -16367.92534248355   1         22.073503767094916
10469.583483389102   1719.469878327372    1         0.6108432571141363
3561.646176234606    4737.001755631573    1         0.7267999674549053
-9955.725073481142   1370.288128223962    1         37.39456776610088
-2078.858891654276   3689.6914103919084   1         45.20716609872535
-2758.903275527967   -8543.685220728887   1         0.9590510438204749
-3386.7106840689826  1530.8623920351868   1         1.2237061012109076
1261.0201760027371   4580.191952130608    1         0.23415420026759506
1995.5838219134826   9973.277979630639    1         0.32583526545954333
1084.8950118916807   6133.193168264204    1         1.0431176375339983
-2979.0339301334793  7756.176400611047    1         0.7864540308890678
-14299.920558093241  12686.539894966852   1         16.23498091433967
