trucks_count 4
drones_count 6
customers 88
depot 0.0 0.0
Coordinate X         Coordinate Y         Dronable Demand
-1646.1623309909428  5147.508919938223    1         0.8876590298204444
-2903.524192301      -7630.721273496262   1         1.0436539906334195
-924.9782703544801   -10128.929206552519  1         0.5559658419248255
881.5924501262176    -5806.490069821961   1         1.0335850301580691
2673.07483471946     -1239.6110266152527  1         1.0784842923596072
6325.721616550917    6861.9937510227965   1         1.0173629987582435
-2116.680086048622   4292.252836599486    1         1.3798779178928036
-5398.953705905412   431.9423867855667    1         0.21126141970422893
3341.270208057911    -9960.504742506946   1         36.15870016271703
-4786.740361983274   -826.4533845546678   1         1.1492451000025214
6407.438878173231    2491.799488253962    1         0.4323387999355257
-4779.260635161864   4978.500044626568    1         5.403765390837682
-5592.910804329475   -3384.8371479674956  1         0.41723347764419005
-576.664149143961    -1666.4082362520548  1         1.1761648268271128
10038.409225634257   3593.0258704504367   1         0.882202263730167
-5732.5482893357685  -8515.815734480851   1         0.7455370681478917
-3082.4508773726934  -1618.4612426515432  1         0.15816736932125938
5364.9360773062845   7759.53314620658     1         1.1495978893158325
8905.692870865238    5033.948477979904    1         0.414805819186599
-296.82289790720847  2015.1681931896028   1         1.1885260280339778
1602.2824428717024   1965.5604063026333   1         0.462295842432751
-3760.794665762487   -13266.06695534382   1         0.7564705365110438
6667.005850237402    2162.221992947944    1         42.51685894767341
-638.343627912625    -9943.70140019475    1         0.49507543707838586
-3679.079881332971   -5559.490983580983   1         0.5534831253450119
5775.974408760752    6412.266690638519    1         0.6091779525667629
14140.958841684416   13499.052201306647   1         44.93812763717401
3420.5612062919195   1198.7495172766635   1         1.2135761802375749
8747.175398170135    1292.9419185853515   1         0.9431275146816325
-9989.632900552928   6545.850407521448    1         1.0984257276002667
-3058.4111765219386  483.3302700160275    1         0.8388652891981929
-1169.9797252572619  -7514.084362430153   1         1.0957889759362964
3184.8596143557734   5718.964203388955    1         0.31773433611060425
12056.591962477556   -13004.535464532946  1         13.918936256371808
11014.698055038603   -11079.63070827216   1         42.91619764339819
-7450.510298023559   6895.157298488023    1         0.2079264636428942
3272.24846846574     680.3328858887533    1         0.1630332188229061
2978.7958058011154   4301.384178245477    1         45.7392296439478
-7585.0383108444985  1182.6679126620324   1         0.21040437153105057
6605.379994064044    7696.284561542603    1         35.76309315824568
-18403.238447564338  -10933.096521957319  1         0.9612412049026607
1926.6204932509006   2710.141885567677    1         11.305185936832558
-9868.877660238895   -794.1547927591022   1         0.9091111541577646
4197.958490781725    -9787.889522640724   1         1.0235276123293315
-10574.002881130402  2805.764458043454    1         0.7798695664601696
-2195.753468361094   6825.255205211947    1         1.0459074358393057
5315.548442797882    -2889.6039571689007  1         0.3593537923377341
3013.129991349045    -2378.290446741394   1         0.5861544100118289
-51.99491289530167   -3291.753879827076   1         0.27387688257940945
-3978.382599341065   1022.0887679036144   1         0.1350824964739079
-17675.944105141098  -15866.02496683029   1         0.9843556045125833
8166.353340336424    2222.67340434196     1         0.18135265675350215
1468.1829965588904   -4057.7307753032214  1         0.9547200849862834
8897.606862080815    -6280.875278831922   1         0.2646539947086574
-5993.189822063235   -9058.44662987112    1         0.640485121039597
-2877.7192639133186  2010.9988571226093   1         1.2164107625842784
-5737.0325432547725  2102.4481880162043   1         0.6379324396419969
6695.333138755198    -2484.5839453838826  1         0.5162943057304598
12393.920673302746   505.6565258374285    1         0.8950784759392376
-1780.1767590472864  1361.6576768368539   1         1.074188092858286
1950.004274485719    -10469.191829007328  1         0.7304865359543488
-10819.9229261519    -3238.2169581714115  1         0.9302655522760378
-2717.3825946345996  -49.88858859897015   1         0.10839826172441824
636.8302623492337    -8307.547947549354   1         1.2377969235050403
-866.5321992075369   -11415.455125756916  1         0.3079070403776039
184.36684532503574   -9739.331586184817   1         0.6011658341115429
4277.667190980042    -376.54558022555506  1         0.387169767678454
4270.77382106731     1839.5257346182436   1         0.7712457100641024
18060.644510289323   -12336.326576718639  1         38.253176870344106
4530.631080301341    -5123.327599959894   1         0.12075619660562321
-9605.056350206949   -10534.002578794963  1         37.148681196886685
-1745.4230062140373  4928.794227247135    1         0.5028096832007174
7663.339977693628    -15131.436259031821  1         28.166988906329504
-4622.988158011652   -5774.814979891975   1         1.2252792050488466
10313.418586739484   -190.17074895093518  1         1.0481307358802576
7050.489763065633    6183.000131770498    1         1.2349286464631795
-4156.51219795513    963.4617884943627    1         28.45526239994732
-5936.189224733967   4361.099422160823    1         0.22294862271428123
87.47959626672376    7638.851446191512    1         0.9523603804064561
1195.079835282674    -3591.4240911724405  1         3.8180682837042283
2133.2073772246636   9422.86151731241     1         1.2061718570228182
4987.430921408733    7659.521803697033    1         0.5201268707136805
1175.7765096229232   -16132.279112019363  1         1.196088030483707
-8206.067370278472   1564.2405575481082   1         44.676872948933955
4415.693965017091    -2857.6312286453517  1         12.512918363565769
6930.336090099226    4284.527624180067    1         0.6614933354890624
3576.1216604495735   -9053.638211959196   1         0.6013564844657945
-9041.06283688157    -18705.163396804324  1         0.666245295540253
