trucks_count 5
drones_count 5
customers 64
depot 0.0 0.0
Coordinate X         Coordinate Y         Dronable Demand
2303.789764882976    9319.171392704753    1         0.6443476147076549
384.62794840554847   -9535.01790671751    1         39.13896738189407
-8447.60868098724    8338.604715430807    1         0.5017236040808872
3108.1894271534397   -5186.186188481646   1         2.7893314579840736
1223.9035626225184   864.1215077010788    1         0.5463626655601219
9559.771968770518    -2901.1326066341926  1         0.13790887165466248
-2963.449335963785   8315.937587704484    1         0.33347778952096874
-6487.104864819317   6477.952855071524    1         0.9856360414119854
-2184.429250216365   13.147216818071998   1         7.07302128556924
-2506.7582984098553  -8965.43219361697    1         0.6112478413113036
6824.235095599575    -6724.394040986472   1         0.9839267863583124
4307.979518528254    4928.457789804511    1         26.661298844634246
2591.648907863576    2468.5205680493486   1         0.24886996997230598
-9111.050213705303   2164.8258611413576   1         0.12337209181112106
-3898.968384339623   -8673.359358437117   1         0.7986908313060654
-538.7465253810751   7582.389991157965    1         0.11495821286063065
-6865.123942561419   -4087.921428365664   1         43.7965385510312
-3532.1536566823406  1952.9854076145245   1         33.17122686980295
5007.761231011421    6991.632374108287    1         0.44917217670241694
3594.074080306947    2456.1051671039236   1         0.759886855492885
-7298.282718065331   -7224.140228164215   1         1.1253467338320322
8146.199207382947    -2808.4774625382815  1         0.7035099808049046
6713.685333405052    -4526.030783833971   1         14.89178951222079
-2954.9412649151086  8199.3638414361      1         1.04178367068004
3441.6934363949536   -8773.399675989489   1         0.22463790564442027
-8394.663269529477   4735.400748545831    1         0.927756884170618
2928.349959810057    -7088.629958664878   1         0.26987077751581734
-9167.457103938763   -3720.069651028367   1         1.1748766522255418
-4198.867817898826   5198.594559105873    1         1.0420721978197107
6978.913409152297    -6948.150188828571   1         31.913064425774902
-147.47012133066687  -2537.0597858942033  1         0.32052056310378896
3599.81053773314     10326.683287904192   1         0.8935071186584068
-6915.243310150982   7763.880187897283    1         0.24982526259538343
-3641.2022309472786  10193.980824696964   1         0.5982712288309538
-8513.297759365678   -2813.9199302364777  1         1.032394983814905
4998.437729995471    -4908.980479422962   1         0.9626052928142322
9080.95015281191     4930.179080862471    1         12.803805734416137
3031.9776044412465   2210.6047986054145   1         0.7526960052514612
5431.9638754077505   -2563.76953625367    1         0.9003768785357212
5622.879765974809    -4075.46501390115    1         0.13931316750068606
-7276.135534550296   4877.032748769372    1         0.11914791513504862
-9672.88617724655    2208.3872738484433   1         0.38705914789543294
-8945.60380958608    -3408.368678049739   1         1.2205630600920159
-8185.237443014317   -6849.236555823237   1         1.3433196723277194
626.5168252612108    -3698.6238345740862  1         11.462312189585822
-321.20512533752117  -2133.1400721783775  1         0.8570201510524701
-2538.673720932593   10400.059329769552   1         14.863611034087919
6096.854821706917    4204.342473303799    1         32.98935947869227
-9553.715513852105   721.4844280412917    1         0.38073273218773096
-10367.161542430335  2929.414647114731    1         12.244073594852061
-11393.152925933187  6770.00982279548     1         1.1152708899991626
1890.4463550314424   -8993.396356902891   1         0.15784568792790585
-8013.485493226343   4632.844041012666    1         32.63595777703544
-7581.813899887394   4164.250558277647    1         0.26757871650612175
-8181.721086586489   -7055.9579735965035  1         0.5740750783713559
-4157.948532430895   5441.36357666461     1         22.182973667611815
86.51130429909249    -7426.238414417048   1         0.7339338420427527
4270.665491786713    10050.133428400179   1         0.902841982466313
2144.4179548011552   384.6291806261061    1         0.80894149151556
-8291.93295211394    -5762.904723528055   1         1.1451886921275078
7591.873625925822    -9276.159745832974   1         0.44679385311766107
3600.6253629422254   7.935344263358627    1         1.0392429216085997
-6771.993165272668   -897.4529630449673   1         19.911126520287922
4197.625727495057    601.1420339123912    1         1.0991550473136842
