trucks_count 4
drones_count 6
customers 90
depot 0.0 0.0
Coordinate X         Coordinate Y         Dronable Demand
-7206.761726603532   -9067.81255367491    1         46.97168486567564
-11699.32240754391   -2219.176987616227   1         1.6065850112329816
6457.477906918675    -7357.026724117941   1         0.1652882746640666
-6152.5305418875     -182.91833278603556  1         0.9179669016309866
6496.384430756566    3609.628075296014    1         0.6207429017753766
1233.8244849871346   -5389.836160090379   1         0.7460221151397497
7422.837491373165    5990.630900146387    1         1.1466619147663912
2191.7916608454066   2480.170494821288    1         0.9829465726624703
10556.520471430862   -219.75631081005872  1         0.4790779259223765
1002.6536047898179   2061.9094978722737   1         1.007484971506245
-5618.761956349899   -2238.209665919332   1         0.574426065780622
-5446.427090439442   -2773.2112837713353  1         1.1961806686873393
-5540.007377317598   3803.96560732511     1         48.191354543984716
4610.549297233806    5285.0155792693895   1         10.021374973977645
-426.9691829149884   -2199.466695068425   1         1.049359122468904
-1188.7384584483298  1656.3462933123392   1         1.1065528596688
-4929.132808305892   1435.895137964258    1         16.442985919492603
92.78548988900002    -2780.8917250219533  1         1.0074418531166986
-6168.908950309373   -3748.204769549821   1         8.135189109288532
-1067.0165650758838  4176.362185818252    1         0.9488947081877349
-2841.625863646128   8279.621055480322    1         1.0093045608989086
-950.5716541461306   9970.677164143082    1         0.3163870051335552
-9679.303752653563   270.094711069239     1         0.9718953348049196
3331.9989444660405   -8749.89076988333    1         0.6466533390613929
458.86976824996356   -3660.710014442472   1         0.36262891529914454
-5923.969228036402   -8200.64277817899    1         0.48235487231470286
3365.8850121790438   -2659.12478375311    1         0.11188345411762254
-9783.449535530459   1535.563547043097    1         1.1520388383448037
-5259.181202814369   -1647.5454200398824  1         0.5571451437985568
-3222.3268744888937  -3731.527896400122   1         0.6608507848285963
5118.60383540413     2366.4394734722937   1         42.08371301245554
-8108.886234117249   1893.5308403530184   1         0.7375910444156956
-2523.4430232276063  4504.7291945303      1         0.2266216984948905
1832.6699375015855   -5236.802290476424   1         0.16321440175387303
4283.6900028461505   2281.811050911549    1         0.8562690843866205
1045.3822091562347   -1444.0405200232549  1         0.8078520151271407
-6620.013423615077   1175.4685416728382   1         0.4237498729346142
9649.502147260508    2952.681665037625    1         0.3611123513939224
5839.2563804682495   4924.34461866622     1         0.31378717383085114
2461.2198324485203   -2306.1245206514272  1         28.856393837282322
-7051.580728103363   -8254.030565584006   1         0.35801628424909204
10089.43060197057    5168.597499306245    1         1.2224385459823284
-3110.4007102394476  4082.6567203439977   1         1.120355289681486
-3387.241930519307   10500.067436239224   1         0.6703949356683276
1772.6479073704586   1030.3333450458229   1         1.2068026981082745
8653.314447691042    2023.6831724899637   1         1.0589726404550983
7710.562401411087    5298.807341831194    1         0.3905796279942818
-5180.520657703893   423.9565178008585    1         0.15231633255928523
-3863.902550237881   10496.905711682277   1         33.877473310527584
5020.203309771484    47.49617641883279    1         0.15442168243184778
-175.91596826673342  8869.087567148857    1         1.2470441621192427
3978.3386660439974   -3265.490756885234   1         0.6395664506559126
-3089.6127192958525  4073.4084952134954   1         0.18872791467801303
8070.6515562901395   -4039.015175753012   1         10.941417594261006
8030.304325467375    -3481.917962316614   1         0.6719140648959948
-8791.535361311266   -4864.970869403074   1         0.10658555151392221
-3031.7578917095625  113.27321786297266   1         0.48916597515305493
7828.66327224849     6403.413514556669    1         1.1731159189739964
-839.8341861368921   5040.646893983482    1         0.9980569384859743
4808.160724340104    -9496.51098456892    1         36.274776363393784
-5857.4780606232825  -3485.956907932486   1         0.40090197597657995
-7039.563120048644   -696.6533981368357   1         0.6601015088595753
-5490.66635215338    6589.214982184388    1         29.3319223968275
-2884.89158415838    -68.85327113092097   1         0.9420102287173259
-12214.725000610213  2206.5707719213024   1         19.94489863015559
4037.1073251619005   5086.135412920577    1         1.0334066044754437
-9145.650374781491   -2660.119519431329   1         0.5868813994227786
6831.243510941019    4528.138694121752    1         0.6179507847044354
-1627.6057766960312  -7277.16850410822    1         1.0178021292813666
-4775.848184755282   7980.346148158074    1         0.5262818068347768
-3273.294939653518   8455.494989625811    1         0.1300604773328206
-4478.761501168537   8263.192805612367    1         0.42458567708371
-2365.933054508524   -3178.070057365957   1         34.7383397196022
-2007.8980178659126  507.0879661507932    1         0.6945869474437903
1215.37181393239     11172.70149845877    1         37.45331581197125
-8215.430964676034   -4975.60894522133    1         0.8739275102404388
2863.3683327373456   -634.8844553094115   1         0.3858179190057528
-6814.431771880198   -1640.48226560532    1         0.9983573092022878
2337.7587212498156   -1896.375754080974   1         40.80128019424748
-9701.436687186037   1366.6131747542292   1         0.6716507858994141
2932.032346039681    -9329.692867508391   1         0.3075372297662071
5752.453510212885    2348.6118761490875   1         0.5812733679982128
5362.398670791834    -1187.8812275331372  1         4.630259849694054
2464.980157949688    8913.310607278696    1         1.1561052773161211
12196.764027026016   4172.286974816601    1         13.336848703865652
4713.290758587093    6203.234466558256    1         0.8765217555711112
9806.907052704068    -3087.948557520166   1         0.7308830399097411
6188.051024475477    11705.207733797328   1         5.467069352465882
8065.866430268489    -3007.058772421188   1         0.5383419649731495
2851.5709893203266   -4988.034546912769   1         0.6800925542252977
