trucks_count 6
drones_count 4
customers 83
depot 0.0 0.0
Coordinate X         Coordinate Y         Dronable Demand
2299.0209409344675   -4279.827244987717   1         0.4382892760363223
-6420.487194233711   8675.571707222758    1         0.8089644820241836
-3215.9485679973222  -107.92792609094249  1         0.4021617403047856
2017.641343727362    -6145.833516158551   1         36.173705322099586
-5804.800788314813   -3477.382052788136   1         25.312421965992808
-6224.098995384162   3202.0855566262026   1         0.41612397109949384
-695.2507177914594   1675.6764955123683   1         9.113158727884773
-3967.5347163720876  -6731.816397410978   1         1.0524943849162702
-11911.15230017438   18098.078968408714   1         1.2314260215714812
-14129.519302681398  7537.9761814596895   1         13.316031245971061
4493.75800955585     -4532.103899041553   1         0.7892007272515839
-5331.639400778123   -5149.231199313333   1         6.2622742022664815
1295.047903170204    3977.010712981574    1         0.7806529806557937
-1474.666128930089   -8281.216400196305   1         0.18967303663719892
-9959.975181183718   1768.1548181049352   1         1.2024754158938868
-8974.652502948276   -5751.66234523991    1         0.6973252568791137
7094.647134450143    1762.1032526261981   1         1.1994712189774404
-1188.9263167144004  2085.602358100489    1         13.647361584897062
-4821.087837800862   406.00006275847176   1         0.7797287470272349
-1808.400528491565   -2820.206965165191   1         0.3625686938726522
-18759.930694277446  -15305.374705001257  1         3.4769458532135467
17829.265503997252   9716.770940946779    1         1.0635744415734736
930.5042378172329    -685.8422034667554   1         0.2929955923148634
9280.403742262599    -3096.194765376146   1         0.8608863778419623
11035.454344548187   -6299.6971456817955  1         2.467142048914784
1876.46343158839     -6895.37443363141    1         1.1233292636943955
6827.334086023134    -2574.088475455462   1         1.1381284777494347
9609.136521691127    -3175.3053565768228  1         0.36880675576736466
-1354.4118183602704  -9423.779438609006   1         1.161679871110028
-2298.5939228425245  6267.186081721893    1         0.9749344921683544
-7681.058956468199   -6604.396274105346   1         0.8238276059797814
9999.202508291974    1333.4106142813262   1         0.6654908115043638
-2025.9329102451957  -8903.826650335168   1         0.7392115761079004
-4093.629179285173   5625.176167851469    1         0.5741805669250336
2727.3871212909794   -3881.141577030474   1         11.551713235538818
4191.559019098504    -8370.383876852917   1         0.7801236468669287
-914.3077688727911   -4863.277231067341   1         1.0209646171746145
-2557.1682741809523  10081.661653638801   1         37.55994398582662
-8914.958437191286   6350.342272538612    1         0.8580392158398538
-9260.072107992919   -3050.0103815199313  1         0.2609524643878881
17159.329890357767   -7605.928920541619   1         39.05417339646055
3096.9656497506953   8511.391018386004    1         0.17656832272117404
19170.727631155132   17370.391899906303   1         0.6630376094920835
8667.275523766613    4846.271450528784    1         0.16264305297855913
-1703.1502247519795  -2522.218684141009   1         1.092742351987322
-5711.743768587754   750.7122050501749    1         0.7105033692252337
-937.8428234656034   4618.387018041014    1         0.2384652519744404
4738.818318216095    -7331.075191401016   1         1.1012906124861577
-7280.439284577501   7516.204585990816    1         0.7444423614609809
7938.119564789304    -12281.523517592672  1         27.129320146429166
7752.096282477261    19320.391287072736   1         42.626545140581634
3776.8906609050127   -9038.11226055985    1         0.5471779551442334
-148.16040949889367  531.2962911704844    1         28.6725492474302
7180.416452645282    4022.4604949607483   1         0.27705417287127254
18878.03464743652    17575.863867846034   1         8.60327881801769
-5457.555524793031   -8507.341701413854   1         1.1001028086310187
5477.109732120704    -5988.931155752437   1         0.550095365257356
3451.1971577807367   7736.609614059438    1         0.8844951143000744
7383.527057848871    -2088.0254016440394  1         0.8325692012888313
-6078.4445981763665  4341.89303516173     1         0.35346199936732425
9896.496529142702    70.76479646312617    1         16.053859904964195
5753.444257053478    6492.260942998412    1         0.3197520927143812
-7473.671642162162   -2131.251477700168   1         0.18189667397235437
-591.4125654007587   -8956.978527552246   1         0.978568323952917
4113.951652431915    -5651.3032920663345  1         0.38587946064187517
-5750.545381125179   6428.404371159233    1         0.8309445827985077
3675.5180789751244   9592.710558356981    1         1.0185581750733057
2703.172319952743    422.7295320095794    1         0.9074476891952511
1056.7276881060354   -9075.89409551246    1         0.10429374365388046
-1845.3918872276622  309.71462999877014   1         1.0849904281467049
-6664.830398952451   6688.156964663091    1         0.9936697634720668
5050.7428912132955   4356.567143261498    1         0.5433720717306956
-2574.016700212315   -88.70378628099166   1         0.29616273331206266
3289.4559958832133   6652.218873189228    1         0.5619875681309112
7253.632682873722    -6741.627635923664   1         0.622175152175795
14669.695420920434   -3440.9283257028255  1         22.004240756723927
2905.751680475127    1657.9315086395425   1         0.12621628466171736
6463.543559572018    -7740.902623254417   1         0.30635910624390594
-4695.900652172304   -9157.66350710397    1         27.11100537396217
6799.693920292121    -3133.1983881315796  1         31.767940398686445
-1772.3517062462124  -12987.028242501161  1         1.2484125532118906
2703.167447784901    -2973.938847382919   1         1.058363732615505
4405.373847622359    -11925.350963696474  1         0.1774985585655836
