trucks_count 6
drones_count 6
customers 100
depot 0.0 0.0
Coordinate X         Coordinate Y         Dronable Demand
5282.562235702318    244.6197277596144    1         0.33188421260230294
2322.505411919838    8541.82098996146     1         0.43513266416443075
8335.098713691426    554.9524630573482    1         0.38273216566615176
547.6868686024285    -2229.052823433004   1         1.096172897107512
7509.469597062464    3992.1079285277633   1         0.5235447451733243
-4384.565243405762   -3284.8179832667565  1         33.93516074116315
-6230.72501794185    -8591.514684494108   1         0.6791538769596996
2480.306446700545    2352.7234548848633   1         38.03001465796609
1822.8146343685314   3057.650440920463    1         0.4354206479296474
-8074.490232256307   3334.2446109923767   1         1.0638514887471944
9263.518524641586    -4725.440924166935   1         0.879422099835356
-3886.633416623531   7606.410012244171    1         0.3436107977028996
-7056.332622859316   -7787.213574682465   1         10.987714809653804
1228.0702211732205   -5791.983323664989   1         1.0995137915738975
4452.232402874384    6758.13700264095     1         0.8800309954379517
-3537.1300906150605  -2834.947406812455   1         0.7919391348330477
-8039.918182326266   -1706.0685476770282  1         0.9202298460762954
-3598.0779498355623  9329.166266831837    1         0.12095127950819434
2089.0261947412796   -8405.536864102352   1         1.247011633975336
-1500.5661269339125  6348.929005162449    1         0.8975594264440293
9673.09084689623     -1444.392132291524   1         1.010364760919598
-8424.162988612496   3798.569145661763    1         0.8961382755857961
-9797.125072033403   -2661.4629409232766  1         40.57525214493694
-1905.3067904626578  5699.628581772013    1         0.45667374296218344
3822.667494387883    -6749.456221117974   1         0.2106887724015145
3445.4227138690458   768.9291262810948    1         28.61446755992539
-9542.585210538902   8322.100754783783    1         0.6885882850155032
-5569.426413677307   -5258.686908604033   1         0.6420145531885251
4214.353766782867    -2100.7969546712998  1         27.292060823451617
-7113.163623197832   2429.794155133339    1         0.711050722237859
-4123.516504891569   -7566.537579122708   1         0.5574076863268395
-4300.870583902415   -4114.077379298536   1         0.8089990946869111
-7135.0808700713     2345.549337209321    1         0.3973491507014565
4149.651739625319    1908.7786375630933   1         1.239526211337452
-9787.28391790686    4336.431326507566    1         1.1076488781129867
-4308.253292831183   -4361.292727537002   1         0.9555918649378079
-5566.406302400643   8952.65094987325     1         0.2174200444466916
-5265.70913172641    6803.392010315231    1         0.6933378871961628
5291.211116685543    -6961.825953186843   1         35.05741506908764
-1831.7821730109445  8220.126828941811    1         1.128535546985899
3288.3893755568024   7589.093563196067    1         19.542198984968977
3149.762834791558    -567.7461708254256   1         0.3056750084526373
8736.586429150586    -4684.792398270371   1         0.8236916855542078
-4185.833511859554   3472.6289667882247   1         0.2621030506111915
-791.9692040459541   5392.64459055762     1         1.0700050058998603
-158.90804984726284  -4381.929167917751   1         0.8702129361058331
-7303.817402282452   -3789.524070603856   1         0.8005879656892649
1251.7182489713628   3655.9665442726814   1         1.1533181070415004
3482.9921071123117   -5605.647175938229   1         39.08099393096399
-3921.1119964263526  8223.952767941442    1         0.45174360749107145
2734.4763028068505   1538.3073691111942   1         0.44788666773660235
2241.0000631311595   -1756.0332655817322  1         37.03289161352222
308.4888953371921    5195.445138912394    1         0.36091340015535467
-8610.787924618198   5438.998351454975    1         1.1734518811172137
1897.3346874608424   -1359.890687787978   1         0.5544144944206911
4069.429216702046    -9797.826242078263   1         0.6430092872389293
2658.6764746346657   -4530.359326160871   1         1.2237976241205053
-6729.152782470759   4185.2378973130135   1         1.107553845808794
33.309347998756245   -2926.39055193166    1         1.009988045518399
-7417.093009664504   -4447.574628442139   1         0.9813361610778484
-8900.523653316688   3421.567913337203    1         0.23896898451404058
-2867.786242144045   -5337.256853852489   1         38.51021289967169
-9282.644720249205   -3853.207681182119   1         1.1044864769265317
10175.980923687977   1988.6302917455175   1         20.07210877511331
6627.575020010783    -5497.227321654095   1         0.1482954977413844
6754.0602627445305   8475.667413288134    1         0.3343694074709074
-1055.349965258171   5705.878033490289    1         0.8223754653878251
-7947.865187338504   -3544.6854512354603  1         38.582241789788576
-6050.179119209319   8302.343680736943    1         0.9695152922607322
-5201.085280851039   -4700.980937113686   1         0.14353780425081203
-4713.006118629603   3921.1303456610835   1         0.511412816345437
7551.106684194118    -312.5786909198436   1         1.184274338817874
-6835.274678816721   -3887.252201092224   1         15.761588783491291
4789.759270919844    1623.7349590587776   1         1.0541031414697795
-2450.7939328495427  -2908.1339947590236  1         0.5834437014294648
8217.230711170196    3137.6141591981836   1         45.71467416205237
-4651.56856462504    3070.9877612514965   1         0.12897795312037036
1492.6768826494267   -1488.0228942958759  1         0.5739809388204614
4747.098488241966    -2732.051993948762   1         1.111638545341974
2251.9378035503064   1296.7781311765943   1         0.6406896681153182
9733.09635064654     847.695333417946     1         0.8138684066103142
2312.315903244807    3238.366457815073    1         0.8097753121173857
-454.68448699987454  -9056.126572573508   1         0.21336470104160443
7653.210416530055    -3796.2615333560625  1         31.88851870889397
2508.6594154532504   3548.258796333863    1         0.22358961204722833
2550.5740114160244   5438.482997877779    1         0.6084528282624928
329.1100633837272    7328.682137607941    1         0.5367417123349424
-4916.795102163305   7952.104641212913    1         0.8533870000460936
-8503.539564943228   -2885.0623450662397  1         0.7359780749050393
-4223.562835499709   -2740.5178428522727  1         28.535727501683727
5475.386269586279    7383.064066707256    1         41.886126502587395
1535.6024306454724   4029.406183483026    1         0.13652253524535302
478.55622444658474   9736.637279947963    1         1.1324435902055203
-3027.2078336046584  -13.317268776254839  1         0.2822803441257784
635.6770042247867    3826.5317654741452   1         42.078123538428535
98.50763492260704    8488.946198839147    1         42.87944041834622
-3076.9482023359565  4548.007889923722    1         0.2510699542501573
-5510.377697728492   7866.609424952382    1         0.2216673621057118
266.6561322412139    -3148.1206843518744  1         1.2461350257812607
-2796.7966632180965  495.44363039127427   1         3.9555356346333674
