trucks_count 3
drones_count 3
customers 27
depot 0.0 0.0
Coordinate X         Coordinate Y         Dronable Demand
3374.809097998327    -7243.317289417482   1         0.42200697212833993
-6820.260242480015   15797.128511121373   1         35.16075417355443
-2576.240062769647   -3531.1146849311076  1         45.460056186244664
-17368.652994792486  18057.758754291055   1         0.20138798677146574
-4293.489669185272   -1699.045490541904   1         0.8130568069052839
482.72515537998606   -8157.366210513403   1         0.6949546806787177
-3311.45783842968    7983.612132225233    1         22.749893432588124
-5268.270416449817   6003.946874181396    1         0.1947429722436424
-13618.967792944211  4422.577649481504    1         28.418483311464712
-1052.700374689836   -4330.142914468473   1         0.8044793823230292
6651.1073989883735   -4412.791007706752   1         11.59025127753837
-4489.998798972588   -4289.7674187707735  1         0.2608628844035842
-4063.160793977049   -7303.393823787149   1         0.2638271592279328
-5847.8242160666405  8739.403871619848    1         1.1604854959119406
-8663.545066967436   3658.5338109090117   1         0.2728186465429301
-18215.99753175374   -6863.38297594771    1         20.04477293930448
9604.821824175619    4653.873742540735    1         1.042261668935805
7689.143571155936    -4065.691335882463   1         0.6197325856901911
6626.13620347697     3463.13444663721     1         46.93133838478248
5456.461524165819    6907.385952804999    1         0.4600152259518895
-7978.8859569294555  5735.147914931741    1         0.4309442825322557
290.38558439010785   10126.781401355043   1         0.5696229515992729
-18407.645147908792  3660.364895155759    1         0.17619843497610171
12168.83102413821    -18095.62785896464   1         30.558552901366593
-3606.867431853129   -4410.457663857622   1         0.43861142328320646
-1063.48221858074    -1990.8678005553927  1         36.36183631561132
1195.365442322636    -1122.6865337385652  1         39.823571225642596
