trucks_count 6
drones_count 5
customers 100
depot 0.0 0.0
Coordinate X         Coordinate Y         Dronable Demand
50.02181738875965    1055.4976235785498   1         0.7153498336093957
5847.815271186981    -3983.7648558804503  1         0.16054547371724204
-636.0115782376598   1963.0385619479352   1         0.18063893431675349
-2169.4206186941688  -7111.462371646566   1         0.24134980966004677
1813.219664776993    1634.0021484054555   1         1.2302213836162355
-1853.6118482265865  -3257.5818122582923  1         0.9706089737542645
-7238.771868870661   -4607.81369137881    1         0.3525565364810038
4845.172360485078    -6081.041448169273   1         0.8147591580508745
-5366.201586853847   -85.0750703921605    1         1.0125692840148102
-4482.282318832308   -3822.2894958434845  1         24.867385478947483
3215.6619377707398   -7633.851358996977   1         35.517277889843044
-37.09176791832703   -6006.924005918546   1         0.2848059776453984
-6073.746905613421   -2444.0695920051353  1         0.16674092377990232
6431.590510354984    6956.322892235685    1         0.6350697354941539
164.39592528353285   -7863.857421682607   1         0.5327948632172599
2455.4275400574315   2666.0213423763835   1         0.6853722630635681
4255.585157493315    3857.5246338221846   1         28.949200960648238
1691.6533752723265   6289.011893166882    1         0.5925115483056685
-5258.303623078142   552.1135748946435    1         43.08168410194696
-7911.437416201454   3721.528345266819    1         0.332367545350731
2250.1731165915235   2950.227052722222    1         0.18718496838458662
5334.440919557046    3260.7595908893836   1         0.14372645119796365
-1811.8992031235007  -4475.097886350026   1         0.7681439294819186
7389.244193055123    608.2680756548434    1         1.0171033785554127
459.08600142477627   -7208.269263896613   1         11.117857388351794
3559.9908751905878   -2703.15109960755    1         0.7089411667334582
6964.483498472744    6948.200052661454    1         1.1100969916471852
7717.879123931056    3108.8716737510003   1         24.652068820369877
-4002.6343898090754  7536.402825227453    1         0.8385320582404262
-2891.2615952538545  -7180.129609129816   1         0.15704390207708457
4471.819078473831    4795.599137893178    1         1.164942934694862
-2488.3363872344667  6054.255912425478    1         1.2060149037866832
-7083.664238973505   -518.6491552070329   1         0.7706603428503147
-6424.078010451475   7983.57332163859     1         0.2984593347249933
8000.2498290098      6728.384041171526    1         0.786836006268133
7707.879252222066    -4018.8907200520607  1         32.346614757102216
-1341.6825881764626  6685.282023860293    1         36.09343559532144
5136.771060182062    -4892.574531336162   1         1.1156364690007163
3700.320364197016    7056.904077050311    1         0.8924443117304317
-6382.380256994122   7962.856948292875    1         29.11456431201308
5429.823779616033    4745.527428765038    1         0.34789201459974795
-590.7461221317976   1179.3399316223977   1         1.2325867342745245
-7926.506683985995   -1913.5661896296606  1         0.40018275008142246
2436.040202455504    -799.9500065882157   1         0.5133126111023916
-675.136350995479    69.59186454096925    1         29.413572093153586
-2060.9084238087216  -2378.671085090507   1         0.5509337311992346
4740.580512636598    7015.234962105156    1         28.11692498076939
-846.9258236812939   1669.2394389936344   1         0.41406780771671925
-5197.182958508757   -4929.380716187756   1         0.8085879013474485
-1773.1738515190186  -3260.358540008944   1         0.4739106322462263
-482.4447841269581   -5647.850897335411   1         1.2354315422130893
-3979.838872236707   -7093.424821046076   1         15.297741206352416
-1143.0286929599908  455.26385850130913   1         15.33415114647347
-6836.04715735884    7659.7840227405395   1         0.7530667047547598
7803.826654473001    -781.7509406985727   1         38.12535494995464
5102.189694538966    3486.361326728059    1         1.0120418431602751
-995.0892926653389   6039.102363276988    1         0.6659424934286643
-440.9977629584631   7086.161399708336    1         0.8063338487278338
-5217.453046425922   -7194.289171049958   1         1.0119977090124364
3334.1878570557      -4096.05218748677    1         0.7328826467953559
-3180.570272435779   324.9344863545837    1         0.6388790113108016
3527.8733385016276   -339.1179492228253   1         0.17314456273162024
-2737.6437395131097  -3001.2844444825128  1         0.27758231236698605
7264.596932988277    -2066.2226982984084  1         0.9962492060937238
3676.62308658963     1205.522862360979    1         0.38581666462742525
-6042.439557464839   -1592.3272713509668  1         0.7643613113858837
-3730.950848204902   -2733.1705609730725  1         0.8886210029681297
5344.035540583007    -7307.3483420571265  1         0.6287929913417576
-2122.1174045635958  4305.797978026333    1         35.89167959856409
-7498.511911596366   -258.71290485183465  1         27.351957397732555
-5074.072831129636   -5326.916737973159   1         0.3574629852762594
-148.82271046891458  3456.8198433498137   1         15.646777356663584
-2990.129044710308   -5307.865838673982   1         0.17731009363046718
-2931.9273809909478  -3815.525991749764   1         0.17576044584863645
-1695.1334941456298  -2038.5515626290962  1         7.950125003820066
7905.7058548251625   63.2573414903236     1         0.3578728465197707
-2410.7891193315345  -7566.846582458128   1         0.7136787413243861
577.9376300578967    6284.854843211725    1         1.1504167689873304
-2921.7370784232858  -1287.4130460003623  1         0.9146111257374262
-7086.239291860258   2335.2964263944464   1         0.7604770066554769
-1774.0775047695543  498.6727549125687    1         1.2454952253871892
276.89207876645804   -1868.4702638645426  1         13.470618750005341
1779.4655927679241   5986.797111601953    1         20.53152067227577
-1184.940716218214   4555.534202962517    1         0.29227270600058153
1293.5250980273825   6793.514453627964    1         1.1399356177453495
-4705.006344568233   -658.0456237494219   1         13.421293519508454
2021.4275211378772   2949.108313125738    1         33.888721359833454
-4482.040197822097   743.4740004238156    1         0.5693211327486599
6160.972955063686    -4699.678314703187   1         0.4504926421895201
-6868.554994831547   3767.860795665999    1         0.46075693136461027
-2744.705764575522   6264.347691017472    1         1.2150380568804682
4802.876073884587    1077.462316758091    1         0.34113906251493786
-3706.0916000616994  6804.081521219491    1         0.8269248689988373
228.01814583743723   -778.0469166384694   1         0.3680922649949572
6156.666473548634    872.5168718129293    1         39.981674059144595
-6391.282304490102   6168.385056351893    1         0.6966066815468995
-7174.693416428964   -5692.904586140919   1         19.808476100381423
5347.073148615332    5967.583687107745    1         0.6282476179330644
-5879.507837974555   -1473.182929279729   1         0.7957308359380943
-5610.668872047792   3437.0330202573623   1         0.1779393592190729
