trucks_count 3
drones_count 3
customers 64
depot 0.0 0.0
Coordinate X         Coordinate Y         Dronable Demand
1861.5638670522958   -7795.377973272222   1         0.15245385804077483
-5504.173515021149   102.3393064328569    1         41.12379376731741
-1019.9272243799875  -5210.040778224      1         1.222289144172796
5128.288632825612    -2694.471292115387   1         0.35341631312257293
5230.484318548928    -8357.887192939163   1         0.8206583177995137
9128.76680986438     -265.2214427184758   1         0.32207705308366935
836.4729045994802    -8576.867534020408   1         0.39484211009604975
7955.804949644471    -2667.6419960077565  1         19.105886949876226
3618.9917012224773   -5474.57167080977    1         1.1052032540105863
9367.332776228473    -1955.1491714748881  1         0.4927708326595931
8054.261790496859    -944.1611365491286   1         1.6128204726313358
-7588.3308440617275  -7313.036794295013   1         0.3558378870715938
-5730.95022512854    3530.185086748874    1         0.27992740334737615
1021.985905278305    -6695.017825801146   1         0.6742173941642188
7343.54088105697     -8151.700128433363   1         11.130207500445827
3839.4551366645514   4226.168261092249    1         0.2948244753776754
-1285.5421584020603  -6240.133389469352   1         0.639483512147249
-8686.14169515422    -77.10955207710543   1         0.8038218891915802
4368.817460112745    -8565.786004153484   1         0.2279176025640593
2606.7443491819195   7994.968922083669    1         1.0944382527704455
-410.47752698097867  -10028.038229544747  1         0.1765111551831081
1668.0074496422544   10321.091378971665   1         1.0943474841900385
-3304.2802457874423  5377.897108631377    1         0.3326826611621633
-8007.552559053523   1530.2760045347404   1         40.753781563363276
7085.676984593203    6598.705762998952    1         9.746185882335869
-5631.832015819277   -2482.033753162225   1         0.36321735077662043
-3004.451649824001   -5340.326263756772   1         0.46240309661870393
-1482.3511292992534  4505.593842741142    1         0.13549923618719506
-5082.340764442242   9770.881485116495    1         1.1327062542217423
10739.216413087519   -22.814925872702137  1         0.2457722803422047
2902.7832181267163   4642.04097099071     1         1.0272490426058163
-2992.324142092426   8716.574460702761    1         10.40823360163097
-2279.4745097366103  -10367.274658574019  1         1.2200772125450605
7079.418107312277    5734.653164231888    1         39.908406116964336
-4382.46442051974    -3245.8979961960063  1         0.26331869630348775
9777.223340917019    982.0884376766987    1         1.078170760812185
-6817.386822978821   2403.01303618619     1         1.114229434526146
-2553.61036091575    -9139.187851360193   1         0.4355342414889729
-9422.885168689445   4052.506251093174    1         1.0227009996916252
-6729.557732035918   -1988.5483683424054  1         0.659177692983651
-6789.510238540168   -5068.719092861288   1         0.9478265078814068
-5915.10845752018    -5959.783017160493   1         42.16547421346037
1118.5842171939732   -5622.648137492056   1         26.014714649841846
5733.131320287253    -2738.2482056820472  1         31.57777365125873
-8521.688381075895   786.960540984579     1         0.5725112670571015
8247.915342135739    -8976.391380564342   1         0.8612466876156052
3385.2565425752855   4092.5006976489185   1         0.9106154087751167
-3421.1409669114432  -4292.227588030144   1         13.388762374513819
7041.770393686786    -5482.51235789929    1         0.8763883843087752
-1283.227314256475   -4345.9864785050695  1         0.1565397681373671
1241.8588617482726   -4358.327242042135   1         4.851424987709157
-5311.698032734468   4285.702378403513    1         0.8068176755361596
9928.47019992038     -6421.6586373989785  1         14.956746956563432
6477.3587777909615   10327.469663482798   1         19.61996350527534
11084.331449292846   263.27008335677056   1         0.12485880735743861
-153.28609704701393  5455.417255800537    1         0.8855171391148952
3060.6673738162986   -6241.760032180635   1         12.72536529947441
7039.211796615629    7267.477210363105    1         0.9183846463560148
1066.1798594976954   4959.93289531474     1         1.221362973939911
-1595.8928920982507  -5597.734015661526   1         0.8645863770535653
-6602.825157894758   -5977.421564105539   1         0.7098045485915897
-6890.22737998742    -5323.0107616189225  1         0.11547842296039437
-2571.33880928128    3678.0553765052446   1         19.36478713025217
11252.22292672756    -11958.317716217387  1         0.1969206097320504
