trucks_count 4
drones_count 3
customers 67
depot 0.0 0.0
Coordinate X         Coordinate Y         Dronable Demand
-8.043178581615429   1358.24791916756     1         0.8789551135594407
4810.822980167416    -5570.898387619688   1         30.936891482904716
-4073.672059572673   -2705.579004631935   1         0.63240506467628
3539.5375504687013   2946.653700435119    1         1.1918207209767082
1948.9936190464875   1049.1279860401028   1         0.7022179130447499
-5331.582730982373   3974.720748518346    1         0.45276926887011804
-2485.944878888076   5032.271466711896    1         0.947515674756143
-3699.561641749374   -4309.9341402128475  1         0.8908960319324594
4345.860376720419    -1819.4271003942379  1         0.11787093833219876
456.68374005652413   -2828.232467819605   1         0.8555639786336294
-3096.9041477499936  -5237.364771203836   1         1.078482632016165
3318.061854946969    3078.9435190578006   1         6.54099463598319
3057.1721500723606   -794.7288209105257   1         0.5302236217977027
-1877.7639935226862  -2739.8081931929837  1         0.16280815678077148
-4939.469163742154   -2072.3225169138295  1         8.10848055521938
-2492.383581290849   -5357.522850348555   1         0.6509586663563292
-2524.893105627647   -3141.919241021551   1         0.8856787264169377
655.2275182308113    -4125.13231131644    1         1.0640189963422504
1380.8330535681914   5650.306964487006    1         0.45801779102145057
212.53837541414916   -5439.130552411337   1         0.8001705689272334
2452.4656686208546   4086.767920664004    1         0.16144554936541589
3229.2924560223732   3137.7273971851773   1         0.49695471859582174
-2828.313223699956   5463.593889316253    1         16.37812860140688
-5275.076511671628   917.89485000924      1         17.653723003309906
3773.3951161415375   -3595.221532715424   1         0.8947413536571717
2525.0345501546853   524.5902531967733    1         1.0863975075678047
-286.48928356669217  -1033.648629848814   1         0.9864350617285551
-4420.155557953523   4447.094111848126    1         0.7519813732704951
-3296.0620604939536  3238.867381895352    1         17.532084440344605
-2844.5965793038795  -5085.24422736197    1         0.4981050421661327
-1633.3855465042525  -393.6551523951166   1         0.659621460469176
-3209.52119796244    -1501.3806106688187  1         26.500127561772125
1218.304339139492    2130.0415133997444   1         0.4387934908824266
-5092.267787324466   5302.329972346786    1         0.18177987283753613
3376.194713622592    -3674.1981360906993  1         0.557992365731005
-48.900517611575914  5771.582240893148    1         38.03796245529506
3384.7305242880943   4144.568945937343    1         0.8197292971258494
5257.079325094326    3635.374469948479    1         0.8250698288509786
3206.9153748395897   -3396.8734820114482  1         0.7362195823683064
-1374.418517656892   -5607.591165116076   1         1.127256887715573
-5290.970164070085   191.22941735637102   1         0.8257401861768752
-5584.232692416305   5541.0996646123385   1         1.194832549159844
-715.4727585297996   1920.9115315793952   1         0.7579369306115927
1570.1552700042046   -4172.202831531837   1         0.1989650944954065
-3748.1960458870044  -3158.810878059606   1         0.5560393496974433
551.7419069100906    -5218.435446327299   1         0.475749345456985
5795.5797667271945   1477.3735436902582   1         28.001015004459422
2645.524015790297    5632.518384816469    1         0.3692518040150711
3531.4131033540602   1942.7370983383805   1         0.518385207733765
-4695.435734648097   -5567.983394252526   1         24.355093645560682
-5415.4624560854845  523.0908714043231    1         0.21378334548053485
1170.3747481812652   -1779.001838162746   1         0.9926231810208522
711.7938623116333    1134.6664755792367   1         0.3532802933466328
-1338.4390963981868  3613.3339505372114   1         0.5205905363253072
-4419.548871046872   2455.8523599188593   1         1.7578332419450393
635.9539117251684    -5198.662850872648   1         0.21653101560081217
-4891.954242631069   53.05575342077212    1         44.045158230961306
5675.75960390097     1204.7337117088148   1         0.7341866999548048
-5668.831039736596   5156.382886380166    1         12.822095383630753
692.0092500539749    1630.1820557295423   1         17.8618749358535
5096.309943281238    2953.934752396188    1         0.10415320697105761
4582.942408464997    -4802.324720231187   1         0.8367694047435105
-2761.8413154123655  -4366.4027798456855  1         0.21022893908835866
1281.7985940071094   44.37452032837103    1         0.3559869456326098
5210.8636274771325   -1212.6016191223198  1         0.2447103551448786
-3642.434806252692   -4409.17705427246    1         0.6514148143741489
2762.4731471354194   1654.6549681257138   1         0.37299553470031377
