trucks_count 4
drones_count 6
customers 96
depot 0.0 0.0
Coordinate X         Coordinate Y         Dronable Demand
6182.269335648529    -4800.292819236021   1         35.3678973864416
10454.986876221712   9997.785670631234    1         1.2052583924529898
4141.93052507524     15370.40770811422    1         0.46079474945262044
-3367.5900215771653  11041.108469276114   1         13.270654517901859
-1797.5432602277017  4956.030987530063    1         0.5990808913181171
18187.689131808354   14954.258123106953   1         0.11656352117819255
-7097.71084664321    835.2477567915222    1         0.16430520426107098
2886.016445670818    8979.878338474946    1         48.80386794768219
9504.326063443794    -2724.893364623811   1         0.32034678675274797
-2804.567275295192   -3521.5017412261805  1         1.1707720759018352
-15936.206923937207  17865.06022227283    1         36.341523315823615
7441.758920691093    -3737.3480128062843  1         0.8474294577315767
1514.9140648323262   -1888.4423622340792  1         0.7161568663307479
15019.502507506793   9713.592595307255    1         0.7491676644389778
-2244.849730067976   10250.8325723053     1         0.7837737462169417
1381.5594050764944   2086.67153041701     1         0.5256228007881902
2444.880100212529    -4971.88629776269    1         0.2333701359669464
-17051.290759019623  18143.291028374584   1         0.4271547596794165
-3248.6527856616635  -10226.32612502729   1         25.02745289338616
-1678.4247499560565  550.1885668531195    1         0.5898532750698879
7217.221053727163    814.5852038939715    1         0.1086259643273301
6317.819599952923    -8446.127932350051   1         0.2402129674835692
-8304.634316654558   861.5314961043402    1         0.8238610041002996
-7910.438557287585   -4972.1709105964965  1         0.18494405562486677
-3526.761346053141   -8345.196654488014   1         1.0290506409544293
-1788.0193667922588  772.0758434364135    1         19.618228678173605
-5009.543515240449   2177.323181140328    1         7.209418580148419
-1158.8687647580796  -8539.709824095971   1         0.24082068997554407
1677.948420479507    -8713.580392609796   1         0.3183279394366715
7536.822699882569    -3730.972905262157   1         0.6831304257109252
-125.08688024276489  -6307.230894545726   1         1.0522532975126584
7163.236308344166    -1767.1656794419737  1         0.6347885174894002
-648.0535427452057   4322.406227187548    1         0.2307230929451915
-7921.05822028763    4126.542020888846    1         22.792437407308185
-18190.82118391224   -759.154161538383    1         8.00862296925205
4312.080022673851    -4822.725571382609   1         1.1633484799022331
-7962.6279089998525  -6966.325627532436   1         0.12365486961340401
-1655.9148121029416  -7147.9330985052775  1         0.4176414379150263
-9031.230809915742   -5789.958805488818   1         0.9892473594020365
-4913.110327396322   -5763.46942304668    1         0.8108826236343976
-4524.0650389424345  -6551.12348307385    1         31.435523535504586
-3636.6194507444498  6792.116370772712    1         9.567354484379166
-9860.562888123906   2437.8482096530997   1         0.8804626003181042
1646.9599564885164   5156.431844338312    1         0.7493451235902637
-590.9816882720648   -913.1132276376269   1         0.37645831623612036
875.3788813966408    -6246.020720388637   1         0.518633133998454
-5717.464515581995   5433.1360044409985   1         36.90423108143001
10131.099230180833   6004.845927475202    1         0.7565618084772405
8798.649571193266    4195.784366351843    1         0.19930101117183385
-8226.226799749182   -2067.17059615778    1         46.64259113058739
-4910.764848360044   -9526.990907070423   1         1.0831935914096744
-885.0171023718011   4861.748219300518    1         1.2417389759471227
-4809.911140785091   -131.6811586381808   1         20.3954414783252
-1165.413857804593   10726.663089783748   1         0.35351147600452093
-5481.297679332915   6073.260347749264    1         0.522210105704324
9323.172100946662    -813.2390310968881   1         44.019305042285666
6604.198413730161    -5630.785437330005   1         1.0156715267817396
-5702.185494096218   8877.475932154128    1         0.7418210365390326
-846.7155992753018   2344.4854890212628   1         0.9740567248162276
9977.696413550659    815.8268460122281    1         0.7217368644274205
383.80999990740736   -1936.8648050849636  1         0.4964503261989799
6211.287825182344    6284.250199694257    1         0.5411041870993284
-8251.55648571524    438.34794965225956   1         0.20377693224537752
-45.68608812985692   -9536.136066967474   1         3.1964948063160263
-2511.5164126446944  11923.280346492716   1         13.905390421546619
4502.522295044944    -6405.680773736206   1         3.116052620833628
5631.37824218442     -8126.276714373817   1         0.42136356870471536
-6212.881877833919   1432.9329482555672   1         1.1591580328761615
-8817.982014995077   -3800.7097541256276  1         0.8924372465718843
7641.8735230210095   7760.387927290408    1         27.368320694455615
-780.8969219447224   8582.970378834283    1         0.538823752911862
-4600.681031656005   -4093.45567539006    1         1.08721268665163
-4256.125146148733   -4795.663205758293   1         0.9995462294746337
9259.827687700541    -2049.434328078909   1         1.023278773081729
-5091.387618326724   -349.4545303328458   1         0.7105585653456066
-631.7187966055811   4986.917290447334    1         1.0817644220779898
-4084.7602731897214  -5228.006361618494   1         0.7291497686463332
1935.4320559729385   -17290.27540726807   1         46.82238197120089
-8607.348141922155   -2903.8910090957966  1         0.3758476983459307
896.2136483279877    -10000.484939882499  1         0.1968091823395374
-1419.7332171594567  -6187.343788135321   1         25.97503234996484
-8252.890272442042   3588.6943425342342   1         0.7270281397813263
-129.11582622071728  -5819.909218011586   1         1.2307368847004063
4626.987115590251    -6812.041022836848   1         0.31630040146203486
9498.25806904873     -2718.114626803229   1         0.6078773544645842
3437.625739266372    1524.3555124183354   1         0.6847215944987841
-14755.663963845687  -7607.180073842312   1         0.8952094058963488
-7640.911439488432   6973.217758458218    1         1.082945353424886
-3982.2836650297554  -9473.025946113115   1         0.34781017697064165
-2401.2310930852655  7768.966717441719    1         0.9525421911629218
-1086.32904375078    1113.9009385487022   1         1.0608189707105784
2869.444146415197    5547.532688689166    1         0.7851408001482583
-1801.5335058743162  9344.694191176764    1         1.0480824680161398
10283.861684895994   -14630.465791342402  1         1.0322982274202563
-1925.887586772165   4744.707083210859    1         0.8983555502224203
813.6225430057915    -3650.404799282038   1         0.10680503725952908
