trucks_count 2
drones_count 2
customers 23
depot 0.0 0.0
Coordinate X         Coordinate Y         Dronable Demand
-1714.0930880406186  6432.975775804292    1         1.2160838090256507
-1344.9763870503261  -5971.612397138204   1         1.0399934799570132
428.40870958684377   4258.15106062114     1         1.2185511620623595
-4909.097321858668   1640.6350485731662   1         0.28018735511940723
-6668.672436501551   6368.125566577382    1         0.5602239758371494
4379.246661278381    -2095.2977761611546  1         1.1146586144842636
-8301.265552745905   2558.6403865415814   1         0.12046536716918903
4134.658262946687    -1442.1048092205078  1         1.2422161358083978
-1266.9441341365384  8931.83925608269     1         21.127886323716993
1897.4614092066251   1446.660459889189    1         28.535694102474743
481.2447721064367    1886.6303382105964   1         0.5965131480336379
2502.755931667616    -1670.3598523564633  1         0.7448949855683282
-1706.5263382676164  -1269.1532969382586  1         1.1205582438188235
-909.86635822536     2432.069753372739    1         0.6758194163816368
3543.8579958030255   -1402.6308550340657  1         0.7419955871049593
-954.1770268531574   5421.9428970007975   1         0.8482217776936973
3563.9420549257106   -8782.694949239516   1         27.909966997922048
6533.839902194127    6992.319896643162    1         37.969218740687964
-8071.932915612544   4220.943157356289    1         0.2402826169841678
-44.667743497365414  1037.0359592394982   1         0.3841540593669527
-3947.2974236336545  8188.858125536568    1         0.859291654755779
-4228.375843353742   -8787.39042558423    1         35.64943233229375
-7455.89461636531    -7804.3408918910445  1         0.877928964023348
