trucks_count 4
drones_count 5
customers 81
depot 0.0 0.0
Coordinate X         Coordinate Y         Dronable Demand
2054.63429366925     -5325.729878859946   1         0.3254687409748157
7366.730980791061    -5911.463270667389   1         6.080300758802731
-5043.735611958092   -2693.3266521296396  1         0.823844749916603
-617.3082083582447   7379.930909108415    1         14.724783605534341
-5530.944454125827   7888.400062135016    1         16.51998529859943
-1470.112337241538   6401.295323981162    1         1.0755932024081933
-294.97597541537925  5322.71560382297     1         0.7510594024059092
502.1027408001886    393.7309777331916    1         0.5343257764068866
7015.378859374501    6228.537624827009    1         0.3547423950406594
6570.60348461172     3931.0246529792075   1         1.1825296805220167
-338.2313002553837   -3304.514405166155   1         0.789534504651004
-7584.547002330662   4996.819958116601    1         0.7414002876494292
4902.990912392616    947.5074746239042    1         0.7795260973648686
-5360.74497244742    1614.0004761383536   1         0.6414052539446378
58.682630630355526   -5269.274954908098   1         0.7943609969317659
-5644.283835182389   3938.2514881868274   1         48.721895031775155
7114.478588992448    -1342.3128298449608  1         0.5274195977692335
3196.021099902608    1366.774264196336    1         1.132372590899734
1174.4076385706485   -5408.041112494264   1         0.6013213415235207
3193.2646969654943   -4744.837149898761   1         0.604037353984233
2254.3373502474547   6318.363925128388    1         32.21567523209907
-6169.836445239911   824.2529965408299    1         1.140714415097024
-5666.755742928319   1974.7740720466518   1         0.6445359833878979
-4783.4882104685375  36.19163857454068    1         0.9461222322828937
-669.3876419124672   -7962.775930568089   1         45.1631696323437
4095.1252712080995   4112.075843626131    1         0.9268238310427691
-6654.006953195501   1525.9481325945446   1         0.46934111697473435
-7278.530109731348   1024.2284334337119   1         0.5756006704959017
12.008456602798105   5134.621046704782    1         0.3812096688719139
-7502.55078920346    -7357.383824963135   1         1.1601651636084964
-7409.337978601043   -5816.900407810666   1         0.5007122172425644
-2614.861996296617   4487.093306674283    1         0.9386559962201274
7208.261576322468    -6800.152808895387   1         1.1221671145167655
-7084.164216507214   -14.61426009116861   1         0.7332952523636815
-7736.001967037137   3973.3077719289295   1         0.9838042511657352
5106.031541371722    -2844.4052218878383  1         0.7339004009736476
-7450.763425958263   -2644.4371168041043  1         30.409243800376277
3053.8100582528587   -4612.774948112787   1         0.6732991532196378
3261.116899528156    -1656.7191694549942  1         0.351911108574953
752.3280037510867    -2111.8433109574707  1         0.24190168357615338
-3097.6335997772208  -7314.885329769771   1         0.44776631285636104
1319.7392416060288   4398.338401195897    1         1.1547691729950054
-1580.2863147782298  -4708.079295846576   1         0.19689820542365685
7453.57357352444     7707.101464993725    1         1.2034830921319177
6346.559402165387    1476.5392576672511   1         44.15125225497807
-4192.6606929811915  7548.367347482516    1         0.7531814233159966
7601.80314553141     -2165.6507585290346  1         1.0117105218205127
1051.5172491040792   -2047.559251710372   1         22.06441884480362
1599.000664367401    -3920.333659190204   1         0.4801880090639449
-5321.938388460159   -888.5199859202116   1         1.1544827463386091
-3264.1911548323865  -5102.648868458173   1         1.0969119552074569
-5588.858123055316   -867.8818061676603   1         0.30341421725453
5192.724855221366    1518.6333231742701   1         1.0464325749597934
8236.771246128481    369.76847453178294   1         1.2229219306013408
1863.9101032724561   5618.557531387032    1         8.513580635150454
3881.734332177862    -2836.1850588489137  1         0.22046546931970257
358.757641316286     -3321.039334710418   1         0.8452232504391398
-3266.6513590165173  4481.739460156153    1         0.7185779838635183
-5516.400595862936   6482.9718953123875   1         0.873017108407221
-1321.975865464318   -2392.291486957982   1         29.372963380903002
1710.0254074961529   -7026.341416281582   1         0.13125242512762705
4660.8461582930795   1636.049760194699    1         0.659989877077663
1079.22884169644     3793.7759687100247   1         0.8983704257949172
6908.198069827193    -5456.560635075674   1         0.9145434409188302
-8176.185671598705   -5116.213487375656   1         0.7973665746391561
2339.226719415579    -7145.860617939978   1         7.679214125090111
7241.36313106482     4428.73187652679     1         0.1601636164008991
1983.0199715020456   5675.595289633148    1         0.2691828093059846
1767.3712978015035   -3916.0976464102378  1         0.18924455364071552
4182.789162998192    6535.874495511633    1         23.90307330482889
-4638.226950558437   -457.21153737546047  1         7.214729879130981
2159.6060814571174   -5502.03281092265    1         0.3224170935323471
7256.755457367286    2017.1274431534591   1         0.35187327767198473
6547.447122974185    -7774.570380434071   1         0.8745757639775877
1639.4074580627603   -7649.250827780802   1         16.642660737908656
-3234.6557618148013  -5388.333222180527   1         22.959405526165984
-7816.4657214731515  -6229.101995852715   1         1.0576452694323168
-1146.8545847980606  299.823707334097     1         0.5632827329556384
1846.3583643630798   8216.051741765177    1         0.5901730996361442
6131.526232066998    -2111.6937222877395  1         1.22513542085737
6235.892561500176    15.312202962141594   1         4.455603794252586
